   4.8828125000000000E-003 -0.497972757    
   1.4648437500000000E-002 -0.493951082    
   2.4414062500000000E-002 -0.489977479    
   3.4179687500000000E-002 -0.486049354    
   4.3945312500000000E-002 -0.482166886    
   5.3710937500000000E-002 -0.478328973    
   6.3476562500000000E-002 -0.474535316    
   7.3242187500000000E-002 -0.470785052    
   8.3007812500000000E-002 -0.467077762    
   9.2773437500000000E-002 -0.463412732    
  0.10253906250000000      -0.459789425    
  0.11230468750000000      -0.456207246    
  0.12207031250000000      -0.452665627    
  0.13183593750000000      -0.449164033    
  0.14160156250000000      -0.445701897    
  0.15136718750000000      -0.442278683    
  0.16113281250000000      -0.438893884    
  0.17089843750000000      -0.435546905    
  0.18066406250000000      -0.432237327    
  0.19042968750000000      -0.428964555    
  0.20019531250000000      -0.425728172    
  0.20996093750000000      -0.422527611    
  0.21972656250000000      -0.419362426    
  0.22949218750000000      -0.416232169    
  0.23925781250000000      -0.413136303    
  0.24902343750000000      -0.410074443    
  0.25878906250000000      -0.407046080    
  0.26855468750000000      -0.404050797    
  0.27832031250000000      -0.401088119    
  0.28808593750000000      -0.398157656    
  0.29785156250000000      -0.395258963    
  0.30761718750000000      -0.392391622    
  0.31738281250000000      -0.389555216    
  0.32714843750000000      -0.386749357    
  0.33691406250000000      -0.383973598    
  0.34667968750000000      -0.381227583    
  0.35644531250000000      -0.378510952    
  0.36621093750000000      -0.375823259    
  0.37597656250000000      -0.373164117    
  0.38574218750000000      -0.370533228    
  0.39550781250000000      -0.367930233    
  0.40527343750000000      -0.365354657    
  0.41503906250000000      -0.362806261    
  0.42480468750000000      -0.360284656    
  0.43457031250000000      -0.357789457    
  0.44433593750000000      -0.355320394    
  0.45410156250000000      -0.352877080    
  0.46386718750000000      -0.350459248    
  0.47363281250000000      -0.348066509    
  0.48339843750000000      -0.345698565    
  0.49316406250000000      -0.343355119    
  0.50292968750000000      -0.341035843    
  0.51269531250000000      -0.338740408    
  0.52246093750000000      -0.336468577    
  0.53222656250000000      -0.334219992    
  0.54199218750000000      -0.331994414    
  0.55175781250000000      -0.329791516    
  0.56152343750000000      -0.327611029    
  0.57128906250000000      -0.325452656    
  0.58105468750000000      -0.323316157    
  0.59082031250000000      -0.321201205    
  0.60058593750000000      -0.319107622    
  0.61035156250000000      -0.317035049    
  0.62011718750000000      -0.314983279    
  0.62988281250000000      -0.312952042    
  0.63964843750000000      -0.310941100    
  0.64941406250000000      -0.308950186    
  0.65917968750000000      -0.306979060    
  0.66894531250000000      -0.305027455    
  0.67871093750000000      -0.303095162    
  0.68847656250000000      -0.301181972    
  0.69824218750000000      -0.299287587    
  0.70800781250000000      -0.297411859    
  0.71777343750000000      -0.295554459    
  0.72753906250000000      -0.293715268    
  0.73730468750000000      -0.291894019    
  0.74707031250000000      -0.290090501    
  0.75683593750000000      -0.288304448    
  0.76660156250000000      -0.286535770    
  0.77636718750000000      -0.284784168    
  0.78613281250000000      -0.283049464    
  0.79589843750000000      -0.281331450    
  0.80566406250000000      -0.279629946    
  0.81542968750000000      -0.277944714    
  0.82519531250000000      -0.276275605    
  0.83496093750000000      -0.274622411    
  0.84472656250000000      -0.272984952    
  0.85449218750000000      -0.271363020    
  0.86425781250000000      -0.269756496    
  0.87402343750000000      -0.268165112    
  0.88378906250000000      -0.266588748    
  0.89355468750000000      -0.265027225    
  0.90332031250000000      -0.263480306    
  0.91308593750000000      -0.261947930    
  0.92285156250000000      -0.260429859    
  0.93261718750000000      -0.258925915    
  0.94238281250000000      -0.257435977    
  0.95214843750000000      -0.255959868    
  0.96191406250000000      -0.254497409    
  0.97167968750000000      -0.253048480    
  0.98144531250000000      -0.251612872    
  0.99121093750000000      -0.250190496    
   1.0009765625000000      -0.248781174    
   1.0107421875000000      -0.247384727    
   1.0205078125000000      -0.246001065    
   1.0302734375000000      -0.244629979    
   1.0400390625000000      -0.243271381    
   1.0498046875000000      -0.241925120    
   1.0595703125000000      -0.240591019    
   1.0693359375000000      -0.239268988    
   1.0791015625000000      -0.237958848    
   1.0888671875000000      -0.236660510    
   1.0986328125000000      -0.235373795    
   1.1083984375000000      -0.234098613    
   1.1181640625000000      -0.232834816    
   1.1279296875000000      -0.231582284    
   1.1376953125000000      -0.230340898    
   1.1474609375000000      -0.229110509    
   1.1572265625000000      -0.227890998    
   1.1669921875000000      -0.226682276    
   1.1767578125000000      -0.225484192    
   1.1865234375000000      -0.224296659    
   1.1962890625000000      -0.223119527    
   1.2060546875000000      -0.221952707    
   1.2158203125000000      -0.220796049    
   1.2255859375000000      -0.219649494    
   1.2353515625000000      -0.218512893    
   1.2451171875000000      -0.217386186    
   1.2548828125000000      -0.216269195    
   1.2646484375000000      -0.215161860    
   1.2744140625000000      -0.214064062    
   1.2841796875000000      -0.212975711    
   1.2939453125000000      -0.211896688    
   1.3037109375000000      -0.210826904    
   1.3134765625000000      -0.209766269    
   1.3232421875000000      -0.208714634    
   1.3330078125000000      -0.207671970    
   1.3427734375000000      -0.206638157    
   1.3525390625000000      -0.205613077    
   1.3623046875000000      -0.204596668    
   1.3720703125000000      -0.203588814    
   1.3818359375000000      -0.202589452    
   1.3916015625000000      -0.201598465    
   1.4013671875000000      -0.200615764    
   1.4111328125000000      -0.199641287    
   1.4208984375000000      -0.198674917    
   1.4306640625000000      -0.197716594    
   1.4404296875000000      -0.196766198    
   1.4501953125000000      -0.195823699    
   1.4599609375000000      -0.194888979    
   1.4697265625000000      -0.193961978    
   1.4794921875000000      -0.193042576    
   1.4892578125000000      -0.192130744    
   1.4990234375000000      -0.191226363    
   1.5087890625000000      -0.190329373    
   1.5185546875000000      -0.189439684    
   1.5283203125000000      -0.188557267    
   1.5380859375000000      -0.187681973    
   1.5478515625000000      -0.186813802    
   1.5576171875000000      -0.185952634    
   1.5673828125000000      -0.185098410    
   1.5771484375000000      -0.184251070    
   1.5869140625000000      -0.183410496    
   1.5966796875000000      -0.182576686    
   1.6064453125000000      -0.181749552    
   1.6162109375000000      -0.180929005    
   1.6259765625000000      -0.180114985    
   1.6357421875000000      -0.179307431    
   1.6455078125000000      -0.178506285    
   1.6552734375000000      -0.177711457    
   1.6650390625000000      -0.176922917    
   1.6748046875000000      -0.176140577    
   1.6845703125000000      -0.175364375    
   1.6943359375000000      -0.174594253    
   1.7041015625000000      -0.173830181    
   1.7138671875000000      -0.173072070    
   1.7236328125000000      -0.172319829    
   1.7333984375000000      -0.171573460    
   1.7431640625000000      -0.170832872    
   1.7529296875000000      -0.170098037    
   1.7626953125000000      -0.169368863    
   1.7724609375000000      -0.168645293    
   1.7822265625000000      -0.167927295    
   1.7919921875000000      -0.167214811    
   1.8017578125000000      -0.166507751    
   1.8115234375000000      -0.165806115    
   1.8212890625000000      -0.165109843    
   1.8310546875000000      -0.164418846    
   1.8408203125000000      -0.163733095    
   1.8505859375000000      -0.163052529    
   1.8603515625000000      -0.162377119    
   1.8701171875000000      -0.161706805    
   1.8798828125000000      -0.161041528    
   1.8896484375000000      -0.160381258    
   1.8994140625000000      -0.159725904    
   1.9091796875000000      -0.159075469    
   1.9189453125000000      -0.158429891    
   1.9287109375000000      -0.157789111    
   1.9384765625000000      -0.157153100    
   1.9482421875000000      -0.156521797    
   1.9580078125000000      -0.155895174    
   1.9677734375000000      -0.155273169    
   1.9775390625000000      -0.154655755    
   1.9873046875000000      -0.154042870    
   1.9970703125000000      -0.153434455    
   2.0068359375000000      -0.152830541    
   2.0166015625000000      -0.152231008    
   2.0263671875000000      -0.151635855    
   2.0361328125000000      -0.151045024    
   2.0458984375000000      -0.150458485    
   2.0556640625000000      -0.149876177    
   2.0654296875000000      -0.149298102    
   2.0751953125000000      -0.148724198    
   2.0849609375000000      -0.148154408    
   2.0947265625000000      -0.147588700    
   2.1044921875000000      -0.147027075    
   2.1142578125000000      -0.146469444    
   2.1240234375000000      -0.145915806    
   2.1337890625000000      -0.145366102    
   2.1435546875000000      -0.144820303    
   2.1533203125000000      -0.144278377    
   2.1630859375000000      -0.143740296    
   2.1728515625000000      -0.143206000    
   2.1826171875000000      -0.142675489    
   2.1923828125000000      -0.142148703    
   2.2021484375000000      -0.141625613    
   2.2119140625000000      -0.141106188    
   2.2216796875000000      -0.140590370    
   2.2314453125000000      -0.140078187    
   2.2412109375000000      -0.139569551    
   2.2509765625000000      -0.139064431    
   2.2607421875000000      -0.138562828    
   2.2705078125000000      -0.138064712    
   2.2802734375000000      -0.137570024    
   2.2900390625000000      -0.137078732    
   2.2998046875000000      -0.136590838    
   2.3095703125000000      -0.136106282    
   2.3193359375000000      -0.135625035    
   2.3291015625000000      -0.135147095    
   2.3388671875000000      -0.134672403    
   2.3486328125000000      -0.134200931    
   2.3583984375000000      -0.133732677    
   2.3681640625000000      -0.133267581    
   2.3779296875000000      -0.132805645    
   2.3876953125000000      -0.132346809    
   2.3974609375000000      -0.131891072    
   2.4072265625000000      -0.131438404    
   2.4169921875000000      -0.130988777    
   2.4267578125000000      -0.130542159    
   2.4365234375000000      -0.130098522    
   2.4462890625000000      -0.129657865    
   2.4560546875000000      -0.129220098    
   2.4658203125000000      -0.128785282    
   2.4755859375000000      -0.128353298    
   2.4853515625000000      -0.127924204    
   2.4951171875000000      -0.127497941    
   2.5048828125000000      -0.127074480    
   2.5146484375000000      -0.126653820    
   2.5244140625000000      -0.126235902    
   2.5341796875000000      -0.125820726    
   2.5439453125000000      -0.125408262    
   2.5537109375000000      -0.124998510    
   2.5634765625000000      -0.124591410    
   2.5732421875000000      -0.124186933    
   2.5830078125000000      -0.123785108    
   2.5927734375000000      -0.123385876    
   2.6025390625000000      -0.122989208    
   2.6123046875000000      -0.122595131    
   2.6220703125000000      -0.122203559    
   2.6318359375000000      -0.121814519    
   2.6416015625000000      -0.121427953    
   2.6513671875000000      -0.121043861    
   2.6611328125000000      -0.120662242    
   2.6708984375000000      -0.120283037    
   2.6806640625000000      -0.119906247    
   2.6904296875000000      -0.119531870    
   2.7001953125000000      -0.119159818    
   2.7099609375000000      -0.118790150    
   2.7197265625000000      -0.118422806    
   2.7294921875000000      -0.118057787    
   2.7392578125000000      -0.117695063    
   2.7490234375000000      -0.117334604    
   2.7587890625000000      -0.116976380    
   2.7685546875000000      -0.116620421    
   2.7783203125000000      -0.116266668    
   2.7880859375000000      -0.115915149    
   2.7978515625000000      -0.115565777    
   2.8076171875000000      -0.115218580    
   2.8173828125000000      -0.114873528    
   2.8271484375000000      -0.114530623    
   2.8369140625000000      -0.114189833    
   2.8466796875000000      -0.113851130    
   2.8564453125000000      -0.113514513    
   2.8662109375000000      -0.113179952    
   2.8759765625000000      -0.112847447    
   2.8857421875000000      -0.112516969    
   2.8955078125000000      -0.112188488    
   2.9052734375000000      -0.111862034    
   2.9150390625000000      -0.111537546    
   2.9248046875000000      -0.111215025    
   2.9345703125000000      -0.110894471    
   2.9443359375000000      -0.110575825    
   2.9541015625000000      -0.110259116    
   2.9638671875000000      -0.109944314    
   2.9736328125000000      -0.109631419    
   2.9833984375000000      -0.109320372    
   2.9931640625000000      -0.109011203    
   3.0029296875000000      -0.108703852    
   3.0126953125000000      -0.108398378    
   3.0224609375000000      -0.108094692    
   3.0322265625000000      -0.107792825    
   3.0419921875000000      -0.107492715    
   3.0517578125000000      -0.107194424    
   3.0615234375000000      -0.106897861    
   3.0712890625000000      -0.106603056    
   3.0810546875000000      -0.106309980    
   3.0908203125000000      -0.106018662    
   3.1005859375000000      -0.105729014    
   3.1103515625000000      -0.105441064    
   3.1201171875000000      -0.105154812    
   3.1298828125000000      -0.104870230    
   3.1396484375000000      -0.104587287    
   3.1494140625000000      -0.104306012    
   3.1591796875000000      -0.104026347    
   3.1689453125000000      -0.103748322    
   3.1787109375000000      -0.103471875    
   3.1884765625000000      -0.103197038    
   3.1982421875000000      -0.102923781    
   3.2080078125000000      -0.102652103    
   3.2177734375000000      -0.102381974    
   3.2275390625000000      -0.102113426    
   3.2373046875000000      -0.101846367    
   3.2470703125000000      -0.101580858    
   3.2568359375000000      -0.101316869    
   3.2666015625000000      -0.101054370    
   3.2763671875000000      -0.100793362    
   3.2861328125000000      -0.100533813    
   3.2958984375000000      -0.100275755    
   3.3056640625000000      -0.100019157    
   3.3154296875000000       -9.97639894E-02
   3.3251953125000000       -9.95102823E-02
   3.3349609375000000       -9.92580056E-02
   3.3447265625000000       -9.90071297E-02
   3.3544921875000000       -9.87576544E-02
   3.3642578125000000       -9.85095799E-02
   3.3740234375000000       -9.82628763E-02
   3.3837890625000000       -9.80175436E-02
   3.3935546875000000       -9.77736115E-02
   3.4033203125000000       -9.75309908E-02
   3.4130859375000000       -9.72897410E-02
   3.4228515625000000       -9.70498323E-02
   3.4326171875000000       -9.68112350E-02
   3.4423828125000000       -9.65739787E-02
   3.4521484375000000       -9.63380039E-02
   3.4619140625000000       -9.61033106E-02
   3.4716796875000000       -9.58699286E-02
   3.4814453125000000       -9.56378281E-02
   3.4912109375000000       -9.54070091E-02
   3.5009765625000000       -9.51774120E-02
   3.5107421875000000       -9.49490964E-02
   3.5205078125000000       -9.47220027E-02
   3.5302734375000000       -9.44961607E-02
   3.5400390625000000       -9.42715406E-02
   3.5498046875000000       -9.40481424E-02
   3.5595703125000000       -9.38259363E-02
   3.5693359375000000       -9.36049521E-02
   3.5791015625000000       -9.33851302E-02
   3.5888671875000000       -9.31665301E-02
   3.5986328125000000       -9.29490626E-02
   3.6083984375000000       -9.27327871E-02
   3.6181640625000000       -9.25176740E-02
   3.6279296875000000       -9.23036933E-02
   3.6376953125000000       -9.20908749E-02
   3.6474609375000000       -9.18791592E-02
   3.6572265625000000       -9.16686058E-02
   3.6669921875000000       -9.14591551E-02
   3.6767578125000000       -9.12508070E-02
   3.6865234375000000       -9.10435617E-02
   3.6962890625000000       -9.08374190E-02
   3.7060546875000000       -9.06323791E-02
   3.7158203125000000       -9.04284120E-02
   3.7255859375000000       -9.02255177E-02
   3.7353515625000000       -9.00236666E-02
   3.7451171875000000       -8.98229182E-02
   3.7548828125000000       -8.96231830E-02
   3.7646484375000000       -8.94245207E-02
   3.7744140625000000       -8.92268717E-02
   3.7841796875000000       -8.90302658E-02
   3.7939453125000000       -8.88346732E-02
   3.8037109375000000       -8.86401236E-02
   3.8134765625000000       -8.84465575E-02
   3.8232421875000000       -8.82540047E-02
   3.8330078125000000       -8.80624354E-02
   3.8427734375000000       -8.78718793E-02
   3.8525390625000000       -8.76823068E-02
   3.8623046875000000       -8.74936879E-02
   3.8720703125000000       -8.73060524E-02
   3.8818359375000000       -8.71193707E-02
   3.8916015625000000       -8.69336724E-02
   3.9013671875000000       -8.67488980E-02
   3.9111328125000000       -8.65650773E-02
   3.9208984375000000       -8.63822103E-02
   3.9306640625000000       -8.62002671E-02
   3.9404296875000000       -8.60192478E-02
   3.9501953125000000       -8.58391523E-02
   3.9599609375000000       -8.56599510E-02
   3.9697265625000000       -8.54816735E-02
   3.9794921875000000       -8.53042901E-02
   3.9892578125000000       -8.51278305E-02
   3.9990234375000000       -8.49522352E-02
   4.0087890625000000       -8.47775340E-02
   4.0185546875000000       -8.46037269E-02
   4.0283203125000000       -8.44307542E-02
   4.0380859375000000       -8.42586756E-02
   4.0478515625000000       -8.40874612E-02
   4.0576171875000000       -8.39171112E-02
   4.0673828125000000       -8.37475955E-02
   4.0771484375000000       -8.35789442E-02
   4.0869140625000000       -8.34111273E-02
   4.0966796875000000       -8.32441449E-02
   4.1064453125000000       -8.30779672E-02
   4.1162109375000000       -8.29126537E-02
   4.1259765625000000       -8.27481449E-02
   4.1357421875000000       -8.25844407E-02
   4.1455078125000000       -8.24215710E-02
   4.1552734375000000       -8.22594762E-02
   4.1650390625000000       -8.20981860E-02
   4.1748046875000000       -8.19377005E-02
   4.1845703125000000       -8.17780197E-02
   4.1943359375000000       -8.16190839E-02
   4.2041015625000000       -8.14609528E-02
   4.2138671875000000       -8.13035965E-02
   4.2236328125000000       -8.11470151E-02
   4.2333984375000000       -8.09911788E-02
   4.2431640625000000       -8.08361173E-02
   4.2529296875000000       -8.06818008E-02
   4.2626953125000000       -8.05282593E-02
   4.2724609375000000       -8.03754330E-02
   4.2822265625000000       -8.02233815E-02
   4.2919921875000000       -8.00720453E-02
   4.3017578125000000       -7.99214542E-02
   4.3115234375000000       -7.97715783E-02
   4.3212890625000000       -7.96224177E-02
   4.3310546875000000       -7.94740021E-02
   4.3408203125000000       -7.93263018E-02
   4.3505859375000000       -7.91792870E-02
   4.3603515625000000       -7.90329874E-02
   4.3701171875000000       -7.88874030E-02
   4.3798828125000000       -7.87425041E-02
   4.3896484375000000       -7.85983205E-02
   4.3994140625000000       -7.84547925E-02
   4.4091796875000000       -7.83119798E-02
   4.4189453125000000       -7.81698227E-02
   4.4287109375000000       -7.80283809E-02
   4.4384765625000000       -7.78875947E-02
   4.4482421875000000       -7.77474642E-02
   4.4580078125000000       -7.76079893E-02
   4.4677734375000000       -7.74691999E-02
   4.4775390625000000       -7.73310661E-02
   4.4873046875000000       -7.71935880E-02
   4.4970703125000000       -7.70567656E-02
   4.5068359375000000       -7.69205689E-02
   4.5166015625000000       -7.67850280E-02
   4.5263671875000000       -7.66501129E-02
   4.5361328125000000       -7.65158534E-02
   4.5458984375000000       -7.63822198E-02
   4.5556640625000000       -7.62491822E-02
   4.5654296875000000       -7.61168003E-02
   4.5751953125000000       -7.59850442E-02
   4.5849609375000000       -7.58538842E-02
   4.5947265625000000       -7.57233500E-02
   4.6044921875000000       -7.55934119E-02
   4.6142578125000000       -7.54640996E-02
   4.6240234375000000       -7.53353834E-02
   4.6337890625000000       -7.52072632E-02
   4.6435546875000000       -7.50797391E-02
   4.6533203125000000       -7.49527812E-02
   4.6630859375000000       -7.48264492E-02
   4.6728515625000000       -7.47006834E-02
   4.6826171875000000       -7.45755136E-02
   4.6923828125000000       -7.44509101E-02
   4.7021484375000000       -7.43269026E-02
   4.7119140625000000       -7.42034614E-02
   4.7216796875000000       -7.40805566E-02
   4.7314453125000000       -7.39582479E-02
   4.7412109375000000       -7.38365054E-02
   4.7509765625000000       -7.37153292E-02
   4.7607421875000000       -7.35946894E-02
   4.7705078125000000       -7.34745860E-02
   4.7802734375000000       -7.33550787E-02
   4.7900390625000000       -7.32360780E-02
   4.7998046875000000       -7.31176436E-02
   4.8095703125000000       -7.29997456E-02
   4.8193359375000000       -7.28823841E-02
   4.8291015625000000       -7.27655590E-02
   4.8388671875000000       -7.26492703E-02
   4.8486328125000000       -7.25335181E-02
   4.8583984375000000       -7.24182725E-02
   4.8681640625000000       -7.23035634E-02
   4.8779296875000000       -7.21893907E-02
   4.8876953125000000       -7.20757246E-02
   4.8974609375000000       -7.19625652E-02
   4.9072265625000000       -7.18499124E-02
   4.9169921875000000       -7.17377663E-02
   4.9267578125000000       -7.16261566E-02
   4.9365234375000000       -7.15150237E-02
   4.9462890625000000       -7.14043975E-02
   4.9560546875000000       -7.12942779E-02
   4.9658203125000000       -7.11846650E-02
   4.9755859375000000       -7.10755289E-02
   4.9853515625000000       -7.09668696E-02
   4.9951171875000000       -7.08587170E-02
   5.0048828125000000       -7.07510412E-02
   5.0146484375000000       -7.06438720E-02
   5.0244140625000000       -7.05371499E-02
   5.0341796875000000       -7.04309344E-02
   5.0439453125000000       -7.03251958E-02
   5.0537109375000000       -7.02199042E-02
   5.0634765625000000       -7.01150894E-02
   5.0732421875000000       -7.00107515E-02
   5.0830078125000000       -6.99068904E-02
   5.0927734375000000       -6.98034763E-02
   5.1025390625000000       -6.97005093E-02
   5.1123046875000000       -6.95980191E-02
   5.1220703125000000       -6.94959760E-02
   5.1318359375000000       -6.93944097E-02
   5.1416015625000000       -6.92932606E-02
   5.1513671875000000       -6.91925883E-02
   5.1611328125000000       -6.90923333E-02
   5.1708984375000000       -6.89925551E-02
   5.1806640625000000       -6.88931942E-02
   5.1904296875000000       -6.87942803E-02
   5.2001953125000000       -6.86958134E-02
   5.2099609375000000       -6.85977638E-02
   5.2197265625000000       -6.85001612E-02
   5.2294921875000000       -6.84030056E-02
   5.2392578125000000       -6.83062375E-02
   5.2490234375000000       -6.82099164E-02
   5.2587890625000000       -6.81140423E-02
   5.2685546875000000       -6.80185556E-02
   5.2783203125000000       -6.79235160E-02
   5.2880859375000000       -6.78288639E-02
   5.2978515625000000       -6.77346587E-02
   5.3076171875000000       -6.76408410E-02
   5.3173828125000000       -6.75474405E-02
   5.3271484375000000       -6.74544573E-02
   5.3369140625000000       -6.73618913E-02
   5.3466796875000000       -6.72697127E-02
   5.3564453125000000       -6.71779513E-02
   5.3662109375000000       -6.70865774E-02
   5.3759765625000000       -6.69955909E-02
   5.3857421875000000       -6.69050217E-02
   5.3955078125000000       -6.68148696E-02
   5.4052734375000000       -6.67250752E-02
   5.4150390625000000       -6.66356981E-02
   5.4248046875000000       -6.65466785E-02
   5.4345703125000000       -6.64580762E-02
   5.4443359375000000       -6.63698614E-02
   5.4541015625000000       -6.62820041E-02
   5.4638671875000000       -6.61945641E-02
   5.4736328125000000       -6.61074817E-02
   5.4833984375000000       -6.60207868E-02
   5.4931640625000000       -6.59344494E-02
   5.5029296875000000       -6.58484995E-02
   5.5126953125000000       -6.57629371E-02
   5.5224609375000000       -6.56777322E-02
   5.5322265625000000       -6.55928850E-02
   5.5419921875000000       -6.55084252E-02
   5.5517578125000000       -6.54243231E-02
   5.5615234375000000       -6.53406084E-02
   5.5712890625000000       -6.52572215E-02
   5.5810546875000000       -6.51742220E-02
   5.5908203125000000       -6.50915504E-02
   5.6005859375000000       -6.50092661E-02
   5.6103515625000000       -6.49273396E-02
   5.6201171875000000       -6.48457408E-02
   5.6298828125000000       -6.47645295E-02
   5.6396484375000000       -6.46836460E-02
   5.6494140625000000       -6.46031201E-02
   5.6591796875000000       -6.45229220E-02
   5.6689453125000000       -6.44430816E-02
   5.6787109375000000       -6.43635988E-02
   5.6884765625000000       -6.42844439E-02
   5.6982421875000000       -6.42056465E-02
   5.7080078125000000       -6.41271770E-02
   5.7177734375000000       -6.40490353E-02
   5.7275390625000000       -6.39712512E-02
   5.7373046875000000       -6.38937652E-02
   5.7470703125000000       -6.38166666E-02
   5.7568359375000000       -6.37398660E-02
   5.7666015625000000       -6.36633933E-02
   5.7763671875000000       -6.35872483E-02
   5.7861328125000000       -6.35114610E-02
   5.7958984375000000       -6.34359717E-02
   5.8056640625000000       -6.33608103E-02
   5.8154296875000000       -6.32859766E-02
   5.8251953125000000       -6.32114708E-02
   5.8349609375000000       -6.31372929E-02
   5.8447265625000000       -6.30634129E-02
   5.8544921875000000       -6.29898608E-02
   5.8642578125000000       -6.29166067E-02
   5.8740234375000000       -6.28437102E-02
   5.8837890625000000       -6.27710819E-02
   5.8935546875000000       -6.26987815E-02
   5.9033203125000000       -6.26268089E-02
   5.9130859375000000       -6.25551343E-02
   5.9228515625000000       -6.24837577E-02
   5.9326171875000000       -6.24126792E-02
   5.9423828125000000       -6.23419285E-02
   5.9521484375000000       -6.22714758E-02
   5.9619140625000000       -6.22013211E-02
   5.9716796875000000       -6.21314645E-02
   5.9814453125000000       -6.20619059E-02
   5.9912109375000000       -6.19926453E-02
   6.0009765625000000       -6.19236827E-02
   6.0107421875000000       -6.18550181E-02
   6.0205078125000000       -6.17866516E-02
   6.0302734375000000       -6.17185831E-02
   6.0400390625000000       -6.16508126E-02
   6.0498046875000000       -6.15833104E-02
   6.0595703125000000       -6.15161061E-02
   6.0693359375000000       -6.14491999E-02
   6.0791015625000000       -6.13825917E-02
   6.0888671875000000       -6.13162518E-02
   6.0986328125000000       -6.12501800E-02
   6.1083984375000000       -6.11844063E-02
   6.1181640625000000       -6.11189306E-02
   6.1279296875000000       -6.10537231E-02
   6.1376953125000000       -6.09887838E-02
   6.1474609375000000       -6.09241426E-02
   6.1572265625000000       -6.08597696E-02
   6.1669921875000000       -6.07956946E-02
   6.1767578125000000       -6.07318580E-02
   6.1865234375000000       -6.06683195E-02
   6.1962890625000000       -6.06050491E-02
   6.2060546875000000       -6.05420470E-02
   6.2158203125000000       -6.04793131E-02
   6.2255859375000000       -6.04168773E-02
   6.2353515625000000       -6.03546798E-02
   6.2451171875000000       -6.02927506E-02
   6.2548828125000000       -6.02310896E-02
   6.2646484375000000       -6.01696968E-02
   6.2744140625000000       -6.01085722E-02
   6.2841796875000000       -6.00477159E-02
   6.2939453125000000       -5.99871278E-02
   6.3037109375000000       -5.99267781E-02
   6.3134765625000000       -5.98666966E-02
   6.3232421875000000       -5.98068833E-02
   6.3330078125000000       -5.97473383E-02
   6.3427734375000000       -5.96880317E-02
   6.3525390625000000       -5.96289635E-02
   6.3623046875000000       -5.95701933E-02
   6.3720703125000000       -5.95116317E-02
   6.3818359375000000       -5.94533682E-02
   6.3916015625000000       -5.93953133E-02
   6.4013671875000000       -5.93375266E-02
   6.4111328125000000       -5.92800081E-02
   6.4208984375000000       -5.92227280E-02
   6.4306640625000000       -5.91656864E-02
   6.4404296875000000       -5.91089129E-02
   6.4501953125000000       -5.90523481E-02
   6.4599609375000000       -5.89960515E-02
   6.4697265625000000       -5.89400232E-02
   6.4794921875000000       -5.88842034E-02
   6.4892578125000000       -5.88286221E-02
   6.4990234375000000       -5.87733090E-02
   6.5087890625000000       -5.87182343E-02
   6.5185546875000000       -5.86633682E-02
   6.5283203125000000       -5.86087704E-02
   6.5380859375000000       -5.85544109E-02
   6.5478515625000000       -5.85002601E-02
   6.5576171875000000       -5.84463775E-02
   6.5673828125000000       -5.83927035E-02
   6.5771484375000000       -5.83392978E-02
   6.5869140625000000       -5.82861006E-02
   6.5966796875000000       -5.82331419E-02
   6.6064453125000000       -5.81804216E-02
   6.6162109375000000       -5.81279099E-02
   6.6259765625000000       -5.80756366E-02
   6.6357421875000000       -5.80236018E-02
   6.6455078125000000       -5.79718053E-02
   6.6552734375000000       -5.79202175E-02
   6.6650390625000000       -5.78688681E-02
   6.6748046875000000       -5.78177273E-02
   6.6845703125000000       -5.77668250E-02
   6.6943359375000000       -5.77161312E-02
   6.7041015625000000       -5.76656759E-02
   6.7138671875000000       -5.76154590E-02
   6.7236328125000000       -5.75654507E-02
   6.7333984375000000       -5.75156510E-02
   6.7431640625000000       -5.74660897E-02
   6.7529296875000000       -5.74167371E-02
   6.7626953125000000       -5.73675931E-02
   6.7724609375000000       -5.73186874E-02
   6.7822265625000000       -5.72699606E-02
   6.7919921875000000       -5.72215021E-02
   6.8017578125000000       -5.71732223E-02
   6.8115234375000000       -5.71251810E-02
   6.8212890625000000       -5.70773184E-02
   6.8310546875000000       -5.70296943E-02
   6.8408203125000000       -5.69822788E-02
   6.8505859375000000       -5.69351017E-02
   6.8603515625000000       -5.68881035E-02
   6.8701171875000000       -5.68413138E-02
   6.8798828125000000       -5.67947626E-02
   6.8896484375000000       -5.67483902E-02
   6.8994140625000000       -5.67022264E-02
   6.9091796875000000       -5.66563010E-02
   6.9189453125000000       -5.66105545E-02
   6.9287109375000000       -5.65650165E-02
   6.9384765625000000       -5.65196872E-02
   6.9482421875000000       -5.64745665E-02
   6.9580078125000000       -5.64296544E-02
   6.9677734375000000       -5.63849211E-02
   6.9775390625000000       -5.63404262E-02
   6.9873046875000000       -5.62961102E-02
   6.9970703125000000       -5.62520027E-02
   7.0068359375000000       -5.62080741E-02
   7.0166015625000000       -5.61643839E-02
   7.0263671875000000       -5.61208725E-02
   7.0361328125000000       -5.60775399E-02
   7.0458984375000000       -5.60344458E-02
   7.0556640625000000       -5.59915304E-02
   7.0654296875000000       -5.59487939E-02
   7.0751953125000000       -5.59062660E-02
   7.0849609375000000       -5.58639467E-02
   7.0947265625000000       -5.58218062E-02
   7.1044921875000000       -5.57798743E-02
   7.1142578125000000       -5.57381213E-02
   7.1240234375000000       -5.56965768E-02
   7.1337890625000000       -5.56552112E-02
   7.1435546875000000       -5.56140244E-02
   7.1533203125000000       -5.55730462E-02
   7.1630859375000000       -5.55322766E-02
   7.1728515625000000       -5.54916561E-02
   7.1826171875000000       -5.54512441E-02
   7.1923828125000000       -5.54110408E-02
   7.2021484375000000       -5.53710163E-02
   7.2119140625000000       -5.53311706E-02
   7.2216796875000000       -5.52915037E-02
   7.2314453125000000       -5.52520156E-02
   7.2412109375000000       -5.52127361E-02
   7.2509765625000000       -5.51736355E-02
   7.2607421875000000       -5.51347136E-02
   7.2705078125000000       -5.50959706E-02
   7.2802734375000000       -5.50574362E-02
   7.2900390625000000       -5.50190508E-02
   7.2998046875000000       -5.49808741E-02
   7.3095703125000000       -5.49428761E-02
   7.3193359375000000       -5.49050570E-02
   7.3291015625000000       -5.48674166E-02
   7.3388671875000000       -5.48299551E-02
   7.3486328125000000       -5.47926724E-02
   7.3583984375000000       -5.47555685E-02
   7.3681640625000000       -5.47186434E-02
   7.3779296875000000       -5.46818972E-02
   7.3876953125000000       -5.46453297E-02
   7.3974609375000000       -5.46089411E-02
   7.4072265625000000       -5.45727313E-02
   7.4169921875000000       -5.45366704E-02
   7.4267578125000000       -5.45008183E-02
   7.4365234375000000       -5.44651151E-02
   7.4462890625000000       -5.44296205E-02
   7.4560546875000000       -5.43942750E-02
   7.4658203125000000       -5.43591082E-02
   7.4755859375000000       -5.43240905E-02
   7.4853515625000000       -5.42892814E-02
   7.4951171875000000       -5.42546213E-02
   7.5048828125000000       -5.42201400E-02
   7.5146484375000000       -5.41858375E-02
   7.5244140625000000       -5.41517138E-02
   7.5341796875000000       -5.41177392E-02
   7.5439453125000000       -5.40839434E-02
   7.5537109375000000       -5.40502965E-02
   7.5634765625000000       -5.40168583E-02
   7.5732421875000000       -5.39835393E-02
   7.5830078125000000       -5.39504290E-02
   7.5927734375000000       -5.39174676E-02
   7.6025390625000000       -5.38846850E-02
   7.6123046875000000       -5.38520515E-02
   7.6220703125000000       -5.38195968E-02
   7.6318359375000000       -5.37872910E-02
   7.6416015625000000       -5.37551641E-02
   7.6513671875000000       -5.37232161E-02
   7.6611328125000000       -5.36914170E-02
   7.6708984375000000       -5.36597669E-02
   7.6806640625000000       -5.36282957E-02
   7.6904296875000000       -5.35969734E-02
   7.7001953125000000       -5.35658300E-02
   7.7099609375000000       -5.35348356E-02
   7.7197265625000000       -5.35040200E-02
   7.7294921875000000       -5.34733534E-02
   7.7392578125000000       -5.34428656E-02
   7.7490234375000000       -5.34124970E-02
   7.7587890625000000       -5.33823371E-02
   7.7685546875000000       -5.33522964E-02
   7.7783203125000000       -5.33224344E-02
   7.7880859375000000       -5.32927215E-02
   7.7978515625000000       -5.32631874E-02
   7.8076171875000000       -5.32338023E-02
   7.8173828125000000       -5.32045662E-02
   7.8271484375000000       -5.31754792E-02
   7.8369140625000000       -5.31465709E-02
   7.8466796875000000       -5.31178117E-02
   7.8564453125000000       -5.30892015E-02
   7.8662109375000000       -5.30607402E-02
   7.8759765625000000       -5.30324578E-02
   7.8857421875000000       -5.30042946E-02
   7.8955078125000000       -5.29763103E-02
   7.9052734375000000       -5.29484749E-02
   7.9150390625000000       -5.29207885E-02
   7.9248046875000000       -5.28932810E-02
   7.9345703125000000       -5.28658926E-02
   7.9443359375000000       -5.28386831E-02
   7.9541015625000000       -5.28115928E-02
   7.9638671875000000       -5.27846813E-02
   7.9736328125000000       -5.27579188E-02
   7.9833984375000000       -5.27313054E-02
   7.9931640625000000       -5.27048409E-02
   8.0029296875000000       -5.26785254E-02
   8.0126953125000000       -5.26523590E-02
   8.0224609375000000       -5.26263416E-02
   8.0322265625000000       -5.26004732E-02
   8.0419921875000000       -5.25747836E-02
   8.0517578125000000       -5.25492132E-02
   8.0615234375000000       -5.25237918E-02
   8.0712890625000000       -5.24985194E-02
   8.0810546875000000       -5.24733961E-02
   8.0908203125000000       -5.24484217E-02
   8.1005859375000000       -5.24235964E-02
   8.1103515625000000       -5.23988903E-02
   8.1201171875000000       -5.23743629E-02
   8.1298828125000000       -5.23499846E-02
   8.1396484375000000       -5.23257256E-02
   8.1494140625000000       -5.23016453E-02
   8.1591796875000000       -5.22776842E-02
   8.1689453125000000       -5.22538722E-02
   8.1787109375000000       -5.22302091E-02
   8.1884765625000000       -5.22066951E-02
   8.1982421875000000       -5.21833003E-02
   8.2080078125000000       -5.21600842E-02
   8.2177734375000000       -5.21369874E-02
   8.2275390625000000       -5.21140397E-02
   8.2373046875000000       -5.20912409E-02
   8.2470703125000000       -5.20685613E-02
   8.2568359375000000       -5.20460606E-02
   8.2666015625000000       -5.20236790E-02
   8.2763671875000000       -5.20014465E-02
   8.2861328125000000       -5.19793332E-02
   8.2958984375000000       -5.19573987E-02
   8.3056640625000000       -5.19355834E-02
   8.3154296875000000       -5.19139171E-02
   8.3251953125000000       -5.18923700E-02
   8.3349609375000000       -5.18709719E-02
   8.3447265625000000       -5.18497229E-02
   8.3544921875000000       -5.18286228E-02
   8.3642578125000000       -5.18076420E-02
   8.3740234375000000       -5.17868102E-02
   8.3837890625000000       -5.17660975E-02
   8.3935546875000000       -5.17455637E-02
   8.4033203125000000       -5.17251194E-02
   8.4130859375000000       -5.17048538E-02
   8.4228515625000000       -5.16847074E-02
   8.4326171875000000       -5.16647100E-02
   8.4423828125000000       -5.16448319E-02
   8.4521484375000000       -5.16251028E-02
   8.4619140625000000       -5.16054928E-02
   8.4716796875000000       -5.15860319E-02
   8.4814453125000000       -5.15667200E-02
   8.4912109375000000       -5.15475273E-02
   8.5009765625000000       -5.15284538E-02
   8.5107421875000000       -5.15095294E-02
   8.5205078125000000       -5.14907539E-02
   8.5302734375000000       -5.14720976E-02
   8.5400390625000000       -5.14535904E-02
   8.5498046875000000       -5.14352024E-02
   8.5595703125000000       -5.14169633E-02
   8.5693359375000000       -5.13988435E-02
   8.5791015625000000       -5.13808727E-02
   8.5888671875000000       -5.13630211E-02
   8.5986328125000000       -5.13453186E-02
   8.6083984375000000       -5.13277352E-02
   8.6181640625000000       -5.13103008E-02
   8.6279296875000000       -5.12929857E-02
   8.6376953125000000       -5.12758195E-02
   8.6474609375000000       -5.12587428E-02
   8.6572265625000000       -5.12418449E-02
   8.6669921875000000       -5.12250662E-02
   8.6767578125000000       -5.12084067E-02
   8.6865234375000000       -5.11918664E-02
   8.6962890625000000       -5.11754751E-02
   8.7060546875000000       -5.11592329E-02
   8.7158203125000000       -5.11431098E-02
   8.7255859375000000       -5.11271060E-02
   8.7353515625000000       -5.11112213E-02
   8.7451171875000000       -5.10954857E-02
   8.7548828125000000       -5.10798991E-02
   8.7646484375000000       -5.10644019E-02
   8.7744140625000000       -5.10490537E-02
   8.7841796875000000       -5.10338247E-02
   8.7939453125000000       -5.10187447E-02
   8.8037109375000000       -5.10037839E-02
   8.8134765625000000       -5.09889424E-02
   8.8232421875000000       -5.09742498E-02
   8.8330078125000000       -5.09596765E-02
   8.8427734375000000       -5.09452224E-02
   8.8525390625000000       -5.09309173E-02
   8.8623046875000000       -5.09167016E-02
   8.8720703125000000       -5.09026647E-02
   8.8818359375000000       -5.08887172E-02
   8.8916015625000000       -5.08749187E-02
   8.9013671875000000       -5.08612394E-02
   8.9111328125000000       -5.08476794E-02
   8.9208984375000000       -5.08342385E-02
   8.9306640625000000       -5.08209467E-02
   8.9404296875000000       -5.08077741E-02
   8.9501953125000000       -5.07947206E-02
   8.9599609375000000       -5.07818162E-02
   8.9697265625000000       -5.07690012E-02
   8.9794921875000000       -5.07563353E-02
   8.9892578125000000       -5.07437885E-02
   8.9990234375000000       -5.07313907E-02
   9.0087890625000000       -5.07190824E-02
   9.0185546875000000       -5.07069230E-02
   9.0283203125000000       -5.06948829E-02
   9.0380859375000000       -5.06829619E-02
   9.0478515625000000       -5.06711602E-02
   9.0576171875000000       -5.06595075E-02
   9.0673828125000000       -5.06479740E-02
   9.0771484375000000       -5.06365597E-02
   9.0869140625000000       -5.06252646E-02
   9.0966796875000000       -5.06140888E-02
   9.1064453125000000       -5.06030321E-02
   9.1162109375000000       -5.05921245E-02
   9.1259765625000000       -5.05813360E-02
   9.1357421875000000       -5.05706370E-02
   9.1455078125000000       -5.05600870E-02
   9.1552734375000000       -5.05496860E-02
   9.1650390625000000       -5.05393744E-02
   9.1748046875000000       -5.05291820E-02
   9.1845703125000000       -5.05191386E-02
   9.1943359375000000       -5.05092144E-02
   9.2041015625000000       -5.04993796E-02
   9.2138671875000000       -5.04896939E-02
   9.2236328125000000       -5.04801273E-02
   9.2333984375000000       -5.04707098E-02
   9.2431640625000000       -5.04613817E-02
   9.2529296875000000       -5.04521728E-02
   9.2626953125000000       -5.04431129E-02
   9.2724609375000000       -5.04341424E-02
   9.2822265625000000       -5.04253209E-02
   9.2919921875000000       -5.04166186E-02
   9.3017578125000000       -5.04080057E-02
   9.3115234375000000       -5.03995419E-02
   9.3212890625000000       -5.03911972E-02
   9.3310546875000000       -5.03829718E-02
   9.3408203125000000       -5.03748953E-02
   9.3505859375000000       -5.03669083E-02
   9.3603515625000000       -5.03590405E-02
   9.3701171875000000       -5.03512919E-02
   9.3798828125000000       -5.03436923E-02
   9.3896484375000000       -5.03361821E-02
   9.3994140625000000       -5.03288209E-02
   9.4091796875000000       -5.03215492E-02
   9.4189453125000000       -5.03144264E-02
   9.4287109375000000       -5.03074229E-02
   9.4384765625000000       -5.03005087E-02
   9.4482421875000000       -5.02937436E-02
   9.4580078125000000       -5.02870977E-02
   9.4677734375000000       -5.02805710E-02
   9.4775390625000000       -5.02741337E-02
   9.4873046875000000       -5.02678454E-02
   9.4970703125000000       -5.02616763E-02
   9.5068359375000000       -5.02556264E-02
   9.5166015625000000       -5.02496958E-02
   9.5263671875000000       -5.02438843E-02
   9.5361328125000000       -5.02381921E-02
   9.5458984375000000       -5.02326190E-02
   9.5556640625000000       -5.02271652E-02
   9.5654296875000000       -5.02218306E-02
   9.5751953125000000       -5.02166152E-02
   9.5849609375000000       -5.02115190E-02
   9.5947265625000000       -5.02065420E-02
   9.6044921875000000       -5.02016842E-02
   9.6142578125000000       -5.01969457E-02
   9.6240234375000000       -5.01923263E-02
   9.6337890625000000       -5.01878262E-02
   9.6435546875000000       -5.01834452E-02
   9.6533203125000000       -5.01791835E-02
   9.6630859375000000       -5.01750410E-02
   9.6728515625000000       -5.01710176E-02
   9.6826171875000000       -5.01671135E-02
   9.6923828125000000       -5.01633286E-02
   9.7021484375000000       -5.01596630E-02
   9.7119140625000000       -5.01561165E-02
   9.7216796875000000       -5.01526892E-02
   9.7314453125000000       -5.01493812E-02
   9.7412109375000000       -5.01461923E-02
   9.7509765625000000       -5.01430929E-02
   9.7607421875000000       -5.01401424E-02
   9.7705078125000000       -5.01373112E-02
   9.7802734375000000       -5.01345992E-02
   9.7900390625000000       -5.01320064E-02
   9.7998046875000000       -5.01295030E-02
   9.8095703125000000       -5.01271486E-02
   9.8193359375000000       -5.01249135E-02
   9.8291015625000000       -5.01227677E-02
   9.8388671875000000       -5.01207709E-02
   9.8486328125000000       -5.01188636E-02
   9.8583984375000000       -5.01171052E-02
   9.8681640625000000       -5.01154661E-02
   9.8779296875000000       -5.01139164E-02
   9.8876953125000000       -5.01124859E-02
   9.8974609375000000       -5.01112044E-02
   9.9072265625000000       -5.01100123E-02
   9.9169921875000000       -5.01089692E-02
   9.9267578125000000       -5.01080155E-02
   9.9365234375000000       -5.01071811E-02
   9.9462890625000000       -5.01064658E-02
   9.9560546875000000       -5.01058996E-02
   9.9658203125000000       -5.01054227E-02
   9.9755859375000000       -5.01050651E-02
   9.9853515625000000       -5.01048267E-02
   9.9951171875000000       -5.01047075E-02
   10.004882812500000       -5.01047075E-02
   10.014648437500000       -5.01048267E-02
   10.024414062500000       -5.01050651E-02
   10.034179687500000       -5.01054227E-02
   10.043945312500000       -5.01058996E-02
   10.053710937500000       -5.01064658E-02
   10.063476562500000       -5.01071811E-02
   10.073242187500000       -5.01080155E-02
   10.083007812500000       -5.01089692E-02
   10.092773437500000       -5.01100123E-02
   10.102539062500000       -5.01112044E-02
   10.112304687500000       -5.01124859E-02
   10.122070312500000       -5.01139164E-02
   10.131835937500000       -5.01154661E-02
   10.141601562500000       -5.01171052E-02
   10.151367187500000       -5.01188636E-02
   10.161132812500000       -5.01207709E-02
   10.170898437500000       -5.01227677E-02
   10.180664062500000       -5.01249135E-02
   10.190429687500000       -5.01271486E-02
   10.200195312500000       -5.01295030E-02
   10.209960937500000       -5.01320064E-02
   10.219726562500000       -5.01345992E-02
   10.229492187500000       -5.01373112E-02
   10.239257812500000       -5.01401424E-02
   10.249023437500000       -5.01430929E-02
   10.258789062500000       -5.01461923E-02
   10.268554687500000       -5.01493812E-02
   10.278320312500000       -5.01526892E-02
   10.288085937500000       -5.01561165E-02
   10.297851562500000       -5.01596630E-02
   10.307617187500000       -5.01633286E-02
   10.317382812500000       -5.01671135E-02
   10.327148437500000       -5.01710176E-02
   10.336914062500000       -5.01750410E-02
   10.346679687500000       -5.01791835E-02
   10.356445312500000       -5.01834452E-02
   10.366210937500000       -5.01878262E-02
   10.375976562500000       -5.01923263E-02
   10.385742187500000       -5.01969457E-02
   10.395507812500000       -5.02016842E-02
   10.405273437500000       -5.02065420E-02
   10.415039062500000       -5.02115190E-02
   10.424804687500000       -5.02166152E-02
   10.434570312500000       -5.02218306E-02
   10.444335937500000       -5.02271652E-02
   10.454101562500000       -5.02326190E-02
   10.463867187500000       -5.02381921E-02
   10.473632812500000       -5.02438843E-02
   10.483398437500000       -5.02496958E-02
   10.493164062500000       -5.02556264E-02
   10.502929687500000       -5.02616763E-02
   10.512695312500000       -5.02678454E-02
   10.522460937500000       -5.02741337E-02
   10.532226562500000       -5.02805710E-02
   10.541992187500000       -5.02870977E-02
   10.551757812500000       -5.02937436E-02
   10.561523437500000       -5.03005087E-02
   10.571289062500000       -5.03074229E-02
   10.581054687500000       -5.03144264E-02
   10.590820312500000       -5.03215492E-02
   10.600585937500000       -5.03288209E-02
   10.610351562500000       -5.03361821E-02
   10.620117187500000       -5.03436923E-02
   10.629882812500000       -5.03512919E-02
   10.639648437500000       -5.03590405E-02
   10.649414062500000       -5.03669083E-02
   10.659179687500000       -5.03748953E-02
   10.668945312500000       -5.03829718E-02
   10.678710937500000       -5.03911972E-02
   10.688476562500000       -5.03995419E-02
   10.698242187500000       -5.04080057E-02
   10.708007812500000       -5.04166186E-02
   10.717773437500000       -5.04253209E-02
   10.727539062500000       -5.04341424E-02
   10.737304687500000       -5.04431129E-02
   10.747070312500000       -5.04521728E-02
   10.756835937500000       -5.04613817E-02
   10.766601562500000       -5.04707098E-02
   10.776367187500000       -5.04801273E-02
   10.786132812500000       -5.04896939E-02
   10.795898437500000       -5.04993796E-02
   10.805664062500000       -5.05092144E-02
   10.815429687500000       -5.05191386E-02
   10.825195312500000       -5.05291820E-02
   10.834960937500000       -5.05393744E-02
   10.844726562500000       -5.05496860E-02
   10.854492187500000       -5.05600870E-02
   10.864257812500000       -5.05706370E-02
   10.874023437500000       -5.05813360E-02
   10.883789062500000       -5.05921245E-02
   10.893554687500000       -5.06030321E-02
   10.903320312500000       -5.06140888E-02
   10.913085937500000       -5.06252646E-02
   10.922851562500000       -5.06365597E-02
   10.932617187500000       -5.06479740E-02
   10.942382812500000       -5.06595075E-02
   10.952148437500000       -5.06711602E-02
   10.961914062500000       -5.06829619E-02
   10.971679687500000       -5.06948829E-02
   10.981445312500000       -5.07069230E-02
   10.991210937500000       -5.07190824E-02
   11.000976562500000       -5.07313907E-02
   11.010742187500000       -5.07437885E-02
   11.020507812500000       -5.07563353E-02
   11.030273437500000       -5.07690012E-02
   11.040039062500000       -5.07818162E-02
   11.049804687500000       -5.07947206E-02
   11.059570312500000       -5.08077741E-02
   11.069335937500000       -5.08209467E-02
   11.079101562500000       -5.08342385E-02
   11.088867187500000       -5.08476794E-02
   11.098632812500000       -5.08612394E-02
   11.108398437500000       -5.08749187E-02
   11.118164062500000       -5.08887172E-02
   11.127929687500000       -5.09026647E-02
   11.137695312500000       -5.09167016E-02
   11.147460937500000       -5.09309173E-02
   11.157226562500000       -5.09452224E-02
   11.166992187500000       -5.09596765E-02
   11.176757812500000       -5.09742498E-02
   11.186523437500000       -5.09889424E-02
   11.196289062500000       -5.10037839E-02
   11.206054687500000       -5.10187447E-02
   11.215820312500000       -5.10338247E-02
   11.225585937500000       -5.10490537E-02
   11.235351562500000       -5.10644019E-02
   11.245117187500000       -5.10798991E-02
   11.254882812500000       -5.10954857E-02
   11.264648437500000       -5.11112213E-02
   11.274414062500000       -5.11271060E-02
   11.284179687500000       -5.11431098E-02
   11.293945312500000       -5.11592329E-02
   11.303710937500000       -5.11754751E-02
   11.313476562500000       -5.11918664E-02
   11.323242187500000       -5.12084067E-02
   11.333007812500000       -5.12250662E-02
   11.342773437500000       -5.12418449E-02
   11.352539062500000       -5.12587428E-02
   11.362304687500000       -5.12758195E-02
   11.372070312500000       -5.12929857E-02
   11.381835937500000       -5.13103008E-02
   11.391601562500000       -5.13277352E-02
   11.401367187500000       -5.13453186E-02
   11.411132812500000       -5.13630211E-02
   11.420898437500000       -5.13808727E-02
   11.430664062500000       -5.13988435E-02
   11.440429687500000       -5.14169633E-02
   11.450195312500000       -5.14352024E-02
   11.459960937500000       -5.14535904E-02
   11.469726562500000       -5.14720976E-02
   11.479492187500000       -5.14907539E-02
   11.489257812500000       -5.15095294E-02
   11.499023437500000       -5.15284538E-02
   11.508789062500000       -5.15475273E-02
   11.518554687500000       -5.15667200E-02
   11.528320312500000       -5.15860319E-02
   11.538085937500000       -5.16054928E-02
   11.547851562500000       -5.16251028E-02
   11.557617187500000       -5.16448319E-02
   11.567382812500000       -5.16647100E-02
   11.577148437500000       -5.16847074E-02
   11.586914062500000       -5.17048538E-02
   11.596679687500000       -5.17251194E-02
   11.606445312500000       -5.17455637E-02
   11.616210937500000       -5.17660975E-02
   11.625976562500000       -5.17868102E-02
   11.635742187500000       -5.18076420E-02
   11.645507812500000       -5.18286228E-02
   11.655273437500000       -5.18497229E-02
   11.665039062500000       -5.18709719E-02
   11.674804687500000       -5.18923700E-02
   11.684570312500000       -5.19139171E-02
   11.694335937500000       -5.19355834E-02
   11.704101562500000       -5.19573987E-02
   11.713867187500000       -5.19793332E-02
   11.723632812500000       -5.20014465E-02
   11.733398437500000       -5.20236790E-02
   11.743164062500000       -5.20460606E-02
   11.752929687500000       -5.20685613E-02
   11.762695312500000       -5.20912409E-02
   11.772460937500000       -5.21140397E-02
   11.782226562500000       -5.21369874E-02
   11.791992187500000       -5.21600842E-02
   11.801757812500000       -5.21833003E-02
   11.811523437500000       -5.22066951E-02
   11.821289062500000       -5.22302091E-02
   11.831054687500000       -5.22538722E-02
   11.840820312500000       -5.22776842E-02
   11.850585937500000       -5.23016453E-02
   11.860351562500000       -5.23257256E-02
   11.870117187500000       -5.23499846E-02
   11.879882812500000       -5.23743629E-02
   11.889648437500000       -5.23988903E-02
   11.899414062500000       -5.24235964E-02
   11.909179687500000       -5.24484217E-02
   11.918945312500000       -5.24733961E-02
   11.928710937500000       -5.24985194E-02
   11.938476562500000       -5.25237918E-02
   11.948242187500000       -5.25492132E-02
   11.958007812500000       -5.25747836E-02
   11.967773437500000       -5.26004732E-02
   11.977539062500000       -5.26263416E-02
   11.987304687500000       -5.26523590E-02
   11.997070312500000       -5.26785254E-02
   12.006835937500000       -5.27048409E-02
   12.016601562500000       -5.27313054E-02
   12.026367187500000       -5.27579188E-02
   12.036132812500000       -5.27846813E-02
   12.045898437500000       -5.28115928E-02
   12.055664062500000       -5.28386831E-02
   12.065429687500000       -5.28658926E-02
   12.075195312500000       -5.28932810E-02
   12.084960937500000       -5.29207885E-02
   12.094726562500000       -5.29484749E-02
   12.104492187500000       -5.29763103E-02
   12.114257812500000       -5.30042946E-02
   12.124023437500000       -5.30324578E-02
   12.133789062500000       -5.30607402E-02
   12.143554687500000       -5.30892015E-02
   12.153320312500000       -5.31178117E-02
   12.163085937500000       -5.31465709E-02
   12.172851562500000       -5.31754792E-02
   12.182617187500000       -5.32045662E-02
   12.192382812500000       -5.32338023E-02
   12.202148437500000       -5.32631874E-02
   12.211914062500000       -5.32927215E-02
   12.221679687500000       -5.33224344E-02
   12.231445312500000       -5.33522964E-02
   12.241210937500000       -5.33823371E-02
   12.250976562500000       -5.34124970E-02
   12.260742187500000       -5.34428656E-02
   12.270507812500000       -5.34733534E-02
   12.280273437500000       -5.35040200E-02
   12.290039062500000       -5.35348356E-02
   12.299804687500000       -5.35658300E-02
   12.309570312500000       -5.35969734E-02
   12.319335937500000       -5.36282957E-02
   12.329101562500000       -5.36597669E-02
   12.338867187500000       -5.36914170E-02
   12.348632812500000       -5.37232161E-02
   12.358398437500000       -5.37551641E-02
   12.368164062500000       -5.37872910E-02
   12.377929687500000       -5.38195968E-02
   12.387695312500000       -5.38520515E-02
   12.397460937500000       -5.38846850E-02
   12.407226562500000       -5.39174676E-02
   12.416992187500000       -5.39504290E-02
   12.426757812500000       -5.39835393E-02
   12.436523437500000       -5.40168583E-02
   12.446289062500000       -5.40502965E-02
   12.456054687500000       -5.40839434E-02
   12.465820312500000       -5.41177392E-02
   12.475585937500000       -5.41517138E-02
   12.485351562500000       -5.41858375E-02
   12.495117187500000       -5.42201400E-02
   12.504882812500000       -5.42546213E-02
   12.514648437500000       -5.42892814E-02
   12.524414062500000       -5.43240905E-02
   12.534179687500000       -5.43591082E-02
   12.543945312500000       -5.43942750E-02
   12.553710937500000       -5.44296205E-02
   12.563476562500000       -5.44651151E-02
   12.573242187500000       -5.45008183E-02
   12.583007812500000       -5.45366704E-02
   12.592773437500000       -5.45727313E-02
   12.602539062500000       -5.46089411E-02
   12.612304687500000       -5.46453297E-02
   12.622070312500000       -5.46818972E-02
   12.631835937500000       -5.47186434E-02
   12.641601562500000       -5.47555685E-02
   12.651367187500000       -5.47926724E-02
   12.661132812500000       -5.48299551E-02
   12.670898437500000       -5.48674166E-02
   12.680664062500000       -5.49050570E-02
   12.690429687500000       -5.49428761E-02
   12.700195312500000       -5.49808741E-02
   12.709960937500000       -5.50190508E-02
   12.719726562500000       -5.50574362E-02
   12.729492187500000       -5.50959706E-02
   12.739257812500000       -5.51347136E-02
   12.749023437500000       -5.51736355E-02
   12.758789062500000       -5.52127361E-02
   12.768554687500000       -5.52520156E-02
   12.778320312500000       -5.52915037E-02
   12.788085937500000       -5.53311706E-02
   12.797851562500000       -5.53710163E-02
   12.807617187500000       -5.54110408E-02
   12.817382812500000       -5.54512441E-02
   12.827148437500000       -5.54916561E-02
   12.836914062500000       -5.55322766E-02
   12.846679687500000       -5.55730462E-02
   12.856445312500000       -5.56140244E-02
   12.866210937500000       -5.56552112E-02
   12.875976562500000       -5.56965768E-02
   12.885742187500000       -5.57381213E-02
   12.895507812500000       -5.57798743E-02
   12.905273437500000       -5.58218062E-02
   12.915039062500000       -5.58639467E-02
   12.924804687500000       -5.59062660E-02
   12.934570312500000       -5.59487939E-02
   12.944335937500000       -5.59915304E-02
   12.954101562500000       -5.60344458E-02
   12.963867187500000       -5.60775399E-02
   12.973632812500000       -5.61208725E-02
   12.983398437500000       -5.61643839E-02
   12.993164062500000       -5.62080741E-02
   13.002929687500000       -5.62520027E-02
   13.012695312500000       -5.62961102E-02
   13.022460937500000       -5.63404262E-02
   13.032226562500000       -5.63849211E-02
   13.041992187500000       -5.64296544E-02
   13.051757812500000       -5.64745665E-02
   13.061523437500000       -5.65196872E-02
   13.071289062500000       -5.65650165E-02
   13.081054687500000       -5.66105545E-02
   13.090820312500000       -5.66563010E-02
   13.100585937500000       -5.67022264E-02
   13.110351562500000       -5.67483902E-02
   13.120117187500000       -5.67947626E-02
   13.129882812500000       -5.68413138E-02
   13.139648437500000       -5.68881035E-02
   13.149414062500000       -5.69351017E-02
   13.159179687500000       -5.69822788E-02
   13.168945312500000       -5.70296943E-02
   13.178710937500000       -5.70773184E-02
   13.188476562500000       -5.71251810E-02
   13.198242187500000       -5.71732223E-02
   13.208007812500000       -5.72215021E-02
   13.217773437500000       -5.72699606E-02
   13.227539062500000       -5.73186874E-02
   13.237304687500000       -5.73675931E-02
   13.247070312500000       -5.74167371E-02
   13.256835937500000       -5.74660897E-02
   13.266601562500000       -5.75156510E-02
   13.276367187500000       -5.75654507E-02
   13.286132812500000       -5.76154590E-02
   13.295898437500000       -5.76656759E-02
   13.305664062500000       -5.77161312E-02
   13.315429687500000       -5.77668250E-02
   13.325195312500000       -5.78177273E-02
   13.334960937500000       -5.78688681E-02
   13.344726562500000       -5.79202175E-02
   13.354492187500000       -5.79718053E-02
   13.364257812500000       -5.80236018E-02
   13.374023437500000       -5.80756366E-02
   13.383789062500000       -5.81279099E-02
   13.393554687500000       -5.81804216E-02
   13.403320312500000       -5.82331419E-02
   13.413085937500000       -5.82861006E-02
   13.422851562500000       -5.83392978E-02
   13.432617187500000       -5.83927035E-02
   13.442382812500000       -5.84463775E-02
   13.452148437500000       -5.85002601E-02
   13.461914062500000       -5.85544109E-02
   13.471679687500000       -5.86087704E-02
   13.481445312500000       -5.86633682E-02
   13.491210937500000       -5.87182343E-02
   13.500976562500000       -5.87733090E-02
   13.510742187500000       -5.88286221E-02
   13.520507812500000       -5.88842034E-02
   13.530273437500000       -5.89400232E-02
   13.540039062500000       -5.89960515E-02
   13.549804687500000       -5.90523481E-02
   13.559570312500000       -5.91089129E-02
   13.569335937500000       -5.91656864E-02
   13.579101562500000       -5.92227280E-02
   13.588867187500000       -5.92800081E-02
   13.598632812500000       -5.93375266E-02
   13.608398437500000       -5.93953133E-02
   13.618164062500000       -5.94533682E-02
   13.627929687500000       -5.95116317E-02
   13.637695312500000       -5.95701933E-02
   13.647460937500000       -5.96289635E-02
   13.657226562500000       -5.96880317E-02
   13.666992187500000       -5.97473383E-02
   13.676757812500000       -5.98068833E-02
   13.686523437500000       -5.98666966E-02
   13.696289062500000       -5.99267781E-02
   13.706054687500000       -5.99871278E-02
   13.715820312500000       -6.00477159E-02
   13.725585937500000       -6.01085722E-02
   13.735351562500000       -6.01696968E-02
   13.745117187500000       -6.02310896E-02
   13.754882812500000       -6.02927506E-02
   13.764648437500000       -6.03546798E-02
   13.774414062500000       -6.04168773E-02
   13.784179687500000       -6.04793131E-02
   13.793945312500000       -6.05420470E-02
   13.803710937500000       -6.06050491E-02
   13.813476562500000       -6.06683195E-02
   13.823242187500000       -6.07318580E-02
   13.833007812500000       -6.07956946E-02
   13.842773437500000       -6.08597696E-02
   13.852539062500000       -6.09241426E-02
   13.862304687500000       -6.09887838E-02
   13.872070312500000       -6.10537231E-02
   13.881835937500000       -6.11189306E-02
   13.891601562500000       -6.11844063E-02
   13.901367187500000       -6.12501800E-02
   13.911132812500000       -6.13162518E-02
   13.920898437500000       -6.13825917E-02
   13.930664062500000       -6.14491999E-02
   13.940429687500000       -6.15161061E-02
   13.950195312500000       -6.15833104E-02
   13.959960937500000       -6.16508126E-02
   13.969726562500000       -6.17185831E-02
   13.979492187500000       -6.17866516E-02
   13.989257812500000       -6.18550181E-02
   13.999023437500000       -6.19236827E-02
   14.008789062500000       -6.19926453E-02
   14.018554687500000       -6.20619059E-02
   14.028320312500000       -6.21314645E-02
   14.038085937500000       -6.22013211E-02
   14.047851562500000       -6.22714758E-02
   14.057617187500000       -6.23419285E-02
   14.067382812500000       -6.24126792E-02
   14.077148437500000       -6.24837577E-02
   14.086914062500000       -6.25551343E-02
   14.096679687500000       -6.26268089E-02
   14.106445312500000       -6.26987815E-02
   14.116210937500000       -6.27710819E-02
   14.125976562500000       -6.28437102E-02
   14.135742187500000       -6.29166067E-02
   14.145507812500000       -6.29898608E-02
   14.155273437500000       -6.30634129E-02
   14.165039062500000       -6.31372929E-02
   14.174804687500000       -6.32114708E-02
   14.184570312500000       -6.32859766E-02
   14.194335937500000       -6.33608103E-02
   14.204101562500000       -6.34359717E-02
   14.213867187500000       -6.35114610E-02
   14.223632812500000       -6.35872483E-02
   14.233398437500000       -6.36633933E-02
   14.243164062500000       -6.37398660E-02
   14.252929687500000       -6.38166666E-02
   14.262695312500000       -6.38937652E-02
   14.272460937500000       -6.39712512E-02
   14.282226562500000       -6.40490353E-02
   14.291992187500000       -6.41271770E-02
   14.301757812500000       -6.42056465E-02
   14.311523437500000       -6.42844439E-02
   14.321289062500000       -6.43635988E-02
   14.331054687500000       -6.44430816E-02
   14.340820312500000       -6.45229220E-02
   14.350585937500000       -6.46031201E-02
   14.360351562500000       -6.46836460E-02
   14.370117187500000       -6.47645295E-02
   14.379882812500000       -6.48457408E-02
   14.389648437500000       -6.49273396E-02
   14.399414062500000       -6.50092661E-02
   14.409179687500000       -6.50915504E-02
   14.418945312500000       -6.51742220E-02
   14.428710937500000       -6.52572215E-02
   14.438476562500000       -6.53406084E-02
   14.448242187500000       -6.54243231E-02
   14.458007812500000       -6.55084252E-02
   14.467773437500000       -6.55928850E-02
   14.477539062500000       -6.56777322E-02
   14.487304687500000       -6.57629371E-02
   14.497070312500000       -6.58484995E-02
   14.506835937500000       -6.59344494E-02
   14.516601562500000       -6.60207868E-02
   14.526367187500000       -6.61074817E-02
   14.536132812500000       -6.61945641E-02
   14.545898437500000       -6.62820041E-02
   14.555664062500000       -6.63698614E-02
   14.565429687500000       -6.64580762E-02
   14.575195312500000       -6.65466785E-02
   14.584960937500000       -6.66356981E-02
   14.594726562500000       -6.67250752E-02
   14.604492187500000       -6.68148696E-02
   14.614257812500000       -6.69050217E-02
   14.624023437500000       -6.69955909E-02
   14.633789062500000       -6.70865774E-02
   14.643554687500000       -6.71779513E-02
   14.653320312500000       -6.72697127E-02
   14.663085937500000       -6.73618913E-02
   14.672851562500000       -6.74544573E-02
   14.682617187500000       -6.75474405E-02
   14.692382812500000       -6.76408410E-02
   14.702148437500000       -6.77346587E-02
   14.711914062500000       -6.78288639E-02
   14.721679687500000       -6.79235160E-02
   14.731445312500000       -6.80185556E-02
   14.741210937500000       -6.81140423E-02
   14.750976562500000       -6.82099164E-02
   14.760742187500000       -6.83062375E-02
   14.770507812500000       -6.84030056E-02
   14.780273437500000       -6.85001612E-02
   14.790039062500000       -6.85977638E-02
   14.799804687500000       -6.86958134E-02
   14.809570312500000       -6.87942803E-02
   14.819335937500000       -6.88931942E-02
   14.829101562500000       -6.89925551E-02
   14.838867187500000       -6.90923333E-02
   14.848632812500000       -6.91925883E-02
   14.858398437500000       -6.92932606E-02
   14.868164062500000       -6.93944097E-02
   14.877929687500000       -6.94959760E-02
   14.887695312500000       -6.95980191E-02
   14.897460937500000       -6.97005093E-02
   14.907226562500000       -6.98034763E-02
   14.916992187500000       -6.99068904E-02
   14.926757812500000       -7.00107515E-02
   14.936523437500000       -7.01150894E-02
   14.946289062500000       -7.02199042E-02
   14.956054687500000       -7.03251958E-02
   14.965820312500000       -7.04309344E-02
   14.975585937500000       -7.05371499E-02
   14.985351562500000       -7.06438720E-02
   14.995117187500000       -7.07510412E-02
   15.004882812500000       -7.08587170E-02
   15.014648437500000       -7.09668696E-02
   15.024414062500000       -7.10755289E-02
   15.034179687500000       -7.11846650E-02
   15.043945312500000       -7.12942779E-02
   15.053710937500000       -7.14043975E-02
   15.063476562500000       -7.15150237E-02
   15.073242187500000       -7.16261566E-02
   15.083007812500000       -7.17377663E-02
   15.092773437500000       -7.18499124E-02
   15.102539062500000       -7.19625652E-02
   15.112304687500000       -7.20757246E-02
   15.122070312500000       -7.21893907E-02
   15.131835937500000       -7.23035634E-02
   15.141601562500000       -7.24182725E-02
   15.151367187500000       -7.25335181E-02
   15.161132812500000       -7.26492703E-02
   15.170898437500000       -7.27655590E-02
   15.180664062500000       -7.28823841E-02
   15.190429687500000       -7.29997456E-02
   15.200195312500000       -7.31176436E-02
   15.209960937500000       -7.32360780E-02
   15.219726562500000       -7.33550787E-02
   15.229492187500000       -7.34745860E-02
   15.239257812500000       -7.35946894E-02
   15.249023437500000       -7.37153292E-02
   15.258789062500000       -7.38365054E-02
   15.268554687500000       -7.39582479E-02
   15.278320312500000       -7.40805566E-02
   15.288085937500000       -7.42034614E-02
   15.297851562500000       -7.43269026E-02
   15.307617187500000       -7.44509101E-02
   15.317382812500000       -7.45755136E-02
   15.327148437500000       -7.47006834E-02
   15.336914062500000       -7.48264492E-02
   15.346679687500000       -7.49527812E-02
   15.356445312500000       -7.50797391E-02
   15.366210937500000       -7.52072632E-02
   15.375976562500000       -7.53353834E-02
   15.385742187500000       -7.54640996E-02
   15.395507812500000       -7.55934119E-02
   15.405273437500000       -7.57233500E-02
   15.415039062500000       -7.58538842E-02
   15.424804687500000       -7.59850442E-02
   15.434570312500000       -7.61168003E-02
   15.444335937500000       -7.62491822E-02
   15.454101562500000       -7.63822198E-02
   15.463867187500000       -7.65158534E-02
   15.473632812500000       -7.66501129E-02
   15.483398437500000       -7.67850280E-02
   15.493164062500000       -7.69205689E-02
   15.502929687500000       -7.70567656E-02
   15.512695312500000       -7.71935880E-02
   15.522460937500000       -7.73310661E-02
   15.532226562500000       -7.74691999E-02
   15.541992187500000       -7.76079893E-02
   15.551757812500000       -7.77474642E-02
   15.561523437500000       -7.78875947E-02
   15.571289062500000       -7.80283809E-02
   15.581054687500000       -7.81698227E-02
   15.590820312500000       -7.83119798E-02
   15.600585937500000       -7.84547925E-02
   15.610351562500000       -7.85983205E-02
   15.620117187500000       -7.87425041E-02
   15.629882812500000       -7.88874030E-02
   15.639648437500000       -7.90329874E-02
   15.649414062500000       -7.91792870E-02
   15.659179687500000       -7.93263018E-02
   15.668945312500000       -7.94740021E-02
   15.678710937500000       -7.96224177E-02
   15.688476562500000       -7.97715783E-02
   15.698242187500000       -7.99214542E-02
   15.708007812500000       -8.00720453E-02
   15.717773437500000       -8.02233815E-02
   15.727539062500000       -8.03754330E-02
   15.737304687500000       -8.05282593E-02
   15.747070312500000       -8.06818008E-02
   15.756835937500000       -8.08361173E-02
   15.766601562500000       -8.09911788E-02
   15.776367187500000       -8.11470151E-02
   15.786132812500000       -8.13035965E-02
   15.795898437500000       -8.14609528E-02
   15.805664062500000       -8.16190839E-02
   15.815429687500000       -8.17780197E-02
   15.825195312500000       -8.19377005E-02
   15.834960937500000       -8.20981860E-02
   15.844726562500000       -8.22594762E-02
   15.854492187500000       -8.24215710E-02
   15.864257812500000       -8.25844407E-02
   15.874023437500000       -8.27481449E-02
   15.883789062500000       -8.29126537E-02
   15.893554687500000       -8.30779672E-02
   15.903320312500000       -8.32441449E-02
   15.913085937500000       -8.34111273E-02
   15.922851562500000       -8.35789442E-02
   15.932617187500000       -8.37475955E-02
   15.942382812500000       -8.39171112E-02
   15.952148437500000       -8.40874612E-02
   15.961914062500000       -8.42586756E-02
   15.971679687500000       -8.44307542E-02
   15.981445312500000       -8.46037269E-02
   15.991210937500000       -8.47775340E-02
   16.000976562500000       -8.49522352E-02
   16.010742187500000       -8.51278305E-02
   16.020507812500000       -8.53042901E-02
   16.030273437500000       -8.54816735E-02
   16.040039062500000       -8.56599510E-02
   16.049804687500000       -8.58391523E-02
   16.059570312500000       -8.60192478E-02
   16.069335937500000       -8.62002671E-02
   16.079101562500000       -8.63822103E-02
   16.088867187500000       -8.65650773E-02
   16.098632812500000       -8.67488980E-02
   16.108398437500000       -8.69336724E-02
   16.118164062500000       -8.71193707E-02
   16.127929687500000       -8.73060524E-02
   16.137695312500000       -8.74936879E-02
   16.147460937500000       -8.76823068E-02
   16.157226562500000       -8.78718793E-02
   16.166992187500000       -8.80624354E-02
   16.176757812500000       -8.82540047E-02
   16.186523437500000       -8.84465575E-02
   16.196289062500000       -8.86401236E-02
   16.206054687500000       -8.88346732E-02
   16.215820312500000       -8.90302658E-02
   16.225585937500000       -8.92268717E-02
   16.235351562500000       -8.94245207E-02
   16.245117187500000       -8.96231830E-02
   16.254882812500000       -8.98229182E-02
   16.264648437500000       -9.00236666E-02
   16.274414062500000       -9.02255177E-02
   16.284179687500000       -9.04284120E-02
   16.293945312500000       -9.06323791E-02
   16.303710937500000       -9.08374190E-02
   16.313476562500000       -9.10435617E-02
   16.323242187500000       -9.12508070E-02
   16.333007812500000       -9.14591551E-02
   16.342773437500000       -9.16686058E-02
   16.352539062500000       -9.18791592E-02
   16.362304687500000       -9.20908749E-02
   16.372070312500000       -9.23036933E-02
   16.381835937500000       -9.25176740E-02
   16.391601562500000       -9.27327871E-02
   16.401367187500000       -9.29490626E-02
   16.411132812500000       -9.31665301E-02
   16.420898437500000       -9.33851302E-02
   16.430664062500000       -9.36049521E-02
   16.440429687500000       -9.38259363E-02
   16.450195312500000       -9.40481424E-02
   16.459960937500000       -9.42715406E-02
   16.469726562500000       -9.44961607E-02
   16.479492187500000       -9.47220027E-02
   16.489257812500000       -9.49490964E-02
   16.499023437500000       -9.51774120E-02
   16.508789062500000       -9.54070091E-02
   16.518554687500000       -9.56378281E-02
   16.528320312500000       -9.58699286E-02
   16.538085937500000       -9.61033106E-02
   16.547851562500000       -9.63380039E-02
   16.557617187500000       -9.65739787E-02
   16.567382812500000       -9.68112350E-02
   16.577148437500000       -9.70498323E-02
   16.586914062500000       -9.72897410E-02
   16.596679687500000       -9.75309908E-02
   16.606445312500000       -9.77736115E-02
   16.616210937500000       -9.80175436E-02
   16.625976562500000       -9.82628763E-02
   16.635742187500000       -9.85095799E-02
   16.645507812500000       -9.87576544E-02
   16.655273437500000       -9.90071297E-02
   16.665039062500000       -9.92580056E-02
   16.674804687500000       -9.95102823E-02
   16.684570312500000       -9.97639894E-02
   16.694335937500000      -0.100019157    
   16.704101562500000      -0.100275755    
   16.713867187500000      -0.100533813    
   16.723632812500000      -0.100793362    
   16.733398437500000      -0.101054370    
   16.743164062500000      -0.101316869    
   16.752929687500000      -0.101580858    
   16.762695312500000      -0.101846367    
   16.772460937500000      -0.102113426    
   16.782226562500000      -0.102381974    
   16.791992187500000      -0.102652103    
   16.801757812500000      -0.102923781    
   16.811523437500000      -0.103197038    
   16.821289062500000      -0.103471875    
   16.831054687500000      -0.103748322    
   16.840820312500000      -0.104026347    
   16.850585937500000      -0.104306012    
   16.860351562500000      -0.104587287    
   16.870117187500000      -0.104870230    
   16.879882812500000      -0.105154812    
   16.889648437500000      -0.105441064    
   16.899414062500000      -0.105729014    
   16.909179687500000      -0.106018662    
   16.918945312500000      -0.106309980    
   16.928710937500000      -0.106603056    
   16.938476562500000      -0.106897861    
   16.948242187500000      -0.107194424    
   16.958007812500000      -0.107492715    
   16.967773437500000      -0.107792825    
   16.977539062500000      -0.108094692    
   16.987304687500000      -0.108398378    
   16.997070312500000      -0.108703852    
   17.006835937500000      -0.109011203    
   17.016601562500000      -0.109320372    
   17.026367187500000      -0.109631419    
   17.036132812500000      -0.109944314    
   17.045898437500000      -0.110259116    
   17.055664062500000      -0.110575825    
   17.065429687500000      -0.110894471    
   17.075195312500000      -0.111215025    
   17.084960937500000      -0.111537546    
   17.094726562500000      -0.111862034    
   17.104492187500000      -0.112188488    
   17.114257812500000      -0.112516969    
   17.124023437500000      -0.112847447    
   17.133789062500000      -0.113179952    
   17.143554687500000      -0.113514513    
   17.153320312500000      -0.113851130    
   17.163085937500000      -0.114189833    
   17.172851562500000      -0.114530623    
   17.182617187500000      -0.114873528    
   17.192382812500000      -0.115218580    
   17.202148437500000      -0.115565777    
   17.211914062500000      -0.115915149    
   17.221679687500000      -0.116266668    
   17.231445312500000      -0.116620421    
   17.241210937500000      -0.116976380    
   17.250976562500000      -0.117334604    
   17.260742187500000      -0.117695063    
   17.270507812500000      -0.118057787    
   17.280273437500000      -0.118422806    
   17.290039062500000      -0.118790150    
   17.299804687500000      -0.119159818    
   17.309570312500000      -0.119531870    
   17.319335937500000      -0.119906247    
   17.329101562500000      -0.120283037    
   17.338867187500000      -0.120662242    
   17.348632812500000      -0.121043861    
   17.358398437500000      -0.121427953    
   17.368164062500000      -0.121814519    
   17.377929687500000      -0.122203559    
   17.387695312500000      -0.122595131    
   17.397460937500000      -0.122989208    
   17.407226562500000      -0.123385876    
   17.416992187500000      -0.123785108    
   17.426757812500000      -0.124186933    
   17.436523437500000      -0.124591410    
   17.446289062500000      -0.124998510    
   17.456054687500000      -0.125408262    
   17.465820312500000      -0.125820726    
   17.475585937500000      -0.126235902    
   17.485351562500000      -0.126653820    
   17.495117187500000      -0.127074480    
   17.504882812500000      -0.127497941    
   17.514648437500000      -0.127924204    
   17.524414062500000      -0.128353298    
   17.534179687500000      -0.128785282    
   17.543945312500000      -0.129220098    
   17.553710937500000      -0.129657865    
   17.563476562500000      -0.130098522    
   17.573242187500000      -0.130542159    
   17.583007812500000      -0.130988777    
   17.592773437500000      -0.131438404    
   17.602539062500000      -0.131891072    
   17.612304687500000      -0.132346809    
   17.622070312500000      -0.132805645    
   17.631835937500000      -0.133267581    
   17.641601562500000      -0.133732677    
   17.651367187500000      -0.134200931    
   17.661132812500000      -0.134672403    
   17.670898437500000      -0.135147095    
   17.680664062500000      -0.135625035    
   17.690429687500000      -0.136106282    
   17.700195312500000      -0.136590838    
   17.709960937500000      -0.137078732    
   17.719726562500000      -0.137570024    
   17.729492187500000      -0.138064712    
   17.739257812500000      -0.138562828    
   17.749023437500000      -0.139064431    
   17.758789062500000      -0.139569551    
   17.768554687500000      -0.140078187    
   17.778320312500000      -0.140590370    
   17.788085937500000      -0.141106188    
   17.797851562500000      -0.141625613    
   17.807617187500000      -0.142148703    
   17.817382812500000      -0.142675489    
   17.827148437500000      -0.143206000    
   17.836914062500000      -0.143740296    
   17.846679687500000      -0.144278377    
   17.856445312500000      -0.144820303    
   17.866210937500000      -0.145366102    
   17.875976562500000      -0.145915806    
   17.885742187500000      -0.146469444    
   17.895507812500000      -0.147027075    
   17.905273437500000      -0.147588700    
   17.915039062500000      -0.148154408    
   17.924804687500000      -0.148724198    
   17.934570312500000      -0.149298102    
   17.944335937500000      -0.149876177    
   17.954101562500000      -0.150458485    
   17.963867187500000      -0.151045024    
   17.973632812500000      -0.151635855    
   17.983398437500000      -0.152231008    
   17.993164062500000      -0.152830541    
   18.002929687500000      -0.153434455    
   18.012695312500000      -0.154042870    
   18.022460937500000      -0.154655755    
   18.032226562500000      -0.155273169    
   18.041992187500000      -0.155895174    
   18.051757812500000      -0.156521797    
   18.061523437500000      -0.157153100    
   18.071289062500000      -0.157789111    
   18.081054687500000      -0.158429891    
   18.090820312500000      -0.159075469    
   18.100585937500000      -0.159725904    
   18.110351562500000      -0.160381258    
   18.120117187500000      -0.161041528    
   18.129882812500000      -0.161706805    
   18.139648437500000      -0.162377119    
   18.149414062500000      -0.163052529    
   18.159179687500000      -0.163733095    
   18.168945312500000      -0.164418846    
   18.178710937500000      -0.165109843    
   18.188476562500000      -0.165806115    
   18.198242187500000      -0.166507751    
   18.208007812500000      -0.167214811    
   18.217773437500000      -0.167927295    
   18.227539062500000      -0.168645293    
   18.237304687500000      -0.169368863    
   18.247070312500000      -0.170098037    
   18.256835937500000      -0.170832872    
   18.266601562500000      -0.171573460    
   18.276367187500000      -0.172319829    
   18.286132812500000      -0.173072070    
   18.295898437500000      -0.173830181    
   18.305664062500000      -0.174594253    
   18.315429687500000      -0.175364375    
   18.325195312500000      -0.176140577    
   18.334960937500000      -0.176922917    
   18.344726562500000      -0.177711457    
   18.354492187500000      -0.178506285    
   18.364257812500000      -0.179307431    
   18.374023437500000      -0.180114985    
   18.383789062500000      -0.180929005    
   18.393554687500000      -0.181749552    
   18.403320312500000      -0.182576686    
   18.413085937500000      -0.183410496    
   18.422851562500000      -0.184251070    
   18.432617187500000      -0.185098410    
   18.442382812500000      -0.185952634    
   18.452148437500000      -0.186813802    
   18.461914062500000      -0.187681973    
   18.471679687500000      -0.188557267    
   18.481445312500000      -0.189439684    
   18.491210937500000      -0.190329373    
   18.500976562500000      -0.191226363    
   18.510742187500000      -0.192130744    
   18.520507812500000      -0.193042576    
   18.530273437500000      -0.193961978    
   18.540039062500000      -0.194888979    
   18.549804687500000      -0.195823699    
   18.559570312500000      -0.196766198    
   18.569335937500000      -0.197716594    
   18.579101562500000      -0.198674917    
   18.588867187500000      -0.199641287    
   18.598632812500000      -0.200615764    
   18.608398437500000      -0.201598465    
   18.618164062500000      -0.202589452    
   18.627929687500000      -0.203588814    
   18.637695312500000      -0.204596668    
   18.647460937500000      -0.205613077    
   18.657226562500000      -0.206638157    
   18.666992187500000      -0.207671970    
   18.676757812500000      -0.208714634    
   18.686523437500000      -0.209766269    
   18.696289062500000      -0.210826904    
   18.706054687500000      -0.211896688    
   18.715820312500000      -0.212975711    
   18.725585937500000      -0.214064062    
   18.735351562500000      -0.215161860    
   18.745117187500000      -0.216269195    
   18.754882812500000      -0.217386186    
   18.764648437500000      -0.218512893    
   18.774414062500000      -0.219649494    
   18.784179687500000      -0.220796049    
   18.793945312500000      -0.221952707    
   18.803710937500000      -0.223119527    
   18.813476562500000      -0.224296659    
   18.823242187500000      -0.225484192    
   18.833007812500000      -0.226682276    
   18.842773437500000      -0.227890998    
   18.852539062500000      -0.229110509    
   18.862304687500000      -0.230340898    
   18.872070312500000      -0.231582284    
   18.881835937500000      -0.232834816    
   18.891601562500000      -0.234098613    
   18.901367187500000      -0.235373795    
   18.911132812500000      -0.236660510    
   18.920898437500000      -0.237958848    
   18.930664062500000      -0.239268988    
   18.940429687500000      -0.240591019    
   18.950195312500000      -0.241925120    
   18.959960937500000      -0.243271381    
   18.969726562500000      -0.244629979    
   18.979492187500000      -0.246001065    
   18.989257812500000      -0.247384727    
   18.999023437500000      -0.248781174    
   19.008789062500000      -0.250190496    
   19.018554687500000      -0.251612872    
   19.028320312500000      -0.253048480    
   19.038085937500000      -0.254497409    
   19.047851562500000      -0.255959868    
   19.057617187500000      -0.257435977    
   19.067382812500000      -0.258925915    
   19.077148437500000      -0.260429859    
   19.086914062500000      -0.261947930    
   19.096679687500000      -0.263480306    
   19.106445312500000      -0.265027225    
   19.116210937500000      -0.266588748    
   19.125976562500000      -0.268165112    
   19.135742187500000      -0.269756496    
   19.145507812500000      -0.271363020    
   19.155273437500000      -0.272984952    
   19.165039062500000      -0.274622411    
   19.174804687500000      -0.276275605    
   19.184570312500000      -0.277944714    
   19.194335937500000      -0.279629946    
   19.204101562500000      -0.281331450    
   19.213867187500000      -0.283049464    
   19.223632812500000      -0.284784168    
   19.233398437500000      -0.286535770    
   19.243164062500000      -0.288304448    
   19.252929687500000      -0.290090501    
   19.262695312500000      -0.291894019    
   19.272460937500000      -0.293715268    
   19.282226562500000      -0.295554459    
   19.291992187500000      -0.297411859    
   19.301757812500000      -0.299287587    
   19.311523437500000      -0.301181972    
   19.321289062500000      -0.303095162    
   19.331054687500000      -0.305027455    
   19.340820312500000      -0.306979060    
   19.350585937500000      -0.308950186    
   19.360351562500000      -0.310941100    
   19.370117187500000      -0.312952042    
   19.379882812500000      -0.314983279    
   19.389648437500000      -0.317035049    
   19.399414062500000      -0.319107622    
   19.409179687500000      -0.321201205    
   19.418945312500000      -0.323316157    
   19.428710937500000      -0.325452656    
   19.438476562500000      -0.327611029    
   19.448242187500000      -0.329791516    
   19.458007812500000      -0.331994414    
   19.467773437500000      -0.334219992    
   19.477539062500000      -0.336468577    
   19.487304687500000      -0.338740408    
   19.497070312500000      -0.341035843    
   19.506835937500000      -0.343355119    
   19.516601562500000      -0.345698565    
   19.526367187500000      -0.348066509    
   19.536132812500000      -0.350459248    
   19.545898437500000      -0.352877080    
   19.555664062500000      -0.355320394    
   19.565429687500000      -0.357789457    
   19.575195312500000      -0.360284656    
   19.584960937500000      -0.362806261    
   19.594726562500000      -0.365354657    
   19.604492187500000      -0.367930233    
   19.614257812500000      -0.370533228    
   19.624023437500000      -0.373164117    
   19.633789062500000      -0.375823259    
   19.643554687500000      -0.378510952    
   19.653320312500000      -0.381227583    
   19.663085937500000      -0.383973598    
   19.672851562500000      -0.386749357    
   19.682617187500000      -0.389555216    
   19.692382812500000      -0.392391622    
   19.702148437500000      -0.395258963    
   19.711914062500000      -0.398157656    
   19.721679687500000      -0.401088119    
   19.731445312500000      -0.404050797    
   19.741210937500000      -0.407046080    
   19.750976562500000      -0.410074443    
   19.760742187500000      -0.413136303    
   19.770507812500000      -0.416232169    
   19.780273437500000      -0.419362426    
   19.790039062500000      -0.422527611    
   19.799804687500000      -0.425728172    
   19.809570312500000      -0.428964555    
   19.819335937500000      -0.432237327    
   19.829101562500000      -0.435546905    
   19.838867187500000      -0.438893884    
   19.848632812500000      -0.442278683    
   19.858398437500000      -0.445701897    
   19.868164062500000      -0.449164033    
   19.877929687500000      -0.452665627    
   19.887695312500000      -0.456207246    
   19.897460937500000      -0.459789425    
   19.907226562500000      -0.463412732    
   19.916992187500000      -0.467077762    
   19.926757812500000      -0.470785052    
   19.936523437500000      -0.474535316    
   19.946289062500000      -0.478328973    
   19.956054687500000      -0.482166886    
   19.965820312500000      -0.486049354    
   19.975585937500000      -0.489977479    
   19.985351562500000      -0.493951082    
   19.995117187500000      -0.497972757    
