   4.8828125000000000E-003 -0.499124795    
   1.4648437500000000E-002 -0.497406811    
   2.4414062500000000E-002 -0.495735794    
   3.4179687500000000E-002 -0.494108349    
   4.3945312500000000E-002 -0.492524058    
   5.3710937500000000E-002 -0.490981102    
   6.3476562500000000E-002 -0.489478588    
   7.3242187500000000E-002 -0.488015085    
   8.3007812500000000E-002 -0.486589581    
   9.2773437500000000E-002 -0.485200822    
  0.10253906250000000      -0.483847857    
  0.11230468750000000      -0.482529491    
  0.12207031250000000      -0.481244832    
  0.13183593750000000      -0.479992837    
  0.14160156250000000      -0.478772551    
  0.15136718750000000      -0.477583051    
  0.16113281250000000      -0.476423472    
  0.17089843750000000      -0.475292891    
  0.18066406250000000      -0.474190563    
  0.19042968750000000      -0.473115593    
  0.20019531250000000      -0.472067237    
  0.20996093750000000      -0.471044719    
  0.21972656250000000      -0.470047325    
  0.22949218750000000      -0.469074309    
  0.23925781250000000      -0.468125045    
  0.24902343750000000      -0.467198789    
  0.25878906250000000      -0.466294974    
  0.26855468750000000      -0.465412885    
  0.27832031250000000      -0.464551985    
  0.28808593750000000      -0.463711649    
  0.29785156250000000      -0.462891340    
  0.30761718750000000      -0.462090462    
  0.31738281250000000      -0.461308509    
  0.32714843750000000      -0.460544974    
  0.33691406250000000      -0.459799320    
  0.34667968750000000      -0.459071070    
  0.35644531250000000      -0.458359748    
  0.36621093750000000      -0.457664937    
  0.37597656250000000      -0.456986129    
  0.38574218750000000      -0.456322938    
  0.39550781250000000      -0.455674946    
  0.40527343750000000      -0.455041707    
  0.41503906250000000      -0.454422861    
  0.42480468750000000      -0.453818023    
  0.43457031250000000      -0.453226805    
  0.44433593750000000      -0.452648878    
  0.45410156250000000      -0.452083886    
  0.46386718750000000      -0.451531470    
  0.47363281250000000      -0.450991333    
  0.48339843750000000      -0.450463116    
  0.49316406250000000      -0.449946523    
  0.50292968750000000      -0.449441284    
  0.51269531250000000      -0.448947102    
  0.52246093750000000      -0.448463649    
  0.53222656250000000      -0.447990686    
  0.54199218750000000      -0.447527945    
  0.55175781250000000      -0.447075158    
  0.56152343750000000      -0.446632087    
  0.57128906250000000      -0.446198463    
  0.58105468750000000      -0.445774078    
  0.59082031250000000      -0.445358664    
  0.60058593750000000      -0.444952041    
  0.61035156250000000      -0.444553971    
  0.62011718750000000      -0.444164217    
  0.62988281250000000      -0.443782628    
  0.63964843750000000      -0.443408936    
  0.64941406250000000      -0.443043023    
  0.65917968750000000      -0.442684621    
  0.66894531250000000      -0.442333609    
  0.67871093750000000      -0.441989779    
  0.68847656250000000      -0.441652983    
  0.69824218750000000      -0.441323012    
  0.70800781250000000      -0.440999717    
  0.71777343750000000      -0.440682977    
  0.72753906250000000      -0.440372586    
  0.73730468750000000      -0.440068394    
  0.74707031250000000      -0.439770281    
  0.75683593750000000      -0.439478099    
  0.76660156250000000      -0.439191699    
  0.77636718750000000      -0.438910931    
  0.78613281250000000      -0.438635707    
  0.79589843750000000      -0.438365877    
  0.80566406250000000      -0.438101292    
  0.81542968750000000      -0.437841862    
  0.82519531250000000      -0.437587470    
  0.83496093750000000      -0.437337965    
  0.84472656250000000      -0.437093288    
  0.85449218750000000      -0.436853290    
  0.86425781250000000      -0.436617851    
  0.87402343750000000      -0.436386913    
  0.88378906250000000      -0.436160356    
  0.89355468750000000      -0.435938060    
  0.90332031250000000      -0.435719967    
  0.91308593750000000      -0.435505956    
  0.92285156250000000      -0.435295939    
  0.93261718750000000      -0.435089856    
  0.94238281250000000      -0.434887588    
  0.95214843750000000      -0.434689045    
  0.96191406250000000      -0.434494168    
  0.97167968750000000      -0.434302896    
  0.98144531250000000      -0.434115112    
  0.99121093750000000      -0.433930725    
   1.0009765625000000      -0.433749735    
   1.0107421875000000      -0.433571994    
   1.0205078125000000      -0.433397472    
   1.0302734375000000      -0.433226079    
   1.0400390625000000      -0.433057785    
   1.0498046875000000      -0.432892472    
   1.0595703125000000      -0.432730108    
   1.0693359375000000      -0.432570636    
   1.0791015625000000      -0.432413995    
   1.0888671875000000      -0.432260096    
   1.0986328125000000      -0.432108909    
   1.1083984375000000      -0.431960374    
   1.1181640625000000      -0.431814432    
   1.1279296875000000      -0.431671053    
   1.1376953125000000      -0.431530118    
   1.1474609375000000      -0.431391656    
   1.1572265625000000      -0.431255579    
   1.1669921875000000      -0.431121826    
   1.1767578125000000      -0.430990368    
   1.1865234375000000      -0.430861145    
   1.1962890625000000      -0.430734128    
   1.2060546875000000      -0.430609256    
   1.2158203125000000      -0.430486500    
   1.2255859375000000      -0.430365831    
   1.2353515625000000      -0.430247188    
   1.2451171875000000      -0.430130512    
   1.2548828125000000      -0.430015802    
   1.2646484375000000      -0.429903001    
   1.2744140625000000      -0.429792047    
   1.2841796875000000      -0.429682970    
   1.2939453125000000      -0.429575682    
   1.3037109375000000      -0.429470152    
   1.3134765625000000      -0.429366350    
   1.3232421875000000      -0.429264247    
   1.3330078125000000      -0.429163814    
   1.3427734375000000      -0.429064989    
   1.3525390625000000      -0.428967804    
   1.3623046875000000      -0.428872168    
   1.3720703125000000      -0.428778082    
   1.3818359375000000      -0.428685486    
   1.3916015625000000      -0.428594381    
   1.4013671875000000      -0.428504735    
   1.4111328125000000      -0.428416520    
   1.4208984375000000      -0.428329706    
   1.4306640625000000      -0.428244293    
   1.4404296875000000      -0.428160191    
   1.4501953125000000      -0.428077430    
   1.4599609375000000      -0.427995950    
   1.4697265625000000      -0.427915752    
   1.4794921875000000      -0.427836835    
   1.4892578125000000      -0.427759111    
   1.4990234375000000      -0.427682608    
   1.5087890625000000      -0.427607298    
   1.5185546875000000      -0.427533150    
   1.5283203125000000      -0.427460134    
   1.5380859375000000      -0.427388251    
   1.5478515625000000      -0.427317470    
   1.5576171875000000      -0.427247763    
   1.5673828125000000      -0.427179098    
   1.5771484375000000      -0.427111506    
   1.5869140625000000      -0.427044928    
   1.5966796875000000      -0.426979363    
   1.6064453125000000      -0.426914781    
   1.6162109375000000      -0.426851183    
   1.6259765625000000      -0.426788509    
   1.6357421875000000      -0.426726818    
   1.6455078125000000      -0.426666021    
   1.6552734375000000      -0.426606119    
   1.6650390625000000      -0.426547110    
   1.6748046875000000      -0.426488996    
   1.6845703125000000      -0.426431715    
   1.6943359375000000      -0.426375300    
   1.7041015625000000      -0.426319718    
   1.7138671875000000      -0.426264912    
   1.7236328125000000      -0.426210940    
   1.7333984375000000      -0.426157773    
   1.7431640625000000      -0.426105350    
   1.7529296875000000      -0.426053703    
   1.7626953125000000      -0.426002771    
   1.7724609375000000      -0.425952613    
   1.7822265625000000      -0.425903171    
   1.7919921875000000      -0.425854445    
   1.8017578125000000      -0.425806403    
   1.8115234375000000      -0.425759047    
   1.8212890625000000      -0.425712377    
   1.8310546875000000      -0.425666392    
   1.8408203125000000      -0.425621033    
   1.8505859375000000      -0.425576329    
   1.8603515625000000      -0.425532252    
   1.8701171875000000      -0.425488800    
   1.8798828125000000      -0.425445944    
   1.8896484375000000      -0.425403714    
   1.8994140625000000      -0.425362080    
   1.9091796875000000      -0.425321013    
   1.9189453125000000      -0.425280511    
   1.9287109375000000      -0.425240606    
   1.9384765625000000      -0.425201237    
   1.9482421875000000      -0.425162405    
   1.9580078125000000      -0.425124109    
   1.9677734375000000      -0.425086379    
   1.9775390625000000      -0.425049126    
   1.9873046875000000      -0.425012410    
   1.9970703125000000      -0.424976200    
   2.0068359375000000      -0.424940467    
   2.0166015625000000      -0.424905241    
   2.0263671875000000      -0.424870491    
   2.0361328125000000      -0.424836218    
   2.0458984375000000      -0.424802393    
   2.0556640625000000      -0.424769044    
   2.0654296875000000      -0.424736142    
   2.0751953125000000      -0.424703658    
   2.0849609375000000      -0.424671650    
   2.0947265625000000      -0.424640059    
   2.1044921875000000      -0.424608886    
   2.1142578125000000      -0.424578130    
   2.1240234375000000      -0.424547791    
   2.1337890625000000      -0.424517870    
   2.1435546875000000      -0.424488336    
   2.1533203125000000      -0.424459189    
   2.1630859375000000      -0.424430430    
   2.1728515625000000      -0.424402058    
   2.1826171875000000      -0.424374044    
   2.1923828125000000      -0.424346417    
   2.2021484375000000      -0.424319148    
   2.2119140625000000      -0.424292237    
   2.2216796875000000      -0.424265683    
   2.2314453125000000      -0.424239486    
   2.2412109375000000      -0.424213618    
   2.2509765625000000      -0.424188077    
   2.2607421875000000      -0.424162894    
   2.2705078125000000      -0.424138010    
   2.2802734375000000      -0.424113452    
   2.2900390625000000      -0.424089223    
   2.2998046875000000      -0.424065322    
   2.3095703125000000      -0.424041688    
   2.3193359375000000      -0.424018413    
   2.3291015625000000      -0.423995405    
   2.3388671875000000      -0.423972696    
   2.3486328125000000      -0.423950255    
   2.3583984375000000      -0.423928142    
   2.3681640625000000      -0.423906296    
   2.3779296875000000      -0.423884720    
   2.3876953125000000      -0.423863411    
   2.3974609375000000      -0.423842400    
   2.4072265625000000      -0.423821628    
   2.4169921875000000      -0.423801154    
   2.4267578125000000      -0.423780888    
   2.4365234375000000      -0.423760921    
   2.4462890625000000      -0.423741192    
   2.4560546875000000      -0.423721701    
   2.4658203125000000      -0.423702478    
   2.4755859375000000      -0.423683465    
   2.4853515625000000      -0.423664689    
   2.4951171875000000      -0.423646182    
   2.5048828125000000      -0.423627883    
   2.5146484375000000      -0.423609823    
   2.5244140625000000      -0.423591971    
   2.5341796875000000      -0.423574358    
   2.5439453125000000      -0.423556954    
   2.5537109375000000      -0.423539758    
   2.5634765625000000      -0.423522770    
   2.5732421875000000      -0.423506021    
   2.5830078125000000      -0.423489451    
   2.5927734375000000      -0.423473090    
   2.6025390625000000      -0.423456937    
   2.6123046875000000      -0.423440993    
   2.6220703125000000      -0.423425227    
   2.6318359375000000      -0.423409641    
   2.6416015625000000      -0.423394263    
   2.6513671875000000      -0.423379064    
   2.6611328125000000      -0.423364073    
   2.6708984375000000      -0.423349231    
   2.6806640625000000      -0.423334599    
   2.6904296875000000      -0.423320115    
   2.7001953125000000      -0.423305839    
   2.7099609375000000      -0.423291713    
   2.7197265625000000      -0.423277766    
   2.7294921875000000      -0.423263967    
   2.7392578125000000      -0.423250347    
   2.7490234375000000      -0.423236907    
   2.7587890625000000      -0.423223615    
   2.7685546875000000      -0.423210472    
   2.7783203125000000      -0.423197508    
   2.7880859375000000      -0.423184663    
   2.7978515625000000      -0.423171997    
   2.8076171875000000      -0.423159480    
   2.8173828125000000      -0.423147112    
   2.8271484375000000      -0.423134863    
   2.8369140625000000      -0.423122793    
   2.8466796875000000      -0.423110873    
   2.8564453125000000      -0.423099071    
   2.8662109375000000      -0.423087418    
   2.8759765625000000      -0.423075885    
   2.8857421875000000      -0.423064530    
   2.8955078125000000      -0.423053265    
   2.9052734375000000      -0.423042148    
   2.9150390625000000      -0.423031151    
   2.9248046875000000      -0.423020303    
   2.9345703125000000      -0.423009574    
   2.9443359375000000      -0.422998965    
   2.9541015625000000      -0.422988474    
   2.9638671875000000      -0.422978103    
   2.9736328125000000      -0.422967881    
   2.9833984375000000      -0.422957748    
   2.9931640625000000      -0.422947764    
   3.0029296875000000      -0.422937870    
   3.0126953125000000      -0.422928095    
   3.0224609375000000      -0.422918439    
   3.0322265625000000      -0.422908872    
   3.0419921875000000      -0.422899425    
   3.0517578125000000      -0.422890127    
   3.0615234375000000      -0.422880888    
   3.0712890625000000      -0.422871768    
   3.0810546875000000      -0.422862768    
   3.0908203125000000      -0.422853827    
   3.1005859375000000      -0.422845036    
   3.1103515625000000      -0.422836334    
   3.1201171875000000      -0.422827721    
   3.1298828125000000      -0.422819197    
   3.1396484375000000      -0.422810793    
   3.1494140625000000      -0.422802478    
   3.1591796875000000      -0.422794253    
   3.1689453125000000      -0.422786117    
   3.1787109375000000      -0.422778100    
   3.1884765625000000      -0.422770143    
   3.1982421875000000      -0.422762275    
   3.2080078125000000      -0.422754526    
   3.2177734375000000      -0.422746837    
   3.2275390625000000      -0.422739238    
   3.2373046875000000      -0.422731727    
   3.2470703125000000      -0.422724307    
   3.2568359375000000      -0.422716975    
   3.2666015625000000      -0.422709703    
   3.2763671875000000      -0.422702551    
   3.2861328125000000      -0.422695428    
   3.2958984375000000      -0.422688425    
   3.3056640625000000      -0.422681481    
   3.3154296875000000      -0.422674626    
   3.3251953125000000      -0.422667831    
   3.3349609375000000      -0.422661126    
   3.3447265625000000      -0.422654480    
   3.3544921875000000      -0.422647923    
   3.3642578125000000      -0.422641456    
   3.3740234375000000      -0.422635019    
   3.3837890625000000      -0.422628671    
   3.3935546875000000      -0.422622412    
   3.4033203125000000      -0.422616184    
   3.4130859375000000      -0.422610044    
   3.4228515625000000      -0.422603995    
   3.4326171875000000      -0.422597975    
   3.4423828125000000      -0.422592044    
   3.4521484375000000      -0.422586173    
   3.4619140625000000      -0.422580361    
   3.4716796875000000      -0.422574610    
   3.4814453125000000      -0.422568917    
   3.4912109375000000      -0.422563314    
   3.5009765625000000      -0.422557771    
   3.5107421875000000      -0.422552258    
   3.5205078125000000      -0.422546834    
   3.5302734375000000      -0.422541440    
   3.5400390625000000      -0.422536135    
   3.5498046875000000      -0.422530860    
   3.5595703125000000      -0.422525644    
   3.5693359375000000      -0.422520518    
   3.5791015625000000      -0.422515422    
   3.5888671875000000      -0.422510386    
   3.5986328125000000      -0.422505409    
   3.6083984375000000      -0.422500461    
   3.6181640625000000      -0.422495604    
   3.6279296875000000      -0.422490776    
   3.6376953125000000      -0.422486007    
   3.6474609375000000      -0.422481269    
   3.6572265625000000      -0.422476619    
   3.6669921875000000      -0.422472000    
   3.6767578125000000      -0.422467411    
   3.6865234375000000      -0.422462910    
   3.6962890625000000      -0.422458410    
   3.7060546875000000      -0.422454000    
   3.7158203125000000      -0.422449619    
   3.7255859375000000      -0.422445297    
   3.7353515625000000      -0.422441006    
   3.7451171875000000      -0.422436774    
   3.7548828125000000      -0.422432601    
   3.7646484375000000      -0.422428429    
   3.7744140625000000      -0.422424316    
   3.7841796875000000      -0.422420263    
   3.7939453125000000      -0.422416270    
   3.8037109375000000      -0.422412276    
   3.8134765625000000      -0.422408342    
   3.8232421875000000      -0.422404468    
   3.8330078125000000      -0.422400594    
   3.8427734375000000      -0.422396809    
   3.8525390625000000      -0.422393024    
   3.8623046875000000      -0.422389299    
   3.8720703125000000      -0.422385603    
   3.8818359375000000      -0.422381967    
   3.8916015625000000      -0.422378331    
   3.9013671875000000      -0.422374785    
   3.9111328125000000      -0.422371238    
   3.9208984375000000      -0.422367722    
   3.9306640625000000      -0.422364265    
   3.9404296875000000      -0.422360837    
   3.9501953125000000      -0.422357440    
   3.9599609375000000      -0.422354102    
   3.9697265625000000      -0.422350764    
   3.9794921875000000      -0.422347486    
   3.9892578125000000      -0.422344238    
   3.9990234375000000      -0.422341019    
   4.0087890625000000      -0.422337830    
   4.0185546875000000      -0.422334671    
   4.0283203125000000      -0.422331572    
   4.0380859375000000      -0.422328472    
   4.0478515625000000      -0.422325432    
   4.0576171875000000      -0.422322392    
   4.0673828125000000      -0.422319412    
   4.0771484375000000      -0.422316432    
   4.0869140625000000      -0.422313511    
   4.0966796875000000      -0.422310621    
   4.1064453125000000      -0.422307760    
   4.1162109375000000      -0.422304899    
   4.1259765625000000      -0.422302097    
   4.1357421875000000      -0.422299325    
   4.1455078125000000      -0.422296554    
   4.1552734375000000      -0.422293842    
   4.1650390625000000      -0.422291160    
   4.1748046875000000      -0.422288477    
   4.1845703125000000      -0.422285825    
   4.1943359375000000      -0.422283232    
   4.2041015625000000      -0.422280639    
   4.2138671875000000      -0.422278076    
   4.2236328125000000      -0.422275543    
   4.2333984375000000      -0.422273040    
   4.2431640625000000      -0.422270536    
   4.2529296875000000      -0.422268093    
   4.2626953125000000      -0.422265649    
   4.2724609375000000      -0.422263235    
   4.2822265625000000      -0.422260851    
   4.2919921875000000      -0.422258496    
   4.3017578125000000      -0.422256172    
   4.3115234375000000      -0.422253847    
   4.3212890625000000      -0.422251582    
   4.3310546875000000      -0.422249317    
   4.3408203125000000      -0.422247052    
   4.3505859375000000      -0.422244847    
   4.3603515625000000      -0.422242641    
   4.3701171875000000      -0.422240466    
   4.3798828125000000      -0.422238320    
   4.3896484375000000      -0.422236204    
   4.3994140625000000      -0.422234088    
   4.4091796875000000      -0.422232002    
   4.4189453125000000      -0.422229916    
   4.4287109375000000      -0.422227889    
   4.4384765625000000      -0.422225833    
   4.4482421875000000      -0.422223836    
   4.4580078125000000      -0.422221869    
   4.4677734375000000      -0.422219902    
   4.4775390625000000      -0.422217965    
   4.4873046875000000      -0.422216028    
   4.4970703125000000      -0.422214121    
   4.5068359375000000      -0.422212243    
   4.5166015625000000      -0.422210366    
   4.5263671875000000      -0.422208518    
   4.5361328125000000      -0.422206670    
   4.5458984375000000      -0.422204882    
   4.5556640625000000      -0.422203064    
   4.5654296875000000      -0.422201306    
   4.5751953125000000      -0.422199547    
   4.5849609375000000      -0.422197789    
   4.5947265625000000      -0.422196060    
   4.6044921875000000      -0.422194362    
   4.6142578125000000      -0.422192663    
   4.6240234375000000      -0.422190994    
   4.6337890625000000      -0.422189355    
   4.6435546875000000      -0.422187686    
   4.6533203125000000      -0.422186077    
   4.6630859375000000      -0.422184467    
   4.6728515625000000      -0.422182888    
   4.6826171875000000      -0.422181308    
   4.6923828125000000      -0.422179759    
   4.7021484375000000      -0.422178209    
   4.7119140625000000      -0.422176659    
   4.7216796875000000      -0.422175139    
   4.7314453125000000      -0.422173649    
   4.7412109375000000      -0.422172159    
   4.7509765625000000      -0.422170699    
   4.7607421875000000      -0.422169238    
   4.7705078125000000      -0.422167778    
   4.7802734375000000      -0.422166377    
   4.7900390625000000      -0.422164947    
   4.7998046875000000      -0.422163546    
   4.8095703125000000      -0.422162175    
   4.8193359375000000      -0.422160804    
   4.8291015625000000      -0.422159433    
   4.8388671875000000      -0.422158092    
   4.8486328125000000      -0.422156751    
   4.8583984375000000      -0.422155440    
   4.8681640625000000      -0.422154129    
   4.8779296875000000      -0.422152847    
   4.8876953125000000      -0.422151566    
   4.8974609375000000      -0.422150284    
   4.9072265625000000      -0.422149032    
   4.9169921875000000      -0.422147781    
   4.9267578125000000      -0.422146559    
   4.9365234375000000      -0.422145337    
   4.9462890625000000      -0.422144145    
   4.9560546875000000      -0.422142953    
   4.9658203125000000      -0.422141761    
   4.9755859375000000      -0.422140568    
   4.9853515625000000      -0.422139406    
   4.9951171875000000      -0.422138274    
   5.0048828125000000      -0.422137141    
   5.0146484375000000      -0.422136009    
   5.0244140625000000      -0.422134876    
   5.0341796875000000      -0.422133774    
   5.0439453125000000      -0.422132671    
   5.0537109375000000      -0.422131598    
   5.0634765625000000      -0.422130525    
   5.0732421875000000      -0.422129452    
   5.0830078125000000      -0.422128409    
   5.0927734375000000      -0.422127366    
   5.1025390625000000      -0.422126323    
   5.1123046875000000      -0.422125310    
   5.1220703125000000      -0.422124267    
   5.1318359375000000      -0.422123283    
   5.1416015625000000      -0.422122300    
   5.1513671875000000      -0.422121286    
   5.1611328125000000      -0.422120333    
   5.1708984375000000      -0.422119349    
   5.1806640625000000      -0.422118396    
   5.1904296875000000      -0.422117472    
   5.2001953125000000      -0.422116518    
   5.2099609375000000      -0.422115594    
   5.2197265625000000      -0.422114670    
   5.2294921875000000      -0.422113746    
   5.2392578125000000      -0.422112852    
   5.2490234375000000      -0.422111958    
   5.2587890625000000      -0.422111064    
   5.2685546875000000      -0.422110200    
   5.2783203125000000      -0.422109306    
   5.2880859375000000      -0.422108471    
   5.2978515625000000      -0.422107607    
   5.3076171875000000      -0.422106773    
   5.3173828125000000      -0.422105938    
   5.3271484375000000      -0.422105104    
   5.3369140625000000      -0.422104299    
   5.3466796875000000      -0.422103465    
   5.3564453125000000      -0.422102660    
   5.3662109375000000      -0.422101855    
   5.3759765625000000      -0.422101080    
   5.3857421875000000      -0.422100306    
   5.3955078125000000      -0.422099531    
   5.4052734375000000      -0.422098756    
   5.4150390625000000      -0.422097981    
   5.4248046875000000      -0.422097236    
   5.4345703125000000      -0.422096491    
   5.4443359375000000      -0.422095746    
   5.4541015625000000      -0.422095031    
   5.4638671875000000      -0.422094285    
   5.4736328125000000      -0.422093570    
   5.4833984375000000      -0.422092885    
   5.4931640625000000      -0.422092170    
   5.5029296875000000      -0.422091454    
   5.5126953125000000      -0.422090769    
   5.5224609375000000      -0.422090083    
   5.5322265625000000      -0.422089398    
   5.5419921875000000      -0.422088742    
   5.5517578125000000      -0.422088087    
   5.5615234375000000      -0.422087431    
   5.5712890625000000      -0.422086775    
   5.5810546875000000      -0.422086120    
   5.5908203125000000      -0.422085464    
   5.6005859375000000      -0.422084838    
   5.6103515625000000      -0.422084212    
   5.6201171875000000      -0.422083586    
   5.6298828125000000      -0.422082961    
   5.6396484375000000      -0.422082365    
   5.6494140625000000      -0.422081769    
   5.6591796875000000      -0.422081143    
   5.6689453125000000      -0.422080547    
   5.6787109375000000      -0.422079980    
   5.6884765625000000      -0.422079384    
   5.6982421875000000      -0.422078818    
   5.7080078125000000      -0.422078252    
   5.7177734375000000      -0.422077656    
   5.7275390625000000      -0.422077119    
   5.7373046875000000      -0.422076553    
   5.7470703125000000      -0.422075987    
   5.7568359375000000      -0.422075450    
   5.7666015625000000      -0.422074914    
   5.7763671875000000      -0.422074378    
   5.7861328125000000      -0.422073841    
   5.7958984375000000      -0.422073305    
   5.8056640625000000      -0.422072798    
   5.8154296875000000      -0.422072291    
   5.8251953125000000      -0.422071755    
   5.8349609375000000      -0.422071248    
   5.8447265625000000      -0.422070771    
   5.8544921875000000      -0.422070265    
   5.8642578125000000      -0.422069758    
   5.8740234375000000      -0.422069281    
   5.8837890625000000      -0.422068805    
   5.8935546875000000      -0.422068298    
   5.9033203125000000      -0.422067851    
   5.9130859375000000      -0.422067374    
   5.9228515625000000      -0.422066897    
   5.9326171875000000      -0.422066450    
   5.9423828125000000      -0.422065973    
   5.9521484375000000      -0.422065526    
   5.9619140625000000      -0.422065079    
   5.9716796875000000      -0.422064632    
   5.9814453125000000      -0.422064185    
   5.9912109375000000      -0.422063768    
   6.0009765625000000      -0.422063321    
   6.0107421875000000      -0.422062904    
   6.0205078125000000      -0.422062486    
   6.0302734375000000      -0.422062039    
   6.0400390625000000      -0.422061622    
   6.0498046875000000      -0.422061235    
   6.0595703125000000      -0.422060817    
   6.0693359375000000      -0.422060400    
   6.0791015625000000      -0.422060013    
   6.0888671875000000      -0.422059596    
   6.0986328125000000      -0.422059208    
   6.1083984375000000      -0.422058821    
   6.1181640625000000      -0.422058433    
   6.1279296875000000      -0.422058046    
   6.1376953125000000      -0.422057688    
   6.1474609375000000      -0.422057301    
   6.1572265625000000      -0.422056913    
   6.1669921875000000      -0.422056556    
   6.1767578125000000      -0.422056198    
   6.1865234375000000      -0.422055811    
   6.1962890625000000      -0.422055453    
   6.2060546875000000      -0.422055095    
   6.2158203125000000      -0.422054768    
   6.2255859375000000      -0.422054410    
   6.2353515625000000      -0.422054052    
   6.2451171875000000      -0.422053695    
   6.2548828125000000      -0.422053367    
   6.2646484375000000      -0.422053039    
   6.2744140625000000      -0.422052681    
   6.2841796875000000      -0.422052383    
   6.2939453125000000      -0.422052056    
   6.3037109375000000      -0.422051728    
   6.3134765625000000      -0.422051400    
   6.3232421875000000      -0.422051072    
   6.3330078125000000      -0.422050744    
   6.3427734375000000      -0.422050446    
   6.3525390625000000      -0.422050118    
   6.3623046875000000      -0.422049820    
   6.3720703125000000      -0.422049522    
   6.3818359375000000      -0.422049224    
   6.3916015625000000      -0.422048926    
   6.4013671875000000      -0.422048628    
   6.4111328125000000      -0.422048330    
   6.4208984375000000      -0.422048032    
   6.4306640625000000      -0.422047734    
   6.4404296875000000      -0.422047466    
   6.4501953125000000      -0.422047168    
   6.4599609375000000      -0.422046900    
   6.4697265625000000      -0.422046632    
   6.4794921875000000      -0.422046334    
   6.4892578125000000      -0.422046065    
   6.4990234375000000      -0.422045797    
   6.5087890625000000      -0.422045529    
   6.5185546875000000      -0.422045261    
   6.5283203125000000      -0.422044992    
   6.5380859375000000      -0.422044754    
   6.5478515625000000      -0.422044486    
   6.5576171875000000      -0.422044218    
   6.5673828125000000      -0.422043979    
   6.5771484375000000      -0.422043711    
   6.5869140625000000      -0.422043473    
   6.5966796875000000      -0.422043204    
   6.6064453125000000      -0.422042966    
   6.6162109375000000      -0.422042727    
   6.6259765625000000      -0.422042489    
   6.6357421875000000      -0.422042251    
   6.6455078125000000      -0.422042012    
   6.6552734375000000      -0.422041774    
   6.6650390625000000      -0.422041565    
   6.6748046875000000      -0.422041327    
   6.6845703125000000      -0.422041088    
   6.6943359375000000      -0.422040880    
   6.7041015625000000      -0.422040641    
   6.7138671875000000      -0.422040433    
   6.7236328125000000      -0.422040194    
   6.7333984375000000      -0.422039986    
   6.7431640625000000      -0.422039777    
   6.7529296875000000      -0.422039568    
   6.7626953125000000      -0.422039330    
   6.7724609375000000      -0.422039121    
   6.7822265625000000      -0.422038913    
   6.7919921875000000      -0.422038704    
   6.8017578125000000      -0.422038496    
   6.8115234375000000      -0.422038317    
   6.8212890625000000      -0.422038108    
   6.8310546875000000      -0.422037899    
   6.8408203125000000      -0.422037721    
   6.8505859375000000      -0.422037512    
   6.8603515625000000      -0.422037303    
   6.8701171875000000      -0.422037125    
   6.8798828125000000      -0.422036946    
   6.8896484375000000      -0.422036737    
   6.8994140625000000      -0.422036558    
   6.9091796875000000      -0.422036380    
   6.9189453125000000      -0.422036201    
   6.9287109375000000      -0.422035992    
   6.9384765625000000      -0.422035813    
   6.9482421875000000      -0.422035664    
   6.9580078125000000      -0.422035486    
   6.9677734375000000      -0.422035307    
   6.9775390625000000      -0.422035128    
   6.9873046875000000      -0.422034949    
   6.9970703125000000      -0.422034800    
   7.0068359375000000      -0.422034621    
   7.0166015625000000      -0.422034442    
   7.0263671875000000      -0.422034264    
   7.0361328125000000      -0.422034115    
   7.0458984375000000      -0.422033966    
   7.0556640625000000      -0.422033787    
   7.0654296875000000      -0.422033638    
   7.0751953125000000      -0.422033459    
   7.0849609375000000      -0.422033310    
   7.0947265625000000      -0.422033161    
   7.1044921875000000      -0.422033012    
   7.1142578125000000      -0.422032833    
   7.1240234375000000      -0.422032714    
   7.1337890625000000      -0.422032535    
   7.1435546875000000      -0.422032386    
   7.1533203125000000      -0.422032237    
   7.1630859375000000      -0.422032118    
   7.1728515625000000      -0.422031939    
   7.1826171875000000      -0.422031820    
   7.1923828125000000      -0.422031671    
   7.2021484375000000      -0.422031522    
   7.2119140625000000      -0.422031403    
   7.2216796875000000      -0.422031254    
   7.2314453125000000      -0.422031105    
   7.2412109375000000      -0.422030985    
   7.2509765625000000      -0.422030836    
   7.2607421875000000      -0.422030687    
   7.2705078125000000      -0.422030568    
   7.2802734375000000      -0.422030449    
   7.2900390625000000      -0.422030300    
   7.2998046875000000      -0.422030181    
   7.3095703125000000      -0.422030061    
   7.3193359375000000      -0.422029942    
   7.3291015625000000      -0.422029793    
   7.3388671875000000      -0.422029674    
   7.3486328125000000      -0.422029555    
   7.3583984375000000      -0.422029436    
   7.3681640625000000      -0.422029316    
   7.3779296875000000      -0.422029197    
   7.3876953125000000      -0.422029078    
   7.3974609375000000      -0.422028959    
   7.4072265625000000      -0.422028840    
   7.4169921875000000      -0.422028720    
   7.4267578125000000      -0.422028601    
   7.4365234375000000      -0.422028482    
   7.4462890625000000      -0.422028363    
   7.4560546875000000      -0.422028273    
   7.4658203125000000      -0.422028154    
   7.4755859375000000      -0.422028035    
   7.4853515625000000      -0.422027946    
   7.4951171875000000      -0.422027826    
   7.5048828125000000      -0.422027707    
   7.5146484375000000      -0.422027618    
   7.5244140625000000      -0.422027498    
   7.5341796875000000      -0.422027409    
   7.5439453125000000      -0.422027290    
   7.5537109375000000      -0.422027200    
   7.5634765625000000      -0.422027111    
   7.5732421875000000      -0.422026992    
   7.5830078125000000      -0.422026902    
   7.5927734375000000      -0.422026813    
   7.6025390625000000      -0.422026694    
   7.6123046875000000      -0.422026604    
   7.6220703125000000      -0.422026515    
   7.6318359375000000      -0.422026426    
   7.6416015625000000      -0.422026306    
   7.6513671875000000      -0.422026217    
   7.6611328125000000      -0.422026128    
   7.6708984375000000      -0.422026038    
   7.6806640625000000      -0.422025949    
   7.6904296875000000      -0.422025859    
   7.7001953125000000      -0.422025770    
   7.7099609375000000      -0.422025681    
   7.7197265625000000      -0.422025591    
   7.7294921875000000      -0.422025502    
   7.7392578125000000      -0.422025412    
   7.7490234375000000      -0.422025323    
   7.7587890625000000      -0.422025263    
   7.7685546875000000      -0.422025174    
   7.7783203125000000      -0.422025084    
   7.7880859375000000      -0.422024995    
   7.7978515625000000      -0.422024935    
   7.8076171875000000      -0.422024846    
   7.8173828125000000      -0.422024757    
   7.8271484375000000      -0.422024667    
   7.8369140625000000      -0.422024608    
   7.8466796875000000      -0.422024518    
   7.8564453125000000      -0.422024429    
   7.8662109375000000      -0.422024369    
   7.8759765625000000      -0.422024280    
   7.8857421875000000      -0.422024220    
   7.8955078125000000      -0.422024131    
   7.9052734375000000      -0.422024071    
   7.9150390625000000      -0.422024012    
   7.9248046875000000      -0.422023922    
   7.9345703125000000      -0.422023833    
   7.9443359375000000      -0.422023773    
   7.9541015625000000      -0.422023714    
   7.9638671875000000      -0.422023654    
   7.9736328125000000      -0.422023565    
   7.9833984375000000      -0.422023505    
   7.9931640625000000      -0.422023445    
   8.0029296875000000      -0.422023356    
   8.0126953125000000      -0.422023296    
   8.0224609375000000      -0.422023237    
   8.0322265625000000      -0.422023177    
   8.0419921875000000      -0.422023118    
   8.0517578125000000      -0.422023028    
   8.0615234375000000      -0.422022969    
   8.0712890625000000      -0.422022909    
   8.0810546875000000      -0.422022849    
   8.0908203125000000      -0.422022790    
   8.1005859375000000      -0.422022730    
   8.1103515625000000      -0.422022671    
   8.1201171875000000      -0.422022611    
   8.1298828125000000      -0.422022551    
   8.1396484375000000      -0.422022492    
   8.1494140625000000      -0.422022432    
   8.1591796875000000      -0.422022372    
   8.1689453125000000      -0.422022313    
   8.1787109375000000      -0.422022253    
   8.1884765625000000      -0.422022194    
   8.1982421875000000      -0.422022134    
   8.2080078125000000      -0.422022074    
   8.2177734375000000      -0.422022045    
   8.2275390625000000      -0.422021985    
   8.2373046875000000      -0.422021925    
   8.2470703125000000      -0.422021866    
   8.2568359375000000      -0.422021806    
   8.2666015625000000      -0.422021747    
   8.2763671875000000      -0.422021717    
   8.2861328125000000      -0.422021657    
   8.2958984375000000      -0.422021598    
   8.3056640625000000      -0.422021568    
   8.3154296875000000      -0.422021508    
   8.3251953125000000      -0.422021449    
   8.3349609375000000      -0.422021419    
   8.3447265625000000      -0.422021359    
   8.3544921875000000      -0.422021329    
   8.3642578125000000      -0.422021270    
   8.3740234375000000      -0.422021210    
   8.3837890625000000      -0.422021180    
   8.3935546875000000      -0.422021121    
   8.4033203125000000      -0.422021091    
   8.4130859375000000      -0.422021031    
   8.4228515625000000      -0.422021002    
   8.4326171875000000      -0.422020942    
   8.4423828125000000      -0.422020912    
   8.4521484375000000      -0.422020853    
   8.4619140625000000      -0.422020823    
   8.4716796875000000      -0.422020763    
   8.4814453125000000      -0.422020733    
   8.4912109375000000      -0.422020704    
   8.5009765625000000      -0.422020644    
   8.5107421875000000      -0.422020614    
   8.5205078125000000      -0.422020555    
   8.5302734375000000      -0.422020525    
   8.5400390625000000      -0.422020495    
   8.5498046875000000      -0.422020435    
   8.5595703125000000      -0.422020406    
   8.5693359375000000      -0.422020376    
   8.5791015625000000      -0.422020316    
   8.5888671875000000      -0.422020286    
   8.5986328125000000      -0.422020257    
   8.6083984375000000      -0.422020227    
   8.6181640625000000      -0.422020197    
   8.6279296875000000      -0.422020137    
   8.6376953125000000      -0.422020108    
   8.6474609375000000      -0.422020078    
   8.6572265625000000      -0.422020018    
   8.6669921875000000      -0.422020018    
   8.6767578125000000      -0.422019958    
   8.6865234375000000      -0.422019929    
   8.6962890625000000      -0.422019899    
   8.7060546875000000      -0.422019869    
   8.7158203125000000      -0.422019839    
   8.7255859375000000      -0.422019809    
   8.7353515625000000      -0.422019780    
   8.7451171875000000      -0.422019720    
   8.7548828125000000      -0.422019720    
   8.7646484375000000      -0.422019660    
   8.7744140625000000      -0.422019631    
   8.7841796875000000      -0.422019601    
   8.7939453125000000      -0.422019571    
   8.8037109375000000      -0.422019541    
   8.8134765625000000      -0.422019511    
   8.8232421875000000      -0.422019482    
   8.8330078125000000      -0.422019452    
   8.8427734375000000      -0.422019422    
   8.8525390625000000      -0.422019422    
   8.8623046875000000      -0.422019362    
   8.8720703125000000      -0.422019362    
   8.8818359375000000      -0.422019303    
   8.8916015625000000      -0.422019303    
   8.9013671875000000      -0.422019273    
   8.9111328125000000      -0.422019243    
   8.9208984375000000      -0.422019213    
   8.9306640625000000      -0.422019184    
   8.9404296875000000      -0.422019154    
   8.9501953125000000      -0.422019124    
   8.9599609375000000      -0.422019124    
   8.9697265625000000      -0.422019094    
   8.9794921875000000      -0.422019064    
   8.9892578125000000      -0.422019035    
   8.9990234375000000      -0.422019005    
   9.0087890625000000      -0.422019005    
   9.0185546875000000      -0.422018975    
   9.0283203125000000      -0.422018945    
   9.0380859375000000      -0.422018915    
   9.0478515625000000      -0.422018915    
   9.0576171875000000      -0.422018886    
   9.0673828125000000      -0.422018856    
   9.0771484375000000      -0.422018826    
   9.0869140625000000      -0.422018826    
   9.0966796875000000      -0.422018796    
   9.1064453125000000      -0.422018766    
   9.1162109375000000      -0.422018766    
   9.1259765625000000      -0.422018737    
   9.1357421875000000      -0.422018707    
   9.1455078125000000      -0.422018707    
   9.1552734375000000      -0.422018677    
   9.1650390625000000      -0.422018647    
   9.1748046875000000      -0.422018647    
   9.1845703125000000      -0.422018617    
   9.1943359375000000      -0.422018588    
   9.2041015625000000      -0.422018588    
   9.2138671875000000      -0.422018558    
   9.2236328125000000      -0.422018528    
   9.2333984375000000      -0.422018528    
   9.2431640625000000      -0.422018498    
   9.2529296875000000      -0.422018498    
   9.2626953125000000      -0.422018468    
   9.2724609375000000      -0.422018468    
   9.2822265625000000      -0.422018439    
   9.2919921875000000      -0.422018409    
   9.3017578125000000      -0.422018409    
   9.3115234375000000      -0.422018409    
   9.3212890625000000      -0.422018379    
   9.3310546875000000      -0.422018379    
   9.3408203125000000      -0.422018349    
   9.3505859375000000      -0.422018349    
   9.3603515625000000      -0.422018319    
   9.3701171875000000      -0.422018319    
   9.3798828125000000      -0.422018290    
   9.3896484375000000      -0.422018290    
   9.3994140625000000      -0.422018260    
   9.4091796875000000      -0.422018260    
   9.4189453125000000      -0.422018230    
   9.4287109375000000      -0.422018230    
   9.4384765625000000      -0.422018230    
   9.4482421875000000      -0.422018200    
   9.4580078125000000      -0.422018200    
   9.4677734375000000      -0.422018170    
   9.4775390625000000      -0.422018170    
   9.4873046875000000      -0.422018170    
   9.4970703125000000      -0.422018141    
   9.5068359375000000      -0.422018141    
   9.5166015625000000      -0.422018111    
   9.5263671875000000      -0.422018111    
   9.5361328125000000      -0.422018111    
   9.5458984375000000      -0.422018111    
   9.5556640625000000      -0.422018081    
   9.5654296875000000      -0.422018081    
   9.5751953125000000      -0.422018081    
   9.5849609375000000      -0.422018051    
   9.5947265625000000      -0.422018051    
   9.6044921875000000      -0.422018051    
   9.6142578125000000      -0.422018021    
   9.6240234375000000      -0.422018021    
   9.6337890625000000      -0.422018021    
   9.6435546875000000      -0.422018021    
   9.6533203125000000      -0.422017992    
   9.6630859375000000      -0.422017992    
   9.6728515625000000      -0.422017992    
   9.6826171875000000      -0.422017992    
   9.6923828125000000      -0.422017962    
   9.7021484375000000      -0.422017962    
   9.7119140625000000      -0.422017962    
   9.7216796875000000      -0.422017962    
   9.7314453125000000      -0.422017932    
   9.7412109375000000      -0.422017932    
   9.7509765625000000      -0.422017932    
   9.7607421875000000      -0.422017932    
   9.7705078125000000      -0.422017932    
   9.7802734375000000      -0.422017932    
   9.7900390625000000      -0.422017932    
   9.7998046875000000      -0.422017902    
   9.8095703125000000      -0.422017902    
   9.8193359375000000      -0.422017902    
   9.8291015625000000      -0.422017902    
   9.8388671875000000      -0.422017902    
   9.8486328125000000      -0.422017902    
   9.8583984375000000      -0.422017872    
   9.8681640625000000      -0.422017872    
   9.8779296875000000      -0.422017872    
   9.8876953125000000      -0.422017872    
   9.8974609375000000      -0.422017872    
   9.9072265625000000      -0.422017872    
   9.9169921875000000      -0.422017872    
   9.9267578125000000      -0.422017872    
   9.9365234375000000      -0.422017872    
   9.9462890625000000      -0.422017872    
   9.9560546875000000      -0.422017872    
   9.9658203125000000      -0.422017872    
   9.9755859375000000      -0.422017872    
   9.9853515625000000      -0.422017872    
   9.9951171875000000      -0.422017872    
   10.004882812500000      -0.422017872    
   10.014648437500000      -0.422017872    
   10.024414062500000      -0.422017872    
   10.034179687500000      -0.422017872    
   10.043945312500000      -0.422017872    
   10.053710937500000      -0.422017872    
   10.063476562500000      -0.422017872    
   10.073242187500000      -0.422017872    
   10.083007812500000      -0.422017872    
   10.092773437500000      -0.422017872    
   10.102539062500000      -0.422017872    
   10.112304687500000      -0.422017872    
   10.122070312500000      -0.422017872    
   10.131835937500000      -0.422017872    
   10.141601562500000      -0.422017872    
   10.151367187500000      -0.422017902    
   10.161132812500000      -0.422017902    
   10.170898437500000      -0.422017902    
   10.180664062500000      -0.422017902    
   10.190429687500000      -0.422017902    
   10.200195312500000      -0.422017902    
   10.209960937500000      -0.422017932    
   10.219726562500000      -0.422017932    
   10.229492187500000      -0.422017932    
   10.239257812500000      -0.422017932    
   10.249023437500000      -0.422017932    
   10.258789062500000      -0.422017932    
   10.268554687500000      -0.422017932    
   10.278320312500000      -0.422017962    
   10.288085937500000      -0.422017962    
   10.297851562500000      -0.422017962    
   10.307617187500000      -0.422017962    
   10.317382812500000      -0.422017992    
   10.327148437500000      -0.422017992    
   10.336914062500000      -0.422017992    
   10.346679687500000      -0.422017992    
   10.356445312500000      -0.422018021    
   10.366210937500000      -0.422018021    
   10.375976562500000      -0.422018021    
   10.385742187500000      -0.422018021    
   10.395507812500000      -0.422018051    
   10.405273437500000      -0.422018051    
   10.415039062500000      -0.422018051    
   10.424804687500000      -0.422018081    
   10.434570312500000      -0.422018081    
   10.444335937500000      -0.422018081    
   10.454101562500000      -0.422018111    
   10.463867187500000      -0.422018111    
   10.473632812500000      -0.422018111    
   10.483398437500000      -0.422018111    
   10.493164062500000      -0.422018141    
   10.502929687500000      -0.422018141    
   10.512695312500000      -0.422018170    
   10.522460937500000      -0.422018170    
   10.532226562500000      -0.422018170    
   10.541992187500000      -0.422018200    
   10.551757812500000      -0.422018200    
   10.561523437500000      -0.422018230    
   10.571289062500000      -0.422018230    
   10.581054687500000      -0.422018230    
   10.590820312500000      -0.422018260    
   10.600585937500000      -0.422018260    
   10.610351562500000      -0.422018290    
   10.620117187500000      -0.422018290    
   10.629882812500000      -0.422018319    
   10.639648437500000      -0.422018319    
   10.649414062500000      -0.422018349    
   10.659179687500000      -0.422018349    
   10.668945312500000      -0.422018379    
   10.678710937500000      -0.422018379    
   10.688476562500000      -0.422018409    
   10.698242187500000      -0.422018409    
   10.708007812500000      -0.422018409    
   10.717773437500000      -0.422018439    
   10.727539062500000      -0.422018468    
   10.737304687500000      -0.422018468    
   10.747070312500000      -0.422018498    
   10.756835937500000      -0.422018498    
   10.766601562500000      -0.422018528    
   10.776367187500000      -0.422018528    
   10.786132812500000      -0.422018558    
   10.795898437500000      -0.422018588    
   10.805664062500000      -0.422018588    
   10.815429687500000      -0.422018617    
   10.825195312500000      -0.422018647    
   10.834960937500000      -0.422018647    
   10.844726562500000      -0.422018677    
   10.854492187500000      -0.422018707    
   10.864257812500000      -0.422018707    
   10.874023437500000      -0.422018737    
   10.883789062500000      -0.422018766    
   10.893554687500000      -0.422018766    
   10.903320312500000      -0.422018796    
   10.913085937500000      -0.422018826    
   10.922851562500000      -0.422018826    
   10.932617187500000      -0.422018856    
   10.942382812500000      -0.422018886    
   10.952148437500000      -0.422018915    
   10.961914062500000      -0.422018915    
   10.971679687500000      -0.422018945    
   10.981445312500000      -0.422018975    
   10.991210937500000      -0.422019005    
   11.000976562500000      -0.422019005    
   11.010742187500000      -0.422019035    
   11.020507812500000      -0.422019064    
   11.030273437500000      -0.422019094    
   11.040039062500000      -0.422019124    
   11.049804687500000      -0.422019124    
   11.059570312500000      -0.422019154    
   11.069335937500000      -0.422019184    
   11.079101562500000      -0.422019213    
   11.088867187500000      -0.422019243    
   11.098632812500000      -0.422019273    
   11.108398437500000      -0.422019303    
   11.118164062500000      -0.422019303    
   11.127929687500000      -0.422019362    
   11.137695312500000      -0.422019362    
   11.147460937500000      -0.422019422    
   11.157226562500000      -0.422019422    
   11.166992187500000      -0.422019452    
   11.176757812500000      -0.422019482    
   11.186523437500000      -0.422019511    
   11.196289062500000      -0.422019541    
   11.206054687500000      -0.422019571    
   11.215820312500000      -0.422019601    
   11.225585937500000      -0.422019631    
   11.235351562500000      -0.422019660    
   11.245117187500000      -0.422019720    
   11.254882812500000      -0.422019720    
   11.264648437500000      -0.422019780    
   11.274414062500000      -0.422019809    
   11.284179687500000      -0.422019839    
   11.293945312500000      -0.422019869    
   11.303710937500000      -0.422019899    
   11.313476562500000      -0.422019929    
   11.323242187500000      -0.422019958    
   11.333007812500000      -0.422020018    
   11.342773437500000      -0.422020018    
   11.352539062500000      -0.422020078    
   11.362304687500000      -0.422020108    
   11.372070312500000      -0.422020137    
   11.381835937500000      -0.422020197    
   11.391601562500000      -0.422020227    
   11.401367187500000      -0.422020257    
   11.411132812500000      -0.422020286    
   11.420898437500000      -0.422020316    
   11.430664062500000      -0.422020376    
   11.440429687500000      -0.422020406    
   11.450195312500000      -0.422020435    
   11.459960937500000      -0.422020495    
   11.469726562500000      -0.422020525    
   11.479492187500000      -0.422020555    
   11.489257812500000      -0.422020614    
   11.499023437500000      -0.422020644    
   11.508789062500000      -0.422020704    
   11.518554687500000      -0.422020733    
   11.528320312500000      -0.422020763    
   11.538085937500000      -0.422020823    
   11.547851562500000      -0.422020853    
   11.557617187500000      -0.422020912    
   11.567382812500000      -0.422020942    
   11.577148437500000      -0.422021002    
   11.586914062500000      -0.422021031    
   11.596679687500000      -0.422021091    
   11.606445312500000      -0.422021121    
   11.616210937500000      -0.422021180    
   11.625976562500000      -0.422021210    
   11.635742187500000      -0.422021270    
   11.645507812500000      -0.422021329    
   11.655273437500000      -0.422021359    
   11.665039062500000      -0.422021419    
   11.674804687500000      -0.422021449    
   11.684570312500000      -0.422021508    
   11.694335937500000      -0.422021568    
   11.704101562500000      -0.422021598    
   11.713867187500000      -0.422021657    
   11.723632812500000      -0.422021717    
   11.733398437500000      -0.422021747    
   11.743164062500000      -0.422021806    
   11.752929687500000      -0.422021866    
   11.762695312500000      -0.422021925    
   11.772460937500000      -0.422021985    
   11.782226562500000      -0.422022045    
   11.791992187500000      -0.422022074    
   11.801757812500000      -0.422022134    
   11.811523437500000      -0.422022194    
   11.821289062500000      -0.422022253    
   11.831054687500000      -0.422022313    
   11.840820312500000      -0.422022372    
   11.850585937500000      -0.422022432    
   11.860351562500000      -0.422022492    
   11.870117187500000      -0.422022551    
   11.879882812500000      -0.422022611    
   11.889648437500000      -0.422022671    
   11.899414062500000      -0.422022730    
   11.909179687500000      -0.422022790    
   11.918945312500000      -0.422022849    
   11.928710937500000      -0.422022909    
   11.938476562500000      -0.422022969    
   11.948242187500000      -0.422023028    
   11.958007812500000      -0.422023118    
   11.967773437500000      -0.422023177    
   11.977539062500000      -0.422023237    
   11.987304687500000      -0.422023296    
   11.997070312500000      -0.422023356    
   12.006835937500000      -0.422023445    
   12.016601562500000      -0.422023505    
   12.026367187500000      -0.422023565    
   12.036132812500000      -0.422023654    
   12.045898437500000      -0.422023714    
   12.055664062500000      -0.422023773    
   12.065429687500000      -0.422023833    
   12.075195312500000      -0.422023922    
   12.084960937500000      -0.422024012    
   12.094726562500000      -0.422024071    
   12.104492187500000      -0.422024131    
   12.114257812500000      -0.422024220    
   12.124023437500000      -0.422024280    
   12.133789062500000      -0.422024369    
   12.143554687500000      -0.422024429    
   12.153320312500000      -0.422024518    
   12.163085937500000      -0.422024608    
   12.172851562500000      -0.422024667    
   12.182617187500000      -0.422024757    
   12.192382812500000      -0.422024846    
   12.202148437500000      -0.422024935    
   12.211914062500000      -0.422024995    
   12.221679687500000      -0.422025084    
   12.231445312500000      -0.422025174    
   12.241210937500000      -0.422025263    
   12.250976562500000      -0.422025323    
   12.260742187500000      -0.422025412    
   12.270507812500000      -0.422025502    
   12.280273437500000      -0.422025591    
   12.290039062500000      -0.422025681    
   12.299804687500000      -0.422025770    
   12.309570312500000      -0.422025859    
   12.319335937500000      -0.422025949    
   12.329101562500000      -0.422026038    
   12.338867187500000      -0.422026128    
   12.348632812500000      -0.422026217    
   12.358398437500000      -0.422026306    
   12.368164062500000      -0.422026426    
   12.377929687500000      -0.422026515    
   12.387695312500000      -0.422026604    
   12.397460937500000      -0.422026694    
   12.407226562500000      -0.422026813    
   12.416992187500000      -0.422026902    
   12.426757812500000      -0.422026992    
   12.436523437500000      -0.422027111    
   12.446289062500000      -0.422027200    
   12.456054687500000      -0.422027290    
   12.465820312500000      -0.422027409    
   12.475585937500000      -0.422027498    
   12.485351562500000      -0.422027618    
   12.495117187500000      -0.422027707    
   12.504882812500000      -0.422027826    
   12.514648437500000      -0.422027946    
   12.524414062500000      -0.422028035    
   12.534179687500000      -0.422028154    
   12.543945312500000      -0.422028273    
   12.553710937500000      -0.422028363    
   12.563476562500000      -0.422028482    
   12.573242187500000      -0.422028601    
   12.583007812500000      -0.422028720    
   12.592773437500000      -0.422028840    
   12.602539062500000      -0.422028959    
   12.612304687500000      -0.422029078    
   12.622070312500000      -0.422029197    
   12.631835937500000      -0.422029316    
   12.641601562500000      -0.422029436    
   12.651367187500000      -0.422029555    
   12.661132812500000      -0.422029674    
   12.670898437500000      -0.422029793    
   12.680664062500000      -0.422029942    
   12.690429687500000      -0.422030061    
   12.700195312500000      -0.422030181    
   12.709960937500000      -0.422030300    
   12.719726562500000      -0.422030449    
   12.729492187500000      -0.422030568    
   12.739257812500000      -0.422030687    
   12.749023437500000      -0.422030836    
   12.758789062500000      -0.422030985    
   12.768554687500000      -0.422031105    
   12.778320312500000      -0.422031254    
   12.788085937500000      -0.422031403    
   12.797851562500000      -0.422031522    
   12.807617187500000      -0.422031671    
   12.817382812500000      -0.422031820    
   12.827148437500000      -0.422031939    
   12.836914062500000      -0.422032118    
   12.846679687500000      -0.422032237    
   12.856445312500000      -0.422032386    
   12.866210937500000      -0.422032535    
   12.875976562500000      -0.422032714    
   12.885742187500000      -0.422032833    
   12.895507812500000      -0.422033012    
   12.905273437500000      -0.422033161    
   12.915039062500000      -0.422033310    
   12.924804687500000      -0.422033459    
   12.934570312500000      -0.422033638    
   12.944335937500000      -0.422033787    
   12.954101562500000      -0.422033966    
   12.963867187500000      -0.422034115    
   12.973632812500000      -0.422034264    
   12.983398437500000      -0.422034442    
   12.993164062500000      -0.422034621    
   13.002929687500000      -0.422034800    
   13.012695312500000      -0.422034949    
   13.022460937500000      -0.422035128    
   13.032226562500000      -0.422035307    
   13.041992187500000      -0.422035486    
   13.051757812500000      -0.422035664    
   13.061523437500000      -0.422035813    
   13.071289062500000      -0.422035992    
   13.081054687500000      -0.422036201    
   13.090820312500000      -0.422036380    
   13.100585937500000      -0.422036558    
   13.110351562500000      -0.422036737    
   13.120117187500000      -0.422036946    
   13.129882812500000      -0.422037125    
   13.139648437500000      -0.422037303    
   13.149414062500000      -0.422037512    
   13.159179687500000      -0.422037721    
   13.168945312500000      -0.422037899    
   13.178710937500000      -0.422038108    
   13.188476562500000      -0.422038317    
   13.198242187500000      -0.422038496    
   13.208007812500000      -0.422038704    
   13.217773437500000      -0.422038913    
   13.227539062500000      -0.422039121    
   13.237304687500000      -0.422039330    
   13.247070312500000      -0.422039568    
   13.256835937500000      -0.422039777    
   13.266601562500000      -0.422039986    
   13.276367187500000      -0.422040194    
   13.286132812500000      -0.422040433    
   13.295898437500000      -0.422040641    
   13.305664062500000      -0.422040880    
   13.315429687500000      -0.422041088    
   13.325195312500000      -0.422041327    
   13.334960937500000      -0.422041565    
   13.344726562500000      -0.422041774    
   13.354492187500000      -0.422042012    
   13.364257812500000      -0.422042251    
   13.374023437500000      -0.422042489    
   13.383789062500000      -0.422042727    
   13.393554687500000      -0.422042966    
   13.403320312500000      -0.422043204    
   13.413085937500000      -0.422043473    
   13.422851562500000      -0.422043711    
   13.432617187500000      -0.422043979    
   13.442382812500000      -0.422044218    
   13.452148437500000      -0.422044486    
   13.461914062500000      -0.422044754    
   13.471679687500000      -0.422044992    
   13.481445312500000      -0.422045261    
   13.491210937500000      -0.422045529    
   13.500976562500000      -0.422045797    
   13.510742187500000      -0.422046065    
   13.520507812500000      -0.422046334    
   13.530273437500000      -0.422046632    
   13.540039062500000      -0.422046900    
   13.549804687500000      -0.422047168    
   13.559570312500000      -0.422047466    
   13.569335937500000      -0.422047734    
   13.579101562500000      -0.422048032    
   13.588867187500000      -0.422048330    
   13.598632812500000      -0.422048628    
   13.608398437500000      -0.422048926    
   13.618164062500000      -0.422049224    
   13.627929687500000      -0.422049522    
   13.637695312500000      -0.422049820    
   13.647460937500000      -0.422050118    
   13.657226562500000      -0.422050446    
   13.666992187500000      -0.422050744    
   13.676757812500000      -0.422051072    
   13.686523437500000      -0.422051400    
   13.696289062500000      -0.422051728    
   13.706054687500000      -0.422052056    
   13.715820312500000      -0.422052383    
   13.725585937500000      -0.422052681    
   13.735351562500000      -0.422053039    
   13.745117187500000      -0.422053367    
   13.754882812500000      -0.422053695    
   13.764648437500000      -0.422054052    
   13.774414062500000      -0.422054410    
   13.784179687500000      -0.422054768    
   13.793945312500000      -0.422055095    
   13.803710937500000      -0.422055453    
   13.813476562500000      -0.422055811    
   13.823242187500000      -0.422056198    
   13.833007812500000      -0.422056556    
   13.842773437500000      -0.422056913    
   13.852539062500000      -0.422057301    
   13.862304687500000      -0.422057688    
   13.872070312500000      -0.422058046    
   13.881835937500000      -0.422058433    
   13.891601562500000      -0.422058821    
   13.901367187500000      -0.422059208    
   13.911132812500000      -0.422059596    
   13.920898437500000      -0.422060013    
   13.930664062500000      -0.422060400    
   13.940429687500000      -0.422060817    
   13.950195312500000      -0.422061235    
   13.959960937500000      -0.422061622    
   13.969726562500000      -0.422062039    
   13.979492187500000      -0.422062486    
   13.989257812500000      -0.422062904    
   13.999023437500000      -0.422063321    
   14.008789062500000      -0.422063768    
   14.018554687500000      -0.422064185    
   14.028320312500000      -0.422064632    
   14.038085937500000      -0.422065079    
   14.047851562500000      -0.422065526    
   14.057617187500000      -0.422065973    
   14.067382812500000      -0.422066450    
   14.077148437500000      -0.422066897    
   14.086914062500000      -0.422067374    
   14.096679687500000      -0.422067851    
   14.106445312500000      -0.422068298    
   14.116210937500000      -0.422068805    
   14.125976562500000      -0.422069281    
   14.135742187500000      -0.422069758    
   14.145507812500000      -0.422070265    
   14.155273437500000      -0.422070771    
   14.165039062500000      -0.422071248    
   14.174804687500000      -0.422071755    
   14.184570312500000      -0.422072291    
   14.194335937500000      -0.422072798    
   14.204101562500000      -0.422073305    
   14.213867187500000      -0.422073841    
   14.223632812500000      -0.422074378    
   14.233398437500000      -0.422074914    
   14.243164062500000      -0.422075450    
   14.252929687500000      -0.422075987    
   14.262695312500000      -0.422076553    
   14.272460937500000      -0.422077119    
   14.282226562500000      -0.422077656    
   14.291992187500000      -0.422078252    
   14.301757812500000      -0.422078818    
   14.311523437500000      -0.422079384    
   14.321289062500000      -0.422079980    
   14.331054687500000      -0.422080547    
   14.340820312500000      -0.422081143    
   14.350585937500000      -0.422081769    
   14.360351562500000      -0.422082365    
   14.370117187500000      -0.422082961    
   14.379882812500000      -0.422083586    
   14.389648437500000      -0.422084212    
   14.399414062500000      -0.422084838    
   14.409179687500000      -0.422085464    
   14.418945312500000      -0.422086120    
   14.428710937500000      -0.422086775    
   14.438476562500000      -0.422087431    
   14.448242187500000      -0.422088087    
   14.458007812500000      -0.422088742    
   14.467773437500000      -0.422089398    
   14.477539062500000      -0.422090083    
   14.487304687500000      -0.422090769    
   14.497070312500000      -0.422091454    
   14.506835937500000      -0.422092170    
   14.516601562500000      -0.422092885    
   14.526367187500000      -0.422093570    
   14.536132812500000      -0.422094285    
   14.545898437500000      -0.422095031    
   14.555664062500000      -0.422095746    
   14.565429687500000      -0.422096491    
   14.575195312500000      -0.422097236    
   14.584960937500000      -0.422097981    
   14.594726562500000      -0.422098756    
   14.604492187500000      -0.422099531    
   14.614257812500000      -0.422100306    
   14.624023437500000      -0.422101080    
   14.633789062500000      -0.422101855    
   14.643554687500000      -0.422102660    
   14.653320312500000      -0.422103465    
   14.663085937500000      -0.422104299    
   14.672851562500000      -0.422105104    
   14.682617187500000      -0.422105938    
   14.692382812500000      -0.422106773    
   14.702148437500000      -0.422107607    
   14.711914062500000      -0.422108471    
   14.721679687500000      -0.422109306    
   14.731445312500000      -0.422110200    
   14.741210937500000      -0.422111064    
   14.750976562500000      -0.422111958    
   14.760742187500000      -0.422112852    
   14.770507812500000      -0.422113746    
   14.780273437500000      -0.422114670    
   14.790039062500000      -0.422115594    
   14.799804687500000      -0.422116518    
   14.809570312500000      -0.422117472    
   14.819335937500000      -0.422118396    
   14.829101562500000      -0.422119349    
   14.838867187500000      -0.422120333    
   14.848632812500000      -0.422121286    
   14.858398437500000      -0.422122300    
   14.868164062500000      -0.422123283    
   14.877929687500000      -0.422124267    
   14.887695312500000      -0.422125310    
   14.897460937500000      -0.422126323    
   14.907226562500000      -0.422127366    
   14.916992187500000      -0.422128409    
   14.926757812500000      -0.422129452    
   14.936523437500000      -0.422130525    
   14.946289062500000      -0.422131598    
   14.956054687500000      -0.422132671    
   14.965820312500000      -0.422133774    
   14.975585937500000      -0.422134876    
   14.985351562500000      -0.422136009    
   14.995117187500000      -0.422137141    
   15.004882812500000      -0.422138274    
   15.014648437500000      -0.422139406    
   15.024414062500000      -0.422140568    
   15.034179687500000      -0.422141761    
   15.043945312500000      -0.422142953    
   15.053710937500000      -0.422144145    
   15.063476562500000      -0.422145337    
   15.073242187500000      -0.422146559    
   15.083007812500000      -0.422147781    
   15.092773437500000      -0.422149032    
   15.102539062500000      -0.422150284    
   15.112304687500000      -0.422151566    
   15.122070312500000      -0.422152847    
   15.131835937500000      -0.422154129    
   15.141601562500000      -0.422155440    
   15.151367187500000      -0.422156751    
   15.161132812500000      -0.422158092    
   15.170898437500000      -0.422159433    
   15.180664062500000      -0.422160804    
   15.190429687500000      -0.422162175    
   15.200195312500000      -0.422163546    
   15.209960937500000      -0.422164947    
   15.219726562500000      -0.422166377    
   15.229492187500000      -0.422167778    
   15.239257812500000      -0.422169238    
   15.249023437500000      -0.422170699    
   15.258789062500000      -0.422172159    
   15.268554687500000      -0.422173649    
   15.278320312500000      -0.422175139    
   15.288085937500000      -0.422176659    
   15.297851562500000      -0.422178209    
   15.307617187500000      -0.422179759    
   15.317382812500000      -0.422181308    
   15.327148437500000      -0.422182888    
   15.336914062500000      -0.422184467    
   15.346679687500000      -0.422186077    
   15.356445312500000      -0.422187686    
   15.366210937500000      -0.422189355    
   15.375976562500000      -0.422190994    
   15.385742187500000      -0.422192663    
   15.395507812500000      -0.422194362    
   15.405273437500000      -0.422196060    
   15.415039062500000      -0.422197789    
   15.424804687500000      -0.422199547    
   15.434570312500000      -0.422201306    
   15.444335937500000      -0.422203064    
   15.454101562500000      -0.422204882    
   15.463867187500000      -0.422206670    
   15.473632812500000      -0.422208518    
   15.483398437500000      -0.422210366    
   15.493164062500000      -0.422212243    
   15.502929687500000      -0.422214121    
   15.512695312500000      -0.422216028    
   15.522460937500000      -0.422217965    
   15.532226562500000      -0.422219902    
   15.541992187500000      -0.422221869    
   15.551757812500000      -0.422223836    
   15.561523437500000      -0.422225833    
   15.571289062500000      -0.422227889    
   15.581054687500000      -0.422229916    
   15.590820312500000      -0.422232002    
   15.600585937500000      -0.422234088    
   15.610351562500000      -0.422236204    
   15.620117187500000      -0.422238320    
   15.629882812500000      -0.422240466    
   15.639648437500000      -0.422242641    
   15.649414062500000      -0.422244847    
   15.659179687500000      -0.422247052    
   15.668945312500000      -0.422249317    
   15.678710937500000      -0.422251582    
   15.688476562500000      -0.422253847    
   15.698242187500000      -0.422256172    
   15.708007812500000      -0.422258496    
   15.717773437500000      -0.422260851    
   15.727539062500000      -0.422263235    
   15.737304687500000      -0.422265649    
   15.747070312500000      -0.422268093    
   15.756835937500000      -0.422270536    
   15.766601562500000      -0.422273040    
   15.776367187500000      -0.422275543    
   15.786132812500000      -0.422278076    
   15.795898437500000      -0.422280639    
   15.805664062500000      -0.422283232    
   15.815429687500000      -0.422285825    
   15.825195312500000      -0.422288477    
   15.834960937500000      -0.422291160    
   15.844726562500000      -0.422293842    
   15.854492187500000      -0.422296554    
   15.864257812500000      -0.422299325    
   15.874023437500000      -0.422302097    
   15.883789062500000      -0.422304899    
   15.893554687500000      -0.422307760    
   15.903320312500000      -0.422310621    
   15.913085937500000      -0.422313511    
   15.922851562500000      -0.422316432    
   15.932617187500000      -0.422319412    
   15.942382812500000      -0.422322392    
   15.952148437500000      -0.422325432    
   15.961914062500000      -0.422328472    
   15.971679687500000      -0.422331572    
   15.981445312500000      -0.422334671    
   15.991210937500000      -0.422337830    
   16.000976562500000      -0.422341019    
   16.010742187500000      -0.422344238    
   16.020507812500000      -0.422347486    
   16.030273437500000      -0.422350764    
   16.040039062500000      -0.422354102    
   16.049804687500000      -0.422357440    
   16.059570312500000      -0.422360837    
   16.069335937500000      -0.422364265    
   16.079101562500000      -0.422367722    
   16.088867187500000      -0.422371238    
   16.098632812500000      -0.422374785    
   16.108398437500000      -0.422378331    
   16.118164062500000      -0.422381967    
   16.127929687500000      -0.422385603    
   16.137695312500000      -0.422389299    
   16.147460937500000      -0.422393024    
   16.157226562500000      -0.422396809    
   16.166992187500000      -0.422400594    
   16.176757812500000      -0.422404468    
   16.186523437500000      -0.422408342    
   16.196289062500000      -0.422412276    
   16.206054687500000      -0.422416270    
   16.215820312500000      -0.422420263    
   16.225585937500000      -0.422424316    
   16.235351562500000      -0.422428429    
   16.245117187500000      -0.422432601    
   16.254882812500000      -0.422436774    
   16.264648437500000      -0.422441006    
   16.274414062500000      -0.422445297    
   16.284179687500000      -0.422449619    
   16.293945312500000      -0.422454000    
   16.303710937500000      -0.422458410    
   16.313476562500000      -0.422462910    
   16.323242187500000      -0.422467411    
   16.333007812500000      -0.422472000    
   16.342773437500000      -0.422476619    
   16.352539062500000      -0.422481269    
   16.362304687500000      -0.422486007    
   16.372070312500000      -0.422490776    
   16.381835937500000      -0.422495604    
   16.391601562500000      -0.422500461    
   16.401367187500000      -0.422505409    
   16.411132812500000      -0.422510386    
   16.420898437500000      -0.422515422    
   16.430664062500000      -0.422520518    
   16.440429687500000      -0.422525644    
   16.450195312500000      -0.422530860    
   16.459960937500000      -0.422536135    
   16.469726562500000      -0.422541440    
   16.479492187500000      -0.422546834    
   16.489257812500000      -0.422552258    
   16.499023437500000      -0.422557771    
   16.508789062500000      -0.422563314    
   16.518554687500000      -0.422568917    
   16.528320312500000      -0.422574610    
   16.538085937500000      -0.422580361    
   16.547851562500000      -0.422586173    
   16.557617187500000      -0.422592044    
   16.567382812500000      -0.422597975    
   16.577148437500000      -0.422603995    
   16.586914062500000      -0.422610044    
   16.596679687500000      -0.422616184    
   16.606445312500000      -0.422622412    
   16.616210937500000      -0.422628671    
   16.625976562500000      -0.422635019    
   16.635742187500000      -0.422641456    
   16.645507812500000      -0.422647923    
   16.655273437500000      -0.422654480    
   16.665039062500000      -0.422661126    
   16.674804687500000      -0.422667831    
   16.684570312500000      -0.422674626    
   16.694335937500000      -0.422681481    
   16.704101562500000      -0.422688425    
   16.713867187500000      -0.422695428    
   16.723632812500000      -0.422702551    
   16.733398437500000      -0.422709703    
   16.743164062500000      -0.422716975    
   16.752929687500000      -0.422724307    
   16.762695312500000      -0.422731727    
   16.772460937500000      -0.422739238    
   16.782226562500000      -0.422746837    
   16.791992187500000      -0.422754526    
   16.801757812500000      -0.422762275    
   16.811523437500000      -0.422770143    
   16.821289062500000      -0.422778100    
   16.831054687500000      -0.422786117    
   16.840820312500000      -0.422794253    
   16.850585937500000      -0.422802478    
   16.860351562500000      -0.422810793    
   16.870117187500000      -0.422819197    
   16.879882812500000      -0.422827721    
   16.889648437500000      -0.422836334    
   16.899414062500000      -0.422845036    
   16.909179687500000      -0.422853827    
   16.918945312500000      -0.422862768    
   16.928710937500000      -0.422871768    
   16.938476562500000      -0.422880888    
   16.948242187500000      -0.422890127    
   16.958007812500000      -0.422899425    
   16.967773437500000      -0.422908872    
   16.977539062500000      -0.422918439    
   16.987304687500000      -0.422928095    
   16.997070312500000      -0.422937870    
   17.006835937500000      -0.422947764    
   17.016601562500000      -0.422957748    
   17.026367187500000      -0.422967881    
   17.036132812500000      -0.422978103    
   17.045898437500000      -0.422988474    
   17.055664062500000      -0.422998965    
   17.065429687500000      -0.423009574    
   17.075195312500000      -0.423020303    
   17.084960937500000      -0.423031151    
   17.094726562500000      -0.423042148    
   17.104492187500000      -0.423053265    
   17.114257812500000      -0.423064530    
   17.124023437500000      -0.423075885    
   17.133789062500000      -0.423087418    
   17.143554687500000      -0.423099071    
   17.153320312500000      -0.423110873    
   17.163085937500000      -0.423122793    
   17.172851562500000      -0.423134863    
   17.182617187500000      -0.423147112    
   17.192382812500000      -0.423159480    
   17.202148437500000      -0.423171997    
   17.211914062500000      -0.423184663    
   17.221679687500000      -0.423197508    
   17.231445312500000      -0.423210472    
   17.241210937500000      -0.423223615    
   17.250976562500000      -0.423236907    
   17.260742187500000      -0.423250347    
   17.270507812500000      -0.423263967    
   17.280273437500000      -0.423277766    
   17.290039062500000      -0.423291713    
   17.299804687500000      -0.423305839    
   17.309570312500000      -0.423320115    
   17.319335937500000      -0.423334599    
   17.329101562500000      -0.423349231    
   17.338867187500000      -0.423364073    
   17.348632812500000      -0.423379064    
   17.358398437500000      -0.423394263    
   17.368164062500000      -0.423409641    
   17.377929687500000      -0.423425227    
   17.387695312500000      -0.423440993    
   17.397460937500000      -0.423456937    
   17.407226562500000      -0.423473090    
   17.416992187500000      -0.423489451    
   17.426757812500000      -0.423506021    
   17.436523437500000      -0.423522770    
   17.446289062500000      -0.423539758    
   17.456054687500000      -0.423556954    
   17.465820312500000      -0.423574358    
   17.475585937500000      -0.423591971    
   17.485351562500000      -0.423609823    
   17.495117187500000      -0.423627883    
   17.504882812500000      -0.423646182    
   17.514648437500000      -0.423664689    
   17.524414062500000      -0.423683465    
   17.534179687500000      -0.423702478    
   17.543945312500000      -0.423721701    
   17.553710937500000      -0.423741192    
   17.563476562500000      -0.423760921    
   17.573242187500000      -0.423780888    
   17.583007812500000      -0.423801154    
   17.592773437500000      -0.423821628    
   17.602539062500000      -0.423842400    
   17.612304687500000      -0.423863411    
   17.622070312500000      -0.423884720    
   17.631835937500000      -0.423906296    
   17.641601562500000      -0.423928142    
   17.651367187500000      -0.423950255    
   17.661132812500000      -0.423972696    
   17.670898437500000      -0.423995405    
   17.680664062500000      -0.424018413    
   17.690429687500000      -0.424041688    
   17.700195312500000      -0.424065322    
   17.709960937500000      -0.424089223    
   17.719726562500000      -0.424113452    
   17.729492187500000      -0.424138010    
   17.739257812500000      -0.424162894    
   17.749023437500000      -0.424188077    
   17.758789062500000      -0.424213618    
   17.768554687500000      -0.424239486    
   17.778320312500000      -0.424265683    
   17.788085937500000      -0.424292237    
   17.797851562500000      -0.424319148    
   17.807617187500000      -0.424346417    
   17.817382812500000      -0.424374044    
   17.827148437500000      -0.424402058    
   17.836914062500000      -0.424430430    
   17.846679687500000      -0.424459189    
   17.856445312500000      -0.424488336    
   17.866210937500000      -0.424517870    
   17.875976562500000      -0.424547791    
   17.885742187500000      -0.424578130    
   17.895507812500000      -0.424608886    
   17.905273437500000      -0.424640059    
   17.915039062500000      -0.424671650    
   17.924804687500000      -0.424703658    
   17.934570312500000      -0.424736142    
   17.944335937500000      -0.424769044    
   17.954101562500000      -0.424802393    
   17.963867187500000      -0.424836218    
   17.973632812500000      -0.424870491    
   17.983398437500000      -0.424905241    
   17.993164062500000      -0.424940467    
   18.002929687500000      -0.424976200    
   18.012695312500000      -0.425012410    
   18.022460937500000      -0.425049126    
   18.032226562500000      -0.425086379    
   18.041992187500000      -0.425124109    
   18.051757812500000      -0.425162405    
   18.061523437500000      -0.425201237    
   18.071289062500000      -0.425240606    
   18.081054687500000      -0.425280511    
   18.090820312500000      -0.425321013    
   18.100585937500000      -0.425362080    
   18.110351562500000      -0.425403714    
   18.120117187500000      -0.425445944    
   18.129882812500000      -0.425488800    
   18.139648437500000      -0.425532252    
   18.149414062500000      -0.425576329    
   18.159179687500000      -0.425621033    
   18.168945312500000      -0.425666392    
   18.178710937500000      -0.425712377    
   18.188476562500000      -0.425759047    
   18.198242187500000      -0.425806403    
   18.208007812500000      -0.425854445    
   18.217773437500000      -0.425903171    
   18.227539062500000      -0.425952613    
   18.237304687500000      -0.426002771    
   18.247070312500000      -0.426053703    
   18.256835937500000      -0.426105350    
   18.266601562500000      -0.426157773    
   18.276367187500000      -0.426210940    
   18.286132812500000      -0.426264912    
   18.295898437500000      -0.426319718    
   18.305664062500000      -0.426375300    
   18.315429687500000      -0.426431715    
   18.325195312500000      -0.426488996    
   18.334960937500000      -0.426547110    
   18.344726562500000      -0.426606119    
   18.354492187500000      -0.426666021    
   18.364257812500000      -0.426726818    
   18.374023437500000      -0.426788509    
   18.383789062500000      -0.426851183    
   18.393554687500000      -0.426914781    
   18.403320312500000      -0.426979363    
   18.413085937500000      -0.427044928    
   18.422851562500000      -0.427111506    
   18.432617187500000      -0.427179098    
   18.442382812500000      -0.427247763    
   18.452148437500000      -0.427317470    
   18.461914062500000      -0.427388251    
   18.471679687500000      -0.427460134    
   18.481445312500000      -0.427533150    
   18.491210937500000      -0.427607298    
   18.500976562500000      -0.427682608    
   18.510742187500000      -0.427759111    
   18.520507812500000      -0.427836835    
   18.530273437500000      -0.427915752    
   18.540039062500000      -0.427995950    
   18.549804687500000      -0.428077430    
   18.559570312500000      -0.428160191    
   18.569335937500000      -0.428244293    
   18.579101562500000      -0.428329706    
   18.588867187500000      -0.428416520    
   18.598632812500000      -0.428504735    
   18.608398437500000      -0.428594381    
   18.618164062500000      -0.428685486    
   18.627929687500000      -0.428778082    
   18.637695312500000      -0.428872168    
   18.647460937500000      -0.428967804    
   18.657226562500000      -0.429064989    
   18.666992187500000      -0.429163814    
   18.676757812500000      -0.429264247    
   18.686523437500000      -0.429366350    
   18.696289062500000      -0.429470152    
   18.706054687500000      -0.429575682    
   18.715820312500000      -0.429682970    
   18.725585937500000      -0.429792047    
   18.735351562500000      -0.429903001    
   18.745117187500000      -0.430015802    
   18.754882812500000      -0.430130512    
   18.764648437500000      -0.430247188    
   18.774414062500000      -0.430365831    
   18.784179687500000      -0.430486500    
   18.793945312500000      -0.430609256    
   18.803710937500000      -0.430734128    
   18.813476562500000      -0.430861145    
   18.823242187500000      -0.430990368    
   18.833007812500000      -0.431121826    
   18.842773437500000      -0.431255579    
   18.852539062500000      -0.431391656    
   18.862304687500000      -0.431530118    
   18.872070312500000      -0.431671053    
   18.881835937500000      -0.431814432    
   18.891601562500000      -0.431960374    
   18.901367187500000      -0.432108909    
   18.911132812500000      -0.432260096    
   18.920898437500000      -0.432413995    
   18.930664062500000      -0.432570636    
   18.940429687500000      -0.432730108    
   18.950195312500000      -0.432892472    
   18.959960937500000      -0.433057785    
   18.969726562500000      -0.433226079    
   18.979492187500000      -0.433397472    
   18.989257812500000      -0.433571994    
   18.999023437500000      -0.433749735    
   19.008789062500000      -0.433930725    
   19.018554687500000      -0.434115112    
   19.028320312500000      -0.434302896    
   19.038085937500000      -0.434494168    
   19.047851562500000      -0.434689045    
   19.057617187500000      -0.434887588    
   19.067382812500000      -0.435089856    
   19.077148437500000      -0.435295939    
   19.086914062500000      -0.435505956    
   19.096679687500000      -0.435719967    
   19.106445312500000      -0.435938060    
   19.116210937500000      -0.436160356    
   19.125976562500000      -0.436386913    
   19.135742187500000      -0.436617851    
   19.145507812500000      -0.436853290    
   19.155273437500000      -0.437093288    
   19.165039062500000      -0.437337965    
   19.174804687500000      -0.437587470    
   19.184570312500000      -0.437841862    
   19.194335937500000      -0.438101292    
   19.204101562500000      -0.438365877    
   19.213867187500000      -0.438635707    
   19.223632812500000      -0.438910931    
   19.233398437500000      -0.439191699    
   19.243164062500000      -0.439478099    
   19.252929687500000      -0.439770281    
   19.262695312500000      -0.440068394    
   19.272460937500000      -0.440372586    
   19.282226562500000      -0.440682977    
   19.291992187500000      -0.440999717    
   19.301757812500000      -0.441323012    
   19.311523437500000      -0.441652983    
   19.321289062500000      -0.441989779    
   19.331054687500000      -0.442333609    
   19.340820312500000      -0.442684621    
   19.350585937500000      -0.443043023    
   19.360351562500000      -0.443408936    
   19.370117187500000      -0.443782628    
   19.379882812500000      -0.444164217    
   19.389648437500000      -0.444553971    
   19.399414062500000      -0.444952041    
   19.409179687500000      -0.445358664    
   19.418945312500000      -0.445774078    
   19.428710937500000      -0.446198463    
   19.438476562500000      -0.446632087    
   19.448242187500000      -0.447075158    
   19.458007812500000      -0.447527945    
   19.467773437500000      -0.447990686    
   19.477539062500000      -0.448463649    
   19.487304687500000      -0.448947102    
   19.497070312500000      -0.449441284    
   19.506835937500000      -0.449946523    
   19.516601562500000      -0.450463116    
   19.526367187500000      -0.450991333    
   19.536132812500000      -0.451531470    
   19.545898437500000      -0.452083886    
   19.555664062500000      -0.452648878    
   19.565429687500000      -0.453226805    
   19.575195312500000      -0.453818023    
   19.584960937500000      -0.454422861    
   19.594726562500000      -0.455041707    
   19.604492187500000      -0.455674946    
   19.614257812500000      -0.456322938    
   19.624023437500000      -0.456986129    
   19.633789062500000      -0.457664937    
   19.643554687500000      -0.458359748    
   19.653320312500000      -0.459071070    
   19.663085937500000      -0.459799320    
   19.672851562500000      -0.460544974    
   19.682617187500000      -0.461308509    
   19.692382812500000      -0.462090462    
   19.702148437500000      -0.462891340    
   19.711914062500000      -0.463711649    
   19.721679687500000      -0.464551985    
   19.731445312500000      -0.465412885    
   19.741210937500000      -0.466294974    
   19.750976562500000      -0.467198789    
   19.760742187500000      -0.468125045    
   19.770507812500000      -0.469074309    
   19.780273437500000      -0.470047325    
   19.790039062500000      -0.471044719    
   19.799804687500000      -0.472067237    
   19.809570312500000      -0.473115593    
   19.819335937500000      -0.474190563    
   19.829101562500000      -0.475292891    
   19.838867187500000      -0.476423472    
   19.848632812500000      -0.477583051    
   19.858398437500000      -0.478772551    
   19.868164062500000      -0.479992837    
   19.877929687500000      -0.481244832    
   19.887695312500000      -0.482529491    
   19.897460937500000      -0.483847857    
   19.907226562500000      -0.485200822    
   19.916992187500000      -0.486589581    
   19.926757812500000      -0.488015085    
   19.936523437500000      -0.489478588    
   19.946289062500000      -0.490981102    
   19.956054687500000      -0.492524058    
   19.965820312500000      -0.494108349    
   19.975585937500000      -0.495735794    
   19.985351562500000      -0.497406811    
   19.995117187500000      -0.499124795    
