   4.8828125000000000E-003  -6.04992360E-02
   1.4648437500000000E-002  -5.90279438E-02
   2.4414062500000000E-002  -5.75976782E-02
   3.4179687500000000E-002  -5.62065095E-02
   4.3945312500000000E-002  -5.48535548E-02
   5.3710937500000000E-002  -5.35375029E-02
   6.3476562500000000E-002  -5.22573479E-02
   7.3242187500000000E-002  -5.10119535E-02
   8.3007812500000000E-002  -4.98003252E-02
   9.2773437500000000E-002  -4.86214198E-02
  0.10253906250000000       -4.74742986E-02
  0.11230468750000000       -4.63579968E-02
  0.12207031250000000       -4.52716164E-02
  0.13183593750000000       -4.42142673E-02
  0.14160156250000000       -4.31851037E-02
  0.15136718750000000       -4.21832874E-02
  0.16113281250000000       -4.12080288E-02
  0.17089843750000000       -4.02585454E-02
  0.18066406250000000       -3.93340848E-02
  0.19042968750000000       -3.84339280E-02
  0.20019531250000000       -3.75573635E-02
  0.20996093750000000       -3.67037095E-02
  0.21972656250000000       -3.58723067E-02
  0.22949218750000000       -3.50625105E-02
  0.23925781250000000       -3.42737064E-02
  0.24902343750000000       -3.35052907E-02
  0.25878906250000000       -3.27566788E-02
  0.26855468750000000       -3.20273079E-02
  0.27832031250000000       -3.13166305E-02
  0.28808593750000000       -3.06241140E-02
  0.29785156250000000       -2.99492497E-02
  0.30761718750000000       -2.92915311E-02
  0.31738281250000000       -2.86504850E-02
  0.32714843750000000       -2.80256346E-02
  0.33691406250000000       -2.74165291E-02
  0.34667968750000000       -2.68227309E-02
  0.35644531250000000       -2.62438096E-02
  0.36621093750000000       -2.56793518E-02
  0.37597656250000000       -2.51289587E-02
  0.38574218750000000       -2.45922357E-02
  0.39550781250000000       -2.40688119E-02
  0.40527343750000000       -2.35583149E-02
  0.41503906250000000       -2.30603907E-02
  0.42480468750000000       -2.25746967E-02
  0.43457031250000000       -2.21008975E-02
  0.44433593750000000       -2.16386709E-02
  0.45410156250000000       -2.11876966E-02
  0.46386718750000000       -2.07476746E-02
  0.47363281250000000       -2.03183033E-02
  0.48339843750000000       -1.98992994E-02
  0.49316406250000000       -1.94903817E-02
  0.50292968750000000       -1.90912765E-02
  0.51269531250000000       -1.87017266E-02
  0.52246093750000000       -1.83214713E-02
  0.53222656250000000       -1.79502666E-02
  0.54199218750000000       -1.75878666E-02
  0.55175781250000000       -1.72340423E-02
  0.56152343750000000       -1.68885645E-02
  0.57128906250000000       -1.65512115E-02
  0.58105468750000000       -1.62217729E-02
  0.59082031250000000       -1.59000382E-02
  0.60058593750000000       -1.55858053E-02
  0.61035156250000000       -1.52788796E-02
  0.62011718750000000       -1.49790682E-02
  0.62988281250000000       -1.46861868E-02
  0.63964843750000000       -1.44000566E-02
  0.64941406250000000       -1.41205015E-02
  0.65917968750000000       -1.38473539E-02
  0.66894531250000000       -1.35804452E-02
  0.67871093750000000       -1.33196171E-02
  0.68847656250000000       -1.30647151E-02
  0.69824218750000000       -1.28155844E-02
  0.70800781250000000       -1.25720808E-02
  0.71777343750000000       -1.23340609E-02
  0.72753906250000000       -1.21013839E-02
  0.73730468750000000       -1.18739139E-02
  0.74707031250000000       -1.16515234E-02
  0.75683593750000000       -1.14340810E-02
  0.76660156250000000       -1.12214629E-02
  0.77636718750000000       -1.10135488E-02
  0.78613281250000000       -1.08102206E-02
  0.79589843750000000       -1.06113655E-02
  0.80566406250000000       -1.04168709E-02
  0.81542968750000000       -1.02266297E-02
  0.82519531250000000       -1.00405347E-02
  0.83496093750000000       -9.85848531E-03
  0.84472656250000000       -9.68038104E-03
  0.85449218750000000       -9.50612593E-03
  0.86425781250000000       -9.33562499E-03
  0.87402343750000000       -9.16878693E-03
  0.88378906250000000       -9.00552329E-03
  0.89355468750000000       -8.84574465E-03
  0.90332031250000000       -8.68936814E-03
  0.91308593750000000       -8.53631273E-03
  0.92285156250000000       -8.38649739E-03
  0.93261718750000000       -8.23984295E-03
  0.94238281250000000       -8.09627492E-03
  0.95214843750000000       -7.95571785E-03
  0.96191406250000000       -7.81810191E-03
  0.97167968750000000       -7.68335629E-03
  0.98144531250000000       -7.55141163E-03
  0.99121093750000000       -7.42220413E-03
   1.0009765625000000       -7.29566626E-03
   1.0107421875000000       -7.17173889E-03
   1.0205078125000000       -7.05035543E-03
   1.0302734375000000       -6.93146139E-03
   1.0400390625000000       -6.81499345E-03
   1.0498046875000000       -6.70089992E-03
   1.0595703125000000       -6.58912444E-03
   1.0693359375000000       -6.47960883E-03
   1.0791015625000000       -6.37230603E-03
   1.0888671875000000       -6.26716297E-03
   1.0986328125000000       -6.16413029E-03
   1.1083984375000000       -6.06315909E-03
   1.1181640625000000       -5.96420281E-03
   1.1279296875000000       -5.86721394E-03
   1.1376953125000000       -5.77214872E-03
   1.1474609375000000       -5.67896198E-03
   1.1572265625000000       -5.58761368E-03
   1.1669921875000000       -5.49806049E-03
   1.1767578125000000       -5.41026425E-03
   1.1865234375000000       -5.32418117E-03
   1.1962890625000000       -5.23977494E-03
   1.2060546875000000       -5.15701063E-03
   1.2158203125000000       -5.07584726E-03
   1.2255859375000000       -4.99625225E-03
   1.2353515625000000       -4.91818879E-03
   1.2451171875000000       -4.84162290E-03
   1.2548828125000000       -4.76652430E-03
   1.2646484375000000       -4.69285622E-03
   1.2744140625000000       -4.62059025E-03
   1.2841796875000000       -4.54969751E-03
   1.2939453125000000       -4.48014261E-03
   1.3037109375000000       -4.41190135E-03
   1.3134765625000000       -4.34494205E-03
   1.3232421875000000       -4.27923771E-03
   1.3330078125000000       -4.21476178E-03
   1.3427734375000000       -4.15148679E-03
   1.3525390625000000       -4.08938713E-03
   1.3623046875000000       -4.02843812E-03
   1.3720703125000000       -3.96861508E-03
   1.3818359375000000       -3.90989333E-03
   1.3916015625000000       -3.85225052E-03
   1.4013671875000000       -3.79566057E-03
   1.4111328125000000       -3.74010671E-03
   1.4208984375000000       -3.68556171E-03
   1.4306640625000000       -3.63200577E-03
   1.4404296875000000       -3.57941980E-03
   1.4501953125000000       -3.52778169E-03
   1.4599609375000000       -3.47707304E-03
   1.4697265625000000       -3.42727383E-03
   1.4794921875000000       -3.37836356E-03
   1.4892578125000000       -3.33032641E-03
   1.4990234375000000       -3.28314211E-03
   1.5087890625000000       -3.23679438E-03
   1.5185546875000000       -3.19126528E-03
   1.5283203125000000       -3.14653735E-03
   1.5380859375000000       -3.10259685E-03
   1.5478515625000000       -3.05942376E-03
   1.5576171875000000       -3.01700621E-03
   1.5673828125000000       -2.97532510E-03
   1.5771484375000000       -2.93436926E-03
   1.5869140625000000       -2.89412169E-03
   1.5966796875000000       -2.85456865E-03
   1.6064453125000000       -2.81569664E-03
   1.6162109375000000       -2.77749100E-03
   1.6259765625000000       -2.73993774E-03
   1.6357421875000000       -2.70302664E-03
   1.6455078125000000       -2.66674254E-03
   1.6552734375000000       -2.63107358E-03
   1.6650390625000000       -2.59600650E-03
   1.6748046875000000       -2.56153196E-03
   1.6845703125000000       -2.52763601E-03
   1.6943359375000000       -2.49430863E-03
   1.7041015625000000       -2.46153795E-03
   1.7138671875000000       -2.42931256E-03
   1.7236328125000000       -2.39762361E-03
   1.7333984375000000       -2.36645807E-03
   1.7431640625000000       -2.33580801E-03
   1.7529296875000000       -2.30566249E-03
   1.7626953125000000       -2.27601174E-03
   1.7724609375000000       -2.24684575E-03
   1.7822265625000000       -2.21815682E-03
   1.7919921875000000       -2.18993425E-03
   1.8017578125000000       -2.16216990E-03
   1.8115234375000000       -2.13485537E-03
   1.8212890625000000       -2.10798020E-03
   1.8310546875000000       -2.08153832E-03
   1.8408203125000000       -2.05552042E-03
   1.8505859375000000       -2.02991790E-03
   1.8603515625000000       -2.00472493E-03
   1.8701171875000000       -1.97993126E-03
   1.8798828125000000       -1.95553130E-03
   1.8896484375000000       -1.93151750E-03
   1.8994140625000000       -1.90788100E-03
   1.9091796875000000       -1.88461668E-03
   1.9189453125000000       -1.86171720E-03
   1.9287109375000000       -1.83917535E-03
   1.9384765625000000       -1.81698415E-03
   1.9482421875000000       -1.79513881E-03
   1.9580078125000000       -1.77363132E-03
   1.9677734375000000       -1.75245618E-03
   1.9775390625000000       -1.73160771E-03
   1.9873046875000000       -1.71107857E-03
   1.9970703125000000       -1.69086445E-03
   2.0068359375000000       -1.67095894E-03
   2.0166015625000000       -1.65135611E-03
   2.0263671875000000       -1.63205166E-03
   2.0361328125000000       -1.61303894E-03
   2.0458984375000000       -1.59431295E-03
   2.0556640625000000       -1.57586986E-03
   2.0654296875000000       -1.55770313E-03
   2.0751953125000000       -1.53980812E-03
   2.0849609375000000       -1.52218039E-03
   2.0947265625000000       -1.50481437E-03
   2.1044921875000000       -1.48770690E-03
   2.1142578125000000       -1.47085264E-03
   2.1240234375000000       -1.45424739E-03
   2.1337890625000000       -1.43788522E-03
   2.1435546875000000       -1.42176473E-03
   2.1533203125000000       -1.40587927E-03
   2.1630859375000000       -1.39022502E-03
   2.1728515625000000       -1.37479987E-03
   2.1826171875000000       -1.35959731E-03
   2.1923828125000000       -1.34461536E-03
   2.2021484375000000       -1.32984971E-03
   2.2119140625000000       -1.31529570E-03
   2.2216796875000000       -1.30095158E-03
   2.2314453125000000       -1.28681143E-03
   2.2412109375000000       -1.27287419E-03
   2.2509765625000000       -1.25913415E-03
   2.2607421875000000       -1.24558969E-03
   2.2705078125000000       -1.23223662E-03
   2.2802734375000000       -1.21907180E-03
   2.2900390625000000       -1.20609300E-03
   2.2998046875000000       -1.19329535E-03
   2.3095703125000000       -1.18067686E-03
   2.3193359375000000       -1.16823439E-03
   2.3291015625000000       -1.15596503E-03
   2.3388671875000000       -1.14386587E-03
   2.3486328125000000       -1.13193493E-03
   2.3583984375000000       -1.12016778E-03
   2.3681640625000000       -1.10856246E-03
   2.3779296875000000       -1.09711639E-03
   2.3876953125000000       -1.08582678E-03
   2.3974609375000000       -1.07469189E-03
   2.4072265625000000       -1.06370810E-03
   2.4169921875000000       -1.05287321E-03
   2.4267578125000000       -1.04218465E-03
   2.4365234375000000       -1.03164127E-03
   2.4462890625000000       -1.02123863E-03
   2.4560546875000000       -1.01097638E-03
   2.4658203125000000       -1.00085163E-03
   2.4755859375000000       -9.90861095E-04
   2.4853515625000000       -9.81004210E-04
   2.4951171875000000       -9.71278525E-04
   2.5048828125000000       -9.61681188E-04
   2.5146484375000000       -9.52210044E-04
   2.5244140625000000       -9.42864339E-04
   2.5341796875000000       -9.33640578E-04
   2.5439453125000000       -9.24538064E-04
   2.5537109375000000       -9.15554701E-04
   2.5634765625000000       -9.06687812E-04
   2.5732421875000000       -8.97936756E-04
   2.5830078125000000       -8.89298273E-04
   2.5927734375000000       -8.80771666E-04
   2.6025390625000000       -8.72355129E-04
   2.6123046875000000       -8.64046684E-04
   2.6220703125000000       -8.55844584E-04
   2.6318359375000000       -8.47747549E-04
   2.6416015625000000       -8.39753193E-04
   2.6513671875000000       -8.31860991E-04
   2.6611328125000000       -8.24068615E-04
   2.6708984375000000       -8.16374901E-04
   2.6806640625000000       -8.08778161E-04
   2.6904296875000000       -8.01276765E-04
   2.7001953125000000       -7.93869607E-04
   2.7099609375000000       -7.86555116E-04
   2.7197265625000000       -7.79331604E-04
   2.7294921875000000       -7.72198197E-04
   2.7392578125000000       -7.65153207E-04
   2.7490234375000000       -7.58195762E-04
   2.7587890625000000       -7.51323765E-04
   2.7685546875000000       -7.44536810E-04
   2.7783203125000000       -7.37832859E-04
   2.7880859375000000       -7.31211039E-04
   2.7978515625000000       -7.24669895E-04
   2.8076171875000000       -7.18209136E-04
   2.8173828125000000       -7.11826258E-04
   2.8271484375000000       -7.05520913E-04
   2.8369140625000000       -6.99291821E-04
   2.8466796875000000       -6.93137641E-04
   2.8564453125000000       -6.87058026E-04
   2.8662109375000000       -6.81050646E-04
   2.8759765625000000       -6.75115793E-04
   2.8857421875000000       -6.69251138E-04
   2.8955078125000000       -6.63456449E-04
   2.9052734375000000       -6.57730503E-04
   2.9150390625000000       -6.52072602E-04
   2.9248046875000000       -6.46481465E-04
   2.9345703125000000       -6.40955928E-04
   2.9443359375000000       -6.35495293E-04
   2.9541015625000000       -6.30098919E-04
   2.9638671875000000       -6.24765642E-04
   2.9736328125000000       -6.19494298E-04
   2.9833984375000000       -6.14284247E-04
   2.9931640625000000       -6.09134382E-04
   3.0029296875000000       -6.04044646E-04
   3.0126953125000000       -5.99013409E-04
   3.0224609375000000       -5.94040030E-04
   3.0322265625000000       -5.89123461E-04
   3.0419921875000000       -5.84263704E-04
   3.0517578125000000       -5.79459127E-04
   3.0615234375000000       -5.74709265E-04
   3.0712890625000000       -5.70013479E-04
   3.0810546875000000       -5.65370836E-04
   3.0908203125000000       -5.60780813E-04
   3.1005859375000000       -5.56242827E-04
   3.1103515625000000       -5.51755540E-04
   3.1201171875000000       -5.47318312E-04
   3.1298828125000000       -5.42931259E-04
   3.1396484375000000       -5.38592867E-04
   3.1494140625000000       -5.34303195E-04
   3.1591796875000000       -5.30060846E-04
   3.1689453125000000       -5.25865355E-04
   3.1787109375000000       -5.21716720E-04
   3.1884765625000000       -5.17613546E-04
   3.1982421875000000       -5.13555482E-04
   3.2080078125000000       -5.09542064E-04
   3.2177734375000000       -5.05572418E-04
   3.2275390625000000       -5.01646136E-04
   3.2373046875000000       -4.97762812E-04
   3.2470703125000000       -4.93921165E-04
   3.2568359375000000       -4.90121718E-04
   3.2666015625000000       -4.86363133E-04
   3.2763671875000000       -4.82645060E-04
   3.2861328125000000       -4.78967122E-04
   3.2958984375000000       -4.75328532E-04
   3.3056640625000000       -4.71728941E-04
   3.3154296875000000       -4.68167505E-04
   3.3251953125000000       -4.64644341E-04
   3.3349609375000000       -4.61158692E-04
   3.3447265625000000       -4.57709772E-04
   3.3544921875000000       -4.54297231E-04
   3.3642578125000000       -4.50920779E-04
   3.3740234375000000       -4.47580067E-04
   3.3837890625000000       -4.44274367E-04
   3.3935546875000000       -4.41002951E-04
   3.4033203125000000       -4.37766314E-04
   3.4130859375000000       -4.34562942E-04
   3.4228515625000000       -4.31392953E-04
   3.4326171875000000       -4.28256055E-04
   3.4423828125000000       -4.25151491E-04
   3.4521484375000000       -4.22079058E-04
   3.4619140625000000       -4.19038028E-04
   3.4716796875000000       -4.16028546E-04
   3.4814453125000000       -4.13049507E-04
   3.4912109375000000       -4.10101493E-04
   3.5009765625000000       -4.07182990E-04
   3.5107421875000000       -4.04294580E-04
   3.5205078125000000       -4.01435565E-04
   3.5302734375000000       -3.98605334E-04
   3.5400390625000000       -3.95803654E-04
   3.5498046875000000       -3.93030234E-04
   3.5595703125000000       -3.90284869E-04
   3.5693359375000000       -3.87566950E-04
   3.5791015625000000       -3.84876214E-04
   3.5888671875000000       -3.82212427E-04
   3.5986328125000000       -3.79575387E-04
   3.6083984375000000       -3.76964104E-04
   3.6181640625000000       -3.74379102E-04
   3.6279296875000000       -3.71819420E-04
   3.6376953125000000       -3.69285233E-04
   3.6474609375000000       -3.66775930E-04
   3.6572265625000000       -3.64291365E-04
   3.6669921875000000       -3.61830898E-04
   3.6767578125000000       -3.59394704E-04
   3.6865234375000000       -3.56982287E-04
   3.6962890625000000       -3.54593358E-04
   3.7060546875000000       -3.52227798E-04
   3.7158203125000000       -3.49884998E-04
   3.7255859375000000       -3.47564841E-04
   3.7353515625000000       -3.45267064E-04
   3.7451171875000000       -3.42991552E-04
   3.7548828125000000       -3.40737752E-04
   3.7646484375000000       -3.38505837E-04
   3.7744140625000000       -3.36294906E-04
   3.7841796875000000       -3.34105192E-04
   3.7939453125000000       -3.31936491E-04
   3.8037109375000000       -3.29788279E-04
   3.8134765625000000       -3.27660411E-04
   3.8232421875000000       -3.25552741E-04
   3.8330078125000000       -3.23464745E-04
   3.8427734375000000       -3.21396627E-04
   3.8525390625000000       -3.19347862E-04
   3.8623046875000000       -3.17318307E-04
   3.8720703125000000       -3.15307843E-04
   3.8818359375000000       -3.13315948E-04
   3.8916015625000000       -3.11342854E-04
   3.9013671875000000       -3.09387688E-04
   3.9111328125000000       -3.07451031E-04
   3.9208984375000000       -3.05532070E-04
   3.9306640625000000       -3.03630950E-04
   3.9404296875000000       -3.01747263E-04
   3.9501953125000000       -2.99880863E-04
   3.9599609375000000       -2.98031926E-04
   3.9697265625000000       -2.96199345E-04
   3.9794921875000000       -2.94383994E-04
   3.9892578125000000       -2.92584766E-04
   3.9990234375000000       -2.90802156E-04
   4.0087890625000000       -2.89035757E-04
   4.0185546875000000       -2.87285104E-04
   4.0283203125000000       -2.85550399E-04
   4.0380859375000000       -2.83831498E-04
   4.0478515625000000       -2.82127730E-04
   4.0576171875000000       -2.80439534E-04
   4.0673828125000000       -2.78766500E-04
   4.0771484375000000       -2.77108251E-04
   4.0869140625000000       -2.75464612E-04
   4.0966796875000000       -2.73835845E-04
   4.1064453125000000       -2.72221485E-04
   4.1162109375000000       -2.70621444E-04
   4.1259765625000000       -2.69035605E-04
   4.1357421875000000       -2.67463591E-04
   4.1455078125000000       -2.65905604E-04
   4.1552734375000000       -2.64361210E-04
   4.1650390625000000       -2.62830319E-04
   4.1748046875000000       -2.61313136E-04
   4.1845703125000000       -2.59808963E-04
   4.1943359375000000       -2.58317741E-04
   4.2041015625000000       -2.56839645E-04
   4.2138671875000000       -2.55374267E-04
   4.2236328125000000       -2.53921840E-04
   4.2333984375000000       -2.52481695E-04
   4.2431640625000000       -2.51054269E-04
   4.2529296875000000       -2.49638979E-04
   4.2626953125000000       -2.48235679E-04
   4.2724609375000000       -2.46844575E-04
   4.2822265625000000       -2.45465315E-04
   4.2919921875000000       -2.44097813E-04
   4.3017578125000000       -2.42742259E-04
   4.3115234375000000       -2.41397734E-04
   4.3212890625000000       -2.40064997E-04
   4.3310546875000000       -2.38743407E-04
   4.3408203125000000       -2.37432905E-04
   4.3505859375000000       -2.36133666E-04
   4.3603515625000000       -2.34845342E-04
   4.3701171875000000       -2.33567596E-04
   4.3798828125000000       -2.32300881E-04
   4.3896484375000000       -2.31044600E-04
   4.3994140625000000       -2.29798665E-04
   4.4091796875000000       -2.28563295E-04
   4.4189453125000000       -2.27338387E-04
   4.4287109375000000       -2.26123346E-04
   4.4384765625000000       -2.24918389E-04
   4.4482421875000000       -2.23723444E-04
   4.4580078125000000       -2.22538423E-04
   4.4677734375000000       -2.21363269E-04
   4.4775390625000000       -2.20197660E-04
   4.4873046875000000       -2.19041525E-04
   4.4970703125000000       -2.17894805E-04
   4.5068359375000000       -2.16757689E-04
   4.5166015625000000       -2.15629610E-04
   4.5263671875000000       -2.14511005E-04
   4.5361328125000000       -2.13401305E-04
   4.5458984375000000       -2.12300714E-04
   4.5556640625000000       -2.11208899E-04
   4.5654296875000000       -2.10125829E-04
   4.5751953125000000       -2.09051679E-04
   4.5849609375000000       -2.07986144E-04
   4.5947265625000000       -2.06929166E-04
   4.6044921875000000       -2.05880700E-04
   4.6142578125000000       -2.04840428E-04
   4.6240234375000000       -2.03808551E-04
   4.6337890625000000       -2.02784999E-04
   4.6435546875000000       -2.01769508E-04
   4.6533203125000000       -2.00762224E-04
   4.6630859375000000       -1.99762886E-04
   4.6728515625000000       -1.98771435E-04
   4.6826171875000000       -1.97787813E-04
   4.6923828125000000       -1.96811729E-04
   4.7021484375000000       -1.95843619E-04
   4.7119140625000000       -1.94882959E-04
   4.7216796875000000       -1.93929925E-04
   4.7314453125000000       -1.92984240E-04
   4.7412109375000000       -1.92046093E-04
   4.7509765625000000       -1.91115207E-04
   4.7607421875000000       -1.90191524E-04
   4.7705078125000000       -1.89275001E-04
   4.7802734375000000       -1.88365608E-04
   4.7900390625000000       -1.87463287E-04
   4.7998046875000000       -1.86567981E-04
   4.8095703125000000       -1.85679441E-04
   4.8193359375000000       -1.84797842E-04
   4.8291015625000000       -1.83923141E-04
   4.8388671875000000       -1.83055061E-04
   4.8486328125000000       -1.82193573E-04
   4.8583984375000000       -1.81338633E-04
   4.8681640625000000       -1.80490199E-04
   4.8779296875000000       -1.79648443E-04
   4.8876953125000000       -1.78812901E-04
   4.8974609375000000       -1.77983748E-04
   4.9072265625000000       -1.77160939E-04
   4.9169921875000000       -1.76344212E-04
   4.9267578125000000       -1.75533743E-04
   4.9365234375000000       -1.74729532E-04
   4.9462890625000000       -1.73931054E-04
   4.9560546875000000       -1.73138746E-04
   4.9658203125000000       -1.72352549E-04
   4.9755859375000000       -1.71572014E-04
   4.9853515625000000       -1.70797299E-04
   4.9951171875000000       -1.70028608E-04
   5.0048828125000000       -1.69265462E-04
   5.0146484375000000       -1.68508035E-04
   5.0244140625000000       -1.67756094E-04
   5.0341796875000000       -1.67009799E-04
   5.0439453125000000       -1.66269150E-04
   5.0537109375000000       -1.65533871E-04
   5.0634765625000000       -1.64804151E-04
   5.0732421875000000       -1.64079756E-04
   5.0830078125000000       -1.63360426E-04
   5.0927734375000000       -1.62646771E-04
   5.1025390625000000       -1.61938136E-04
   5.1123046875000000       -1.61234697E-04
   5.1220703125000000       -1.60536423E-04
   5.1318359375000000       -1.59843068E-04
   5.1416015625000000       -1.59155024E-04
   5.1513671875000000       -1.58471841E-04
   5.1611328125000000       -1.57793707E-04
   5.1708984375000000       -1.57120390E-04
   5.1806640625000000       -1.56451861E-04
   5.1904296875000000       -1.55788279E-04
   5.2001953125000000       -1.55129426E-04
   5.2099609375000000       -1.54475478E-04
   5.2197265625000000       -1.53826011E-04
   5.2294921875000000       -1.53181390E-04
   5.2392578125000000       -1.52541383E-04
   5.2490234375000000       -1.51905770E-04
   5.2587890625000000       -1.51274930E-04
   5.2685546875000000       -1.50648440E-04
   5.2783203125000000       -1.50026463E-04
   5.2880859375000000       -1.49408777E-04
   5.2978515625000000       -1.48795560E-04
   5.3076171875000000       -1.48186795E-04
   5.3173828125000000       -1.47582236E-04
   5.3271484375000000       -1.46981896E-04
   5.3369140625000000       -1.46385908E-04
   5.3466796875000000       -1.45794082E-04
   5.3564453125000000       -1.45206388E-04
   5.3662109375000000       -1.44622783E-04
   5.3759765625000000       -1.44043472E-04
   5.3857421875000000       -1.43468031E-04
   5.3955078125000000       -1.42896621E-04
   5.4052734375000000       -1.42329227E-04
   5.4150390625000000       -1.41765820E-04
   5.4248046875000000       -1.41206212E-04
   5.4345703125000000       -1.40650736E-04
   5.4443359375000000       -1.40098811E-04
   5.4541015625000000       -1.39550990E-04
   5.4638671875000000       -1.39006879E-04
   5.4736328125000000       -1.38466436E-04
   5.4833984375000000       -1.37929834E-04
   5.4931640625000000       -1.37396884E-04
   5.5029296875000000       -1.36867558E-04
   5.5126953125000000       -1.36341827E-04
   5.5224609375000000       -1.35819864E-04
   5.5322265625000000       -1.35301292E-04
   5.5419921875000000       -1.34786431E-04
   5.5517578125000000       -1.34275106E-04
   5.5615234375000000       -1.33767098E-04
   5.5712890625000000       -1.33262773E-04
   5.5810546875000000       -1.32761736E-04
   5.5908203125000000       -1.32264133E-04
   5.6005859375000000       -1.31769804E-04
   5.6103515625000000       -1.31278881E-04
   5.6201171875000000       -1.30791363E-04
   5.6298828125000000       -1.30307046E-04
   5.6396484375000000       -1.29826090E-04
   5.6494140625000000       -1.29348307E-04
   5.6591796875000000       -1.28873857E-04
   5.6689453125000000       -1.28402535E-04
   5.6787109375000000       -1.27934341E-04
   5.6884765625000000       -1.27469248E-04
   5.6982421875000000       -1.27007239E-04
   5.7080078125000000       -1.26548475E-04
   5.7177734375000000       -1.26092782E-04
   5.7275390625000000       -1.25639941E-04
   5.7373046875000000       -1.25190301E-04
   5.7470703125000000       -1.24743499E-04
   5.7568359375000000       -1.24299695E-04
   5.7666015625000000       -1.23859048E-04
   5.7763671875000000       -1.23421007E-04
   5.7861328125000000       -1.22986094E-04
   5.7958984375000000       -1.22553945E-04
   5.8056640625000000       -1.22124722E-04
   5.8154296875000000       -1.21698402E-04
   5.8251953125000000       -1.21274628E-04
   5.8349609375000000       -1.20853911E-04
   5.8447265625000000       -1.20435885E-04
   5.8544921875000000       -1.20020537E-04
   5.8642578125000000       -1.19607859E-04
   5.8740234375000000       -1.19198005E-04
   5.8837890625000000       -1.18790791E-04
   5.8935546875000000       -1.18386204E-04
   5.9033203125000000       -1.17984404E-04
   5.9130859375000000       -1.17585041E-04
   5.9228515625000000       -1.17188429E-04
   5.9326171875000000       -1.16794399E-04
   5.9423828125000000       -1.16402764E-04
   5.9521484375000000       -1.16013849E-04
   5.9619140625000000       -1.15627307E-04
   5.9716796875000000       -1.15243296E-04
   5.9814453125000000       -1.14861796E-04
   5.9912109375000000       -1.14482806E-04
   6.0009765625000000       -1.14106311E-04
   6.0107421875000000       -1.13732123E-04
   6.0205078125000000       -1.13360409E-04
   6.0302734375000000       -1.12990994E-04
   6.0400390625000000       -1.12624017E-04
   6.0498046875000000       -1.12259484E-04
   6.0595703125000000       -1.11897207E-04
   6.0693359375000000       -1.11537178E-04
   6.0791015625000000       -1.11179557E-04
   6.0888671875000000       -1.10824163E-04
   6.0986328125000000       -1.10471148E-04
   6.1083984375000000       -1.10120185E-04
   6.1181640625000000       -1.09771572E-04
   6.1279296875000000       -1.09425317E-04
   6.1376953125000000       -1.09081077E-04
   6.1474609375000000       -1.08739165E-04
   6.1572265625000000       -1.08399247E-04
   6.1669921875000000       -1.08061635E-04
   6.1767578125000000       -1.07726170E-04
   6.1865234375000000       -1.07392669E-04
   6.1962890625000000       -1.07061445E-04
   6.2060546875000000       -1.06732172E-04
   6.2158203125000000       -1.06405161E-04
   6.2255859375000000       -1.06080079E-04
   6.2353515625000000       -1.05757077E-04
   6.2451171875000000       -1.05436149E-04
   6.2548828125000000       -1.05117128E-04
   6.2646484375000000       -1.04800158E-04
   6.2744140625000000       -1.04485240E-04
   6.2841796875000000       -1.04172352E-04
   6.2939453125000000       -1.03861334E-04
   6.3037109375000000       -1.03552185E-04
   6.3134765625000000       -1.03245038E-04
   6.3232421875000000       -1.02939899E-04
   6.3330078125000000       -1.02636594E-04
   6.3427734375000000       -1.02335282E-04
   6.3525390625000000       -1.02035781E-04
   6.3623046875000000       -1.01738100E-04
   6.3720703125000000       -1.01442223E-04
   6.3818359375000000       -1.01148296E-04
   6.3916015625000000       -1.00856159E-04
   6.4013671875000000       -1.00565958E-04
   6.4111328125000000       -1.00277379E-04
   6.4208984375000000       -9.99907206E-05
   6.4306640625000000       -9.97058232E-05
   6.4404296875000000       -9.94225193E-05
   6.4501953125000000       -9.91411216E-05
   6.4599609375000000       -9.88614484E-05
   6.4697265625000000       -9.85835140E-05
   6.4794921875000000       -9.83073041E-05
   6.4892578125000000       -9.80328041E-05
   6.4990234375000000       -9.77600139E-05
   6.5087890625000000       -9.74889190E-05
   6.5185546875000000       -9.72193739E-05
   6.5283203125000000       -9.69516695E-05
   6.5380859375000000       -9.66854932E-05
   6.5478515625000000       -9.64209903E-05
   6.5576171875000000       -9.61581463E-05
   6.5673828125000000       -9.58968230E-05
   6.5771484375000000       -9.56371514E-05
   6.5869140625000000       -9.53791241E-05
   6.5966796875000000       -9.51225884E-05
   6.6064453125000000       -9.48676898E-05
   6.6162109375000000       -9.46144137E-05
   6.6259765625000000       -9.43626146E-05
   6.6357421875000000       -9.41122853E-05
   6.6455078125000000       -9.38637022E-05
   6.6552734375000000       -9.36164361E-05
   6.6650390625000000       -9.33707634E-05
   6.6748046875000000       -9.31265313E-05
   6.6845703125000000       -9.28838854E-05
   6.6943359375000000       -9.26426728E-05
   6.7041015625000000       -9.24030246E-05
   6.7138671875000000       -9.21646570E-05
   6.7236328125000000       -9.19278536E-05
   6.7333984375000000       -9.16925928E-05
   6.7431640625000000       -9.14585980E-05
   6.7529296875000000       -9.12261457E-05
   6.7626953125000000       -9.09950832E-05
   6.7724609375000000       -9.07654030E-05
   6.7822265625000000       -9.05371126E-05
   6.7919921875000000       -9.03101973E-05
   6.8017578125000000       -9.00846499E-05
   6.8115234375000000       -8.98604703E-05
   6.8212890625000000       -8.96377896E-05
   6.8310546875000000       -8.94163240E-05
   6.8408203125000000       -8.91962045E-05
   6.8505859375000000       -8.89775765E-05
   6.8603515625000000       -8.87601491E-05
   6.8701171875000000       -8.85440531E-05
   6.8798828125000000       -8.83292814E-05
   6.8896484375000000       -8.81158412E-05
   6.8994140625000000       -8.79035797E-05
   6.9091796875000000       -8.76927734E-05
   6.9189453125000000       -8.74831385E-05
   6.9287109375000000       -8.72748060E-05
   6.9384765625000000       -8.70677759E-05
   6.9482421875000000       -8.68619027E-05
   6.9580078125000000       -8.66573173E-05
   6.9677734375000000       -8.64540198E-05
   6.9775390625000000       -8.62518646E-05
   6.9873046875000000       -8.60511282E-05
   6.9970703125000000       -8.58513886E-05
   7.0068359375000000       -8.56529150E-05
   7.0166015625000000       -8.54557002E-05
   7.0263671875000000       -8.52597514E-05
   7.0361328125000000       -8.50649158E-05
   7.0458984375000000       -8.48712007E-05
   7.0556640625000000       -8.46787225E-05
   7.0654296875000000       -8.44873575E-05
   7.0751953125000000       -8.42972222E-05
   7.0849609375000000       -8.41081928E-05
   7.0947265625000000       -8.39203858E-05
   7.1044921875000000       -8.37336702E-05
   7.1142578125000000       -8.35480387E-05
   7.1240234375000000       -8.33636223E-05
   7.1337890625000000       -8.31802899E-05
   7.1435546875000000       -8.29980272E-05
   7.1533203125000000       -8.28168340E-05
   7.1630859375000000       -8.26368414E-05
   7.1728515625000000       -8.24579038E-05
   7.1826171875000000       -8.22800357E-05
   7.1923828125000000       -8.21033464E-05
   7.2021484375000000       -8.19277193E-05
   7.2119140625000000       -8.17529944E-05
   7.2216796875000000       -8.15794556E-05
   7.2314453125000000       -8.14069499E-05
   7.2412109375000000       -8.12354847E-05
   7.2509765625000000       -8.10651836E-05
   7.2607421875000000       -8.08957848E-05
   7.2705078125000000       -8.07274046E-05
   7.2802734375000000       -8.05600503E-05
   7.2900390625000000       -8.03938456E-05
   7.2998046875000000       -8.02285285E-05
   7.3095703125000000       -8.00643538E-05
   7.3193359375000000       -7.99010522E-05
   7.3291015625000000       -7.97387620E-05
   7.3388671875000000       -7.95774686E-05
   7.3486328125000000       -7.94171792E-05
   7.3583984375000000       -7.92578794E-05
   7.3681640625000000       -7.90995764E-05
   7.3779296875000000       -7.89422629E-05
   7.3876953125000000       -7.87858080E-05
   7.3974609375000000       -7.86303353E-05
   7.4072265625000000       -7.84758377E-05
   7.4169921875000000       -7.83223222E-05
   7.4267578125000000       -7.81697745E-05
   7.4365234375000000       -7.80180708E-05
   7.4462890625000000       -7.78674657E-05
   7.4560546875000000       -7.77175665E-05
   7.4658203125000000       -7.75687586E-05
   7.4755859375000000       -7.74207801E-05
   7.4853515625000000       -7.72737549E-05
   7.4951171875000000       -7.71276827E-05
   7.5048828125000000       -7.69824328E-05
   7.5146484375000000       -7.68381360E-05
   7.5244140625000000       -7.66946469E-05
   7.5341796875000000       -7.65521036E-05
   7.5439453125000000       -7.64104989E-05
   7.5537109375000000       -7.62697018E-05
   7.5634765625000000       -7.61298361E-05
   7.5732421875000000       -7.59907707E-05
   7.5830078125000000       -7.58526367E-05
   7.5927734375000000       -7.57153030E-05
   7.6025390625000000       -7.55788933E-05
   7.6123046875000000       -7.54432695E-05
   7.6220703125000000       -7.53085624E-05
   7.6318359375000000       -7.51746484E-05
   7.6416015625000000       -7.50415202E-05
   7.6513671875000000       -7.49092942E-05
   7.6611328125000000       -7.47779850E-05
   7.6708984375000000       -7.46474470E-05
   7.6806640625000000       -7.45176876E-05
   7.6904296875000000       -7.43886994E-05
   7.7001953125000000       -7.42606062E-05
   7.7099609375000000       -7.41332842E-05
   7.7197265625000000       -7.40068572E-05
   7.7294921875000000       -7.38810631E-05
   7.7392578125000000       -7.37561568E-05
   7.7490234375000000       -7.36321381E-05
   7.7587890625000000       -7.35087524E-05
   7.7685546875000000       -7.33862471E-05
   7.7783203125000000       -7.32644912E-05
   7.7880859375000000       -7.31436085E-05
   7.7978515625000000       -7.30233587E-05
   7.8076171875000000       -7.29039748E-05
   7.8173828125000000       -7.27853330E-05
   7.8271484375000000       -7.26674407E-05
   7.8369140625000000       -7.25502832E-05
   7.8466796875000000       -7.24338606E-05
   7.8564453125000000       -7.23183039E-05
   7.8662109375000000       -7.22033583E-05
   7.8759765625000000       -7.20892640E-05
   7.8857421875000000       -7.19758973E-05
   7.8955078125000000       -7.18632655E-05
   7.9052734375000000       -7.17513540E-05
   7.9150390625000000       -7.16401701E-05
   7.9248046875000000       -7.15297065E-05
   7.9345703125000000       -7.14199632E-05
   7.9443359375000000       -7.13109403E-05
   7.9541015625000000       -7.12026376E-05
   7.9638671875000000       -7.10951645E-05
   7.9736328125000000       -7.09882806E-05
   7.9833984375000000       -7.08821099E-05
   7.9931640625000000       -7.07766521E-05
   8.0029296875000000       -7.06719002E-05
   8.0126953125000000       -7.05678467E-05
   8.0224609375000000       -7.04645063E-05
   8.0322265625000000       -7.03618643E-05
   8.0419921875000000       -7.02599209E-05
   8.0517578125000000       -7.01585523E-05
   8.0615234375000000       -7.00580058E-05
   8.0712890625000000       -6.99580269E-05
   8.0810546875000000       -6.98587464E-05
   8.0908203125000000       -6.97602809E-05
   8.1005859375000000       -6.96623756E-05
   8.1103515625000000       -6.95650451E-05
   8.1201171875000000       -6.94685150E-05
   8.1298828125000000       -6.93726761E-05
   8.1396484375000000       -6.92773974E-05
   8.1494140625000000       -6.91828027E-05
   8.1591796875000000       -6.90888846E-05
   8.1689453125000000       -6.89955195E-05
   8.1787109375000000       -6.89029621E-05
   8.1884765625000000       -6.88109503E-05
   8.1982421875000000       -6.87196152E-05
   8.2080078125000000       -6.86288331E-05
   8.2177734375000000       -6.85388441E-05
   8.2275390625000000       -6.84494007E-05
   8.2373046875000000       -6.83606268E-05
   8.2470703125000000       -6.82723985E-05
   8.2568359375000000       -6.81848396E-05
   8.2666015625000000       -6.80979356E-05
   8.2763671875000000       -6.80117009E-05
   8.2861328125000000       -6.79259974E-05
   8.2958984375000000       -6.78408469E-05
   8.3056640625000000       -6.77564603E-05
   8.3154296875000000       -6.76726195E-05
   8.3251953125000000       -6.75894262E-05
   8.3349609375000000       -6.75067713E-05
   8.3447265625000000       -6.74247713E-05
   8.3544921875000000       -6.73433024E-05
   8.3642578125000000       -6.72625974E-05
   8.3740234375000000       -6.71823072E-05
   8.3837890625000000       -6.71026646E-05
   8.3935546875000000       -6.70236623E-05
   8.4033203125000000       -6.69453002E-05
   8.4130859375000000       -6.68674693E-05
   8.4228515625000000       -6.67901622E-05
   8.4326171875000000       -6.67134955E-05
   8.4423828125000000       -6.66373526E-05
   8.4521484375000000       -6.65618427E-05
   8.4619140625000000       -6.64869658E-05
   8.4716796875000000       -6.64126128E-05
   8.4814453125000000       -6.63387764E-05
   8.4912109375000000       -6.62655730E-05
   8.5009765625000000       -6.61929953E-05
   8.5107421875000000       -6.61209342E-05
   8.5205078125000000       -6.60493897E-05
   8.5302734375000000       -6.59784637E-05
   8.5400390625000000       -6.59080542E-05
   8.5498046875000000       -6.58382705E-05
   8.5595703125000000       -6.57689961E-05
   8.5693359375000000       -6.57003402E-05
   8.5791015625000000       -6.56321936E-05
   8.5888671875000000       -6.55645490E-05
   8.5986328125000000       -6.54975229E-05
   8.6083984375000000       -6.54310061E-05
   8.6181640625000000       -6.53649913E-05
   8.6279296875000000       -6.52995877E-05
   8.6376953125000000       -6.52348026E-05
   8.6474609375000000       -6.51704031E-05
   8.6572265625000000       -6.51066148E-05
   8.6669921875000000       -6.50434376E-05
   8.6767578125000000       -6.49806389E-05
   8.6865234375000000       -6.49184585E-05
   8.6962890625000000       -6.48568821E-05
   8.7060546875000000       -6.47956840E-05
   8.7158203125000000       -6.47350971E-05
   8.7255859375000000       -6.46751141E-05
   8.7353515625000000       -6.46155095E-05
   8.7451171875000000       -6.45565087E-05
   8.7548828125000000       -6.44979955E-05
   8.7646484375000000       -6.44400861E-05
   8.7744140625000000       -6.43826643E-05
   8.7841796875000000       -6.43257226E-05
   8.7939453125000000       -6.42692758E-05
   8.8037109375000000       -6.42133091E-05
   8.8134765625000000       -6.41579391E-05
   8.8232421875000000       -6.41030565E-05
   8.8330078125000000       -6.40487706E-05
   8.8427734375000000       -6.39948485E-05
   8.8525390625000000       -6.39415230E-05
   8.8623046875000000       -6.38886777E-05
   8.8720703125000000       -6.38363126E-05
   8.8818359375000000       -6.37844205E-05
   8.8916015625000000       -6.37331250E-05
   8.9013671875000000       -6.36823024E-05
   8.9111328125000000       -6.36319601E-05
   8.9208984375000000       -6.35820907E-05
   8.9306640625000000       -6.35328106E-05
   8.9404296875000000       -6.34838943E-05
   8.9501953125000000       -6.34355602E-05
   8.9599609375000000       -6.33876989E-05
   8.9697265625000000       -6.33403106E-05
   8.9794921875000000       -6.32933952E-05
   8.9892578125000000       -6.32470619E-05
   8.9990234375000000       -6.32010851E-05
   9.0087890625000000       -6.31556904E-05
   9.0185546875000000       -6.31107614E-05
   9.0283203125000000       -6.30663053E-05
   9.0380859375000000       -6.30223149E-05
   9.0478515625000000       -6.29787901E-05
   9.0576171875000000       -6.29358401E-05
   9.0673828125000000       -6.28932466E-05
   9.0771484375000000       -6.28512353E-05
   9.0869140625000000       -6.28095659E-05
   9.0966796875000000       -6.27684785E-05
   9.1064453125000000       -6.27278569E-05
   9.1162109375000000       -6.26876936E-05
   9.1259765625000000       -6.26479887E-05
   9.1357421875000000       -6.26087494E-05
   9.1455078125000000       -6.25700850E-05
   9.1552734375000000       -6.25317625E-05
   9.1650390625000000       -6.24940149E-05
   9.1748046875000000       -6.24566164E-05
   9.1845703125000000       -6.24197855E-05
   9.1943359375000000       -6.23833039E-05
   9.2041015625000000       -6.23473898E-05
   9.2138671875000000       -6.23119267E-05
   9.2236328125000000       -6.22769294E-05
   9.2333984375000000       -6.22422740E-05
   9.2431640625000000       -6.22081789E-05
   9.2529296875000000       -6.21745421E-05
   9.2626953125000000       -6.21413637E-05
   9.2724609375000000       -6.21086365E-05
   9.2822265625000000       -6.20763603E-05
   9.2919921875000000       -6.20445426E-05
   9.3017578125000000       -6.20131759E-05
   9.3115234375000000       -6.19823695E-05
   9.3212890625000000       -6.19519051E-05
   9.3310546875000000       -6.19218918E-05
   9.3408203125000000       -6.18923295E-05
   9.3505859375000000       -6.18632184E-05
   9.3603515625000000       -6.18345584E-05
   9.3701171875000000       -6.18063495E-05
   9.3798828125000000       -6.17786936E-05
   9.3896484375000000       -6.17513797E-05
   9.3994140625000000       -6.17245169E-05
   9.4091796875000000       -6.16980979E-05
   9.4189453125000000       -6.16721300E-05
   9.4287109375000000       -6.16466059E-05
   9.4384765625000000       -6.16215330E-05
   9.4482421875000000       -6.15970130E-05
   9.4580078125000000       -6.15728277E-05
   9.4677734375000000       -6.15490935E-05
   9.4775390625000000       -6.15257959E-05
   9.4873046875000000       -6.15029494E-05
   9.4970703125000000       -6.14805540E-05
   9.5068359375000000       -6.14584860E-05
   9.5166015625000000       -6.14369710E-05
   9.5263671875000000       -6.14158998E-05
   9.5361328125000000       -6.13952798E-05
   9.5458984375000000       -6.13750963E-05
   9.5556640625000000       -6.13552475E-05
   9.5654296875000000       -6.13359516E-05
   9.5751953125000000       -6.13170996E-05
   9.5849609375000000       -6.12985750E-05
   9.5947265625000000       -6.12806034E-05
   9.6044921875000000       -6.12629665E-05
   9.6142578125000000       -6.12457734E-05
   9.6240234375000000       -6.12291260E-05
   9.6337890625000000       -6.12128133E-05
   9.6435546875000000       -6.11969372E-05
   9.6533203125000000       -6.11815049E-05
   9.6630859375000000       -6.11665164E-05
   9.6728515625000000       -6.11519645E-05
   9.6826171875000000       -6.11378491E-05
   9.6923828125000000       -6.11241776E-05
   9.7021484375000000       -6.11109426E-05
   9.7119140625000000       -6.10980424E-05
   9.7216796875000000       -6.10856878E-05
   9.7314453125000000       -6.10736606E-05
   9.7412109375000000       -6.10621864E-05
   9.7509765625000000       -6.10510397E-05
   9.7607421875000000       -6.10404386E-05
   9.7705078125000000       -6.10301649E-05
   9.7802734375000000       -6.10203315E-05
   9.7900390625000000       -6.10109382E-05
   9.7998046875000000       -6.10019815E-05
   9.8095703125000000       -6.09934614E-05
   9.8193359375000000       -6.09853778E-05
   9.8291015625000000       -6.09776253E-05
   9.8388671875000000       -6.09704184E-05
   9.8486328125000000       -6.09635390E-05
   9.8583984375000000       -6.09572089E-05
   9.8681640625000000       -6.09512026E-05
   9.8779296875000000       -6.09456365E-05
   9.8876953125000000       -6.09405070E-05
   9.8974609375000000       -6.09358103E-05
   9.9072265625000000       -6.09315539E-05
   9.9169921875000000       -6.09277340E-05
   9.9267578125000000       -6.09243507E-05
   9.9365234375000000       -6.09214039E-05
   9.9462890625000000       -6.09187846E-05
   9.9560546875000000       -6.09167146E-05
   9.9658203125000000       -6.09149683E-05
   9.9755859375000000       -6.09136587E-05
   9.9853515625000000       -6.09128947E-05
   9.9951171875000000       -6.09124581E-05
   10.004882812500000       -6.09124581E-05
   10.014648437500000       -6.09128947E-05
   10.024414062500000       -6.09136587E-05
   10.034179687500000       -6.09149683E-05
   10.043945312500000       -6.09167146E-05
   10.053710937500000       -6.09187846E-05
   10.063476562500000       -6.09214039E-05
   10.073242187500000       -6.09243507E-05
   10.083007812500000       -6.09277340E-05
   10.092773437500000       -6.09315539E-05
   10.102539062500000       -6.09358103E-05
   10.112304687500000       -6.09405070E-05
   10.122070312500000       -6.09456365E-05
   10.131835937500000       -6.09512026E-05
   10.141601562500000       -6.09572089E-05
   10.151367187500000       -6.09635390E-05
   10.161132812500000       -6.09704184E-05
   10.170898437500000       -6.09776253E-05
   10.180664062500000       -6.09853778E-05
   10.190429687500000       -6.09934614E-05
   10.200195312500000       -6.10019815E-05
   10.209960937500000       -6.10109382E-05
   10.219726562500000       -6.10203315E-05
   10.229492187500000       -6.10301649E-05
   10.239257812500000       -6.10404386E-05
   10.249023437500000       -6.10510397E-05
   10.258789062500000       -6.10621864E-05
   10.268554687500000       -6.10736606E-05
   10.278320312500000       -6.10856878E-05
   10.288085937500000       -6.10980424E-05
   10.297851562500000       -6.11109426E-05
   10.307617187500000       -6.11241776E-05
   10.317382812500000       -6.11378491E-05
   10.327148437500000       -6.11519645E-05
   10.336914062500000       -6.11665164E-05
   10.346679687500000       -6.11815049E-05
   10.356445312500000       -6.11969372E-05
   10.366210937500000       -6.12128133E-05
   10.375976562500000       -6.12291260E-05
   10.385742187500000       -6.12457734E-05
   10.395507812500000       -6.12629665E-05
   10.405273437500000       -6.12806034E-05
   10.415039062500000       -6.12985750E-05
   10.424804687500000       -6.13170996E-05
   10.434570312500000       -6.13359516E-05
   10.444335937500000       -6.13552475E-05
   10.454101562500000       -6.13750963E-05
   10.463867187500000       -6.13952798E-05
   10.473632812500000       -6.14158998E-05
   10.483398437500000       -6.14369710E-05
   10.493164062500000       -6.14584860E-05
   10.502929687500000       -6.14805540E-05
   10.512695312500000       -6.15029494E-05
   10.522460937500000       -6.15257959E-05
   10.532226562500000       -6.15490935E-05
   10.541992187500000       -6.15728277E-05
   10.551757812500000       -6.15970130E-05
   10.561523437500000       -6.16215330E-05
   10.571289062500000       -6.16466059E-05
   10.581054687500000       -6.16721300E-05
   10.590820312500000       -6.16980979E-05
   10.600585937500000       -6.17245169E-05
   10.610351562500000       -6.17513797E-05
   10.620117187500000       -6.17786936E-05
   10.629882812500000       -6.18063495E-05
   10.639648437500000       -6.18345584E-05
   10.649414062500000       -6.18632184E-05
   10.659179687500000       -6.18923295E-05
   10.668945312500000       -6.19218918E-05
   10.678710937500000       -6.19519051E-05
   10.688476562500000       -6.19823695E-05
   10.698242187500000       -6.20131759E-05
   10.708007812500000       -6.20445426E-05
   10.717773437500000       -6.20763603E-05
   10.727539062500000       -6.21086365E-05
   10.737304687500000       -6.21413637E-05
   10.747070312500000       -6.21745421E-05
   10.756835937500000       -6.22081789E-05
   10.766601562500000       -6.22422740E-05
   10.776367187500000       -6.22769294E-05
   10.786132812500000       -6.23119267E-05
   10.795898437500000       -6.23473898E-05
   10.805664062500000       -6.23833039E-05
   10.815429687500000       -6.24197855E-05
   10.825195312500000       -6.24566164E-05
   10.834960937500000       -6.24940149E-05
   10.844726562500000       -6.25317625E-05
   10.854492187500000       -6.25700850E-05
   10.864257812500000       -6.26087494E-05
   10.874023437500000       -6.26479887E-05
   10.883789062500000       -6.26876936E-05
   10.893554687500000       -6.27278569E-05
   10.903320312500000       -6.27684785E-05
   10.913085937500000       -6.28095659E-05
   10.922851562500000       -6.28512353E-05
   10.932617187500000       -6.28932466E-05
   10.942382812500000       -6.29358401E-05
   10.952148437500000       -6.29787901E-05
   10.961914062500000       -6.30223149E-05
   10.971679687500000       -6.30663053E-05
   10.981445312500000       -6.31107614E-05
   10.991210937500000       -6.31556904E-05
   11.000976562500000       -6.32010851E-05
   11.010742187500000       -6.32470619E-05
   11.020507812500000       -6.32933952E-05
   11.030273437500000       -6.33403106E-05
   11.040039062500000       -6.33876989E-05
   11.049804687500000       -6.34355602E-05
   11.059570312500000       -6.34838943E-05
   11.069335937500000       -6.35328106E-05
   11.079101562500000       -6.35820907E-05
   11.088867187500000       -6.36319601E-05
   11.098632812500000       -6.36823024E-05
   11.108398437500000       -6.37331250E-05
   11.118164062500000       -6.37844205E-05
   11.127929687500000       -6.38363126E-05
   11.137695312500000       -6.38886777E-05
   11.147460937500000       -6.39415230E-05
   11.157226562500000       -6.39948485E-05
   11.166992187500000       -6.40487706E-05
   11.176757812500000       -6.41030565E-05
   11.186523437500000       -6.41579391E-05
   11.196289062500000       -6.42133091E-05
   11.206054687500000       -6.42692758E-05
   11.215820312500000       -6.43257226E-05
   11.225585937500000       -6.43826643E-05
   11.235351562500000       -6.44400861E-05
   11.245117187500000       -6.44979955E-05
   11.254882812500000       -6.45565087E-05
   11.264648437500000       -6.46155095E-05
   11.274414062500000       -6.46751141E-05
   11.284179687500000       -6.47350971E-05
   11.293945312500000       -6.47956840E-05
   11.303710937500000       -6.48568821E-05
   11.313476562500000       -6.49184585E-05
   11.323242187500000       -6.49806389E-05
   11.333007812500000       -6.50434376E-05
   11.342773437500000       -6.51066148E-05
   11.352539062500000       -6.51704031E-05
   11.362304687500000       -6.52348026E-05
   11.372070312500000       -6.52995877E-05
   11.381835937500000       -6.53649913E-05
   11.391601562500000       -6.54310061E-05
   11.401367187500000       -6.54975229E-05
   11.411132812500000       -6.55645490E-05
   11.420898437500000       -6.56321936E-05
   11.430664062500000       -6.57003402E-05
   11.440429687500000       -6.57689961E-05
   11.450195312500000       -6.58382705E-05
   11.459960937500000       -6.59080542E-05
   11.469726562500000       -6.59784637E-05
   11.479492187500000       -6.60493897E-05
   11.489257812500000       -6.61209342E-05
   11.499023437500000       -6.61929953E-05
   11.508789062500000       -6.62655730E-05
   11.518554687500000       -6.63387764E-05
   11.528320312500000       -6.64126128E-05
   11.538085937500000       -6.64869658E-05
   11.547851562500000       -6.65618427E-05
   11.557617187500000       -6.66373526E-05
   11.567382812500000       -6.67134955E-05
   11.577148437500000       -6.67901622E-05
   11.586914062500000       -6.68674693E-05
   11.596679687500000       -6.69453002E-05
   11.606445312500000       -6.70236623E-05
   11.616210937500000       -6.71026646E-05
   11.625976562500000       -6.71823072E-05
   11.635742187500000       -6.72625974E-05
   11.645507812500000       -6.73433024E-05
   11.655273437500000       -6.74247713E-05
   11.665039062500000       -6.75067713E-05
   11.674804687500000       -6.75894262E-05
   11.684570312500000       -6.76726195E-05
   11.694335937500000       -6.77564603E-05
   11.704101562500000       -6.78408469E-05
   11.713867187500000       -6.79259974E-05
   11.723632812500000       -6.80117009E-05
   11.733398437500000       -6.80979356E-05
   11.743164062500000       -6.81848396E-05
   11.752929687500000       -6.82723985E-05
   11.762695312500000       -6.83606268E-05
   11.772460937500000       -6.84494007E-05
   11.782226562500000       -6.85388441E-05
   11.791992187500000       -6.86288331E-05
   11.801757812500000       -6.87196152E-05
   11.811523437500000       -6.88109503E-05
   11.821289062500000       -6.89029621E-05
   11.831054687500000       -6.89955195E-05
   11.840820312500000       -6.90888846E-05
   11.850585937500000       -6.91828027E-05
   11.860351562500000       -6.92773974E-05
   11.870117187500000       -6.93726761E-05
   11.879882812500000       -6.94685150E-05
   11.889648437500000       -6.95650451E-05
   11.899414062500000       -6.96623756E-05
   11.909179687500000       -6.97602809E-05
   11.918945312500000       -6.98587464E-05
   11.928710937500000       -6.99580269E-05
   11.938476562500000       -7.00580058E-05
   11.948242187500000       -7.01585523E-05
   11.958007812500000       -7.02599209E-05
   11.967773437500000       -7.03618643E-05
   11.977539062500000       -7.04645063E-05
   11.987304687500000       -7.05678467E-05
   11.997070312500000       -7.06719002E-05
   12.006835937500000       -7.07766521E-05
   12.016601562500000       -7.08821099E-05
   12.026367187500000       -7.09882806E-05
   12.036132812500000       -7.10951645E-05
   12.045898437500000       -7.12026376E-05
   12.055664062500000       -7.13109403E-05
   12.065429687500000       -7.14199632E-05
   12.075195312500000       -7.15297065E-05
   12.084960937500000       -7.16401701E-05
   12.094726562500000       -7.17513540E-05
   12.104492187500000       -7.18632655E-05
   12.114257812500000       -7.19758973E-05
   12.124023437500000       -7.20892640E-05
   12.133789062500000       -7.22033583E-05
   12.143554687500000       -7.23183039E-05
   12.153320312500000       -7.24338606E-05
   12.163085937500000       -7.25502832E-05
   12.172851562500000       -7.26674407E-05
   12.182617187500000       -7.27853330E-05
   12.192382812500000       -7.29039748E-05
   12.202148437500000       -7.30233587E-05
   12.211914062500000       -7.31436085E-05
   12.221679687500000       -7.32644912E-05
   12.231445312500000       -7.33862471E-05
   12.241210937500000       -7.35087524E-05
   12.250976562500000       -7.36321381E-05
   12.260742187500000       -7.37561568E-05
   12.270507812500000       -7.38810631E-05
   12.280273437500000       -7.40068572E-05
   12.290039062500000       -7.41332842E-05
   12.299804687500000       -7.42606062E-05
   12.309570312500000       -7.43886994E-05
   12.319335937500000       -7.45176876E-05
   12.329101562500000       -7.46474470E-05
   12.338867187500000       -7.47779850E-05
   12.348632812500000       -7.49092942E-05
   12.358398437500000       -7.50415202E-05
   12.368164062500000       -7.51746484E-05
   12.377929687500000       -7.53085624E-05
   12.387695312500000       -7.54432695E-05
   12.397460937500000       -7.55788933E-05
   12.407226562500000       -7.57153030E-05
   12.416992187500000       -7.58526367E-05
   12.426757812500000       -7.59907707E-05
   12.436523437500000       -7.61298361E-05
   12.446289062500000       -7.62697018E-05
   12.456054687500000       -7.64104989E-05
   12.465820312500000       -7.65521036E-05
   12.475585937500000       -7.66946469E-05
   12.485351562500000       -7.68381360E-05
   12.495117187500000       -7.69824328E-05
   12.504882812500000       -7.71276827E-05
   12.514648437500000       -7.72737549E-05
   12.524414062500000       -7.74207801E-05
   12.534179687500000       -7.75687586E-05
   12.543945312500000       -7.77175665E-05
   12.553710937500000       -7.78674657E-05
   12.563476562500000       -7.80180708E-05
   12.573242187500000       -7.81697745E-05
   12.583007812500000       -7.83223222E-05
   12.592773437500000       -7.84758377E-05
   12.602539062500000       -7.86303353E-05
   12.612304687500000       -7.87858080E-05
   12.622070312500000       -7.89422629E-05
   12.631835937500000       -7.90995764E-05
   12.641601562500000       -7.92578794E-05
   12.651367187500000       -7.94171792E-05
   12.661132812500000       -7.95774686E-05
   12.670898437500000       -7.97387620E-05
   12.680664062500000       -7.99010522E-05
   12.690429687500000       -8.00643538E-05
   12.700195312500000       -8.02285285E-05
   12.709960937500000       -8.03938456E-05
   12.719726562500000       -8.05600503E-05
   12.729492187500000       -8.07274046E-05
   12.739257812500000       -8.08957848E-05
   12.749023437500000       -8.10651836E-05
   12.758789062500000       -8.12354847E-05
   12.768554687500000       -8.14069499E-05
   12.778320312500000       -8.15794556E-05
   12.788085937500000       -8.17529944E-05
   12.797851562500000       -8.19277193E-05
   12.807617187500000       -8.21033464E-05
   12.817382812500000       -8.22800357E-05
   12.827148437500000       -8.24579038E-05
   12.836914062500000       -8.26368414E-05
   12.846679687500000       -8.28168340E-05
   12.856445312500000       -8.29980272E-05
   12.866210937500000       -8.31802899E-05
   12.875976562500000       -8.33636223E-05
   12.885742187500000       -8.35480387E-05
   12.895507812500000       -8.37336702E-05
   12.905273437500000       -8.39203858E-05
   12.915039062500000       -8.41081928E-05
   12.924804687500000       -8.42972222E-05
   12.934570312500000       -8.44873575E-05
   12.944335937500000       -8.46787225E-05
   12.954101562500000       -8.48712007E-05
   12.963867187500000       -8.50649158E-05
   12.973632812500000       -8.52597514E-05
   12.983398437500000       -8.54557002E-05
   12.993164062500000       -8.56529150E-05
   13.002929687500000       -8.58513886E-05
   13.012695312500000       -8.60511282E-05
   13.022460937500000       -8.62518646E-05
   13.032226562500000       -8.64540198E-05
   13.041992187500000       -8.66573173E-05
   13.051757812500000       -8.68619027E-05
   13.061523437500000       -8.70677759E-05
   13.071289062500000       -8.72748060E-05
   13.081054687500000       -8.74831385E-05
   13.090820312500000       -8.76927734E-05
   13.100585937500000       -8.79035797E-05
   13.110351562500000       -8.81158412E-05
   13.120117187500000       -8.83292814E-05
   13.129882812500000       -8.85440531E-05
   13.139648437500000       -8.87601491E-05
   13.149414062500000       -8.89775765E-05
   13.159179687500000       -8.91962045E-05
   13.168945312500000       -8.94163240E-05
   13.178710937500000       -8.96377896E-05
   13.188476562500000       -8.98604703E-05
   13.198242187500000       -9.00846499E-05
   13.208007812500000       -9.03101973E-05
   13.217773437500000       -9.05371126E-05
   13.227539062500000       -9.07654030E-05
   13.237304687500000       -9.09950832E-05
   13.247070312500000       -9.12261457E-05
   13.256835937500000       -9.14585980E-05
   13.266601562500000       -9.16925928E-05
   13.276367187500000       -9.19278536E-05
   13.286132812500000       -9.21646570E-05
   13.295898437500000       -9.24030246E-05
   13.305664062500000       -9.26426728E-05
   13.315429687500000       -9.28838854E-05
   13.325195312500000       -9.31265313E-05
   13.334960937500000       -9.33707634E-05
   13.344726562500000       -9.36164361E-05
   13.354492187500000       -9.38637022E-05
   13.364257812500000       -9.41122853E-05
   13.374023437500000       -9.43626146E-05
   13.383789062500000       -9.46144137E-05
   13.393554687500000       -9.48676898E-05
   13.403320312500000       -9.51225884E-05
   13.413085937500000       -9.53791241E-05
   13.422851562500000       -9.56371514E-05
   13.432617187500000       -9.58968230E-05
   13.442382812500000       -9.61581463E-05
   13.452148437500000       -9.64209903E-05
   13.461914062500000       -9.66854932E-05
   13.471679687500000       -9.69516695E-05
   13.481445312500000       -9.72193739E-05
   13.491210937500000       -9.74889190E-05
   13.500976562500000       -9.77600139E-05
   13.510742187500000       -9.80328041E-05
   13.520507812500000       -9.83073041E-05
   13.530273437500000       -9.85835140E-05
   13.540039062500000       -9.88614484E-05
   13.549804687500000       -9.91411216E-05
   13.559570312500000       -9.94225193E-05
   13.569335937500000       -9.97058232E-05
   13.579101562500000       -9.99907206E-05
   13.588867187500000       -1.00277379E-04
   13.598632812500000       -1.00565958E-04
   13.608398437500000       -1.00856159E-04
   13.618164062500000       -1.01148296E-04
   13.627929687500000       -1.01442223E-04
   13.637695312500000       -1.01738100E-04
   13.647460937500000       -1.02035781E-04
   13.657226562500000       -1.02335282E-04
   13.666992187500000       -1.02636594E-04
   13.676757812500000       -1.02939899E-04
   13.686523437500000       -1.03245038E-04
   13.696289062500000       -1.03552185E-04
   13.706054687500000       -1.03861334E-04
   13.715820312500000       -1.04172352E-04
   13.725585937500000       -1.04485240E-04
   13.735351562500000       -1.04800158E-04
   13.745117187500000       -1.05117128E-04
   13.754882812500000       -1.05436149E-04
   13.764648437500000       -1.05757077E-04
   13.774414062500000       -1.06080079E-04
   13.784179687500000       -1.06405161E-04
   13.793945312500000       -1.06732172E-04
   13.803710937500000       -1.07061445E-04
   13.813476562500000       -1.07392669E-04
   13.823242187500000       -1.07726170E-04
   13.833007812500000       -1.08061635E-04
   13.842773437500000       -1.08399247E-04
   13.852539062500000       -1.08739165E-04
   13.862304687500000       -1.09081077E-04
   13.872070312500000       -1.09425317E-04
   13.881835937500000       -1.09771572E-04
   13.891601562500000       -1.10120185E-04
   13.901367187500000       -1.10471148E-04
   13.911132812500000       -1.10824163E-04
   13.920898437500000       -1.11179557E-04
   13.930664062500000       -1.11537178E-04
   13.940429687500000       -1.11897207E-04
   13.950195312500000       -1.12259484E-04
   13.959960937500000       -1.12624017E-04
   13.969726562500000       -1.12990994E-04
   13.979492187500000       -1.13360409E-04
   13.989257812500000       -1.13732123E-04
   13.999023437500000       -1.14106311E-04
   14.008789062500000       -1.14482806E-04
   14.018554687500000       -1.14861796E-04
   14.028320312500000       -1.15243296E-04
   14.038085937500000       -1.15627307E-04
   14.047851562500000       -1.16013849E-04
   14.057617187500000       -1.16402764E-04
   14.067382812500000       -1.16794399E-04
   14.077148437500000       -1.17188429E-04
   14.086914062500000       -1.17585041E-04
   14.096679687500000       -1.17984404E-04
   14.106445312500000       -1.18386204E-04
   14.116210937500000       -1.18790791E-04
   14.125976562500000       -1.19198005E-04
   14.135742187500000       -1.19607859E-04
   14.145507812500000       -1.20020537E-04
   14.155273437500000       -1.20435885E-04
   14.165039062500000       -1.20853911E-04
   14.174804687500000       -1.21274628E-04
   14.184570312500000       -1.21698402E-04
   14.194335937500000       -1.22124722E-04
   14.204101562500000       -1.22553945E-04
   14.213867187500000       -1.22986094E-04
   14.223632812500000       -1.23421007E-04
   14.233398437500000       -1.23859048E-04
   14.243164062500000       -1.24299695E-04
   14.252929687500000       -1.24743499E-04
   14.262695312500000       -1.25190301E-04
   14.272460937500000       -1.25639941E-04
   14.282226562500000       -1.26092782E-04
   14.291992187500000       -1.26548475E-04
   14.301757812500000       -1.27007239E-04
   14.311523437500000       -1.27469248E-04
   14.321289062500000       -1.27934341E-04
   14.331054687500000       -1.28402535E-04
   14.340820312500000       -1.28873857E-04
   14.350585937500000       -1.29348307E-04
   14.360351562500000       -1.29826090E-04
   14.370117187500000       -1.30307046E-04
   14.379882812500000       -1.30791363E-04
   14.389648437500000       -1.31278881E-04
   14.399414062500000       -1.31769804E-04
   14.409179687500000       -1.32264133E-04
   14.418945312500000       -1.32761736E-04
   14.428710937500000       -1.33262773E-04
   14.438476562500000       -1.33767098E-04
   14.448242187500000       -1.34275106E-04
   14.458007812500000       -1.34786431E-04
   14.467773437500000       -1.35301292E-04
   14.477539062500000       -1.35819864E-04
   14.487304687500000       -1.36341827E-04
   14.497070312500000       -1.36867558E-04
   14.506835937500000       -1.37396884E-04
   14.516601562500000       -1.37929834E-04
   14.526367187500000       -1.38466436E-04
   14.536132812500000       -1.39006879E-04
   14.545898437500000       -1.39550990E-04
   14.555664062500000       -1.40098811E-04
   14.565429687500000       -1.40650736E-04
   14.575195312500000       -1.41206212E-04
   14.584960937500000       -1.41765820E-04
   14.594726562500000       -1.42329227E-04
   14.604492187500000       -1.42896621E-04
   14.614257812500000       -1.43468031E-04
   14.624023437500000       -1.44043472E-04
   14.633789062500000       -1.44622783E-04
   14.643554687500000       -1.45206388E-04
   14.653320312500000       -1.45794082E-04
   14.663085937500000       -1.46385908E-04
   14.672851562500000       -1.46981896E-04
   14.682617187500000       -1.47582236E-04
   14.692382812500000       -1.48186795E-04
   14.702148437500000       -1.48795560E-04
   14.711914062500000       -1.49408777E-04
   14.721679687500000       -1.50026463E-04
   14.731445312500000       -1.50648440E-04
   14.741210937500000       -1.51274930E-04
   14.750976562500000       -1.51905770E-04
   14.760742187500000       -1.52541383E-04
   14.770507812500000       -1.53181390E-04
   14.780273437500000       -1.53826011E-04
   14.790039062500000       -1.54475478E-04
   14.799804687500000       -1.55129426E-04
   14.809570312500000       -1.55788279E-04
   14.819335937500000       -1.56451861E-04
   14.829101562500000       -1.57120390E-04
   14.838867187500000       -1.57793707E-04
   14.848632812500000       -1.58471841E-04
   14.858398437500000       -1.59155024E-04
   14.868164062500000       -1.59843068E-04
   14.877929687500000       -1.60536423E-04
   14.887695312500000       -1.61234697E-04
   14.897460937500000       -1.61938136E-04
   14.907226562500000       -1.62646771E-04
   14.916992187500000       -1.63360426E-04
   14.926757812500000       -1.64079756E-04
   14.936523437500000       -1.64804151E-04
   14.946289062500000       -1.65533871E-04
   14.956054687500000       -1.66269150E-04
   14.965820312500000       -1.67009799E-04
   14.975585937500000       -1.67756094E-04
   14.985351562500000       -1.68508035E-04
   14.995117187500000       -1.69265462E-04
   15.004882812500000       -1.70028608E-04
   15.014648437500000       -1.70797299E-04
   15.024414062500000       -1.71572014E-04
   15.034179687500000       -1.72352549E-04
   15.043945312500000       -1.73138746E-04
   15.053710937500000       -1.73931054E-04
   15.063476562500000       -1.74729532E-04
   15.073242187500000       -1.75533743E-04
   15.083007812500000       -1.76344212E-04
   15.092773437500000       -1.77160939E-04
   15.102539062500000       -1.77983748E-04
   15.112304687500000       -1.78812901E-04
   15.122070312500000       -1.79648443E-04
   15.131835937500000       -1.80490199E-04
   15.141601562500000       -1.81338633E-04
   15.151367187500000       -1.82193573E-04
   15.161132812500000       -1.83055061E-04
   15.170898437500000       -1.83923141E-04
   15.180664062500000       -1.84797842E-04
   15.190429687500000       -1.85679441E-04
   15.200195312500000       -1.86567981E-04
   15.209960937500000       -1.87463287E-04
   15.219726562500000       -1.88365608E-04
   15.229492187500000       -1.89275001E-04
   15.239257812500000       -1.90191524E-04
   15.249023437500000       -1.91115207E-04
   15.258789062500000       -1.92046093E-04
   15.268554687500000       -1.92984240E-04
   15.278320312500000       -1.93929925E-04
   15.288085937500000       -1.94882959E-04
   15.297851562500000       -1.95843619E-04
   15.307617187500000       -1.96811729E-04
   15.317382812500000       -1.97787813E-04
   15.327148437500000       -1.98771435E-04
   15.336914062500000       -1.99762886E-04
   15.346679687500000       -2.00762224E-04
   15.356445312500000       -2.01769508E-04
   15.366210937500000       -2.02784999E-04
   15.375976562500000       -2.03808551E-04
   15.385742187500000       -2.04840428E-04
   15.395507812500000       -2.05880700E-04
   15.405273437500000       -2.06929166E-04
   15.415039062500000       -2.07986144E-04
   15.424804687500000       -2.09051679E-04
   15.434570312500000       -2.10125829E-04
   15.444335937500000       -2.11208899E-04
   15.454101562500000       -2.12300714E-04
   15.463867187500000       -2.13401305E-04
   15.473632812500000       -2.14511005E-04
   15.483398437500000       -2.15629610E-04
   15.493164062500000       -2.16757689E-04
   15.502929687500000       -2.17894805E-04
   15.512695312500000       -2.19041525E-04
   15.522460937500000       -2.20197660E-04
   15.532226562500000       -2.21363269E-04
   15.541992187500000       -2.22538423E-04
   15.551757812500000       -2.23723444E-04
   15.561523437500000       -2.24918389E-04
   15.571289062500000       -2.26123346E-04
   15.581054687500000       -2.27338387E-04
   15.590820312500000       -2.28563295E-04
   15.600585937500000       -2.29798665E-04
   15.610351562500000       -2.31044600E-04
   15.620117187500000       -2.32300881E-04
   15.629882812500000       -2.33567596E-04
   15.639648437500000       -2.34845342E-04
   15.649414062500000       -2.36133666E-04
   15.659179687500000       -2.37432905E-04
   15.668945312500000       -2.38743407E-04
   15.678710937500000       -2.40064997E-04
   15.688476562500000       -2.41397734E-04
   15.698242187500000       -2.42742259E-04
   15.708007812500000       -2.44097813E-04
   15.717773437500000       -2.45465315E-04
   15.727539062500000       -2.46844575E-04
   15.737304687500000       -2.48235679E-04
   15.747070312500000       -2.49638979E-04
   15.756835937500000       -2.51054269E-04
   15.766601562500000       -2.52481695E-04
   15.776367187500000       -2.53921840E-04
   15.786132812500000       -2.55374267E-04
   15.795898437500000       -2.56839645E-04
   15.805664062500000       -2.58317741E-04
   15.815429687500000       -2.59808963E-04
   15.825195312500000       -2.61313136E-04
   15.834960937500000       -2.62830319E-04
   15.844726562500000       -2.64361210E-04
   15.854492187500000       -2.65905604E-04
   15.864257812500000       -2.67463591E-04
   15.874023437500000       -2.69035605E-04
   15.883789062500000       -2.70621444E-04
   15.893554687500000       -2.72221485E-04
   15.903320312500000       -2.73835845E-04
   15.913085937500000       -2.75464612E-04
   15.922851562500000       -2.77108251E-04
   15.932617187500000       -2.78766500E-04
   15.942382812500000       -2.80439534E-04
   15.952148437500000       -2.82127730E-04
   15.961914062500000       -2.83831498E-04
   15.971679687500000       -2.85550399E-04
   15.981445312500000       -2.87285104E-04
   15.991210937500000       -2.89035757E-04
   16.000976562500000       -2.90802156E-04
   16.010742187500000       -2.92584766E-04
   16.020507812500000       -2.94383994E-04
   16.030273437500000       -2.96199345E-04
   16.040039062500000       -2.98031926E-04
   16.049804687500000       -2.99880863E-04
   16.059570312500000       -3.01747263E-04
   16.069335937500000       -3.03630950E-04
   16.079101562500000       -3.05532070E-04
   16.088867187500000       -3.07451031E-04
   16.098632812500000       -3.09387688E-04
   16.108398437500000       -3.11342854E-04
   16.118164062500000       -3.13315948E-04
   16.127929687500000       -3.15307843E-04
   16.137695312500000       -3.17318307E-04
   16.147460937500000       -3.19347862E-04
   16.157226562500000       -3.21396627E-04
   16.166992187500000       -3.23464745E-04
   16.176757812500000       -3.25552741E-04
   16.186523437500000       -3.27660411E-04
   16.196289062500000       -3.29788279E-04
   16.206054687500000       -3.31936491E-04
   16.215820312500000       -3.34105192E-04
   16.225585937500000       -3.36294906E-04
   16.235351562500000       -3.38505837E-04
   16.245117187500000       -3.40737752E-04
   16.254882812500000       -3.42991552E-04
   16.264648437500000       -3.45267064E-04
   16.274414062500000       -3.47564841E-04
   16.284179687500000       -3.49884998E-04
   16.293945312500000       -3.52227798E-04
   16.303710937500000       -3.54593358E-04
   16.313476562500000       -3.56982287E-04
   16.323242187500000       -3.59394704E-04
   16.333007812500000       -3.61830898E-04
   16.342773437500000       -3.64291365E-04
   16.352539062500000       -3.66775930E-04
   16.362304687500000       -3.69285233E-04
   16.372070312500000       -3.71819420E-04
   16.381835937500000       -3.74379102E-04
   16.391601562500000       -3.76964104E-04
   16.401367187500000       -3.79575387E-04
   16.411132812500000       -3.82212427E-04
   16.420898437500000       -3.84876214E-04
   16.430664062500000       -3.87566950E-04
   16.440429687500000       -3.90284869E-04
   16.450195312500000       -3.93030234E-04
   16.459960937500000       -3.95803654E-04
   16.469726562500000       -3.98605334E-04
   16.479492187500000       -4.01435565E-04
   16.489257812500000       -4.04294580E-04
   16.499023437500000       -4.07182990E-04
   16.508789062500000       -4.10101493E-04
   16.518554687500000       -4.13049507E-04
   16.528320312500000       -4.16028546E-04
   16.538085937500000       -4.19038028E-04
   16.547851562500000       -4.22079058E-04
   16.557617187500000       -4.25151491E-04
   16.567382812500000       -4.28256055E-04
   16.577148437500000       -4.31392953E-04
   16.586914062500000       -4.34562942E-04
   16.596679687500000       -4.37766314E-04
   16.606445312500000       -4.41002951E-04
   16.616210937500000       -4.44274367E-04
   16.625976562500000       -4.47580067E-04
   16.635742187500000       -4.50920779E-04
   16.645507812500000       -4.54297231E-04
   16.655273437500000       -4.57709772E-04
   16.665039062500000       -4.61158692E-04
   16.674804687500000       -4.64644341E-04
   16.684570312500000       -4.68167505E-04
   16.694335937500000       -4.71728941E-04
   16.704101562500000       -4.75328532E-04
   16.713867187500000       -4.78967122E-04
   16.723632812500000       -4.82645060E-04
   16.733398437500000       -4.86363133E-04
   16.743164062500000       -4.90121718E-04
   16.752929687500000       -4.93921165E-04
   16.762695312500000       -4.97762812E-04
   16.772460937500000       -5.01646136E-04
   16.782226562500000       -5.05572418E-04
   16.791992187500000       -5.09542064E-04
   16.801757812500000       -5.13555482E-04
   16.811523437500000       -5.17613546E-04
   16.821289062500000       -5.21716720E-04
   16.831054687500000       -5.25865355E-04
   16.840820312500000       -5.30060846E-04
   16.850585937500000       -5.34303195E-04
   16.860351562500000       -5.38592867E-04
   16.870117187500000       -5.42931259E-04
   16.879882812500000       -5.47318312E-04
   16.889648437500000       -5.51755540E-04
   16.899414062500000       -5.56242827E-04
   16.909179687500000       -5.60780813E-04
   16.918945312500000       -5.65370836E-04
   16.928710937500000       -5.70013479E-04
   16.938476562500000       -5.74709265E-04
   16.948242187500000       -5.79459127E-04
   16.958007812500000       -5.84263704E-04
   16.967773437500000       -5.89123461E-04
   16.977539062500000       -5.94040030E-04
   16.987304687500000       -5.99013409E-04
   16.997070312500000       -6.04044646E-04
   17.006835937500000       -6.09134382E-04
   17.016601562500000       -6.14284247E-04
   17.026367187500000       -6.19494298E-04
   17.036132812500000       -6.24765642E-04
   17.045898437500000       -6.30098919E-04
   17.055664062500000       -6.35495293E-04
   17.065429687500000       -6.40955928E-04
   17.075195312500000       -6.46481465E-04
   17.084960937500000       -6.52072602E-04
   17.094726562500000       -6.57730503E-04
   17.104492187500000       -6.63456449E-04
   17.114257812500000       -6.69251138E-04
   17.124023437500000       -6.75115793E-04
   17.133789062500000       -6.81050646E-04
   17.143554687500000       -6.87058026E-04
   17.153320312500000       -6.93137641E-04
   17.163085937500000       -6.99291821E-04
   17.172851562500000       -7.05520913E-04
   17.182617187500000       -7.11826258E-04
   17.192382812500000       -7.18209136E-04
   17.202148437500000       -7.24669895E-04
   17.211914062500000       -7.31211039E-04
   17.221679687500000       -7.37832859E-04
   17.231445312500000       -7.44536810E-04
   17.241210937500000       -7.51323765E-04
   17.250976562500000       -7.58195762E-04
   17.260742187500000       -7.65153207E-04
   17.270507812500000       -7.72198197E-04
   17.280273437500000       -7.79331604E-04
   17.290039062500000       -7.86555116E-04
   17.299804687500000       -7.93869607E-04
   17.309570312500000       -8.01276765E-04
   17.319335937500000       -8.08778161E-04
   17.329101562500000       -8.16374901E-04
   17.338867187500000       -8.24068615E-04
   17.348632812500000       -8.31860991E-04
   17.358398437500000       -8.39753193E-04
   17.368164062500000       -8.47747549E-04
   17.377929687500000       -8.55844584E-04
   17.387695312500000       -8.64046684E-04
   17.397460937500000       -8.72355129E-04
   17.407226562500000       -8.80771666E-04
   17.416992187500000       -8.89298273E-04
   17.426757812500000       -8.97936756E-04
   17.436523437500000       -9.06687812E-04
   17.446289062500000       -9.15554701E-04
   17.456054687500000       -9.24538064E-04
   17.465820312500000       -9.33640578E-04
   17.475585937500000       -9.42864339E-04
   17.485351562500000       -9.52210044E-04
   17.495117187500000       -9.61681188E-04
   17.504882812500000       -9.71278525E-04
   17.514648437500000       -9.81004210E-04
   17.524414062500000       -9.90861095E-04
   17.534179687500000       -1.00085163E-03
   17.543945312500000       -1.01097638E-03
   17.553710937500000       -1.02123863E-03
   17.563476562500000       -1.03164127E-03
   17.573242187500000       -1.04218465E-03
   17.583007812500000       -1.05287321E-03
   17.592773437500000       -1.06370810E-03
   17.602539062500000       -1.07469189E-03
   17.612304687500000       -1.08582678E-03
   17.622070312500000       -1.09711639E-03
   17.631835937500000       -1.10856246E-03
   17.641601562500000       -1.12016778E-03
   17.651367187500000       -1.13193493E-03
   17.661132812500000       -1.14386587E-03
   17.670898437500000       -1.15596503E-03
   17.680664062500000       -1.16823439E-03
   17.690429687500000       -1.18067686E-03
   17.700195312500000       -1.19329535E-03
   17.709960937500000       -1.20609300E-03
   17.719726562500000       -1.21907180E-03
   17.729492187500000       -1.23223662E-03
   17.739257812500000       -1.24558969E-03
   17.749023437500000       -1.25913415E-03
   17.758789062500000       -1.27287419E-03
   17.768554687500000       -1.28681143E-03
   17.778320312500000       -1.30095158E-03
   17.788085937500000       -1.31529570E-03
   17.797851562500000       -1.32984971E-03
   17.807617187500000       -1.34461536E-03
   17.817382812500000       -1.35959731E-03
   17.827148437500000       -1.37479987E-03
   17.836914062500000       -1.39022502E-03
   17.846679687500000       -1.40587927E-03
   17.856445312500000       -1.42176473E-03
   17.866210937500000       -1.43788522E-03
   17.875976562500000       -1.45424739E-03
   17.885742187500000       -1.47085264E-03
   17.895507812500000       -1.48770690E-03
   17.905273437500000       -1.50481437E-03
   17.915039062500000       -1.52218039E-03
   17.924804687500000       -1.53980812E-03
   17.934570312500000       -1.55770313E-03
   17.944335937500000       -1.57586986E-03
   17.954101562500000       -1.59431295E-03
   17.963867187500000       -1.61303894E-03
   17.973632812500000       -1.63205166E-03
   17.983398437500000       -1.65135611E-03
   17.993164062500000       -1.67095894E-03
   18.002929687500000       -1.69086445E-03
   18.012695312500000       -1.71107857E-03
   18.022460937500000       -1.73160771E-03
   18.032226562500000       -1.75245618E-03
   18.041992187500000       -1.77363132E-03
   18.051757812500000       -1.79513881E-03
   18.061523437500000       -1.81698415E-03
   18.071289062500000       -1.83917535E-03
   18.081054687500000       -1.86171720E-03
   18.090820312500000       -1.88461668E-03
   18.100585937500000       -1.90788100E-03
   18.110351562500000       -1.93151750E-03
   18.120117187500000       -1.95553130E-03
   18.129882812500000       -1.97993126E-03
   18.139648437500000       -2.00472493E-03
   18.149414062500000       -2.02991790E-03
   18.159179687500000       -2.05552042E-03
   18.168945312500000       -2.08153832E-03
   18.178710937500000       -2.10798020E-03
   18.188476562500000       -2.13485537E-03
   18.198242187500000       -2.16216990E-03
   18.208007812500000       -2.18993425E-03
   18.217773437500000       -2.21815682E-03
   18.227539062500000       -2.24684575E-03
   18.237304687500000       -2.27601174E-03
   18.247070312500000       -2.30566249E-03
   18.256835937500000       -2.33580801E-03
   18.266601562500000       -2.36645807E-03
   18.276367187500000       -2.39762361E-03
   18.286132812500000       -2.42931256E-03
   18.295898437500000       -2.46153795E-03
   18.305664062500000       -2.49430863E-03
   18.315429687500000       -2.52763601E-03
   18.325195312500000       -2.56153196E-03
   18.334960937500000       -2.59600650E-03
   18.344726562500000       -2.63107358E-03
   18.354492187500000       -2.66674254E-03
   18.364257812500000       -2.70302664E-03
   18.374023437500000       -2.73993774E-03
   18.383789062500000       -2.77749100E-03
   18.393554687500000       -2.81569664E-03
   18.403320312500000       -2.85456865E-03
   18.413085937500000       -2.89412169E-03
   18.422851562500000       -2.93436926E-03
   18.432617187500000       -2.97532510E-03
   18.442382812500000       -3.01700621E-03
   18.452148437500000       -3.05942376E-03
   18.461914062500000       -3.10259685E-03
   18.471679687500000       -3.14653735E-03
   18.481445312500000       -3.19126528E-03
   18.491210937500000       -3.23679438E-03
   18.500976562500000       -3.28314211E-03
   18.510742187500000       -3.33032641E-03
   18.520507812500000       -3.37836356E-03
   18.530273437500000       -3.42727383E-03
   18.540039062500000       -3.47707304E-03
   18.549804687500000       -3.52778169E-03
   18.559570312500000       -3.57941980E-03
   18.569335937500000       -3.63200577E-03
   18.579101562500000       -3.68556171E-03
   18.588867187500000       -3.74010671E-03
   18.598632812500000       -3.79566057E-03
   18.608398437500000       -3.85225052E-03
   18.618164062500000       -3.90989333E-03
   18.627929687500000       -3.96861508E-03
   18.637695312500000       -4.02843812E-03
   18.647460937500000       -4.08938713E-03
   18.657226562500000       -4.15148679E-03
   18.666992187500000       -4.21476178E-03
   18.676757812500000       -4.27923771E-03
   18.686523437500000       -4.34494205E-03
   18.696289062500000       -4.41190135E-03
   18.706054687500000       -4.48014261E-03
   18.715820312500000       -4.54969751E-03
   18.725585937500000       -4.62059025E-03
   18.735351562500000       -4.69285622E-03
   18.745117187500000       -4.76652430E-03
   18.754882812500000       -4.84162290E-03
   18.764648437500000       -4.91818879E-03
   18.774414062500000       -4.99625225E-03
   18.784179687500000       -5.07584726E-03
   18.793945312500000       -5.15701063E-03
   18.803710937500000       -5.23977494E-03
   18.813476562500000       -5.32418117E-03
   18.823242187500000       -5.41026425E-03
   18.833007812500000       -5.49806049E-03
   18.842773437500000       -5.58761368E-03
   18.852539062500000       -5.67896198E-03
   18.862304687500000       -5.77214872E-03
   18.872070312500000       -5.86721394E-03
   18.881835937500000       -5.96420281E-03
   18.891601562500000       -6.06315909E-03
   18.901367187500000       -6.16413029E-03
   18.911132812500000       -6.26716297E-03
   18.920898437500000       -6.37230603E-03
   18.930664062500000       -6.47960883E-03
   18.940429687500000       -6.58912444E-03
   18.950195312500000       -6.70089992E-03
   18.959960937500000       -6.81499345E-03
   18.969726562500000       -6.93146139E-03
   18.979492187500000       -7.05035543E-03
   18.989257812500000       -7.17173889E-03
   18.999023437500000       -7.29566626E-03
   19.008789062500000       -7.42220413E-03
   19.018554687500000       -7.55141163E-03
   19.028320312500000       -7.68335629E-03
   19.038085937500000       -7.81810191E-03
   19.047851562500000       -7.95571785E-03
   19.057617187500000       -8.09627492E-03
   19.067382812500000       -8.23984295E-03
   19.077148437500000       -8.38649739E-03
   19.086914062500000       -8.53631273E-03
   19.096679687500000       -8.68936814E-03
   19.106445312500000       -8.84574465E-03
   19.116210937500000       -9.00552329E-03
   19.125976562500000       -9.16878693E-03
   19.135742187500000       -9.33562499E-03
   19.145507812500000       -9.50612593E-03
   19.155273437500000       -9.68038104E-03
   19.165039062500000       -9.85848531E-03
   19.174804687500000       -1.00405347E-02
   19.184570312500000       -1.02266297E-02
   19.194335937500000       -1.04168709E-02
   19.204101562500000       -1.06113655E-02
   19.213867187500000       -1.08102206E-02
   19.223632812500000       -1.10135488E-02
   19.233398437500000       -1.12214629E-02
   19.243164062500000       -1.14340810E-02
   19.252929687500000       -1.16515234E-02
   19.262695312500000       -1.18739139E-02
   19.272460937500000       -1.21013839E-02
   19.282226562500000       -1.23340609E-02
   19.291992187500000       -1.25720808E-02
   19.301757812500000       -1.28155844E-02
   19.311523437500000       -1.30647151E-02
   19.321289062500000       -1.33196171E-02
   19.331054687500000       -1.35804452E-02
   19.340820312500000       -1.38473539E-02
   19.350585937500000       -1.41205015E-02
   19.360351562500000       -1.44000566E-02
   19.370117187500000       -1.46861868E-02
   19.379882812500000       -1.49790682E-02
   19.389648437500000       -1.52788796E-02
   19.399414062500000       -1.55858053E-02
   19.409179687500000       -1.59000382E-02
   19.418945312500000       -1.62217729E-02
   19.428710937500000       -1.65512115E-02
   19.438476562500000       -1.68885645E-02
   19.448242187500000       -1.72340423E-02
   19.458007812500000       -1.75878666E-02
   19.467773437500000       -1.79502666E-02
   19.477539062500000       -1.83214713E-02
   19.487304687500000       -1.87017266E-02
   19.497070312500000       -1.90912765E-02
   19.506835937500000       -1.94903817E-02
   19.516601562500000       -1.98992994E-02
   19.526367187500000       -2.03183033E-02
   19.536132812500000       -2.07476746E-02
   19.545898437500000       -2.11876966E-02
   19.555664062500000       -2.16386709E-02
   19.565429687500000       -2.21008975E-02
   19.575195312500000       -2.25746967E-02
   19.584960937500000       -2.30603907E-02
   19.594726562500000       -2.35583149E-02
   19.604492187500000       -2.40688119E-02
   19.614257812500000       -2.45922357E-02
   19.624023437500000       -2.51289587E-02
   19.633789062500000       -2.56793518E-02
   19.643554687500000       -2.62438096E-02
   19.653320312500000       -2.68227309E-02
   19.663085937500000       -2.74165291E-02
   19.672851562500000       -2.80256346E-02
   19.682617187500000       -2.86504850E-02
   19.692382812500000       -2.92915311E-02
   19.702148437500000       -2.99492497E-02
   19.711914062500000       -3.06241140E-02
   19.721679687500000       -3.13166305E-02
   19.731445312500000       -3.20273079E-02
   19.741210937500000       -3.27566788E-02
   19.750976562500000       -3.35052907E-02
   19.760742187500000       -3.42737064E-02
   19.770507812500000       -3.50625105E-02
   19.780273437500000       -3.58723067E-02
   19.790039062500000       -3.67037095E-02
   19.799804687500000       -3.75573635E-02
   19.809570312500000       -3.84339280E-02
   19.819335937500000       -3.93340848E-02
   19.829101562500000       -4.02585454E-02
   19.838867187500000       -4.12080288E-02
   19.848632812500000       -4.21832874E-02
   19.858398437500000       -4.31851037E-02
   19.868164062500000       -4.42142673E-02
   19.877929687500000       -4.52716164E-02
   19.887695312500000       -4.63579968E-02
   19.897460937500000       -4.74742986E-02
   19.907226562500000       -4.86214198E-02
   19.916992187500000       -4.98003252E-02
   19.926757812500000       -5.10119535E-02
   19.936523437500000       -5.22573479E-02
   19.946289062500000       -5.35375029E-02
   19.956054687500000       -5.48535548E-02
   19.965820312500000       -5.62065095E-02
   19.975585937500000       -5.75976782E-02
   19.985351562500000       -5.90279438E-02
   19.995117187500000       -6.04992360E-02
