   1.9531250000000000E-003 -0.499668837    
   5.8593750000000000E-003 -0.499011755    
   9.7656250000000000E-003 -0.498362392    
   1.3671875000000000E-002 -0.497720331    
   1.7578125000000000E-002 -0.497085601    
   2.1484375000000000E-002 -0.496458054    
   2.5390625000000000E-002 -0.495837629    
   2.9296875000000000E-002 -0.495224208    
   3.3203125000000000E-002 -0.494617730    
   3.7109375000000000E-002 -0.494018078    
   4.1015625000000000E-002 -0.493425190    
   4.4921875000000000E-002 -0.492838949    
   4.8828125000000000E-002 -0.492259324    
   5.2734375000000000E-002 -0.491686165    
   5.6640625000000000E-002 -0.491119444    
   6.0546875000000000E-002 -0.490559071    
   6.4453125000000000E-002 -0.490004927    
   6.8359375000000000E-002 -0.489456981    
   7.2265625000000000E-002 -0.488915145    
   7.6171875000000000E-002 -0.488379329    
   8.0078125000000000E-002 -0.487849444    
   8.3984375000000000E-002 -0.487325460    
   8.7890625000000000E-002 -0.486807257    
   9.1796875000000000E-002 -0.486294806    
   9.5703125000000000E-002 -0.485787988    
   9.9609375000000000E-002 -0.485286772    
  0.10351562500000000      -0.484791070    
  0.10742187500000000      -0.484300822    
  0.11132812500000000      -0.483815968    
  0.11523437500000000      -0.483336389    
  0.11914062500000000      -0.482862085    
  0.12304687500000000      -0.482392967    
  0.12695312500000000      -0.481928974    
  0.13085937500000000      -0.481470019    
  0.13476562500000000      -0.481016070    
  0.13867187500000000      -0.480567038    
  0.14257812500000000      -0.480122894    
  0.14648437500000000      -0.479683578    
  0.15039062500000000      -0.479249001    
  0.15429687500000000      -0.478819102    
  0.15820312500000000      -0.478393853    
  0.16210937500000000      -0.477973193    
  0.16601562500000000      -0.477557063    
  0.16992187500000000      -0.477145404    
  0.17382812500000000      -0.476738125    
  0.17773437500000000      -0.476335257    
  0.18164062500000000      -0.475936681    
  0.18554687500000000      -0.475542337    
  0.18945312500000000      -0.475152224    
  0.19335937500000000      -0.474766254    
  0.19726562500000000      -0.474384397    
  0.20117187500000000      -0.474006593    
  0.20507812500000000      -0.473632812    
  0.20898437500000000      -0.473262966    
  0.21289062500000000      -0.472897023    
  0.21679687500000000      -0.472534955    
  0.22070312500000000      -0.472176701    
  0.22460937500000000      -0.471822232    
  0.22851562500000000      -0.471471488    
  0.23242187500000000      -0.471124411    
  0.23632812500000000      -0.470780969    
  0.24023437500000000      -0.470441133    
  0.24414062500000000      -0.470104843    
  0.24804687500000000      -0.469772071    
  0.25195312500000000      -0.469442755    
  0.25585937500000000      -0.469116867    
  0.25976562500000000      -0.468794376    
  0.26367187500000000      -0.468475223    
  0.26757812500000000      -0.468159378    
  0.27148437500000000      -0.467846811    
  0.27539062500000000      -0.467537463    
  0.27929687500000000      -0.467231303    
  0.28320312500000000      -0.466928303    
  0.28710937500000000      -0.466628402    
  0.29101562500000000      -0.466331601    
  0.29492187500000000      -0.466037840    
  0.29882812500000000      -0.465747088    
  0.30273437500000000      -0.465459287    
  0.30664062500000000      -0.465174466    
  0.31054687500000000      -0.464892507    
  0.31445312500000000      -0.464613438    
  0.31835937500000000      -0.464337200    
  0.32226562500000000      -0.464063793    
  0.32617187500000000      -0.463793129    
  0.33007812500000000      -0.463525206    
  0.33398437500000000      -0.463259995    
  0.33789062500000000      -0.462997466    
  0.34179687500000000      -0.462737590    
  0.34570312500000000      -0.462480307    
  0.34960937500000000      -0.462225616    
  0.35351562500000000      -0.461973488    
  0.35742187500000000      -0.461723894    
  0.36132812500000000      -0.461476773    
  0.36523437500000000      -0.461232156    
  0.36914062500000000      -0.460989952    
  0.37304687500000000      -0.460750163    
  0.37695312500000000      -0.460512757    
  0.38085937500000000      -0.460277736    
  0.38476562500000000      -0.460045010    
  0.38867187500000000      -0.459814608    
  0.39257812500000000      -0.459586471    
  0.39648437500000000      -0.459360600    
  0.40039062500000000      -0.459136963    
  0.40429687500000000      -0.458915502    
  0.40820312500000000      -0.458696246    
  0.41210937500000000      -0.458479136    
  0.41601562500000000      -0.458264142    
  0.41992187500000000      -0.458051264    
  0.42382812500000000      -0.457840472    
  0.42773437500000000      -0.457631707    
  0.43164062500000000      -0.457424998    
  0.43554687500000000      -0.457220316    
  0.43945312500000000      -0.457017601    
  0.44335937500000000      -0.456816882    
  0.44726562500000000      -0.456618071    
  0.45117187500000000      -0.456421196    
  0.45507812500000000      -0.456226230    
  0.45898437500000000      -0.456033140    
  0.46289062500000000      -0.455841929    
  0.46679687500000000      -0.455652535    
  0.47070312500000000      -0.455464959    
  0.47460937500000000      -0.455279201    
  0.47851562500000000      -0.455095232    
  0.48242187500000000      -0.454912990    
  0.48632812500000000      -0.454732507    
  0.49023437500000000      -0.454553753    
  0.49414062500000000      -0.454376668    
  0.49804687500000000      -0.454201311    
  0.50195312500000000      -0.454027593    
  0.50585937500000000      -0.453855515    
  0.50976562500000000      -0.453685105    
  0.51367187500000000      -0.453516275    
  0.51757812500000000      -0.453349054    
  0.52148437500000000      -0.453183383    
  0.52539062500000000      -0.453019291    
  0.52929687500000000      -0.452856749    
  0.53320312500000000      -0.452695727    
  0.53710937500000000      -0.452536196    
  0.54101562500000000      -0.452378184    
  0.54492187500000000      -0.452221632    
  0.54882812500000000      -0.452066571    
  0.55273437500000000      -0.451912940    
  0.55664062500000000      -0.451760739    
  0.56054687500000000      -0.451609939    
  0.56445312500000000      -0.451460540    
  0.56835937500000000      -0.451312542    
  0.57226562500000000      -0.451165915    
  0.57617187500000000      -0.451020628    
  0.58007812500000000      -0.450876683    
  0.58398437500000000      -0.450734079    
  0.58789062500000000      -0.450592786    
  0.59179687500000000      -0.450452775    
  0.59570312500000000      -0.450314045    
  0.59960937500000000      -0.450176626    
  0.60351562500000000      -0.450040430    
  0.60742187500000000      -0.449905485    
  0.61132812500000000      -0.449771792    
  0.61523437500000000      -0.449639291    
  0.61914062500000000      -0.449508011    
  0.62304687500000000      -0.449377894    
  0.62695312500000000      -0.449248999    
  0.63085937500000000      -0.449121237    
  0.63476562500000000      -0.448994666    
  0.63867187500000000      -0.448869228    
  0.64257812500000000      -0.448744893    
  0.64648437500000000      -0.448621720    
  0.65039062500000000      -0.448499620    
  0.65429687500000000      -0.448378652    
  0.65820312500000000      -0.448258758    
  0.66210937500000000      -0.448139906    
  0.66601562500000000      -0.448022157    
  0.66992187500000000      -0.447905451    
  0.67382812500000000      -0.447789788    
  0.67773437500000000      -0.447675139    
  0.68164062500000000      -0.447561532    
  0.68554687500000000      -0.447448909    
  0.68945312500000000      -0.447337300    
  0.69335937500000000      -0.447226703    
  0.69726562500000000      -0.447117060    
  0.70117187500000000      -0.447008371    
  0.70507812500000000      -0.446900666    
  0.70898437500000000      -0.446793914    
  0.71289062500000000      -0.446688086    
  0.71679687500000000      -0.446583182    
  0.72070312500000000      -0.446479231    
  0.72460937500000000      -0.446376145    
  0.72851562500000000      -0.446274012    
  0.73242187500000000      -0.446172744    
  0.73632812500000000      -0.446072370    
  0.74023437500000000      -0.445972860    
  0.74414062500000000      -0.445874214    
  0.74804687500000000      -0.445776433    
  0.75195312500000000      -0.445679486    
  0.75585937500000000      -0.445583403    
  0.75976562500000000      -0.445488125    
  0.76367187500000000      -0.445393711    
  0.76757812500000000      -0.445300072    
  0.77148437500000000      -0.445207268    
  0.77539062500000000      -0.445115238    
  0.77929687500000000      -0.445024014    
  0.78320312500000000      -0.444933593    
  0.78710937500000000      -0.444843918    
  0.79101562500000000      -0.444755018    
  0.79492187500000000      -0.444666892    
  0.79882812500000000      -0.444579512    
  0.80273437500000000      -0.444492877    
  0.80664062500000000      -0.444406956    
  0.81054687500000000      -0.444321781    
  0.81445312500000000      -0.444237351    
  0.81835937500000000      -0.444153607    
  0.82226562500000000      -0.444070607    
  0.82617187500000000      -0.443988293    
  0.83007812500000000      -0.443906665    
  0.83398437500000000      -0.443825722    
  0.83789062500000000      -0.443745464    
  0.84179687500000000      -0.443665892    
  0.84570312500000000      -0.443587005    
  0.84960937500000000      -0.443508744    
  0.85351562500000000      -0.443431169    
  0.85742187500000000      -0.443354219    
  0.86132812500000000      -0.443277925    
  0.86523437500000000      -0.443202257    
  0.86914062500000000      -0.443127245    
  0.87304687500000000      -0.443052828    
  0.87695312500000000      -0.442979068    
  0.88085937500000000      -0.442905873    
  0.88476562500000000      -0.442833334    
  0.88867187500000000      -0.442761362    
  0.89257812500000000      -0.442689985    
  0.89648437500000000      -0.442619205    
  0.90039062500000000      -0.442549020    
  0.90429687500000000      -0.442479402    
  0.90820312500000000      -0.442410380    
  0.91210937500000000      -0.442341894    
  0.91601562500000000      -0.442273974    
  0.91992187500000000      -0.442206621    
  0.92382812500000000      -0.442139834    
  0.92773437500000000      -0.442073584    
  0.93164062500000000      -0.442007869    
  0.93554687500000000      -0.441942692    
  0.93945312500000000      -0.441878021    
  0.94335937500000000      -0.441813916    
  0.94726562500000000      -0.441750318    
  0.95117187500000000      -0.441687226    
  0.95507812500000000      -0.441624641    
  0.95898437500000000      -0.441562593    
  0.96289062500000000      -0.441501021    
  0.96679687500000000      -0.441439956    
  0.97070312500000000      -0.441379368    
  0.97460937500000000      -0.441319287    
  0.97851562500000000      -0.441259682    
  0.98242187500000000      -0.441200554    
  0.98632812500000000      -0.441141903    
  0.99023437500000000      -0.441083729    
  0.99414062500000000      -0.441026032    
  0.99804687500000000      -0.440968752    
   1.0019531250000000      -0.440911978    
   1.0058593750000000      -0.440855622    
   1.0097656250000000      -0.440799743    
   1.0136718750000000      -0.440744281    
   1.0175781250000000      -0.440689266    
   1.0214843750000000      -0.440634698    
   1.0253906250000000      -0.440580547    
   1.0292968750000000      -0.440526843    
   1.0332031250000000      -0.440473557    
   1.0371093750000000      -0.440420687    
   1.0410156250000000      -0.440368235    
   1.0449218750000000      -0.440316200    
   1.0488281250000000      -0.440264583    
   1.0527343750000000      -0.440213352    
   1.0566406250000000      -0.440162539    
   1.0605468750000000      -0.440112114    
   1.0644531250000000      -0.440062106    
   1.0683593750000000      -0.440012455    
   1.0722656250000000      -0.439963222    
   1.0761718750000000      -0.439914346    
   1.0800781250000000      -0.439865857    
   1.0839843750000000      -0.439817756    
   1.0878906250000000      -0.439770043    
   1.0917968750000000      -0.439722657    
   1.0957031250000000      -0.439675689    
   1.0996093750000000      -0.439629048    
   1.1035156250000000      -0.439582765    
   1.1074218750000000      -0.439536870    
   1.1113281250000000      -0.439491302    
   1.1152343750000000      -0.439446092    
   1.1191406250000000      -0.439401239    
   1.1230468750000000      -0.439356714    
   1.1269531250000000      -0.439312547    
   1.1308593750000000      -0.439268708    
   1.1347656250000000      -0.439225227    
   1.1386718750000000      -0.439182073    
   1.1425781250000000      -0.439139217    
   1.1464843750000000      -0.439096719    
   1.1503906250000000      -0.439054549    
   1.1542968750000000      -0.439012676    
   1.1582031250000000      -0.438971132    
   1.1621093750000000      -0.438929915    
   1.1660156250000000      -0.438888997    
   1.1699218750000000      -0.438848376    
   1.1738281250000000      -0.438808084    
   1.1777343750000000      -0.438768089    
   1.1816406250000000      -0.438728422    
   1.1855468750000000      -0.438689023    
   1.1894531250000000      -0.438649923    
   1.1933593750000000      -0.438611120    
   1.1972656250000000      -0.438572615    
   1.2011718750000000      -0.438534409    
   1.2050781250000000      -0.438496470    
   1.2089843750000000      -0.438458830    
   1.2128906250000000      -0.438421458    
   1.2167968750000000      -0.438384384    
   1.2207031250000000      -0.438347578    
   1.2246093750000000      -0.438311040    
   1.2285156250000000      -0.438274771    
   1.2324218750000000      -0.438238800    
   1.2363281250000000      -0.438203067    
   1.2402343750000000      -0.438167602    
   1.2441406250000000      -0.438132405    
   1.2480468750000000      -0.438097477    
   1.2519531250000000      -0.438062787    
   1.2558593750000000      -0.438028395    
   1.2597656250000000      -0.437994212    
   1.2636718750000000      -0.437960297    
   1.2675781250000000      -0.437926650    
   1.2714843750000000      -0.437893212    
   1.2753906250000000      -0.437860072    
   1.2792968750000000      -0.437827140    
   1.2832031250000000      -0.437794447    
   1.2871093750000000      -0.437761992    
   1.2910156250000000      -0.437729806    
   1.2949218750000000      -0.437697828    
   1.2988281250000000      -0.437666088    
   1.3027343750000000      -0.437634587    
   1.3066406250000000      -0.437603295    
   1.3105468750000000      -0.437572271    
   1.3144531250000000      -0.437541425    
   1.3183593750000000      -0.437510848    
   1.3222656250000000      -0.437480450    
   1.3261718750000000      -0.437450320    
   1.3300781250000000      -0.437420368    
   1.3339843750000000      -0.437390655    
   1.3378906250000000      -0.437361151    
   1.3417968750000000      -0.437331855    
   1.3457031250000000      -0.437302768    
   1.3496093750000000      -0.437273890    
   1.3535156250000000      -0.437245250    
   1.3574218750000000      -0.437216759    
   1.3613281250000000      -0.437188506    
   1.3652343750000000      -0.437160462    
   1.3691406250000000      -0.437132627    
   1.3730468750000000      -0.437104970    
   1.3769531250000000      -0.437077522    
   1.3808593750000000      -0.437050253    
   1.3847656250000000      -0.437023193    
   1.3886718750000000      -0.436996341    
   1.3925781250000000      -0.436969638    
   1.3964843750000000      -0.436943173    
   1.4003906250000000      -0.436916858    
   1.4042968750000000      -0.436890751    
   1.4082031250000000      -0.436864823    
   1.4121093750000000      -0.436839104    
   1.4160156250000000      -0.436813533    
   1.4199218750000000      -0.436788142    
   1.4238281250000000      -0.436762929    
   1.4277343750000000      -0.436737925    
   1.4316406250000000      -0.436713070    
   1.4355468750000000      -0.436688423    
   1.4394531250000000      -0.436663926    
   1.4433593750000000      -0.436639577    
   1.4472656250000000      -0.436615437    
   1.4511718750000000      -0.436591446    
   1.4550781250000000      -0.436567634    
   1.4589843750000000      -0.436543971    
   1.4628906250000000      -0.436520487    
   1.4667968750000000      -0.436497182    
   1.4707031250000000      -0.436474025    
   1.4746093750000000      -0.436451018    
   1.4785156250000000      -0.436428189    
   1.4824218750000000      -0.436405510    
   1.4863281250000000      -0.436382979    
   1.4902343750000000      -0.436360627    
   1.4941406250000000      -0.436338425    
   1.4980468750000000      -0.436316371    
   1.5019531250000000      -0.436294466    
   1.5058593750000000      -0.436272711    
   1.5097656250000000      -0.436251104    
   1.5136718750000000      -0.436229676    
   1.5175781250000000      -0.436208367    
   1.5214843750000000      -0.436187208    
   1.5253906250000000      -0.436166197    
   1.5292968750000000      -0.436145335    
   1.5332031250000000      -0.436124623    
   1.5371093750000000      -0.436104059    
   1.5410156250000000      -0.436083615    
   1.5449218750000000      -0.436063319    
   1.5488281250000000      -0.436043143    
   1.5527343750000000      -0.436023146    
   1.5566406250000000      -0.436003268    
   1.5605468750000000      -0.435983509    
   1.5644531250000000      -0.435963899    
   1.5683593750000000      -0.435944408    
   1.5722656250000000      -0.435925066    
   1.5761718750000000      -0.435905874    
   1.5800781250000000      -0.435886770    
   1.5839843750000000      -0.435867816    
   1.5878906250000000      -0.435849011    
   1.5917968750000000      -0.435830295    
   1.5957031250000000      -0.435811728    
   1.5996093750000000      -0.435793281    
   1.6035156250000000      -0.435774952    
   1.6074218750000000      -0.435756773    
   1.6113281250000000      -0.435738683    
   1.6152343750000000      -0.435720742    
   1.6191406250000000      -0.435702920    
   1.6230468750000000      -0.435685217    
   1.6269531250000000      -0.435667604    
   1.6308593750000000      -0.435650140    
   1.6347656250000000      -0.435632765    
   1.6386718750000000      -0.435615540    
   1.6425781250000000      -0.435598433    
   1.6464843750000000      -0.435581416    
   1.6503906250000000      -0.435564518    
   1.6542968750000000      -0.435547739    
   1.6582031250000000      -0.435531080    
   1.6621093750000000      -0.435514510    
   1.6660156250000000      -0.435498059    
   1.6699218750000000      -0.435481727    
   1.6738281250000000      -0.435465485    
   1.6777343750000000      -0.435449362    
   1.6816406250000000      -0.435433358    
   1.6855468750000000      -0.435417444    
   1.6894531250000000      -0.435401648    
   1.6933593750000000      -0.435385942    
   1.6972656250000000      -0.435370356    
   1.7011718750000000      -0.435354859    
   1.7050781250000000      -0.435339451    
   1.7089843750000000      -0.435324192    
   1.7128906250000000      -0.435308993    
   1.7167968750000000      -0.435293913    
   1.7207031250000000      -0.435278922    
   1.7246093750000000      -0.435264051    
   1.7285156250000000      -0.435249239    
   1.7324218750000000      -0.435234547    
   1.7363281250000000      -0.435219944    
   1.7402343750000000      -0.435205460    
   1.7441406250000000      -0.435191065    
   1.7480468750000000      -0.435176730    
   1.7519531250000000      -0.435162544    
   1.7558593750000000      -0.435148418    
   1.7597656250000000      -0.435134381    
   1.7636718750000000      -0.435120434    
   1.7675781250000000      -0.435106575    
   1.7714843750000000      -0.435092807    
   1.7753906250000000      -0.435079157    
   1.7792968750000000      -0.435065567    
   1.7832031250000000      -0.435052097    
   1.7871093750000000      -0.435038686    
   1.7910156250000000      -0.435025364    
   1.7949218750000000      -0.435012132    
   1.7988281250000000      -0.434998989    
   1.8027343750000000      -0.434985936    
   1.8066406250000000      -0.434972942    
   1.8105468750000000      -0.434960067    
   1.8144531250000000      -0.434947252    
   1.8183593750000000      -0.434934527    
   1.8222656250000000      -0.434921890    
   1.8261718750000000      -0.434909344    
   1.8300781250000000      -0.434896857    
   1.8339843750000000      -0.434884459    
   1.8378906250000000      -0.434872150    
   1.8417968750000000      -0.434859902    
   1.8457031250000000      -0.434847713    
   1.8496093750000000      -0.434835643    
   1.8535156250000000      -0.434823632    
   1.8574218750000000      -0.434811711    
   1.8613281250000000      -0.434799850    
   1.8652343750000000      -0.434788078    
   1.8691406250000000      -0.434776396    
   1.8730468750000000      -0.434764773    
   1.8769531250000000      -0.434753209    
   1.8808593750000000      -0.434741735    
   1.8847656250000000      -0.434730321    
   1.8886718750000000      -0.434718996    
   1.8925781250000000      -0.434707731    
   1.8964843750000000      -0.434696555    
   1.9003906250000000      -0.434685409    
   1.9042968750000000      -0.434674382    
   1.9082031250000000      -0.434663415    
   1.9121093750000000      -0.434652507    
   1.9160156250000000      -0.434641659    
   1.9199218750000000      -0.434630871    
   1.9238281250000000      -0.434620172    
   1.9277343750000000      -0.434609562    
   1.9316406250000000      -0.434598982    
   1.9355468750000000      -0.434588492    
   1.9394531250000000      -0.434578061    
   1.9433593750000000      -0.434567690    
   1.9472656250000000      -0.434557378    
   1.9511718750000000      -0.434547156    
   1.9550781250000000      -0.434536994    
   1.9589843750000000      -0.434526861    
   1.9628906250000000      -0.434516817    
   1.9667968750000000      -0.434506834    
   1.9707031250000000      -0.434496939    
   1.9746093750000000      -0.434487075    
   1.9785156250000000      -0.434477270    
   1.9824218750000000      -0.434467554    
   1.9863281250000000      -0.434457868    
   1.9902343750000000      -0.434448272    
   1.9941406250000000      -0.434438705    
   1.9980468750000000      -0.434429228    
   2.0019531250000000      -0.434419781    
   2.0058593750000000      -0.434410423    
   2.0097656250000000      -0.434401095    
   2.0136718750000000      -0.434391856    
   2.0175781250000000      -0.434382647    
   2.0214843750000000      -0.434373498    
   2.0253906250000000      -0.434364408    
   2.0292968750000000      -0.434355378    
   2.0332031250000000      -0.434346408    
   2.0371093750000000      -0.434337497    
   2.0410156250000000      -0.434328645    
   2.0449218750000000      -0.434319824    
   2.0488281250000000      -0.434311092    
   2.0527343750000000      -0.434302390    
   2.0566406250000000      -0.434293747    
   2.0605468750000000      -0.434285164    
   2.0644531250000000      -0.434276611    
   2.0683593750000000      -0.434268147    
   2.0722656250000000      -0.434259713    
   2.0761718750000000      -0.434251338    
   2.0800781250000000      -0.434242994    
   2.0839843750000000      -0.434234738    
   2.0878906250000000      -0.434226513    
   2.0917968750000000      -0.434218317    
   2.0957031250000000      -0.434210211    
   2.0996093750000000      -0.434202135    
   2.1035156250000000      -0.434194118    
   2.1074218750000000      -0.434186131    
   2.1113281250000000      -0.434178203    
   2.1152343750000000      -0.434170336    
   2.1191406250000000      -0.434162498    
   2.1230468750000000      -0.434154719    
   2.1269531250000000      -0.434147000    
   2.1308593750000000      -0.434139311    
   2.1347656250000000      -0.434131682    
   2.1386718750000000      -0.434124082    
   2.1425781250000000      -0.434116542    
   2.1464843750000000      -0.434109032    
   2.1503906250000000      -0.434101582    
   2.1542968750000000      -0.434094161    
   2.1582031250000000      -0.434086800    
   2.1621093750000000      -0.434079498    
   2.1660156250000000      -0.434072226    
   2.1699218750000000      -0.434064984    
   2.1738281250000000      -0.434057802    
   2.1777343750000000      -0.434050679    
   2.1816406250000000      -0.434043586    
   2.1855468750000000      -0.434036523    
   2.1894531250000000      -0.434029520    
   2.1933593750000000      -0.434022546    
   2.1972656250000000      -0.434015632    
   2.2011718750000000      -0.434008747    
   2.2050781250000000      -0.434001893    
   2.2089843750000000      -0.433995098    
   2.2128906250000000      -0.433988333    
   2.2167968750000000      -0.433981627    
   2.2207031250000000      -0.433974922    
   2.2246093750000000      -0.433968306    
   2.2285156250000000      -0.433961689    
   2.2324218750000000      -0.433955133    
   2.2363281250000000      -0.433948636    
   2.2402343750000000      -0.433942139    
   2.2441406250000000      -0.433935702    
   2.2480468750000000      -0.433929324    
   2.2519531250000000      -0.433922946    
   2.2558593750000000      -0.433916628    
   2.2597656250000000      -0.433910340    
   2.2636718750000000      -0.433904111    
   2.2675781250000000      -0.433897883    
   2.2714843750000000      -0.433891714    
   2.2753906250000000      -0.433885574    
   2.2792968750000000      -0.433879495    
   2.2832031250000000      -0.433873415    
   2.2871093750000000      -0.433867395    
   2.2910156250000000      -0.433861405    
   2.2949218750000000      -0.433855474    
   2.2988281250000000      -0.433849543    
   2.3027343750000000      -0.433843672    
   2.3066406250000000      -0.433837831    
   2.3105468750000000      -0.433832020    
   2.3144531250000000      -0.433826238    
   2.3183593750000000      -0.433820486    
   2.3222656250000000      -0.433814794    
   2.3261718750000000      -0.433809102    
   2.3300781250000000      -0.433803469    
   2.3339843750000000      -0.433797866    
   2.3378906250000000      -0.433792293    
   2.3417968750000000      -0.433786750    
   2.3457031250000000      -0.433781266    
   2.3496093750000000      -0.433775783    
   2.3535156250000000      -0.433770359    
   2.3574218750000000      -0.433764935    
   2.3613281250000000      -0.433759570    
   2.3652343750000000      -0.433754236    
   2.3691406250000000      -0.433748901    
   2.3730468750000000      -0.433743626    
   2.3769531250000000      -0.433738381    
   2.3808593750000000      -0.433733165    
   2.3847656250000000      -0.433727980    
   2.3886718750000000      -0.433722824    
   2.3925781250000000      -0.433717728    
   2.3964843750000000      -0.433712602    
   2.4003906250000000      -0.433707565    
   2.4042968750000000      -0.433702528    
   2.4082031250000000      -0.433697522    
   2.4121093750000000      -0.433692545    
   2.4160156250000000      -0.433687598    
   2.4199218750000000      -0.433682710    
   2.4238281250000000      -0.433677793    
   2.4277343750000000      -0.433672965    
   2.4316406250000000      -0.433668137    
   2.4355468750000000      -0.433663338    
   2.4394531250000000      -0.433658570    
   2.4433593750000000      -0.433653831    
   2.4472656250000000      -0.433649123    
   2.4511718750000000      -0.433644414    
   2.4550781250000000      -0.433639765    
   2.4589843750000000      -0.433635145    
   2.4628906250000000      -0.433630526    
   2.4667968750000000      -0.433625966    
   2.4707031250000000      -0.433621407    
   2.4746093750000000      -0.433616877    
   2.4785156250000000      -0.433612406    
   2.4824218750000000      -0.433607936    
   2.4863281250000000      -0.433603495    
   2.4902343750000000      -0.433599085    
   2.4941406250000000      -0.433594704    
   2.4980468750000000      -0.433590323    
   2.5019531250000000      -0.433586001    
   2.5058593750000000      -0.433581680    
   2.5097656250000000      -0.433577389    
   2.5136718750000000      -0.433573127    
   2.5175781250000000      -0.433568895    
   2.5214843750000000      -0.433564693    
   2.5253906250000000      -0.433560520    
   2.5292968750000000      -0.433556348    
   2.5332031250000000      -0.433552206    
   2.5371093750000000      -0.433548093    
   2.5410156250000000      -0.433544010    
   2.5449218750000000      -0.433539957    
   2.5488281250000000      -0.433535933    
   2.5527343750000000      -0.433531910    
   2.5566406250000000      -0.433527917    
   2.5605468750000000      -0.433523953    
   2.5644531250000000      -0.433520019    
   2.5683593750000000      -0.433516085    
   2.5722656250000000      -0.433512181    
   2.5761718750000000      -0.433508307    
   2.5800781250000000      -0.433504462    
   2.5839843750000000      -0.433500648    
   2.5878906250000000      -0.433496833    
   2.5917968750000000      -0.433493048    
   2.5957031250000000      -0.433489293    
   2.5996093750000000      -0.433485538    
   2.6035156250000000      -0.433481842    
   2.6074218750000000      -0.433478147    
   2.6113281250000000      -0.433474481    
   2.6152343750000000      -0.433470815    
   2.6191406250000000      -0.433467180    
   2.6230468750000000      -0.433463573    
   2.6269531250000000      -0.433459997    
   2.6308593750000000      -0.433456421    
   2.6347656250000000      -0.433452874    
   2.6386718750000000      -0.433449358    
   2.6425781250000000      -0.433445871    
   2.6464843750000000      -0.433442354    
   2.6503906250000000      -0.433438927    
   2.6542968750000000      -0.433435470    
   2.6582031250000000      -0.433432043    
   2.6621093750000000      -0.433428645    
   2.6660156250000000      -0.433425277    
   2.6699218750000000      -0.433421910    
   2.6738281250000000      -0.433418572    
   2.6777343750000000      -0.433415234    
   2.6816406250000000      -0.433411956    
   2.6855468750000000      -0.433408678    
   2.6894531250000000      -0.433405399    
   2.6933593750000000      -0.433402151    
   2.6972656250000000      -0.433398932    
   2.7011718750000000      -0.433395743    
   2.7050781250000000      -0.433392555    
   2.7089843750000000      -0.433389395    
   2.7128906250000000      -0.433386236    
   2.7167968750000000      -0.433383107    
   2.7207031250000000      -0.433380008    
   2.7246093750000000      -0.433376908    
   2.7285156250000000      -0.433373839    
   2.7324218750000000      -0.433370769    
   2.7363281250000000      -0.433367729    
   2.7402343750000000      -0.433364719    
   2.7441406250000000      -0.433361709    
   2.7480468750000000      -0.433358729    
   2.7519531250000000      -0.433355778    
   2.7558593750000000      -0.433352828    
   2.7597656250000000      -0.433349907    
   2.7636718750000000      -0.433346987    
   2.7675781250000000      -0.433344096    
   2.7714843750000000      -0.433341205    
   2.7753906250000000      -0.433338344    
   2.7792968750000000      -0.433335513    
   2.7832031250000000      -0.433332682    
   2.7871093750000000      -0.433329850    
   2.7910156250000000      -0.433327079    
   2.7949218750000000      -0.433324277    
   2.7988281250000000      -0.433321536    
   2.8027343750000000      -0.433318794    
   2.8066406250000000      -0.433316052    
   2.8105468750000000      -0.433313340    
   2.8144531250000000      -0.433310658    
   2.8183593750000000      -0.433307976    
   2.8222656250000000      -0.433305323    
   2.8261718750000000      -0.433302671    
   2.8300781250000000      -0.433300048    
   2.8339843750000000      -0.433297426    
   2.8378906250000000      -0.433294833    
   2.8417968750000000      -0.433292240    
   2.8457031250000000      -0.433289647    
   2.8496093750000000      -0.433287114    
   2.8535156250000000      -0.433284581    
   2.8574218750000000      -0.433282048    
   2.8613281250000000      -0.433279544    
   2.8652343750000000      -0.433277041    
   2.8691406250000000      -0.433274567    
   2.8730468750000000      -0.433272123    
   2.8769531250000000      -0.433269680    
   2.8808593750000000      -0.433267236    
   2.8847656250000000      -0.433264822    
   2.8886718750000000      -0.433262408    
   2.8925781250000000      -0.433260024    
   2.8964843750000000      -0.433257639    
   2.9003906250000000      -0.433255285    
   2.9042968750000000      -0.433252931    
   2.9082031250000000      -0.433250606    
   2.9121093750000000      -0.433248281    
   2.9160156250000000      -0.433245987    
   2.9199218750000000      -0.433243692    
   2.9238281250000000      -0.433241427    
   2.9277343750000000      -0.433239162    
   2.9316406250000000      -0.433236897    
   2.9355468750000000      -0.433234692    
   2.9394531250000000      -0.433232456    
   2.9433593750000000      -0.433230251    
   2.9472656250000000      -0.433228076    
   2.9511718750000000      -0.433225870    
   2.9550781250000000      -0.433223724    
   2.9589843750000000      -0.433221579    
   2.9628906250000000      -0.433219433    
   2.9667968750000000      -0.433217287    
   2.9707031250000000      -0.433215171    
   2.9746093750000000      -0.433213085    
   2.9785156250000000      -0.433210999    
   2.9824218750000000      -0.433208913    
   2.9863281250000000      -0.433206856    
   2.9902343750000000      -0.433204800    
   2.9941406250000000      -0.433202773    
   2.9980468750000000      -0.433200747    
   3.0019531250000000      -0.433198750    
   3.0058593750000000      -0.433196723    
   3.0097656250000000      -0.433194757    
   3.0136718750000000      -0.433192790    
   3.0175781250000000      -0.433190823    
   3.0214843750000000      -0.433188856    
   3.0253906250000000      -0.433186918    
   3.0292968750000000      -0.433185011    
   3.0332031250000000      -0.433183074    
   3.0371093750000000      -0.433181167    
   3.0410156250000000      -0.433179289    
   3.0449218750000000      -0.433177412    
   3.0488281250000000      -0.433175564    
   3.0527343750000000      -0.433173716    
   3.0566406250000000      -0.433171868    
   3.0605468750000000      -0.433170021    
   3.0644531250000000      -0.433168203    
   3.0683593750000000      -0.433166385    
   3.0722656250000000      -0.433164597    
   3.0761718750000000      -0.433162808    
   3.0800781250000000      -0.433161050    
   3.0839843750000000      -0.433159292    
   3.0878906250000000      -0.433157533    
   3.0917968750000000      -0.433155805    
   3.0957031250000000      -0.433154047    
   3.0996093750000000      -0.433152348    
   3.1035156250000000      -0.433150649    
   3.1074218750000000      -0.433148950    
   3.1113281250000000      -0.433147252    
   3.1152343750000000      -0.433145583    
   3.1191406250000000      -0.433143914    
   3.1230468750000000      -0.433142275    
   3.1269531250000000      -0.433140635    
   3.1308593750000000      -0.433138996    
   3.1347656250000000      -0.433137387    
   3.1386718750000000      -0.433135778    
   3.1425781250000000      -0.433134168    
   3.1464843750000000      -0.433132589    
   3.1503906250000000      -0.433131009    
   3.1542968750000000      -0.433129430    
   3.1582031250000000      -0.433127880    
   3.1621093750000000      -0.433126330    
   3.1660156250000000      -0.433124810    
   3.1699218750000000      -0.433123261    
   3.1738281250000000      -0.433121771    
   3.1777343750000000      -0.433120251    
   3.1816406250000000      -0.433118761    
   3.1855468750000000      -0.433117270    
   3.1894531250000000      -0.433115780    
   3.1933593750000000      -0.433114320    
   3.1972656250000000      -0.433112860    
   3.2011718750000000      -0.433111429    
   3.2050781250000000      -0.433109999    
   3.2089843750000000      -0.433108568    
   3.2128906250000000      -0.433107138    
   3.2167968750000000      -0.433105737    
   3.2207031250000000      -0.433104336    
   3.2246093750000000      -0.433102936    
   3.2285156250000000      -0.433101565    
   3.2324218750000000      -0.433100194    
   3.2363281250000000      -0.433098823    
   3.2402343750000000      -0.433097482    
   3.2441406250000000      -0.433096141    
   3.2480468750000000      -0.433094800    
   3.2519531250000000      -0.433093488    
   3.2558593750000000      -0.433092177    
   3.2597656250000000      -0.433090866    
   3.2636718750000000      -0.433089584    
   3.2675781250000000      -0.433088273    
   3.2714843750000000      -0.433086991    
   3.2753906250000000      -0.433085740    
   3.2792968750000000      -0.433084488    
   3.2832031250000000      -0.433083236    
   3.2871093750000000      -0.433081985    
   3.2910156250000000      -0.433080733    
   3.2949218750000000      -0.433079541    
   3.2988281250000000      -0.433078319    
   3.3027343750000000      -0.433077097    
   3.3066406250000000      -0.433075905    
   3.3105468750000000      -0.433074713    
   3.3144531250000000      -0.433073550    
   3.3183593750000000      -0.433072358    
   3.3222656250000000      -0.433071196    
   3.3261718750000000      -0.433070064    
   3.3300781250000000      -0.433068901    
   3.3339843750000000      -0.433067769    
   3.3378906250000000      -0.433066636    
   3.3417968750000000      -0.433065504    
   3.3457031250000000      -0.433064401    
   3.3496093750000000      -0.433063298    
   3.3535156250000000      -0.433062196    
   3.3574218750000000      -0.433061123    
   3.3613281250000000      -0.433060050    
   3.3652343750000000      -0.433058977    
   3.3691406250000000      -0.433057904    
   3.3730468750000000      -0.433056861    
   3.3769531250000000      -0.433055818    
   3.3808593750000000      -0.433054775    
   3.3847656250000000      -0.433053732    
   3.3886718750000000      -0.433052719    
   3.3925781250000000      -0.433051705    
   3.3964843750000000      -0.433050692    
   3.4003906250000000      -0.433049679    
   3.4042968750000000      -0.433048695    
   3.4082031250000000      -0.433047712    
   3.4121093750000000      -0.433046758    
   3.4160156250000000      -0.433045775    
   3.4199218750000000      -0.433044821    
   3.4238281250000000      -0.433043867    
   3.4277343750000000      -0.433042914    
   3.4316406250000000      -0.433041990    
   3.4355468750000000      -0.433041066    
   3.4394531250000000      -0.433040142    
   3.4433593750000000      -0.433039218    
   3.4472656250000000      -0.433038324    
   3.4511718750000000      -0.433037430    
   3.4550781250000000      -0.433036536    
   3.4589843750000000      -0.433035642    
   3.4628906250000000      -0.433034778    
   3.4667968750000000      -0.433033913    
   3.4707031250000000      -0.433033049    
   3.4746093750000000      -0.433032185    
   3.4785156250000000      -0.433031350    
   3.4824218750000000      -0.433030486    
   3.4863281250000000      -0.433029681    
   3.4902343750000000      -0.433028847    
   3.4941406250000000      -0.433028042    
   3.4980468750000000      -0.433027208    
   3.5019531250000000      -0.433026433    
   3.5058593750000000      -0.433025628    
   3.5097656250000000      -0.433024824    
   3.5136718750000000      -0.433024049    
   3.5175781250000000      -0.433023274    
   3.5214843750000000      -0.433022529    
   3.5253906250000000      -0.433021754    
   3.5292968750000000      -0.433021009    
   3.5332031250000000      -0.433020264    
   3.5371093750000000      -0.433019519    
   3.5410156250000000      -0.433018804    
   3.5449218750000000      -0.433018059    
   3.5488281250000000      -0.433017343    
   3.5527343750000000      -0.433016658    
   3.5566406250000000      -0.433015943    
   3.5605468750000000      -0.433015227    
   3.5644531250000000      -0.433014572    
   3.5683593750000000      -0.433013886    
   3.5722656250000000      -0.433013201    
   3.5761718750000000      -0.433012545    
   3.5800781250000000      -0.433011860    
   3.5839843750000000      -0.433011204    
   3.5878906250000000      -0.433010578    
   3.5917968750000000      -0.433009923    
   3.5957031250000000      -0.433009297    
   3.5996093750000000      -0.433008671    
   3.6035156250000000      -0.433008045    
   3.6074218750000000      -0.433007419    
   3.6113281250000000      -0.433006823    
   3.6152343750000000      -0.433006227    
   3.6191406250000000      -0.433005631    
   3.6230468750000000      -0.433005035    
   3.6269531250000000      -0.433004439    
   3.6308593750000000      -0.433003873    
   3.6347656250000000      -0.433003306    
   3.6386718750000000      -0.433002740    
   3.6425781250000000      -0.433002174    
   3.6464843750000000      -0.433001637    
   3.6503906250000000      -0.433001101    
   3.6542968750000000      -0.433000565    
   3.6582031250000000      -0.433000028    
   3.6621093750000000      -0.432999492    
   3.6660156250000000      -0.432998985    
   3.6699218750000000      -0.432998478    
   3.6738281250000000      -0.432997972    
   3.6777343750000000      -0.432997495    
   3.6816406250000000      -0.432996988    
   3.6855468750000000      -0.432996511    
   3.6894531250000000      -0.432996035    
   3.6933593750000000      -0.432995558    
   3.6972656250000000      -0.432995081    
   3.7011718750000000      -0.432994634    
   3.7050781250000000      -0.432994187    
   3.7089843750000000      -0.432993740    
   3.7128906250000000      -0.432993293    
   3.7167968750000000      -0.432992876    
   3.7207031250000000      -0.432992429    
   3.7246093750000000      -0.432992011    
   3.7285156250000000      -0.432991594    
   3.7324218750000000      -0.432991177    
   3.7363281250000000      -0.432990789    
   3.7402343750000000      -0.432990402    
   3.7441406250000000      -0.432989985    
   3.7480468750000000      -0.432989597    
   3.7519531250000000      -0.432989240    
   3.7558593750000000      -0.432988852    
   3.7597656250000000      -0.432988495    
   3.7636718750000000      -0.432988137    
   3.7675781250000000      -0.432987779    
   3.7714843750000000      -0.432987422    
   3.7753906250000000      -0.432987094    
   3.7792968750000000      -0.432986766    
   3.7832031250000000      -0.432986438    
   3.7871093750000000      -0.432986110    
   3.7910156250000000      -0.432985783    
   3.7949218750000000      -0.432985485    
   3.7988281250000000      -0.432985157    
   3.8027343750000000      -0.432984859    
   3.8066406250000000      -0.432984591    
   3.8105468750000000      -0.432984293    
   3.8144531250000000      -0.432983994    
   3.8183593750000000      -0.432983726    
   3.8222656250000000      -0.432983458    
   3.8261718750000000      -0.432983190    
   3.8300781250000000      -0.432982951    
   3.8339843750000000      -0.432982683    
   3.8378906250000000      -0.432982445    
   3.8417968750000000      -0.432982206    
   3.8457031250000000      -0.432981968    
   3.8496093750000000      -0.432981730    
   3.8535156250000000      -0.432981521    
   3.8574218750000000      -0.432981312    
   3.8613281250000000      -0.432981104    
   3.8652343750000000      -0.432980895    
   3.8691406250000000      -0.432980686    
   3.8730468750000000      -0.432980508    
   3.8769531250000000      -0.432980299    
   3.8808593750000000      -0.432980120    
   3.8847656250000000      -0.432979971    
   3.8886718750000000      -0.432979792    
   3.8925781250000000      -0.432979614    
   3.8964843750000000      -0.432979465    
   3.9003906250000000      -0.432979316    
   3.9042968750000000      -0.432979167    
   3.9082031250000000      -0.432979047    
   3.9121093750000000      -0.432978898    
   3.9160156250000000      -0.432978779    
   3.9199218750000000      -0.432978630    
   3.9238281250000000      -0.432978541    
   3.9277343750000000      -0.432978421    
   3.9316406250000000      -0.432978332    
   3.9355468750000000      -0.432978213    
   3.9394531250000000      -0.432978123    
   3.9433593750000000      -0.432978034    
   3.9472656250000000      -0.432977945    
   3.9511718750000000      -0.432977885    
   3.9550781250000000      -0.432977825    
   3.9589843750000000      -0.432977736    
   3.9628906250000000      -0.432977676    
   3.9667968750000000      -0.432977647    
   3.9707031250000000      -0.432977587    
   3.9746093750000000      -0.432977557    
   3.9785156250000000      -0.432977527    
   3.9824218750000000      -0.432977498    
   3.9863281250000000      -0.432977468    
   3.9902343750000000      -0.432977438    
   3.9941406250000000      -0.432977438    
   3.9980468750000000      -0.432977438    
   4.0019531250000000      -0.432977438    
   4.0058593750000000      -0.432977438    
   4.0097656250000000      -0.432977438    
   4.0136718750000000      -0.432977468    
   4.0175781250000000      -0.432977498    
   4.0214843750000000      -0.432977527    
   4.0253906250000000      -0.432977557    
   4.0292968750000000      -0.432977587    
   4.0332031250000000      -0.432977647    
   4.0371093750000000      -0.432977676    
   4.0410156250000000      -0.432977736    
   4.0449218750000000      -0.432977825    
   4.0488281250000000      -0.432977885    
   4.0527343750000000      -0.432977945    
   4.0566406250000000      -0.432978034    
   4.0605468750000000      -0.432978123    
   4.0644531250000000      -0.432978213    
   4.0683593750000000      -0.432978332    
   4.0722656250000000      -0.432978421    
   4.0761718750000000      -0.432978541    
   4.0800781250000000      -0.432978630    
   4.0839843750000000      -0.432978779    
   4.0878906250000000      -0.432978898    
   4.0917968750000000      -0.432979047    
   4.0957031250000000      -0.432979167    
   4.0996093750000000      -0.432979316    
   4.1035156250000000      -0.432979465    
   4.1074218750000000      -0.432979614    
   4.1113281250000000      -0.432979792    
   4.1152343750000000      -0.432979971    
   4.1191406250000000      -0.432980120    
   4.1230468750000000      -0.432980299    
   4.1269531250000000      -0.432980508    
   4.1308593750000000      -0.432980686    
   4.1347656250000000      -0.432980895    
   4.1386718750000000      -0.432981104    
   4.1425781250000000      -0.432981312    
   4.1464843750000000      -0.432981521    
   4.1503906250000000      -0.432981730    
   4.1542968750000000      -0.432981968    
   4.1582031250000000      -0.432982206    
   4.1621093750000000      -0.432982445    
   4.1660156250000000      -0.432982683    
   4.1699218750000000      -0.432982951    
   4.1738281250000000      -0.432983190    
   4.1777343750000000      -0.432983458    
   4.1816406250000000      -0.432983726    
   4.1855468750000000      -0.432983994    
   4.1894531250000000      -0.432984293    
   4.1933593750000000      -0.432984591    
   4.1972656250000000      -0.432984859    
   4.2011718750000000      -0.432985157    
   4.2050781250000000      -0.432985485    
   4.2089843750000000      -0.432985783    
   4.2128906250000000      -0.432986110    
   4.2167968750000000      -0.432986438    
   4.2207031250000000      -0.432986766    
   4.2246093750000000      -0.432987094    
   4.2285156250000000      -0.432987422    
   4.2324218750000000      -0.432987779    
   4.2363281250000000      -0.432988137    
   4.2402343750000000      -0.432988495    
   4.2441406250000000      -0.432988852    
   4.2480468750000000      -0.432989240    
   4.2519531250000000      -0.432989597    
   4.2558593750000000      -0.432989985    
   4.2597656250000000      -0.432990402    
   4.2636718750000000      -0.432990789    
   4.2675781250000000      -0.432991177    
   4.2714843750000000      -0.432991594    
   4.2753906250000000      -0.432992011    
   4.2792968750000000      -0.432992429    
   4.2832031250000000      -0.432992876    
   4.2871093750000000      -0.432993293    
   4.2910156250000000      -0.432993740    
   4.2949218750000000      -0.432994187    
   4.2988281250000000      -0.432994634    
   4.3027343750000000      -0.432995081    
   4.3066406250000000      -0.432995558    
   4.3105468750000000      -0.432996035    
   4.3144531250000000      -0.432996511    
   4.3183593750000000      -0.432996988    
   4.3222656250000000      -0.432997495    
   4.3261718750000000      -0.432997972    
   4.3300781250000000      -0.432998478    
   4.3339843750000000      -0.432998985    
   4.3378906250000000      -0.432999492    
   4.3417968750000000      -0.433000028    
   4.3457031250000000      -0.433000565    
   4.3496093750000000      -0.433001101    
   4.3535156250000000      -0.433001637    
   4.3574218750000000      -0.433002174    
   4.3613281250000000      -0.433002740    
   4.3652343750000000      -0.433003306    
   4.3691406250000000      -0.433003873    
   4.3730468750000000      -0.433004439    
   4.3769531250000000      -0.433005035    
   4.3808593750000000      -0.433005631    
   4.3847656250000000      -0.433006227    
   4.3886718750000000      -0.433006823    
   4.3925781250000000      -0.433007419    
   4.3964843750000000      -0.433008045    
   4.4003906250000000      -0.433008671    
   4.4042968750000000      -0.433009297    
   4.4082031250000000      -0.433009923    
   4.4121093750000000      -0.433010578    
   4.4160156250000000      -0.433011204    
   4.4199218750000000      -0.433011860    
   4.4238281250000000      -0.433012545    
   4.4277343750000000      -0.433013201    
   4.4316406250000000      -0.433013886    
   4.4355468750000000      -0.433014572    
   4.4394531250000000      -0.433015227    
   4.4433593750000000      -0.433015943    
   4.4472656250000000      -0.433016658    
   4.4511718750000000      -0.433017343    
   4.4550781250000000      -0.433018059    
   4.4589843750000000      -0.433018804    
   4.4628906250000000      -0.433019519    
   4.4667968750000000      -0.433020264    
   4.4707031250000000      -0.433021009    
   4.4746093750000000      -0.433021754    
   4.4785156250000000      -0.433022529    
   4.4824218750000000      -0.433023274    
   4.4863281250000000      -0.433024049    
   4.4902343750000000      -0.433024824    
   4.4941406250000000      -0.433025628    
   4.4980468750000000      -0.433026433    
   4.5019531250000000      -0.433027208    
   4.5058593750000000      -0.433028042    
   4.5097656250000000      -0.433028847    
   4.5136718750000000      -0.433029681    
   4.5175781250000000      -0.433030486    
   4.5214843750000000      -0.433031350    
   4.5253906250000000      -0.433032185    
   4.5292968750000000      -0.433033049    
   4.5332031250000000      -0.433033913    
   4.5371093750000000      -0.433034778    
   4.5410156250000000      -0.433035642    
   4.5449218750000000      -0.433036536    
   4.5488281250000000      -0.433037430    
   4.5527343750000000      -0.433038324    
   4.5566406250000000      -0.433039218    
   4.5605468750000000      -0.433040142    
   4.5644531250000000      -0.433041066    
   4.5683593750000000      -0.433041990    
   4.5722656250000000      -0.433042914    
   4.5761718750000000      -0.433043867    
   4.5800781250000000      -0.433044821    
   4.5839843750000000      -0.433045775    
   4.5878906250000000      -0.433046758    
   4.5917968750000000      -0.433047712    
   4.5957031250000000      -0.433048695    
   4.5996093750000000      -0.433049679    
   4.6035156250000000      -0.433050692    
   4.6074218750000000      -0.433051705    
   4.6113281250000000      -0.433052719    
   4.6152343750000000      -0.433053732    
   4.6191406250000000      -0.433054775    
   4.6230468750000000      -0.433055818    
   4.6269531250000000      -0.433056861    
   4.6308593750000000      -0.433057904    
   4.6347656250000000      -0.433058977    
   4.6386718750000000      -0.433060050    
   4.6425781250000000      -0.433061123    
   4.6464843750000000      -0.433062196    
   4.6503906250000000      -0.433063298    
   4.6542968750000000      -0.433064401    
   4.6582031250000000      -0.433065504    
   4.6621093750000000      -0.433066636    
   4.6660156250000000      -0.433067769    
   4.6699218750000000      -0.433068901    
   4.6738281250000000      -0.433070064    
   4.6777343750000000      -0.433071196    
   4.6816406250000000      -0.433072358    
   4.6855468750000000      -0.433073550    
   4.6894531250000000      -0.433074713    
   4.6933593750000000      -0.433075905    
   4.6972656250000000      -0.433077097    
   4.7011718750000000      -0.433078319    
   4.7050781250000000      -0.433079541    
   4.7089843750000000      -0.433080733    
   4.7128906250000000      -0.433081985    
   4.7167968750000000      -0.433083236    
   4.7207031250000000      -0.433084488    
   4.7246093750000000      -0.433085740    
   4.7285156250000000      -0.433086991    
   4.7324218750000000      -0.433088273    
   4.7363281250000000      -0.433089584    
   4.7402343750000000      -0.433090866    
   4.7441406250000000      -0.433092177    
   4.7480468750000000      -0.433093488    
   4.7519531250000000      -0.433094800    
   4.7558593750000000      -0.433096141    
   4.7597656250000000      -0.433097482    
   4.7636718750000000      -0.433098823    
   4.7675781250000000      -0.433100194    
   4.7714843750000000      -0.433101565    
   4.7753906250000000      -0.433102936    
   4.7792968750000000      -0.433104336    
   4.7832031250000000      -0.433105737    
   4.7871093750000000      -0.433107138    
   4.7910156250000000      -0.433108568    
   4.7949218750000000      -0.433109999    
   4.7988281250000000      -0.433111429    
   4.8027343750000000      -0.433112860    
   4.8066406250000000      -0.433114320    
   4.8105468750000000      -0.433115780    
   4.8144531250000000      -0.433117270    
   4.8183593750000000      -0.433118761    
   4.8222656250000000      -0.433120251    
   4.8261718750000000      -0.433121771    
   4.8300781250000000      -0.433123261    
   4.8339843750000000      -0.433124810    
   4.8378906250000000      -0.433126330    
   4.8417968750000000      -0.433127880    
   4.8457031250000000      -0.433129430    
   4.8496093750000000      -0.433131009    
   4.8535156250000000      -0.433132589    
   4.8574218750000000      -0.433134168    
   4.8613281250000000      -0.433135778    
   4.8652343750000000      -0.433137387    
   4.8691406250000000      -0.433138996    
   4.8730468750000000      -0.433140635    
   4.8769531250000000      -0.433142275    
   4.8808593750000000      -0.433143914    
   4.8847656250000000      -0.433145583    
   4.8886718750000000      -0.433147252    
   4.8925781250000000      -0.433148950    
   4.8964843750000000      -0.433150649    
   4.9003906250000000      -0.433152348    
   4.9042968750000000      -0.433154047    
   4.9082031250000000      -0.433155805    
   4.9121093750000000      -0.433157533    
   4.9160156250000000      -0.433159292    
   4.9199218750000000      -0.433161050    
   4.9238281250000000      -0.433162808    
   4.9277343750000000      -0.433164597    
   4.9316406250000000      -0.433166385    
   4.9355468750000000      -0.433168203    
   4.9394531250000000      -0.433170021    
   4.9433593750000000      -0.433171868    
   4.9472656250000000      -0.433173716    
   4.9511718750000000      -0.433175564    
   4.9550781250000000      -0.433177412    
   4.9589843750000000      -0.433179289    
   4.9628906250000000      -0.433181167    
   4.9667968750000000      -0.433183074    
   4.9707031250000000      -0.433185011    
   4.9746093750000000      -0.433186918    
   4.9785156250000000      -0.433188856    
   4.9824218750000000      -0.433190823    
   4.9863281250000000      -0.433192790    
   4.9902343750000000      -0.433194757    
   4.9941406250000000      -0.433196723    
   4.9980468750000000      -0.433198750    
   5.0019531250000000      -0.433200747    
   5.0058593750000000      -0.433202773    
   5.0097656250000000      -0.433204800    
   5.0136718750000000      -0.433206856    
   5.0175781250000000      -0.433208913    
   5.0214843750000000      -0.433210999    
   5.0253906250000000      -0.433213085    
   5.0292968750000000      -0.433215171    
   5.0332031250000000      -0.433217287    
   5.0371093750000000      -0.433219433    
   5.0410156250000000      -0.433221579    
   5.0449218750000000      -0.433223724    
   5.0488281250000000      -0.433225870    
   5.0527343750000000      -0.433228076    
   5.0566406250000000      -0.433230251    
   5.0605468750000000      -0.433232456    
   5.0644531250000000      -0.433234692    
   5.0683593750000000      -0.433236897    
   5.0722656250000000      -0.433239162    
   5.0761718750000000      -0.433241427    
   5.0800781250000000      -0.433243692    
   5.0839843750000000      -0.433245987    
   5.0878906250000000      -0.433248281    
   5.0917968750000000      -0.433250606    
   5.0957031250000000      -0.433252931    
   5.0996093750000000      -0.433255285    
   5.1035156250000000      -0.433257639    
   5.1074218750000000      -0.433260024    
   5.1113281250000000      -0.433262408    
   5.1152343750000000      -0.433264822    
   5.1191406250000000      -0.433267236    
   5.1230468750000000      -0.433269680    
   5.1269531250000000      -0.433272123    
   5.1308593750000000      -0.433274567    
   5.1347656250000000      -0.433277041    
   5.1386718750000000      -0.433279544    
   5.1425781250000000      -0.433282048    
   5.1464843750000000      -0.433284581    
   5.1503906250000000      -0.433287114    
   5.1542968750000000      -0.433289647    
   5.1582031250000000      -0.433292240    
   5.1621093750000000      -0.433294833    
   5.1660156250000000      -0.433297426    
   5.1699218750000000      -0.433300048    
   5.1738281250000000      -0.433302671    
   5.1777343750000000      -0.433305323    
   5.1816406250000000      -0.433307976    
   5.1855468750000000      -0.433310658    
   5.1894531250000000      -0.433313340    
   5.1933593750000000      -0.433316052    
   5.1972656250000000      -0.433318794    
   5.2011718750000000      -0.433321536    
   5.2050781250000000      -0.433324277    
   5.2089843750000000      -0.433327079    
   5.2128906250000000      -0.433329850    
   5.2167968750000000      -0.433332682    
   5.2207031250000000      -0.433335513    
   5.2246093750000000      -0.433338344    
   5.2285156250000000      -0.433341205    
   5.2324218750000000      -0.433344096    
   5.2363281250000000      -0.433346987    
   5.2402343750000000      -0.433349907    
   5.2441406250000000      -0.433352828    
   5.2480468750000000      -0.433355778    
   5.2519531250000000      -0.433358729    
   5.2558593750000000      -0.433361709    
   5.2597656250000000      -0.433364719    
   5.2636718750000000      -0.433367729    
   5.2675781250000000      -0.433370769    
   5.2714843750000000      -0.433373839    
   5.2753906250000000      -0.433376908    
   5.2792968750000000      -0.433380008    
   5.2832031250000000      -0.433383107    
   5.2871093750000000      -0.433386236    
   5.2910156250000000      -0.433389395    
   5.2949218750000000      -0.433392555    
   5.2988281250000000      -0.433395743    
   5.3027343750000000      -0.433398932    
   5.3066406250000000      -0.433402151    
   5.3105468750000000      -0.433405399    
   5.3144531250000000      -0.433408678    
   5.3183593750000000      -0.433411956    
   5.3222656250000000      -0.433415234    
   5.3261718750000000      -0.433418572    
   5.3300781250000000      -0.433421910    
   5.3339843750000000      -0.433425277    
   5.3378906250000000      -0.433428645    
   5.3417968750000000      -0.433432043    
   5.3457031250000000      -0.433435470    
   5.3496093750000000      -0.433438927    
   5.3535156250000000      -0.433442354    
   5.3574218750000000      -0.433445871    
   5.3613281250000000      -0.433449358    
   5.3652343750000000      -0.433452874    
   5.3691406250000000      -0.433456421    
   5.3730468750000000      -0.433459997    
   5.3769531250000000      -0.433463573    
   5.3808593750000000      -0.433467180    
   5.3847656250000000      -0.433470815    
   5.3886718750000000      -0.433474481    
   5.3925781250000000      -0.433478147    
   5.3964843750000000      -0.433481842    
   5.4003906250000000      -0.433485538    
   5.4042968750000000      -0.433489293    
   5.4082031250000000      -0.433493048    
   5.4121093750000000      -0.433496833    
   5.4160156250000000      -0.433500648    
   5.4199218750000000      -0.433504462    
   5.4238281250000000      -0.433508307    
   5.4277343750000000      -0.433512181    
   5.4316406250000000      -0.433516085    
   5.4355468750000000      -0.433520019    
   5.4394531250000000      -0.433523953    
   5.4433593750000000      -0.433527917    
   5.4472656250000000      -0.433531910    
   5.4511718750000000      -0.433535933    
   5.4550781250000000      -0.433539957    
   5.4589843750000000      -0.433544010    
   5.4628906250000000      -0.433548093    
   5.4667968750000000      -0.433552206    
   5.4707031250000000      -0.433556348    
   5.4746093750000000      -0.433560520    
   5.4785156250000000      -0.433564693    
   5.4824218750000000      -0.433568895    
   5.4863281250000000      -0.433573127    
   5.4902343750000000      -0.433577389    
   5.4941406250000000      -0.433581680    
   5.4980468750000000      -0.433586001    
   5.5019531250000000      -0.433590323    
   5.5058593750000000      -0.433594704    
   5.5097656250000000      -0.433599085    
   5.5136718750000000      -0.433603495    
   5.5175781250000000      -0.433607936    
   5.5214843750000000      -0.433612406    
   5.5253906250000000      -0.433616877    
   5.5292968750000000      -0.433621407    
   5.5332031250000000      -0.433625966    
   5.5371093750000000      -0.433630526    
   5.5410156250000000      -0.433635145    
   5.5449218750000000      -0.433639765    
   5.5488281250000000      -0.433644414    
   5.5527343750000000      -0.433649123    
   5.5566406250000000      -0.433653831    
   5.5605468750000000      -0.433658570    
   5.5644531250000000      -0.433663338    
   5.5683593750000000      -0.433668137    
   5.5722656250000000      -0.433672965    
   5.5761718750000000      -0.433677793    
   5.5800781250000000      -0.433682710    
   5.5839843750000000      -0.433687598    
   5.5878906250000000      -0.433692545    
   5.5917968750000000      -0.433697522    
   5.5957031250000000      -0.433702528    
   5.5996093750000000      -0.433707565    
   5.6035156250000000      -0.433712602    
   5.6074218750000000      -0.433717728    
   5.6113281250000000      -0.433722824    
   5.6152343750000000      -0.433727980    
   5.6191406250000000      -0.433733165    
   5.6230468750000000      -0.433738381    
   5.6269531250000000      -0.433743626    
   5.6308593750000000      -0.433748901    
   5.6347656250000000      -0.433754236    
   5.6386718750000000      -0.433759570    
   5.6425781250000000      -0.433764935    
   5.6464843750000000      -0.433770359    
   5.6503906250000000      -0.433775783    
   5.6542968750000000      -0.433781266    
   5.6582031250000000      -0.433786750    
   5.6621093750000000      -0.433792293    
   5.6660156250000000      -0.433797866    
   5.6699218750000000      -0.433803469    
   5.6738281250000000      -0.433809102    
   5.6777343750000000      -0.433814794    
   5.6816406250000000      -0.433820486    
   5.6855468750000000      -0.433826238    
   5.6894531250000000      -0.433832020    
   5.6933593750000000      -0.433837831    
   5.6972656250000000      -0.433843672    
   5.7011718750000000      -0.433849543    
   5.7050781250000000      -0.433855474    
   5.7089843750000000      -0.433861405    
   5.7128906250000000      -0.433867395    
   5.7167968750000000      -0.433873415    
   5.7207031250000000      -0.433879495    
   5.7246093750000000      -0.433885574    
   5.7285156250000000      -0.433891714    
   5.7324218750000000      -0.433897883    
   5.7363281250000000      -0.433904111    
   5.7402343750000000      -0.433910340    
   5.7441406250000000      -0.433916628    
   5.7480468750000000      -0.433922946    
   5.7519531250000000      -0.433929324    
   5.7558593750000000      -0.433935702    
   5.7597656250000000      -0.433942139    
   5.7636718750000000      -0.433948636    
   5.7675781250000000      -0.433955133    
   5.7714843750000000      -0.433961689    
   5.7753906250000000      -0.433968306    
   5.7792968750000000      -0.433974922    
   5.7832031250000000      -0.433981627    
   5.7871093750000000      -0.433988333    
   5.7910156250000000      -0.433995098    
   5.7949218750000000      -0.434001893    
   5.7988281250000000      -0.434008747    
   5.8027343750000000      -0.434015632    
   5.8066406250000000      -0.434022546    
   5.8105468750000000      -0.434029520    
   5.8144531250000000      -0.434036523    
   5.8183593750000000      -0.434043586    
   5.8222656250000000      -0.434050679    
   5.8261718750000000      -0.434057802    
   5.8300781250000000      -0.434064984    
   5.8339843750000000      -0.434072226    
   5.8378906250000000      -0.434079498    
   5.8417968750000000      -0.434086800    
   5.8457031250000000      -0.434094161    
   5.8496093750000000      -0.434101582    
   5.8535156250000000      -0.434109032    
   5.8574218750000000      -0.434116542    
   5.8613281250000000      -0.434124082    
   5.8652343750000000      -0.434131682    
   5.8691406250000000      -0.434139311    
   5.8730468750000000      -0.434147000    
   5.8769531250000000      -0.434154719    
   5.8808593750000000      -0.434162498    
   5.8847656250000000      -0.434170336    
   5.8886718750000000      -0.434178203    
   5.8925781250000000      -0.434186131    
   5.8964843750000000      -0.434194118    
   5.9003906250000000      -0.434202135    
   5.9042968750000000      -0.434210211    
   5.9082031250000000      -0.434218317    
   5.9121093750000000      -0.434226513    
   5.9160156250000000      -0.434234738    
   5.9199218750000000      -0.434242994    
   5.9238281250000000      -0.434251338    
   5.9277343750000000      -0.434259713    
   5.9316406250000000      -0.434268147    
   5.9355468750000000      -0.434276611    
   5.9394531250000000      -0.434285164    
   5.9433593750000000      -0.434293747    
   5.9472656250000000      -0.434302390    
   5.9511718750000000      -0.434311092    
   5.9550781250000000      -0.434319824    
   5.9589843750000000      -0.434328645    
   5.9628906250000000      -0.434337497    
   5.9667968750000000      -0.434346408    
   5.9707031250000000      -0.434355378    
   5.9746093750000000      -0.434364408    
   5.9785156250000000      -0.434373498    
   5.9824218750000000      -0.434382647    
   5.9863281250000000      -0.434391856    
   5.9902343750000000      -0.434401095    
   5.9941406250000000      -0.434410423    
   5.9980468750000000      -0.434419781    
   6.0019531250000000      -0.434429228    
   6.0058593750000000      -0.434438705    
   6.0097656250000000      -0.434448272    
   6.0136718750000000      -0.434457868    
   6.0175781250000000      -0.434467554    
   6.0214843750000000      -0.434477270    
   6.0253906250000000      -0.434487075    
   6.0292968750000000      -0.434496939    
   6.0332031250000000      -0.434506834    
   6.0371093750000000      -0.434516817    
   6.0410156250000000      -0.434526861    
   6.0449218750000000      -0.434536994    
   6.0488281250000000      -0.434547156    
   6.0527343750000000      -0.434557378    
   6.0566406250000000      -0.434567690    
   6.0605468750000000      -0.434578061    
   6.0644531250000000      -0.434588492    
   6.0683593750000000      -0.434598982    
   6.0722656250000000      -0.434609562    
   6.0761718750000000      -0.434620172    
   6.0800781250000000      -0.434630871    
   6.0839843750000000      -0.434641659    
   6.0878906250000000      -0.434652507    
   6.0917968750000000      -0.434663415    
   6.0957031250000000      -0.434674382    
   6.0996093750000000      -0.434685409    
   6.1035156250000000      -0.434696555    
   6.1074218750000000      -0.434707731    
   6.1113281250000000      -0.434718996    
   6.1152343750000000      -0.434730321    
   6.1191406250000000      -0.434741735    
   6.1230468750000000      -0.434753209    
   6.1269531250000000      -0.434764773    
   6.1308593750000000      -0.434776396    
   6.1347656250000000      -0.434788078    
   6.1386718750000000      -0.434799850    
   6.1425781250000000      -0.434811711    
   6.1464843750000000      -0.434823632    
   6.1503906250000000      -0.434835643    
   6.1542968750000000      -0.434847713    
   6.1582031250000000      -0.434859902    
   6.1621093750000000      -0.434872150    
   6.1660156250000000      -0.434884459    
   6.1699218750000000      -0.434896857    
   6.1738281250000000      -0.434909344    
   6.1777343750000000      -0.434921890    
   6.1816406250000000      -0.434934527    
   6.1855468750000000      -0.434947252    
   6.1894531250000000      -0.434960067    
   6.1933593750000000      -0.434972942    
   6.1972656250000000      -0.434985936    
   6.2011718750000000      -0.434998989    
   6.2050781250000000      -0.435012132    
   6.2089843750000000      -0.435025364    
   6.2128906250000000      -0.435038686    
   6.2167968750000000      -0.435052097    
   6.2207031250000000      -0.435065567    
   6.2246093750000000      -0.435079157    
   6.2285156250000000      -0.435092807    
   6.2324218750000000      -0.435106575    
   6.2363281250000000      -0.435120434    
   6.2402343750000000      -0.435134381    
   6.2441406250000000      -0.435148418    
   6.2480468750000000      -0.435162544    
   6.2519531250000000      -0.435176730    
   6.2558593750000000      -0.435191065    
   6.2597656250000000      -0.435205460    
   6.2636718750000000      -0.435219944    
   6.2675781250000000      -0.435234547    
   6.2714843750000000      -0.435249239    
   6.2753906250000000      -0.435264051    
   6.2792968750000000      -0.435278922    
   6.2832031250000000      -0.435293913    
   6.2871093750000000      -0.435308993    
   6.2910156250000000      -0.435324192    
   6.2949218750000000      -0.435339451    
   6.2988281250000000      -0.435354859    
   6.3027343750000000      -0.435370356    
   6.3066406250000000      -0.435385942    
   6.3105468750000000      -0.435401648    
   6.3144531250000000      -0.435417444    
   6.3183593750000000      -0.435433358    
   6.3222656250000000      -0.435449362    
   6.3261718750000000      -0.435465485    
   6.3300781250000000      -0.435481727    
   6.3339843750000000      -0.435498059    
   6.3378906250000000      -0.435514510    
   6.3417968750000000      -0.435531080    
   6.3457031250000000      -0.435547739    
   6.3496093750000000      -0.435564518    
   6.3535156250000000      -0.435581416    
   6.3574218750000000      -0.435598433    
   6.3613281250000000      -0.435615540    
   6.3652343750000000      -0.435632765    
   6.3691406250000000      -0.435650140    
   6.3730468750000000      -0.435667604    
   6.3769531250000000      -0.435685217    
   6.3808593750000000      -0.435702920    
   6.3847656250000000      -0.435720742    
   6.3886718750000000      -0.435738683    
   6.3925781250000000      -0.435756773    
   6.3964843750000000      -0.435774952    
   6.4003906250000000      -0.435793281    
   6.4042968750000000      -0.435811728    
   6.4082031250000000      -0.435830295    
   6.4121093750000000      -0.435849011    
   6.4160156250000000      -0.435867816    
   6.4199218750000000      -0.435886770    
   6.4238281250000000      -0.435905874    
   6.4277343750000000      -0.435925066    
   6.4316406250000000      -0.435944408    
   6.4355468750000000      -0.435963899    
   6.4394531250000000      -0.435983509    
   6.4433593750000000      -0.436003268    
   6.4472656250000000      -0.436023146    
   6.4511718750000000      -0.436043143    
   6.4550781250000000      -0.436063319    
   6.4589843750000000      -0.436083615    
   6.4628906250000000      -0.436104059    
   6.4667968750000000      -0.436124623    
   6.4707031250000000      -0.436145335    
   6.4746093750000000      -0.436166197    
   6.4785156250000000      -0.436187208    
   6.4824218750000000      -0.436208367    
   6.4863281250000000      -0.436229676    
   6.4902343750000000      -0.436251104    
   6.4941406250000000      -0.436272711    
   6.4980468750000000      -0.436294466    
   6.5019531250000000      -0.436316371    
   6.5058593750000000      -0.436338425    
   6.5097656250000000      -0.436360627    
   6.5136718750000000      -0.436382979    
   6.5175781250000000      -0.436405510    
   6.5214843750000000      -0.436428189    
   6.5253906250000000      -0.436451018    
   6.5292968750000000      -0.436474025    
   6.5332031250000000      -0.436497182    
   6.5371093750000000      -0.436520487    
   6.5410156250000000      -0.436543971    
   6.5449218750000000      -0.436567634    
   6.5488281250000000      -0.436591446    
   6.5527343750000000      -0.436615437    
   6.5566406250000000      -0.436639577    
   6.5605468750000000      -0.436663926    
   6.5644531250000000      -0.436688423    
   6.5683593750000000      -0.436713070    
   6.5722656250000000      -0.436737925    
   6.5761718750000000      -0.436762929    
   6.5800781250000000      -0.436788142    
   6.5839843750000000      -0.436813533    
   6.5878906250000000      -0.436839104    
   6.5917968750000000      -0.436864823    
   6.5957031250000000      -0.436890751    
   6.5996093750000000      -0.436916858    
   6.6035156250000000      -0.436943173    
   6.6074218750000000      -0.436969638    
   6.6113281250000000      -0.436996341    
   6.6152343750000000      -0.437023193    
   6.6191406250000000      -0.437050253    
   6.6230468750000000      -0.437077522    
   6.6269531250000000      -0.437104970    
   6.6308593750000000      -0.437132627    
   6.6347656250000000      -0.437160462    
   6.6386718750000000      -0.437188506    
   6.6425781250000000      -0.437216759    
   6.6464843750000000      -0.437245250    
   6.6503906250000000      -0.437273890    
   6.6542968750000000      -0.437302768    
   6.6582031250000000      -0.437331855    
   6.6621093750000000      -0.437361151    
   6.6660156250000000      -0.437390655    
   6.6699218750000000      -0.437420368    
   6.6738281250000000      -0.437450320    
   6.6777343750000000      -0.437480450    
   6.6816406250000000      -0.437510848    
   6.6855468750000000      -0.437541425    
   6.6894531250000000      -0.437572271    
   6.6933593750000000      -0.437603295    
   6.6972656250000000      -0.437634587    
   6.7011718750000000      -0.437666088    
   6.7050781250000000      -0.437697828    
   6.7089843750000000      -0.437729806    
   6.7128906250000000      -0.437761992    
   6.7167968750000000      -0.437794447    
   6.7207031250000000      -0.437827140    
   6.7246093750000000      -0.437860072    
   6.7285156250000000      -0.437893212    
   6.7324218750000000      -0.437926650    
   6.7363281250000000      -0.437960297    
   6.7402343750000000      -0.437994212    
   6.7441406250000000      -0.438028395    
   6.7480468750000000      -0.438062787    
   6.7519531250000000      -0.438097477    
   6.7558593750000000      -0.438132405    
   6.7597656250000000      -0.438167602    
   6.7636718750000000      -0.438203067    
   6.7675781250000000      -0.438238800    
   6.7714843750000000      -0.438274771    
   6.7753906250000000      -0.438311040    
   6.7792968750000000      -0.438347578    
   6.7832031250000000      -0.438384384    
   6.7871093750000000      -0.438421458    
   6.7910156250000000      -0.438458830    
   6.7949218750000000      -0.438496470    
   6.7988281250000000      -0.438534409    
   6.8027343750000000      -0.438572615    
   6.8066406250000000      -0.438611120    
   6.8105468750000000      -0.438649923    
   6.8144531250000000      -0.438689023    
   6.8183593750000000      -0.438728422    
   6.8222656250000000      -0.438768089    
   6.8261718750000000      -0.438808084    
   6.8300781250000000      -0.438848376    
   6.8339843750000000      -0.438888997    
   6.8378906250000000      -0.438929915    
   6.8417968750000000      -0.438971132    
   6.8457031250000000      -0.439012676    
   6.8496093750000000      -0.439054549    
   6.8535156250000000      -0.439096719    
   6.8574218750000000      -0.439139217    
   6.8613281250000000      -0.439182073    
   6.8652343750000000      -0.439225227    
   6.8691406250000000      -0.439268708    
   6.8730468750000000      -0.439312547    
   6.8769531250000000      -0.439356714    
   6.8808593750000000      -0.439401239    
   6.8847656250000000      -0.439446092    
   6.8886718750000000      -0.439491302    
   6.8925781250000000      -0.439536870    
   6.8964843750000000      -0.439582765    
   6.9003906250000000      -0.439629048    
   6.9042968750000000      -0.439675689    
   6.9082031250000000      -0.439722657    
   6.9121093750000000      -0.439770043    
   6.9160156250000000      -0.439817756    
   6.9199218750000000      -0.439865857    
   6.9238281250000000      -0.439914346    
   6.9277343750000000      -0.439963222    
   6.9316406250000000      -0.440012455    
   6.9355468750000000      -0.440062106    
   6.9394531250000000      -0.440112114    
   6.9433593750000000      -0.440162539    
   6.9472656250000000      -0.440213352    
   6.9511718750000000      -0.440264583    
   6.9550781250000000      -0.440316200    
   6.9589843750000000      -0.440368235    
   6.9628906250000000      -0.440420687    
   6.9667968750000000      -0.440473557    
   6.9707031250000000      -0.440526843    
   6.9746093750000000      -0.440580547    
   6.9785156250000000      -0.440634698    
   6.9824218750000000      -0.440689266    
   6.9863281250000000      -0.440744281    
   6.9902343750000000      -0.440799743    
   6.9941406250000000      -0.440855622    
   6.9980468750000000      -0.440911978    
   7.0019531250000000      -0.440968752    
   7.0058593750000000      -0.441026032    
   7.0097656250000000      -0.441083729    
   7.0136718750000000      -0.441141903    
   7.0175781250000000      -0.441200554    
   7.0214843750000000      -0.441259682    
   7.0253906250000000      -0.441319287    
   7.0292968750000000      -0.441379368    
   7.0332031250000000      -0.441439956    
   7.0371093750000000      -0.441501021    
   7.0410156250000000      -0.441562593    
   7.0449218750000000      -0.441624641    
   7.0488281250000000      -0.441687226    
   7.0527343750000000      -0.441750318    
   7.0566406250000000      -0.441813916    
   7.0605468750000000      -0.441878021    
   7.0644531250000000      -0.441942692    
   7.0683593750000000      -0.442007869    
   7.0722656250000000      -0.442073584    
   7.0761718750000000      -0.442139834    
   7.0800781250000000      -0.442206621    
   7.0839843750000000      -0.442273974    
   7.0878906250000000      -0.442341894    
   7.0917968750000000      -0.442410380    
   7.0957031250000000      -0.442479402    
   7.0996093750000000      -0.442549020    
   7.1035156250000000      -0.442619205    
   7.1074218750000000      -0.442689985    
   7.1113281250000000      -0.442761362    
   7.1152343750000000      -0.442833334    
   7.1191406250000000      -0.442905873    
   7.1230468750000000      -0.442979068    
   7.1269531250000000      -0.443052828    
   7.1308593750000000      -0.443127245    
   7.1347656250000000      -0.443202257    
   7.1386718750000000      -0.443277925    
   7.1425781250000000      -0.443354219    
   7.1464843750000000      -0.443431169    
   7.1503906250000000      -0.443508744    
   7.1542968750000000      -0.443587005    
   7.1582031250000000      -0.443665892    
   7.1621093750000000      -0.443745464    
   7.1660156250000000      -0.443825722    
   7.1699218750000000      -0.443906665    
   7.1738281250000000      -0.443988293    
   7.1777343750000000      -0.444070607    
   7.1816406250000000      -0.444153607    
   7.1855468750000000      -0.444237351    
   7.1894531250000000      -0.444321781    
   7.1933593750000000      -0.444406956    
   7.1972656250000000      -0.444492877    
   7.2011718750000000      -0.444579512    
   7.2050781250000000      -0.444666892    
   7.2089843750000000      -0.444755018    
   7.2128906250000000      -0.444843918    
   7.2167968750000000      -0.444933593    
   7.2207031250000000      -0.445024014    
   7.2246093750000000      -0.445115238    
   7.2285156250000000      -0.445207268    
   7.2324218750000000      -0.445300072    
   7.2363281250000000      -0.445393711    
   7.2402343750000000      -0.445488125    
   7.2441406250000000      -0.445583403    
   7.2480468750000000      -0.445679486    
   7.2519531250000000      -0.445776433    
   7.2558593750000000      -0.445874214    
   7.2597656250000000      -0.445972860    
   7.2636718750000000      -0.446072370    
   7.2675781250000000      -0.446172744    
   7.2714843750000000      -0.446274012    
   7.2753906250000000      -0.446376145    
   7.2792968750000000      -0.446479231    
   7.2832031250000000      -0.446583182    
   7.2871093750000000      -0.446688086    
   7.2910156250000000      -0.446793914    
   7.2949218750000000      -0.446900666    
   7.2988281250000000      -0.447008371    
   7.3027343750000000      -0.447117060    
   7.3066406250000000      -0.447226703    
   7.3105468750000000      -0.447337300    
   7.3144531250000000      -0.447448909    
   7.3183593750000000      -0.447561532    
   7.3222656250000000      -0.447675139    
   7.3261718750000000      -0.447789788    
   7.3300781250000000      -0.447905451    
   7.3339843750000000      -0.448022157    
   7.3378906250000000      -0.448139906    
   7.3417968750000000      -0.448258758    
   7.3457031250000000      -0.448378652    
   7.3496093750000000      -0.448499620    
   7.3535156250000000      -0.448621720    
   7.3574218750000000      -0.448744893    
   7.3613281250000000      -0.448869228    
   7.3652343750000000      -0.448994666    
   7.3691406250000000      -0.449121237    
   7.3730468750000000      -0.449248999    
   7.3769531250000000      -0.449377894    
   7.3808593750000000      -0.449508011    
   7.3847656250000000      -0.449639291    
   7.3886718750000000      -0.449771792    
   7.3925781250000000      -0.449905485    
   7.3964843750000000      -0.450040430    
   7.4003906250000000      -0.450176626    
   7.4042968750000000      -0.450314045    
   7.4082031250000000      -0.450452775    
   7.4121093750000000      -0.450592786    
   7.4160156250000000      -0.450734079    
   7.4199218750000000      -0.450876683    
   7.4238281250000000      -0.451020628    
   7.4277343750000000      -0.451165915    
   7.4316406250000000      -0.451312542    
   7.4355468750000000      -0.451460540    
   7.4394531250000000      -0.451609939    
   7.4433593750000000      -0.451760739    
   7.4472656250000000      -0.451912940    
   7.4511718750000000      -0.452066571    
   7.4550781250000000      -0.452221632    
   7.4589843750000000      -0.452378184    
   7.4628906250000000      -0.452536196    
   7.4667968750000000      -0.452695727    
   7.4707031250000000      -0.452856749    
   7.4746093750000000      -0.453019291    
   7.4785156250000000      -0.453183383    
   7.4824218750000000      -0.453349054    
   7.4863281250000000      -0.453516275    
   7.4902343750000000      -0.453685105    
   7.4941406250000000      -0.453855515    
   7.4980468750000000      -0.454027593    
   7.5019531250000000      -0.454201311    
   7.5058593750000000      -0.454376668    
   7.5097656250000000      -0.454553753    
   7.5136718750000000      -0.454732507    
   7.5175781250000000      -0.454912990    
   7.5214843750000000      -0.455095232    
   7.5253906250000000      -0.455279201    
   7.5292968750000000      -0.455464959    
   7.5332031250000000      -0.455652535    
   7.5371093750000000      -0.455841929    
   7.5410156250000000      -0.456033140    
   7.5449218750000000      -0.456226230    
   7.5488281250000000      -0.456421196    
   7.5527343750000000      -0.456618071    
   7.5566406250000000      -0.456816882    
   7.5605468750000000      -0.457017601    
   7.5644531250000000      -0.457220316    
   7.5683593750000000      -0.457424998    
   7.5722656250000000      -0.457631707    
   7.5761718750000000      -0.457840472    
   7.5800781250000000      -0.458051264    
   7.5839843750000000      -0.458264142    
   7.5878906250000000      -0.458479136    
   7.5917968750000000      -0.458696246    
   7.5957031250000000      -0.458915502    
   7.5996093750000000      -0.459136963    
   7.6035156250000000      -0.459360600    
   7.6074218750000000      -0.459586471    
   7.6113281250000000      -0.459814608    
   7.6152343750000000      -0.460045010    
   7.6191406250000000      -0.460277736    
   7.6230468750000000      -0.460512757    
   7.6269531250000000      -0.460750163    
   7.6308593750000000      -0.460989952    
   7.6347656250000000      -0.461232156    
   7.6386718750000000      -0.461476773    
   7.6425781250000000      -0.461723894    
   7.6464843750000000      -0.461973488    
   7.6503906250000000      -0.462225616    
   7.6542968750000000      -0.462480307    
   7.6582031250000000      -0.462737590    
   7.6621093750000000      -0.462997466    
   7.6660156250000000      -0.463259995    
   7.6699218750000000      -0.463525206    
   7.6738281250000000      -0.463793129    
   7.6777343750000000      -0.464063793    
   7.6816406250000000      -0.464337200    
   7.6855468750000000      -0.464613438    
   7.6894531250000000      -0.464892507    
   7.6933593750000000      -0.465174466    
   7.6972656250000000      -0.465459287    
   7.7011718750000000      -0.465747088    
   7.7050781250000000      -0.466037840    
   7.7089843750000000      -0.466331601    
   7.7128906250000000      -0.466628402    
   7.7167968750000000      -0.466928303    
   7.7207031250000000      -0.467231303    
   7.7246093750000000      -0.467537463    
   7.7285156250000000      -0.467846811    
   7.7324218750000000      -0.468159378    
   7.7363281250000000      -0.468475223    
   7.7402343750000000      -0.468794376    
   7.7441406250000000      -0.469116867    
   7.7480468750000000      -0.469442755    
   7.7519531250000000      -0.469772071    
   7.7558593750000000      -0.470104843    
   7.7597656250000000      -0.470441133    
   7.7636718750000000      -0.470780969    
   7.7675781250000000      -0.471124411    
   7.7714843750000000      -0.471471488    
   7.7753906250000000      -0.471822232    
   7.7792968750000000      -0.472176701    
   7.7832031250000000      -0.472534955    
   7.7871093750000000      -0.472897023    
   7.7910156250000000      -0.473262966    
   7.7949218750000000      -0.473632812    
   7.7988281250000000      -0.474006593    
   7.8027343750000000      -0.474384397    
   7.8066406250000000      -0.474766254    
   7.8105468750000000      -0.475152224    
   7.8144531250000000      -0.475542337    
   7.8183593750000000      -0.475936681    
   7.8222656250000000      -0.476335257    
   7.8261718750000000      -0.476738125    
   7.8300781250000000      -0.477145404    
   7.8339843750000000      -0.477557063    
   7.8378906250000000      -0.477973193    
   7.8417968750000000      -0.478393853    
   7.8457031250000000      -0.478819102    
   7.8496093750000000      -0.479249001    
   7.8535156250000000      -0.479683578    
   7.8574218750000000      -0.480122894    
   7.8613281250000000      -0.480567038    
   7.8652343750000000      -0.481016070    
   7.8691406250000000      -0.481470019    
   7.8730468750000000      -0.481928974    
   7.8769531250000000      -0.482392967    
   7.8808593750000000      -0.482862085    
   7.8847656250000000      -0.483336389    
   7.8886718750000000      -0.483815968    
   7.8925781250000000      -0.484300822    
   7.8964843750000000      -0.484791070    
   7.9003906250000000      -0.485286772    
   7.9042968750000000      -0.485787988    
   7.9082031250000000      -0.486294806    
   7.9121093750000000      -0.486807257    
   7.9160156250000000      -0.487325460    
   7.9199218750000000      -0.487849444    
   7.9238281250000000      -0.488379329    
   7.9277343750000000      -0.488915145    
   7.9316406250000000      -0.489456981    
   7.9355468750000000      -0.490004927    
   7.9394531250000000      -0.490559071    
   7.9433593750000000      -0.491119444    
   7.9472656250000000      -0.491686165    
   7.9511718750000000      -0.492259324    
   7.9550781250000000      -0.492838949    
   7.9589843750000000      -0.493425190    
   7.9628906250000000      -0.494018078    
   7.9667968750000000      -0.494617730    
   7.9707031250000000      -0.495224208    
   7.9746093750000000      -0.495837629    
   7.9785156250000000      -0.496458054    
   7.9824218750000000      -0.497085601    
   7.9863281250000000      -0.497720331    
   7.9902343750000000      -0.498362392    
   7.9941406250000000      -0.499011755    
   7.9980468750000000      -0.499668837    
