   1.9531250000000000E-003 -0.499423653    
   5.8593750000000000E-003 -0.498276234    
   9.7656250000000000E-003 -0.497136593    
   1.3671875000000000E-002 -0.496004283    
   1.7578125000000000E-002 -0.494879395    
   2.1484375000000000E-002 -0.493761778    
   2.5390625000000000E-002 -0.492651433    
   2.9296875000000000E-002 -0.491548240    
   3.3203125000000000E-002 -0.490452170    
   3.7109375000000000E-002 -0.489363134    
   4.1015625000000000E-002 -0.488281071    
   4.4921875000000000E-002 -0.487205893    
   4.8828125000000000E-002 -0.486137569    
   5.2734375000000000E-002 -0.485076010    
   5.6640625000000000E-002 -0.484021157    
   6.0546875000000000E-002 -0.482972980    
   6.4453125000000000E-002 -0.481931388    
   6.8359375000000000E-002 -0.480896294    
   7.2265625000000000E-002 -0.479867697    
   7.6171875000000000E-002 -0.478845507    
   8.0078125000000000E-002 -0.477829665    
   8.3984375000000000E-002 -0.476820111    
   8.7890625000000000E-002 -0.475816786    
   9.1796875000000000E-002 -0.474819630    
   9.5703125000000000E-002 -0.473828614    
   9.9609375000000000E-002 -0.472843647    
  0.10351562500000000      -0.471864671    
  0.10742187500000000      -0.470891684    
  0.11132812500000000      -0.469924569    
  0.11523437500000000      -0.468963325    
  0.11914062500000000      -0.468007863    
  0.12304687500000000      -0.467058152    
  0.12695312500000000      -0.466114134    
  0.13085937500000000      -0.465175748    
  0.13476562500000000      -0.464242935    
  0.13867187500000000      -0.463315666    
  0.14257812500000000      -0.462393910    
  0.14648437500000000      -0.461477578    
  0.15039062500000000      -0.460566640    
  0.15429687500000000      -0.459661067    
  0.15820312500000000      -0.458760768    
  0.16210937500000000      -0.457865715    
  0.16601562500000000      -0.456975877    
  0.16992187500000000      -0.456091225    
  0.17382812500000000      -0.455211639    
  0.17773437500000000      -0.454337150    
  0.18164062500000000      -0.453467697    
  0.18554687500000000      -0.452603221    
  0.18945312500000000      -0.451743662    
  0.19335937500000000      -0.450889021    
  0.19726562500000000      -0.450039208    
  0.20117187500000000      -0.449194223    
  0.20507812500000000      -0.448354006    
  0.20898437500000000      -0.447518528    
  0.21289062500000000      -0.446687728    
  0.21679687500000000      -0.445861578    
  0.22070312500000000      -0.445040047    
  0.22460937500000000      -0.444223076    
  0.22851562500000000      -0.443410635    
  0.23242187500000000      -0.442602694    
  0.23632812500000000      -0.441799194    
  0.24023437500000000      -0.441000134    
  0.24414062500000000      -0.440205425    
  0.24804687500000000      -0.439415067    
  0.25195312500000000      -0.438629031    
  0.25585937500000000      -0.437847257    
  0.25976562500000000      -0.437069714    
  0.26367187500000000      -0.436296374    
  0.26757812500000000      -0.435527205    
  0.27148437500000000      -0.434762150    
  0.27539062500000000      -0.434001207    
  0.27929687500000000      -0.433244318    
  0.28320312500000000      -0.432491452    
  0.28710937500000000      -0.431742609    
  0.29101562500000000      -0.430997699    
  0.29492187500000000      -0.430256724    
  0.29882812500000000      -0.429519653    
  0.30273437500000000      -0.428786457    
  0.30664062500000000      -0.428057075    
  0.31054687500000000      -0.427331537    
  0.31445312500000000      -0.426609725    
  0.31835937500000000      -0.425891697    
  0.32226562500000000      -0.425177366    
  0.32617187500000000      -0.424466699    
  0.33007812500000000      -0.423759699    
  0.33398437500000000      -0.423056334    
  0.33789062500000000      -0.422356546    
  0.34179687500000000      -0.421660334    
  0.34570312500000000      -0.420967668    
  0.34960937500000000      -0.420278490    
  0.35351562500000000      -0.419592828    
  0.35742187500000000      -0.418910593    
  0.36132812500000000      -0.418231785    
  0.36523437500000000      -0.417556405    
  0.36914062500000000      -0.416884392    
  0.37304687500000000      -0.416215718    
  0.37695312500000000      -0.415550351    
  0.38085937500000000      -0.414888322    
  0.38476562500000000      -0.414229512    
  0.38867187500000000      -0.413573980    
  0.39257812500000000      -0.412921667    
  0.39648437500000000      -0.412272543    
  0.40039062500000000      -0.411626607    
  0.40429687500000000      -0.410983801    
  0.40820312500000000      -0.410344124    
  0.41210937500000000      -0.409707516    
  0.41601562500000000      -0.409074008    
  0.41992187500000000      -0.408443570    
  0.42382812500000000      -0.407816142    
  0.42773437500000000      -0.407191724    
  0.43164062500000000      -0.406570286    
  0.43554687500000000      -0.405951798    
  0.43945312500000000      -0.405336261    
  0.44335937500000000      -0.404723644    
  0.44726562500000000      -0.404113919    
  0.45117187500000000      -0.403507054    
  0.45507812500000000      -0.402903050    
  0.45898437500000000      -0.402301878    
  0.46289062500000000      -0.401703537    
  0.46679687500000000      -0.401107967    
  0.47070312500000000      -0.400515139    
  0.47460937500000000      -0.399925113    
  0.47851562500000000      -0.399337769    
  0.48242187500000000      -0.398753166    
  0.48632812500000000      -0.398171216    
  0.49023437500000000      -0.397591949    
  0.49414062500000000      -0.397015363    
  0.49804687500000000      -0.396441370    
  0.50195312500000000      -0.395870000    
  0.50585937500000000      -0.395301223    
  0.50976562500000000      -0.394735008    
  0.51367187500000000      -0.394171357    
  0.51757812500000000      -0.393610239    
  0.52148437500000000      -0.393051654    
  0.52539062500000000      -0.392495573    
  0.52929687500000000      -0.391941965    
  0.53320312500000000      -0.391390830    
  0.53710937500000000      -0.390842140    
  0.54101562500000000      -0.390295863    
  0.54492187500000000      -0.389752030    
  0.54882812500000000      -0.389210582    
  0.55273437500000000      -0.388671517    
  0.55664062500000000      -0.388134807    
  0.56054687500000000      -0.387600422    
  0.56445312500000000      -0.387068421    
  0.56835937500000000      -0.386538714    
  0.57226562500000000      -0.386011302    
  0.57617187500000000      -0.385486156    
  0.58007812500000000      -0.384963304    
  0.58398437500000000      -0.384442687    
  0.58789062500000000      -0.383924305    
  0.59179687500000000      -0.383408159    
  0.59570312500000000      -0.382894218    
  0.59960937500000000      -0.382382482    
  0.60351562500000000      -0.381872892    
  0.60742187500000000      -0.381365478    
  0.61132812500000000      -0.380860209    
  0.61523437500000000      -0.380357087    
  0.61914062500000000      -0.379856080    
  0.62304687500000000      -0.379357159    
  0.62695312500000000      -0.378860354    
  0.63085937500000000      -0.378365576    
  0.63476562500000000      -0.377872914    
  0.63867187500000000      -0.377382278    
  0.64257812500000000      -0.376893699    
  0.64648437500000000      -0.376407117    
  0.65039062500000000      -0.375922561    
  0.65429687500000000      -0.375439972    
  0.65820312500000000      -0.374959409    
  0.66210937500000000      -0.374480784    
  0.66601562500000000      -0.374004126    
  0.66992187500000000      -0.373529434    
  0.67382812500000000      -0.373056650    
  0.67773437500000000      -0.372585773    
  0.68164062500000000      -0.372116804    
  0.68554687500000000      -0.371649772    
  0.68945312500000000      -0.371184587    
  0.69335937500000000      -0.370721281    
  0.69726562500000000      -0.370259821    
  0.70117187500000000      -0.369800240    
  0.70507812500000000      -0.369342476    
  0.70898437500000000      -0.368886530    
  0.71289062500000000      -0.368432403    
  0.71679687500000000      -0.367980063    
  0.72070312500000000      -0.367529541    
  0.72460937500000000      -0.367080808    
  0.72851562500000000      -0.366633803    
  0.73242187500000000      -0.366188586    
  0.73632812500000000      -0.365745068    
  0.74023437500000000      -0.365303338    
  0.74414062500000000      -0.364863306    
  0.74804687500000000      -0.364425004    
  0.75195312500000000      -0.363988370    
  0.75585937500000000      -0.363553464    
  0.75976562500000000      -0.363120228    
  0.76367187500000000      -0.362688661    
  0.76757812500000000      -0.362258762    
  0.77148437500000000      -0.361830533    
  0.77539062500000000      -0.361403912    
  0.77929687500000000      -0.360978931    
  0.78320312500000000      -0.360555589    
  0.78710937500000000      -0.360133857    
  0.79101562500000000      -0.359713703    
  0.79492187500000000      -0.359295160    
  0.79882812500000000      -0.358878195    
  0.80273437500000000      -0.358462840    
  0.80664062500000000      -0.358049005    
  0.81054687500000000      -0.357636750    
  0.81445312500000000      -0.357226044    
  0.81835937500000000      -0.356816858    
  0.82226562500000000      -0.356409192    
  0.82617187500000000      -0.356003076    
  0.83007812500000000      -0.355598450    
  0.83398437500000000      -0.355195343    
  0.83789062500000000      -0.354793727    
  0.84179687500000000      -0.354393601    
  0.84570312500000000      -0.353994966    
  0.84960937500000000      -0.353597760    
  0.85351562500000000      -0.353202045    
  0.85742187500000000      -0.352807760    
  0.86132812500000000      -0.352414906    
  0.86523437500000000      -0.352023542    
  0.86914062500000000      -0.351633549    
  0.87304687500000000      -0.351245016    
  0.87695312500000000      -0.350857854    
  0.88085937500000000      -0.350472122    
  0.88476562500000000      -0.350087792    
  0.88867187500000000      -0.349704832    
  0.89257812500000000      -0.349323243    
  0.89648437500000000      -0.348943055    
  0.90039062500000000      -0.348564208    
  0.90429687500000000      -0.348186731    
  0.90820312500000000      -0.347810596    
  0.91210937500000000      -0.347435802    
  0.91601562500000000      -0.347062349    
  0.91992187500000000      -0.346690208    
  0.92382812500000000      -0.346319407    
  0.92773437500000000      -0.345949888    
  0.93164062500000000      -0.345581710    
  0.93554687500000000      -0.345214844    
  0.93945312500000000      -0.344849229    
  0.94335937500000000      -0.344484925    
  0.94726562500000000      -0.344121873    
  0.95117187500000000      -0.343760133    
  0.95507812500000000      -0.343399644    
  0.95898437500000000      -0.343040377    
  0.96289062500000000      -0.342682391    
  0.96679687500000000      -0.342325628    
  0.97070312500000000      -0.341970146    
  0.97460937500000000      -0.341615856    
  0.97851562500000000      -0.341262817    
  0.98242187500000000      -0.340910971    
  0.98632812500000000      -0.340560377    
  0.99023437500000000      -0.340210944    
  0.99414062500000000      -0.339862734    
  0.99804687500000000      -0.339515716    
   1.0019531250000000      -0.339169860    
   1.0058593750000000      -0.338825226    
   1.0097656250000000      -0.338481754    
   1.0136718750000000      -0.338139445    
   1.0175781250000000      -0.337798297    
   1.0214843750000000      -0.337458313    
   1.0253906250000000      -0.337119460    
   1.0292968750000000      -0.336781800    
   1.0332031250000000      -0.336445212    
   1.0371093750000000      -0.336109817    
   1.0410156250000000      -0.335775524    
   1.0449218750000000      -0.335442364    
   1.0488281250000000      -0.335110337    
   1.0527343750000000      -0.334779382    
   1.0566406250000000      -0.334449559    
   1.0605468750000000      -0.334120810    
   1.0644531250000000      -0.333793193    
   1.0683593750000000      -0.333466649    
   1.0722656250000000      -0.333141208    
   1.0761718750000000      -0.332816809    
   1.0800781250000000      -0.332493514    
   1.0839843750000000      -0.332171261    
   1.0878906250000000      -0.331850111    
   1.0917968750000000      -0.331529975    
   1.0957031250000000      -0.331210911    
   1.0996093750000000      -0.330892920    
   1.1035156250000000      -0.330575943    
   1.1074218750000000      -0.330260009    
   1.1113281250000000      -0.329945117    
   1.1152343750000000      -0.329631239    
   1.1191406250000000      -0.329318404    
   1.1230468750000000      -0.329006553    
   1.1269531250000000      -0.328695774    
   1.1308593750000000      -0.328385949    
   1.1347656250000000      -0.328077137    
   1.1386718750000000      -0.327769339    
   1.1425781250000000      -0.327462554    
   1.1464843750000000      -0.327156723    
   1.1503906250000000      -0.326851904    
   1.1542968750000000      -0.326548040    
   1.1582031250000000      -0.326245189    
   1.1621093750000000      -0.325943291    
   1.1660156250000000      -0.325642347    
   1.1699218750000000      -0.325342387    
   1.1738281250000000      -0.325043380    
   1.1777343750000000      -0.324745297    
   1.1816406250000000      -0.324448228    
   1.1855468750000000      -0.324152052    
   1.1894531250000000      -0.323856831    
   1.1933593750000000      -0.323562562    
   1.1972656250000000      -0.323269218    
   1.2011718750000000      -0.322976798    
   1.2050781250000000      -0.322685301    
   1.2089843750000000      -0.322394729    
   1.2128906250000000      -0.322105080    
   1.2167968750000000      -0.321816325    
   1.2207031250000000      -0.321528524    
   1.2246093750000000      -0.321241587    
   1.2285156250000000      -0.320955575    
   1.2324218750000000      -0.320670426    
   1.2363281250000000      -0.320386201    
   1.2402343750000000      -0.320102841    
   1.2441406250000000      -0.319820374    
   1.2480468750000000      -0.319538772    
   1.2519531250000000      -0.319258094    
   1.2558593750000000      -0.318978250    
   1.2597656250000000      -0.318699300    
   1.2636718750000000      -0.318421185    
   1.2675781250000000      -0.318143964    
   1.2714843750000000      -0.317867607    
   1.2753906250000000      -0.317592084    
   1.2792968750000000      -0.317317396    
   1.2832031250000000      -0.317043602    
   1.2871093750000000      -0.316770613    
   1.2910156250000000      -0.316498488    
   1.2949218750000000      -0.316227198    
   1.2988281250000000      -0.315956712    
   1.3027343750000000      -0.315687060    
   1.3066406250000000      -0.315418273    
   1.3105468750000000      -0.315150291    
   1.3144531250000000      -0.314883113    
   1.3183593750000000      -0.314616799    
   1.3222656250000000      -0.314351261    
   1.3261718750000000      -0.314086556    
   1.3300781250000000      -0.313822627    
   1.3339843750000000      -0.313559502    
   1.3378906250000000      -0.313297212    
   1.3417968750000000      -0.313035667    
   1.3457031250000000      -0.312774986    
   1.3496093750000000      -0.312515020    
   1.3535156250000000      -0.312255889    
   1.3574218750000000      -0.311997533    
   1.3613281250000000      -0.311739951    
   1.3652343750000000      -0.311483145    
   1.3691406250000000      -0.311227143    
   1.3730468750000000      -0.310971886    
   1.3769531250000000      -0.310717404    
   1.3808593750000000      -0.310463667    
   1.3847656250000000      -0.310210705    
   1.3886718750000000      -0.309958518    
   1.3925781250000000      -0.309707105    
   1.3964843750000000      -0.309456408    
   1.4003906250000000      -0.309206486    
   1.4042968750000000      -0.308957279    
   1.4082031250000000      -0.308708847    
   1.4121093750000000      -0.308461159    
   1.4160156250000000      -0.308214188    
   1.4199218750000000      -0.307967961    
   1.4238281250000000      -0.307722479    
   1.4277343750000000      -0.307477713    
   1.4316406250000000      -0.307233691    
   1.4355468750000000      -0.306990385    
   1.4394531250000000      -0.306747794    
   1.4433593750000000      -0.306505948    
   1.4472656250000000      -0.306264818    
   1.4511718750000000      -0.306024373    
   1.4550781250000000      -0.305784672    
   1.4589843750000000      -0.305545658    
   1.4628906250000000      -0.305307359    
   1.4667968750000000      -0.305069745    
   1.4707031250000000      -0.304832876    
   1.4746093750000000      -0.304596663    
   1.4785156250000000      -0.304361165    
   1.4824218750000000      -0.304126382    
   1.4863281250000000      -0.303892255    
   1.4902343750000000      -0.303658843    
   1.4941406250000000      -0.303426087    
   1.4980468750000000      -0.303194046    
   1.5019531250000000      -0.302962661    
   1.5058593750000000      -0.302731961    
   1.5097656250000000      -0.302501917    
   1.5136718750000000      -0.302272588    
   1.5175781250000000      -0.302043915    
   1.5214843750000000      -0.301815927    
   1.5253906250000000      -0.301588595    
   1.5292968750000000      -0.301361918    
   1.5332031250000000      -0.301135898    
   1.5371093750000000      -0.300910532    
   1.5410156250000000      -0.300685823    
   1.5449218750000000      -0.300461799    
   1.5488281250000000      -0.300238431    
   1.5527343750000000      -0.300015688    
   1.5566406250000000      -0.299793601    
   1.5605468750000000      -0.299572170    
   1.5644531250000000      -0.299351335    
   1.5683593750000000      -0.299131215    
   1.5722656250000000      -0.298911691    
   1.5761718750000000      -0.298692793    
   1.5800781250000000      -0.298474550    
   1.5839843750000000      -0.298256934    
   1.5878906250000000      -0.298039973    
   1.5917968750000000      -0.297823608    
   1.5957031250000000      -0.297607899    
   1.5996093750000000      -0.297392786    
   1.6035156250000000      -0.297178298    
   1.6074218750000000      -0.296964437    
   1.6113281250000000      -0.296751201    
   1.6152343750000000      -0.296538562    
   1.6191406250000000      -0.296326578    
   1.6230468750000000      -0.296115160    
   1.6269531250000000      -0.295904368    
   1.6308593750000000      -0.295694172    
   1.6347656250000000      -0.295484602    
   1.6386718750000000      -0.295275629    
   1.6425781250000000      -0.295067251    
   1.6464843750000000      -0.294859499    
   1.6503906250000000      -0.294652343    
   1.6542968750000000      -0.294445753    
   1.6582031250000000      -0.294239759    
   1.6621093750000000      -0.294034362    
   1.6660156250000000      -0.293829560    
   1.6699218750000000      -0.293625355    
   1.6738281250000000      -0.293421745    
   1.6777343750000000      -0.293218702    
   1.6816406250000000      -0.293016255    
   1.6855468750000000      -0.292814374    
   1.6894531250000000      -0.292613089    
   1.6933593750000000      -0.292412341    
   1.6972656250000000      -0.292212188    
   1.7011718750000000      -0.292012632    
   1.7050781250000000      -0.291813642    
   1.7089843750000000      -0.291615188    
   1.7128906250000000      -0.291417360    
   1.7167968750000000      -0.291220069    
   1.7207031250000000      -0.291023314    
   1.7246093750000000      -0.290827155    
   1.7285156250000000      -0.290631533    
   1.7324218750000000      -0.290436506    
   1.7363281250000000      -0.290242016    
   1.7402343750000000      -0.290048093    
   1.7441406250000000      -0.289854705    
   1.7480468750000000      -0.289661884    
   1.7519531250000000      -0.289469600    
   1.7558593750000000      -0.289277911    
   1.7597656250000000      -0.289086729    
   1.7636718750000000      -0.288896084    
   1.7675781250000000      -0.288706005    
   1.7714843750000000      -0.288516462    
   1.7753906250000000      -0.288327456    
   1.7792968750000000      -0.288139015    
   1.7832031250000000      -0.287951082    
   1.7871093750000000      -0.287763715    
   1.7910156250000000      -0.287576854    
   1.7949218750000000      -0.287390530    
   1.7988281250000000      -0.287204742    
   1.8027343750000000      -0.287019491    
   1.8066406250000000      -0.286834776    
   1.8105468750000000      -0.286650568    
   1.8144531250000000      -0.286466897    
   1.8183593750000000      -0.286283731    
   1.8222656250000000      -0.286101103    
   1.8261718750000000      -0.285919011    
   1.8300781250000000      -0.285737425    
   1.8339843750000000      -0.285556376    
   1.8378906250000000      -0.285375804    
   1.8417968750000000      -0.285195768    
   1.8457031250000000      -0.285016239    
   1.8496093750000000      -0.284837246    
   1.8535156250000000      -0.284658730    
   1.8574218750000000      -0.284480751    
   1.8613281250000000      -0.284303248    
   1.8652343750000000      -0.284126282    
   1.8691406250000000      -0.283949822    
   1.8730468750000000      -0.283773839    
   1.8769531250000000      -0.283598393    
   1.8808593750000000      -0.283423424    
   1.8847656250000000      -0.283248961    
   1.8886718750000000      -0.283074975    
   1.8925781250000000      -0.282901525    
   1.8964843750000000      -0.282728553    
   1.9003906250000000      -0.282556057    
   1.9042968750000000      -0.282384098    
   1.9082031250000000      -0.282212585    
   1.9121093750000000      -0.282041579    
   1.9160156250000000      -0.281871080    
   1.9199218750000000      -0.281701028    
   1.9238281250000000      -0.281531513    
   1.9277343750000000      -0.281362444    
   1.9316406250000000      -0.281193852    
   1.9355468750000000      -0.281025767    
   1.9394531250000000      -0.280858159    
   1.9433593750000000      -0.280691028    
   1.9472656250000000      -0.280524373    
   1.9511718750000000      -0.280358195    
   1.9550781250000000      -0.280192494    
   1.9589843750000000      -0.280027270    
   1.9628906250000000      -0.279862523    
   1.9667968750000000      -0.279698253    
   1.9707031250000000      -0.279534459    
   1.9746093750000000      -0.279371083    
   1.9785156250000000      -0.279208243    
   1.9824218750000000      -0.279045820    
   1.9863281250000000      -0.278883874    
   1.9902343750000000      -0.278722405    
   1.9941406250000000      -0.278561413    
   1.9980468750000000      -0.278400868    
   2.0019531250000000      -0.278240800    
   2.0058593750000000      -0.278081179    
   2.0097656250000000      -0.277922004    
   2.0136718750000000      -0.277763307    
   2.0175781250000000      -0.277605057    
   2.0214843750000000      -0.277447253    
   2.0253906250000000      -0.277289927    
   2.0292968750000000      -0.277133048    
   2.0332031250000000      -0.276976585    
   2.0371093750000000      -0.276820600    
   2.0410156250000000      -0.276665092    
   2.0449218750000000      -0.276510000    
   2.0488281250000000      -0.276355356    
   2.0527343750000000      -0.276201189    
   2.0566406250000000      -0.276047409    
   2.0605468750000000      -0.275894135    
   2.0644531250000000      -0.275741279    
   2.0683593750000000      -0.275588870    
   2.0722656250000000      -0.275436878    
   2.0761718750000000      -0.275285363    
   2.0800781250000000      -0.275134265    
   2.0839843750000000      -0.274983615    
   2.0878906250000000      -0.274833381    
   2.0917968750000000      -0.274683595    
   2.0957031250000000      -0.274534285    
   2.0996093750000000      -0.274385333    
   2.1035156250000000      -0.274236858    
   2.1074218750000000      -0.274088830    
   2.1113281250000000      -0.273941219    
   2.1152343750000000      -0.273794025    
   2.1191406250000000      -0.273647249    
   2.1230468750000000      -0.273500919    
   2.1269531250000000      -0.273355037    
   2.1308593750000000      -0.273209572    
   2.1347656250000000      -0.273064494    
   2.1386718750000000      -0.272919893    
   2.1425781250000000      -0.272775680    
   2.1464843750000000      -0.272631884    
   2.1503906250000000      -0.272488534    
   2.1542968750000000      -0.272345603    
   2.1582031250000000      -0.272203088    
   2.1621093750000000      -0.272060961    
   2.1660156250000000      -0.271919280    
   2.1699218750000000      -0.271777987    
   2.1738281250000000      -0.271637142    
   2.1777343750000000      -0.271496713    
   2.1816406250000000      -0.271356702    
   2.1855468750000000      -0.271217048    
   2.1894531250000000      -0.271077871    
   2.1933593750000000      -0.270939052    
   2.1972656250000000      -0.270800710    
   2.2011718750000000      -0.270662725    
   2.2050781250000000      -0.270525157    
   2.2089843750000000      -0.270388007    
   2.2128906250000000      -0.270251244    
   2.2167968750000000      -0.270114899    
   2.2207031250000000      -0.269978940    
   2.2246093750000000      -0.269843400    
   2.2285156250000000      -0.269708276    
   2.2324218750000000      -0.269573539    
   2.2363281250000000      -0.269439220    
   2.2402343750000000      -0.269305289    
   2.2441406250000000      -0.269171745    
   2.2480468750000000      -0.269038618    
   2.2519531250000000      -0.268905878    
   2.2558593750000000      -0.268773556    
   2.2597656250000000      -0.268641591    
   2.2636718750000000      -0.268510044    
   2.2675781250000000      -0.268378884    
   2.2714843750000000      -0.268248141    
   2.2753906250000000      -0.268117756    
   2.2792968750000000      -0.267987788    
   2.2832031250000000      -0.267858207    
   2.2871093750000000      -0.267728984    
   2.2910156250000000      -0.267600179    
   2.2949218750000000      -0.267471790    
   2.2988281250000000      -0.267343760    
   2.3027343750000000      -0.267216086    
   2.3066406250000000      -0.267088830    
   2.3105468750000000      -0.266961992    
   2.3144531250000000      -0.266835481    
   2.3183593750000000      -0.266709387    
   2.3222656250000000      -0.266583681    
   2.3261718750000000      -0.266458333    
   2.3300781250000000      -0.266333371    
   2.3339843750000000      -0.266208798    
   2.3378906250000000      -0.266084611    
   2.3417968750000000      -0.265960783    
   2.3457031250000000      -0.265837342    
   2.3496093750000000      -0.265714288    
   2.3535156250000000      -0.265591621    
   2.3574218750000000      -0.265469313    
   2.3613281250000000      -0.265347362    
   2.3652343750000000      -0.265225828    
   2.3691406250000000      -0.265104622    
   2.3730468750000000      -0.264983833    
   2.3769531250000000      -0.264863372    
   2.3808593750000000      -0.264743328    
   2.3847656250000000      -0.264623642    
   2.3886718750000000      -0.264504313    
   2.3925781250000000      -0.264385343    
   2.3964843750000000      -0.264266789    
   2.4003906250000000      -0.264148533    
   2.4042968750000000      -0.264030695    
   2.4082031250000000      -0.263913214    
   2.4121093750000000      -0.263796091    
   2.4160156250000000      -0.263679355    
   2.4199218750000000      -0.263562977    
   2.4238281250000000      -0.263446957    
   2.4277343750000000      -0.263331294    
   2.4316406250000000      -0.263216019    
   2.4355468750000000      -0.263101101    
   2.4394531250000000      -0.262986511    
   2.4433593750000000      -0.262872308    
   2.4472656250000000      -0.262758434    
   2.4511718750000000      -0.262644947    
   2.4550781250000000      -0.262531817    
   2.4589843750000000      -0.262419045    
   2.4628906250000000      -0.262306631    
   2.4667968750000000      -0.262194574    
   2.4707031250000000      -0.262082875    
   2.4746093750000000      -0.261971533    
   2.4785156250000000      -0.261860549    
   2.4824218750000000      -0.261749923    
   2.4863281250000000      -0.261639655    
   2.4902343750000000      -0.261529714    
   2.4941406250000000      -0.261420131    
   2.4980468750000000      -0.261310935    
   2.5019531250000000      -0.261202037    
   2.5058593750000000      -0.261093527    
   2.5097656250000000      -0.260985345    
   2.5136718750000000      -0.260877520    
   2.5175781250000000      -0.260770053    
   2.5214843750000000      -0.260662913    
   2.5253906250000000      -0.260556161    
   2.5292968750000000      -0.260449708    
   2.5332031250000000      -0.260343641    
   2.5371093750000000      -0.260237902    
   2.5410156250000000      -0.260132492    
   2.5449218750000000      -0.260027468    
   2.5488281250000000      -0.259922743    
   2.5527343750000000      -0.259818375    
   2.5566406250000000      -0.259714365    
   2.5605468750000000      -0.259610713    
   2.5644531250000000      -0.259507358    
   2.5683593750000000      -0.259404361    
   2.5722656250000000      -0.259301722    
   2.5761718750000000      -0.259199381    
   2.5800781250000000      -0.259097427    
   2.5839843750000000      -0.258995801    
   2.5878906250000000      -0.258894503    
   2.5917968750000000      -0.258793533    
   2.5957031250000000      -0.258692920    
   2.5996093750000000      -0.258592635    
   2.6035156250000000      -0.258492708    
   2.6074218750000000      -0.258393079    
   2.6113281250000000      -0.258293808    
   2.6152343750000000      -0.258194864    
   2.6191406250000000      -0.258096248    
   2.6230468750000000      -0.257997990    
   2.6269531250000000      -0.257900029    
   2.6308593750000000      -0.257802427    
   2.6347656250000000      -0.257705152    
   2.6386718750000000      -0.257608205    
   2.6425781250000000      -0.257511586    
   2.6464843750000000      -0.257415295    
   2.6503906250000000      -0.257319331    
   2.6542968750000000      -0.257223725    
   2.6582031250000000      -0.257128417    
   2.6621093750000000      -0.257033467    
   2.6660156250000000      -0.256938815    
   2.6699218750000000      -0.256844521    
   2.6738281250000000      -0.256750524    
   2.6777343750000000      -0.256656855    
   2.6816406250000000      -0.256563514    
   2.6855468750000000      -0.256470501    
   2.6894531250000000      -0.256377816    
   2.6933593750000000      -0.256285459    
   2.6972656250000000      -0.256193429    
   2.7011718750000000      -0.256101727    
   2.7050781250000000      -0.256010324    
   2.7089843750000000      -0.255919278    
   2.7128906250000000      -0.255828500    
   2.7167968750000000      -0.255738080    
   2.7207031250000000      -0.255647987    
   2.7246093750000000      -0.255558193    
   2.7285156250000000      -0.255468726    
   2.7324218750000000      -0.255379587    
   2.7363281250000000      -0.255290747    
   2.7402343750000000      -0.255202264    
   2.7441406250000000      -0.255114079    
   2.7480468750000000      -0.255026221    
   2.7519531250000000      -0.254938662    
   2.7558593750000000      -0.254851401    
   2.7597656250000000      -0.254764497    
   2.7636718750000000      -0.254677892    
   2.7675781250000000      -0.254591584    
   2.7714843750000000      -0.254505634    
   2.7753906250000000      -0.254419982    
   2.7792968750000000      -0.254334629    
   2.7832031250000000      -0.254249603    
   2.7871093750000000      -0.254164875    
   2.7910156250000000      -0.254080474    
   2.7949218750000000      -0.253996372    
   2.7988281250000000      -0.253912598    
   2.8027343750000000      -0.253829122    
   2.8066406250000000      -0.253745973    
   2.8105468750000000      -0.253663123    
   2.8144531250000000      -0.253580570    
   2.8183593750000000      -0.253498375    
   2.8222656250000000      -0.253416449    
   2.8261718750000000      -0.253334820    
   2.8300781250000000      -0.253253520    
   2.8339843750000000      -0.253172547    
   2.8378906250000000      -0.253091872    
   2.8417968750000000      -0.253011495    
   2.8457031250000000      -0.252931416    
   2.8496093750000000      -0.252851665    
   2.8535156250000000      -0.252772212    
   2.8574218750000000      -0.252693057    
   2.8613281250000000      -0.252614200    
   2.8652343750000000      -0.252535641    
   2.8691406250000000      -0.252457440    
   2.8730468750000000      -0.252379477    
   2.8769531250000000      -0.252301872    
   2.8808593750000000      -0.252224535    
   2.8847656250000000      -0.252147526    
   2.8886718750000000      -0.252070785    
   2.8925781250000000      -0.251994371    
   2.8964843750000000      -0.251918256    
   2.9003906250000000      -0.251842439    
   2.9042968750000000      -0.251766950    
   2.9082031250000000      -0.251691729    
   2.9121093750000000      -0.251616836    
   2.9160156250000000      -0.251542211    
   2.9199218750000000      -0.251467884    
   2.9238281250000000      -0.251393884    
   2.9277343750000000      -0.251320183    
   2.9316406250000000      -0.251246750    
   2.9355468750000000      -0.251173645    
   2.9394531250000000      -0.251100838    
   2.9433593750000000      -0.251028299    
   2.9472656250000000      -0.250956088    
   2.9511718750000000      -0.250884175    
   2.9550781250000000      -0.250812531    
   2.9589843750000000      -0.250741184    
   2.9628906250000000      -0.250670165    
   2.9667968750000000      -0.250599414    
   2.9707031250000000      -0.250528961    
   2.9746093750000000      -0.250458837    
   2.9785156250000000      -0.250388950    
   2.9824218750000000      -0.250319391    
   2.9863281250000000      -0.250250101    
   2.9902343750000000      -0.250181139    
   2.9941406250000000      -0.250112474    
   2.9980468750000000      -0.250044048    
   3.0019531250000000      -0.249975979    
   3.0058593750000000      -0.249908149    
   3.0097656250000000      -0.249840647    
   3.0136718750000000      -0.249773413    
   3.0175781250000000      -0.249706477    
   3.0214843750000000      -0.249639839    
   3.0253906250000000      -0.249573499    
   3.0292968750000000      -0.249507427    
   3.0332031250000000      -0.249441653    
   3.0371093750000000      -0.249376178    
   3.0410156250000000      -0.249310970    
   3.0449218750000000      -0.249246091    
   3.0488281250000000      -0.249181449    
   3.0527343750000000      -0.249117136    
   3.0566406250000000      -0.249053091    
   3.0605468750000000      -0.248989344    
   3.0644531250000000      -0.248925865    
   3.0683593750000000      -0.248862714    
   3.0722656250000000      -0.248799801    
   3.0761718750000000      -0.248737216    
   3.0800781250000000      -0.248674899    
   3.0839843750000000      -0.248612851    
   3.0878906250000000      -0.248551100    
   3.0917968750000000      -0.248489648    
   3.0957031250000000      -0.248428464    
   3.0996093750000000      -0.248367578    
   3.1035156250000000      -0.248306960    
   3.1074218750000000      -0.248246640    
   3.1113281250000000      -0.248186618    
   3.1152343750000000      -0.248126864    
   3.1191406250000000      -0.248067379    
   3.1230468750000000      -0.248008192    
   3.1269531250000000      -0.247949272    
   3.1308593750000000      -0.247890651    
   3.1347656250000000      -0.247832298    
   3.1386718750000000      -0.247774243    
   3.1425781250000000      -0.247716486    
   3.1464843750000000      -0.247658968    
   3.1503906250000000      -0.247601748    
   3.1542968750000000      -0.247544825    
   3.1582031250000000      -0.247488171    
   3.1621093750000000      -0.247431785    
   3.1660156250000000      -0.247375697    
   3.1699218750000000      -0.247319877    
   3.1738281250000000      -0.247264355    
   3.1777343750000000      -0.247209102    
   3.1816406250000000      -0.247154117    
   3.1855468750000000      -0.247099400    
   3.1894531250000000      -0.247044981    
   3.1933593750000000      -0.246990860    
   3.1972656250000000      -0.246936977    
   3.2011718750000000      -0.246883392    
   3.2050781250000000      -0.246830076    
   3.2089843750000000      -0.246777058    
   3.2128906250000000      -0.246724308    
   3.2167968750000000      -0.246671826    
   3.2207031250000000      -0.246619612    
   3.2246093750000000      -0.246567696    
   3.2285156250000000      -0.246516049    
   3.2324218750000000      -0.246464670    
   3.2363281250000000      -0.246413589    
   3.2402343750000000      -0.246362746    
   3.2441406250000000      -0.246312201    
   3.2480468750000000      -0.246261925    
   3.2519531250000000      -0.246211946    
   3.2558593750000000      -0.246162206    
   3.2597656250000000      -0.246112764    
   3.2636718750000000      -0.246063590    
   3.2675781250000000      -0.246014684    
   3.2714843750000000      -0.245966047    
   3.2753906250000000      -0.245917708    
   3.2792968750000000      -0.245869607    
   3.2832031250000000      -0.245821804    
   3.2871093750000000      -0.245774269    
   3.2910156250000000      -0.245727003    
   3.2949218750000000      -0.245680004    
   3.2988281250000000      -0.245633304    
   3.3027343750000000      -0.245586842    
   3.3066406250000000      -0.245540679    
   3.3105468750000000      -0.245494783    
   3.3144531250000000      -0.245449126    
   3.3183593750000000      -0.245403767    
   3.3222656250000000      -0.245358676    
   3.3261718750000000      -0.245313853    
   3.3300781250000000      -0.245269299    
   3.3339843750000000      -0.245225012    
   3.3378906250000000      -0.245181024    
   3.3417968750000000      -0.245137274    
   3.3457031250000000      -0.245093793    
   3.3496093750000000      -0.245050609    
   3.3535156250000000      -0.245007664    
   3.3574218750000000      -0.244964987    
   3.3613281250000000      -0.244922608    
   3.3652343750000000      -0.244880468    
   3.3691406250000000      -0.244838625    
   3.3730468750000000      -0.244797021    
   3.3769531250000000      -0.244755685    
   3.3808593750000000      -0.244714648    
   3.3847656250000000      -0.244673848    
   3.3886718750000000      -0.244633347    
   3.3925781250000000      -0.244593084    
   3.3964843750000000      -0.244553089    
   3.4003906250000000      -0.244513363    
   3.4042968750000000      -0.244473934    
   3.4082031250000000      -0.244434744    
   3.4121093750000000      -0.244395822    
   3.4160156250000000      -0.244357169    
   3.4199218750000000      -0.244318783    
   3.4238281250000000      -0.244280666    
   3.4277343750000000      -0.244242787    
   3.4316406250000000      -0.244205207    
   3.4355468750000000      -0.244167894    
   3.4394531250000000      -0.244130820    
   3.4433593750000000      -0.244094044    
   3.4472656250000000      -0.244057506    
   3.4511718750000000      -0.244021237    
   3.4550781250000000      -0.243985236    
   3.4589843750000000      -0.243949503    
   3.4628906250000000      -0.243914038    
   3.4667968750000000      -0.243878812    
   3.4707031250000000      -0.243843883    
   3.4746093750000000      -0.243809193    
   3.4785156250000000      -0.243774772    
   3.4824218750000000      -0.243740618    
   3.4863281250000000      -0.243706733    
   3.4902343750000000      -0.243673116    
   3.4941406250000000      -0.243639737    
   3.4980468750000000      -0.243606657    
   3.5019531250000000      -0.243573815    
   3.5058593750000000      -0.243541241    
   3.5097656250000000      -0.243508905    
   3.5136718750000000      -0.243476868    
   3.5175781250000000      -0.243445069    
   3.5214843750000000      -0.243413538    
   3.5253906250000000      -0.243382275    
   3.5292968750000000      -0.243351281    
   3.5332031250000000      -0.243320554    
   3.5371093750000000      -0.243290067    
   3.5410156250000000      -0.243259847    
   3.5449218750000000      -0.243229896    
   3.5488281250000000      -0.243200183    
   3.5527343750000000      -0.243170738    
   3.5566406250000000      -0.243141592    
   3.5605468750000000      -0.243112653    
   3.5644531250000000      -0.243084013    
   3.5683593750000000      -0.243055612    
   3.5722656250000000      -0.243027478    
   3.5761718750000000      -0.242999613    
   3.5800781250000000      -0.242971987    
   3.5839843750000000      -0.242944658    
   3.5878906250000000      -0.242917538    
   3.5917968750000000      -0.242890716    
   3.5957031250000000      -0.242864132    
   3.5996093750000000      -0.242837816    
   3.6035156250000000      -0.242811769    
   3.6074218750000000      -0.242785990    
   3.6113281250000000      -0.242760450    
   3.6152343750000000      -0.242735147    
   3.6191406250000000      -0.242710143    
   3.6230468750000000      -0.242685378    
   3.6269531250000000      -0.242660880    
   3.6308593750000000      -0.242636651    
   3.6347656250000000      -0.242612660    
   3.6386718750000000      -0.242588937    
   3.6425781250000000      -0.242565453    
   3.6464843750000000      -0.242542237    
   3.6503906250000000      -0.242519289    
   3.6542968750000000      -0.242496610    
   3.6582031250000000      -0.242474169    
   3.6621093750000000      -0.242451996    
   3.6660156250000000      -0.242430061    
   3.6699218750000000      -0.242408395    
   3.6738281250000000      -0.242386997    
   3.6777343750000000      -0.242365837    
   3.6816406250000000      -0.242344946    
   3.6855468750000000      -0.242324322    
   3.6894531250000000      -0.242303938    
   3.6933593750000000      -0.242283821    
   3.6972656250000000      -0.242263973    
   3.7011718750000000      -0.242244363    
   3.7050781250000000      -0.242225021    
   3.7089843750000000      -0.242205918    
   3.7128906250000000      -0.242187083    
   3.7167968750000000      -0.242168516    
   3.7207031250000000      -0.242150187    
   3.7246093750000000      -0.242132127    
   3.7285156250000000      -0.242114305    
   3.7324218750000000      -0.242096752    
   3.7363281250000000      -0.242079437    
   3.7402343750000000      -0.242062420    
   3.7441406250000000      -0.242045611    
   3.7480468750000000      -0.242029101    
   3.7519531250000000      -0.242012829    
   3.7558593750000000      -0.241996795    
   3.7597656250000000      -0.241981030    
   3.7636718750000000      -0.241965532    
   3.7675781250000000      -0.241950274    
   3.7714843750000000      -0.241935283    
   3.7753906250000000      -0.241920531    
   3.7792968750000000      -0.241906047    
   3.7832031250000000      -0.241891831    
   3.7871093750000000      -0.241877854    
   3.7910156250000000      -0.241864115    
   3.7949218750000000      -0.241850674    
   3.7988281250000000      -0.241837442    
   3.8027343750000000      -0.241824508    
   3.8066406250000000      -0.241811812    
   3.8105468750000000      -0.241799355    
   3.8144531250000000      -0.241787165    
   3.8183593750000000      -0.241775215    
   3.8222656250000000      -0.241763532    
   3.8261718750000000      -0.241752118    
   3.8300781250000000      -0.241740942    
   3.8339843750000000      -0.241730034    
   3.8378906250000000      -0.241719365    
   3.8417968750000000      -0.241708964    
   3.8457031250000000      -0.241698802    
   3.8496093750000000      -0.241688907    
   3.8535156250000000      -0.241679251    
   3.8574218750000000      -0.241669863    
   3.8613281250000000      -0.241660744    
   3.8652343750000000      -0.241651863    
   3.8691406250000000      -0.241643220    
   3.8730468750000000      -0.241634846    
   3.8769531250000000      -0.241626740    
   3.8808593750000000      -0.241618872    
   3.8847656250000000      -0.241611272    
   3.8886718750000000      -0.241603911    
   3.8925781250000000      -0.241596788    
   3.8964843750000000      -0.241589963    
   3.9003906250000000      -0.241583347    
   3.9042968750000000      -0.241576999    
   3.9082031250000000      -0.241570920    
   3.9121093750000000      -0.241565078    
   3.9160156250000000      -0.241559505    
   3.9199218750000000      -0.241554171    
   3.9238281250000000      -0.241549104    
   3.9277343750000000      -0.241544306    
   3.9316406250000000      -0.241539717    
   3.9355468750000000      -0.241535425    
   3.9394531250000000      -0.241531372    
   3.9433593750000000      -0.241527557    
   3.9472656250000000      -0.241524011    
   3.9511718750000000      -0.241520703    
   3.9550781250000000      -0.241517663    
   3.9589843750000000      -0.241514891    
   3.9628906250000000      -0.241512328    
   3.9667968750000000      -0.241510063    
   3.9707031250000000      -0.241508037    
   3.9746093750000000      -0.241506249    
   3.9785156250000000      -0.241504729    
   3.9824218750000000      -0.241503477    
   3.9863281250000000      -0.241502464    
   3.9902343750000000      -0.241501689    
   3.9941406250000000      -0.241501182    
   3.9980468750000000      -0.241500944    
   4.0019531250000000      -0.241500944    
   4.0058593750000000      -0.241501182    
   4.0097656250000000      -0.241501689    
   4.0136718750000000      -0.241502464    
   4.0175781250000000      -0.241503477    
   4.0214843750000000      -0.241504729    
   4.0253906250000000      -0.241506249    
   4.0292968750000000      -0.241508037    
   4.0332031250000000      -0.241510063    
   4.0371093750000000      -0.241512328    
   4.0410156250000000      -0.241514891    
   4.0449218750000000      -0.241517663    
   4.0488281250000000      -0.241520703    
   4.0527343750000000      -0.241524011    
   4.0566406250000000      -0.241527557    
   4.0605468750000000      -0.241531372    
   4.0644531250000000      -0.241535425    
   4.0683593750000000      -0.241539717    
   4.0722656250000000      -0.241544306    
   4.0761718750000000      -0.241549104    
   4.0800781250000000      -0.241554171    
   4.0839843750000000      -0.241559505    
   4.0878906250000000      -0.241565078    
   4.0917968750000000      -0.241570920    
   4.0957031250000000      -0.241576999    
   4.0996093750000000      -0.241583347    
   4.1035156250000000      -0.241589963    
   4.1074218750000000      -0.241596788    
   4.1113281250000000      -0.241603911    
   4.1152343750000000      -0.241611272    
   4.1191406250000000      -0.241618872    
   4.1230468750000000      -0.241626740    
   4.1269531250000000      -0.241634846    
   4.1308593750000000      -0.241643220    
   4.1347656250000000      -0.241651863    
   4.1386718750000000      -0.241660744    
   4.1425781250000000      -0.241669863    
   4.1464843750000000      -0.241679251    
   4.1503906250000000      -0.241688907    
   4.1542968750000000      -0.241698802    
   4.1582031250000000      -0.241708964    
   4.1621093750000000      -0.241719365    
   4.1660156250000000      -0.241730034    
   4.1699218750000000      -0.241740942    
   4.1738281250000000      -0.241752118    
   4.1777343750000000      -0.241763532    
   4.1816406250000000      -0.241775215    
   4.1855468750000000      -0.241787165    
   4.1894531250000000      -0.241799355    
   4.1933593750000000      -0.241811812    
   4.1972656250000000      -0.241824508    
   4.2011718750000000      -0.241837442    
   4.2050781250000000      -0.241850674    
   4.2089843750000000      -0.241864115    
   4.2128906250000000      -0.241877854    
   4.2167968750000000      -0.241891831    
   4.2207031250000000      -0.241906047    
   4.2246093750000000      -0.241920531    
   4.2285156250000000      -0.241935283    
   4.2324218750000000      -0.241950274    
   4.2363281250000000      -0.241965532    
   4.2402343750000000      -0.241981030    
   4.2441406250000000      -0.241996795    
   4.2480468750000000      -0.242012829    
   4.2519531250000000      -0.242029101    
   4.2558593750000000      -0.242045611    
   4.2597656250000000      -0.242062420    
   4.2636718750000000      -0.242079437    
   4.2675781250000000      -0.242096752    
   4.2714843750000000      -0.242114305    
   4.2753906250000000      -0.242132127    
   4.2792968750000000      -0.242150187    
   4.2832031250000000      -0.242168516    
   4.2871093750000000      -0.242187083    
   4.2910156250000000      -0.242205918    
   4.2949218750000000      -0.242225021    
   4.2988281250000000      -0.242244363    
   4.3027343750000000      -0.242263973    
   4.3066406250000000      -0.242283821    
   4.3105468750000000      -0.242303938    
   4.3144531250000000      -0.242324322    
   4.3183593750000000      -0.242344946    
   4.3222656250000000      -0.242365837    
   4.3261718750000000      -0.242386997    
   4.3300781250000000      -0.242408395    
   4.3339843750000000      -0.242430061    
   4.3378906250000000      -0.242451996    
   4.3417968750000000      -0.242474169    
   4.3457031250000000      -0.242496610    
   4.3496093750000000      -0.242519289    
   4.3535156250000000      -0.242542237    
   4.3574218750000000      -0.242565453    
   4.3613281250000000      -0.242588937    
   4.3652343750000000      -0.242612660    
   4.3691406250000000      -0.242636651    
   4.3730468750000000      -0.242660880    
   4.3769531250000000      -0.242685378    
   4.3808593750000000      -0.242710143    
   4.3847656250000000      -0.242735147    
   4.3886718750000000      -0.242760450    
   4.3925781250000000      -0.242785990    
   4.3964843750000000      -0.242811769    
   4.4003906250000000      -0.242837816    
   4.4042968750000000      -0.242864132    
   4.4082031250000000      -0.242890716    
   4.4121093750000000      -0.242917538    
   4.4160156250000000      -0.242944658    
   4.4199218750000000      -0.242971987    
   4.4238281250000000      -0.242999613    
   4.4277343750000000      -0.243027478    
   4.4316406250000000      -0.243055612    
   4.4355468750000000      -0.243084013    
   4.4394531250000000      -0.243112653    
   4.4433593750000000      -0.243141592    
   4.4472656250000000      -0.243170738    
   4.4511718750000000      -0.243200183    
   4.4550781250000000      -0.243229896    
   4.4589843750000000      -0.243259847    
   4.4628906250000000      -0.243290067    
   4.4667968750000000      -0.243320554    
   4.4707031250000000      -0.243351281    
   4.4746093750000000      -0.243382275    
   4.4785156250000000      -0.243413538    
   4.4824218750000000      -0.243445069    
   4.4863281250000000      -0.243476868    
   4.4902343750000000      -0.243508905    
   4.4941406250000000      -0.243541241    
   4.4980468750000000      -0.243573815    
   4.5019531250000000      -0.243606657    
   4.5058593750000000      -0.243639737    
   4.5097656250000000      -0.243673116    
   4.5136718750000000      -0.243706733    
   4.5175781250000000      -0.243740618    
   4.5214843750000000      -0.243774772    
   4.5253906250000000      -0.243809193    
   4.5292968750000000      -0.243843883    
   4.5332031250000000      -0.243878812    
   4.5371093750000000      -0.243914038    
   4.5410156250000000      -0.243949503    
   4.5449218750000000      -0.243985236    
   4.5488281250000000      -0.244021237    
   4.5527343750000000      -0.244057506    
   4.5566406250000000      -0.244094044    
   4.5605468750000000      -0.244130820    
   4.5644531250000000      -0.244167894    
   4.5683593750000000      -0.244205207    
   4.5722656250000000      -0.244242787    
   4.5761718750000000      -0.244280666    
   4.5800781250000000      -0.244318783    
   4.5839843750000000      -0.244357169    
   4.5878906250000000      -0.244395822    
   4.5917968750000000      -0.244434744    
   4.5957031250000000      -0.244473934    
   4.5996093750000000      -0.244513363    
   4.6035156250000000      -0.244553089    
   4.6074218750000000      -0.244593084    
   4.6113281250000000      -0.244633347    
   4.6152343750000000      -0.244673848    
   4.6191406250000000      -0.244714648    
   4.6230468750000000      -0.244755685    
   4.6269531250000000      -0.244797021    
   4.6308593750000000      -0.244838625    
   4.6347656250000000      -0.244880468    
   4.6386718750000000      -0.244922608    
   4.6425781250000000      -0.244964987    
   4.6464843750000000      -0.245007664    
   4.6503906250000000      -0.245050609    
   4.6542968750000000      -0.245093793    
   4.6582031250000000      -0.245137274    
   4.6621093750000000      -0.245181024    
   4.6660156250000000      -0.245225012    
   4.6699218750000000      -0.245269299    
   4.6738281250000000      -0.245313853    
   4.6777343750000000      -0.245358676    
   4.6816406250000000      -0.245403767    
   4.6855468750000000      -0.245449126    
   4.6894531250000000      -0.245494783    
   4.6933593750000000      -0.245540679    
   4.6972656250000000      -0.245586842    
   4.7011718750000000      -0.245633304    
   4.7050781250000000      -0.245680004    
   4.7089843750000000      -0.245727003    
   4.7128906250000000      -0.245774269    
   4.7167968750000000      -0.245821804    
   4.7207031250000000      -0.245869607    
   4.7246093750000000      -0.245917708    
   4.7285156250000000      -0.245966047    
   4.7324218750000000      -0.246014684    
   4.7363281250000000      -0.246063590    
   4.7402343750000000      -0.246112764    
   4.7441406250000000      -0.246162206    
   4.7480468750000000      -0.246211946    
   4.7519531250000000      -0.246261925    
   4.7558593750000000      -0.246312201    
   4.7597656250000000      -0.246362746    
   4.7636718750000000      -0.246413589    
   4.7675781250000000      -0.246464670    
   4.7714843750000000      -0.246516049    
   4.7753906250000000      -0.246567696    
   4.7792968750000000      -0.246619612    
   4.7832031250000000      -0.246671826    
   4.7871093750000000      -0.246724308    
   4.7910156250000000      -0.246777058    
   4.7949218750000000      -0.246830076    
   4.7988281250000000      -0.246883392    
   4.8027343750000000      -0.246936977    
   4.8066406250000000      -0.246990860    
   4.8105468750000000      -0.247044981    
   4.8144531250000000      -0.247099400    
   4.8183593750000000      -0.247154117    
   4.8222656250000000      -0.247209102    
   4.8261718750000000      -0.247264355    
   4.8300781250000000      -0.247319877    
   4.8339843750000000      -0.247375697    
   4.8378906250000000      -0.247431785    
   4.8417968750000000      -0.247488171    
   4.8457031250000000      -0.247544825    
   4.8496093750000000      -0.247601748    
   4.8535156250000000      -0.247658968    
   4.8574218750000000      -0.247716486    
   4.8613281250000000      -0.247774243    
   4.8652343750000000      -0.247832298    
   4.8691406250000000      -0.247890651    
   4.8730468750000000      -0.247949272    
   4.8769531250000000      -0.248008192    
   4.8808593750000000      -0.248067379    
   4.8847656250000000      -0.248126864    
   4.8886718750000000      -0.248186618    
   4.8925781250000000      -0.248246640    
   4.8964843750000000      -0.248306960    
   4.9003906250000000      -0.248367578    
   4.9042968750000000      -0.248428464    
   4.9082031250000000      -0.248489648    
   4.9121093750000000      -0.248551100    
   4.9160156250000000      -0.248612851    
   4.9199218750000000      -0.248674899    
   4.9238281250000000      -0.248737216    
   4.9277343750000000      -0.248799801    
   4.9316406250000000      -0.248862714    
   4.9355468750000000      -0.248925865    
   4.9394531250000000      -0.248989344    
   4.9433593750000000      -0.249053091    
   4.9472656250000000      -0.249117136    
   4.9511718750000000      -0.249181449    
   4.9550781250000000      -0.249246091    
   4.9589843750000000      -0.249310970    
   4.9628906250000000      -0.249376178    
   4.9667968750000000      -0.249441653    
   4.9707031250000000      -0.249507427    
   4.9746093750000000      -0.249573499    
   4.9785156250000000      -0.249639839    
   4.9824218750000000      -0.249706477    
   4.9863281250000000      -0.249773413    
   4.9902343750000000      -0.249840647    
   4.9941406250000000      -0.249908149    
   4.9980468750000000      -0.249975979    
   5.0019531250000000      -0.250044048    
   5.0058593750000000      -0.250112474    
   5.0097656250000000      -0.250181139    
   5.0136718750000000      -0.250250101    
   5.0175781250000000      -0.250319391    
   5.0214843750000000      -0.250388950    
   5.0253906250000000      -0.250458837    
   5.0292968750000000      -0.250528961    
   5.0332031250000000      -0.250599414    
   5.0371093750000000      -0.250670165    
   5.0410156250000000      -0.250741184    
   5.0449218750000000      -0.250812531    
   5.0488281250000000      -0.250884175    
   5.0527343750000000      -0.250956088    
   5.0566406250000000      -0.251028299    
   5.0605468750000000      -0.251100838    
   5.0644531250000000      -0.251173645    
   5.0683593750000000      -0.251246750    
   5.0722656250000000      -0.251320183    
   5.0761718750000000      -0.251393884    
   5.0800781250000000      -0.251467884    
   5.0839843750000000      -0.251542211    
   5.0878906250000000      -0.251616836    
   5.0917968750000000      -0.251691729    
   5.0957031250000000      -0.251766950    
   5.0996093750000000      -0.251842439    
   5.1035156250000000      -0.251918256    
   5.1074218750000000      -0.251994371    
   5.1113281250000000      -0.252070785    
   5.1152343750000000      -0.252147526    
   5.1191406250000000      -0.252224535    
   5.1230468750000000      -0.252301872    
   5.1269531250000000      -0.252379477    
   5.1308593750000000      -0.252457440    
   5.1347656250000000      -0.252535641    
   5.1386718750000000      -0.252614200    
   5.1425781250000000      -0.252693057    
   5.1464843750000000      -0.252772212    
   5.1503906250000000      -0.252851665    
   5.1542968750000000      -0.252931416    
   5.1582031250000000      -0.253011495    
   5.1621093750000000      -0.253091872    
   5.1660156250000000      -0.253172547    
   5.1699218750000000      -0.253253520    
   5.1738281250000000      -0.253334820    
   5.1777343750000000      -0.253416449    
   5.1816406250000000      -0.253498375    
   5.1855468750000000      -0.253580570    
   5.1894531250000000      -0.253663123    
   5.1933593750000000      -0.253745973    
   5.1972656250000000      -0.253829122    
   5.2011718750000000      -0.253912598    
   5.2050781250000000      -0.253996372    
   5.2089843750000000      -0.254080474    
   5.2128906250000000      -0.254164875    
   5.2167968750000000      -0.254249603    
   5.2207031250000000      -0.254334629    
   5.2246093750000000      -0.254419982    
   5.2285156250000000      -0.254505634    
   5.2324218750000000      -0.254591584    
   5.2363281250000000      -0.254677892    
   5.2402343750000000      -0.254764497    
   5.2441406250000000      -0.254851401    
   5.2480468750000000      -0.254938662    
   5.2519531250000000      -0.255026221    
   5.2558593750000000      -0.255114079    
   5.2597656250000000      -0.255202264    
   5.2636718750000000      -0.255290747    
   5.2675781250000000      -0.255379587    
   5.2714843750000000      -0.255468726    
   5.2753906250000000      -0.255558193    
   5.2792968750000000      -0.255647987    
   5.2832031250000000      -0.255738080    
   5.2871093750000000      -0.255828500    
   5.2910156250000000      -0.255919278    
   5.2949218750000000      -0.256010324    
   5.2988281250000000      -0.256101727    
   5.3027343750000000      -0.256193429    
   5.3066406250000000      -0.256285459    
   5.3105468750000000      -0.256377816    
   5.3144531250000000      -0.256470501    
   5.3183593750000000      -0.256563514    
   5.3222656250000000      -0.256656855    
   5.3261718750000000      -0.256750524    
   5.3300781250000000      -0.256844521    
   5.3339843750000000      -0.256938815    
   5.3378906250000000      -0.257033467    
   5.3417968750000000      -0.257128417    
   5.3457031250000000      -0.257223725    
   5.3496093750000000      -0.257319331    
   5.3535156250000000      -0.257415295    
   5.3574218750000000      -0.257511586    
   5.3613281250000000      -0.257608205    
   5.3652343750000000      -0.257705152    
   5.3691406250000000      -0.257802427    
   5.3730468750000000      -0.257900029    
   5.3769531250000000      -0.257997990    
   5.3808593750000000      -0.258096248    
   5.3847656250000000      -0.258194864    
   5.3886718750000000      -0.258293808    
   5.3925781250000000      -0.258393079    
   5.3964843750000000      -0.258492708    
   5.4003906250000000      -0.258592635    
   5.4042968750000000      -0.258692920    
   5.4082031250000000      -0.258793533    
   5.4121093750000000      -0.258894503    
   5.4160156250000000      -0.258995801    
   5.4199218750000000      -0.259097427    
   5.4238281250000000      -0.259199381    
   5.4277343750000000      -0.259301722    
   5.4316406250000000      -0.259404361    
   5.4355468750000000      -0.259507358    
   5.4394531250000000      -0.259610713    
   5.4433593750000000      -0.259714365    
   5.4472656250000000      -0.259818375    
   5.4511718750000000      -0.259922743    
   5.4550781250000000      -0.260027468    
   5.4589843750000000      -0.260132492    
   5.4628906250000000      -0.260237902    
   5.4667968750000000      -0.260343641    
   5.4707031250000000      -0.260449708    
   5.4746093750000000      -0.260556161    
   5.4785156250000000      -0.260662913    
   5.4824218750000000      -0.260770053    
   5.4863281250000000      -0.260877520    
   5.4902343750000000      -0.260985345    
   5.4941406250000000      -0.261093527    
   5.4980468750000000      -0.261202037    
   5.5019531250000000      -0.261310935    
   5.5058593750000000      -0.261420131    
   5.5097656250000000      -0.261529714    
   5.5136718750000000      -0.261639655    
   5.5175781250000000      -0.261749923    
   5.5214843750000000      -0.261860549    
   5.5253906250000000      -0.261971533    
   5.5292968750000000      -0.262082875    
   5.5332031250000000      -0.262194574    
   5.5371093750000000      -0.262306631    
   5.5410156250000000      -0.262419045    
   5.5449218750000000      -0.262531817    
   5.5488281250000000      -0.262644947    
   5.5527343750000000      -0.262758434    
   5.5566406250000000      -0.262872308    
   5.5605468750000000      -0.262986511    
   5.5644531250000000      -0.263101101    
   5.5683593750000000      -0.263216019    
   5.5722656250000000      -0.263331294    
   5.5761718750000000      -0.263446957    
   5.5800781250000000      -0.263562977    
   5.5839843750000000      -0.263679355    
   5.5878906250000000      -0.263796091    
   5.5917968750000000      -0.263913214    
   5.5957031250000000      -0.264030695    
   5.5996093750000000      -0.264148533    
   5.6035156250000000      -0.264266789    
   5.6074218750000000      -0.264385343    
   5.6113281250000000      -0.264504313    
   5.6152343750000000      -0.264623642    
   5.6191406250000000      -0.264743328    
   5.6230468750000000      -0.264863372    
   5.6269531250000000      -0.264983833    
   5.6308593750000000      -0.265104622    
   5.6347656250000000      -0.265225828    
   5.6386718750000000      -0.265347362    
   5.6425781250000000      -0.265469313    
   5.6464843750000000      -0.265591621    
   5.6503906250000000      -0.265714288    
   5.6542968750000000      -0.265837342    
   5.6582031250000000      -0.265960783    
   5.6621093750000000      -0.266084611    
   5.6660156250000000      -0.266208798    
   5.6699218750000000      -0.266333371    
   5.6738281250000000      -0.266458333    
   5.6777343750000000      -0.266583681    
   5.6816406250000000      -0.266709387    
   5.6855468750000000      -0.266835481    
   5.6894531250000000      -0.266961992    
   5.6933593750000000      -0.267088830    
   5.6972656250000000      -0.267216086    
   5.7011718750000000      -0.267343760    
   5.7050781250000000      -0.267471790    
   5.7089843750000000      -0.267600179    
   5.7128906250000000      -0.267728984    
   5.7167968750000000      -0.267858207    
   5.7207031250000000      -0.267987788    
   5.7246093750000000      -0.268117756    
   5.7285156250000000      -0.268248141    
   5.7324218750000000      -0.268378884    
   5.7363281250000000      -0.268510044    
   5.7402343750000000      -0.268641591    
   5.7441406250000000      -0.268773556    
   5.7480468750000000      -0.268905878    
   5.7519531250000000      -0.269038618    
   5.7558593750000000      -0.269171745    
   5.7597656250000000      -0.269305289    
   5.7636718750000000      -0.269439220    
   5.7675781250000000      -0.269573539    
   5.7714843750000000      -0.269708276    
   5.7753906250000000      -0.269843400    
   5.7792968750000000      -0.269978940    
   5.7832031250000000      -0.270114899    
   5.7871093750000000      -0.270251244    
   5.7910156250000000      -0.270388007    
   5.7949218750000000      -0.270525157    
   5.7988281250000000      -0.270662725    
   5.8027343750000000      -0.270800710    
   5.8066406250000000      -0.270939052    
   5.8105468750000000      -0.271077871    
   5.8144531250000000      -0.271217048    
   5.8183593750000000      -0.271356702    
   5.8222656250000000      -0.271496713    
   5.8261718750000000      -0.271637142    
   5.8300781250000000      -0.271777987    
   5.8339843750000000      -0.271919280    
   5.8378906250000000      -0.272060961    
   5.8417968750000000      -0.272203088    
   5.8457031250000000      -0.272345603    
   5.8496093750000000      -0.272488534    
   5.8535156250000000      -0.272631884    
   5.8574218750000000      -0.272775680    
   5.8613281250000000      -0.272919893    
   5.8652343750000000      -0.273064494    
   5.8691406250000000      -0.273209572    
   5.8730468750000000      -0.273355037    
   5.8769531250000000      -0.273500919    
   5.8808593750000000      -0.273647249    
   5.8847656250000000      -0.273794025    
   5.8886718750000000      -0.273941219    
   5.8925781250000000      -0.274088830    
   5.8964843750000000      -0.274236858    
   5.9003906250000000      -0.274385333    
   5.9042968750000000      -0.274534285    
   5.9082031250000000      -0.274683595    
   5.9121093750000000      -0.274833381    
   5.9160156250000000      -0.274983615    
   5.9199218750000000      -0.275134265    
   5.9238281250000000      -0.275285363    
   5.9277343750000000      -0.275436878    
   5.9316406250000000      -0.275588870    
   5.9355468750000000      -0.275741279    
   5.9394531250000000      -0.275894135    
   5.9433593750000000      -0.276047409    
   5.9472656250000000      -0.276201189    
   5.9511718750000000      -0.276355356    
   5.9550781250000000      -0.276510000    
   5.9589843750000000      -0.276665092    
   5.9628906250000000      -0.276820600    
   5.9667968750000000      -0.276976585    
   5.9707031250000000      -0.277133048    
   5.9746093750000000      -0.277289927    
   5.9785156250000000      -0.277447253    
   5.9824218750000000      -0.277605057    
   5.9863281250000000      -0.277763307    
   5.9902343750000000      -0.277922004    
   5.9941406250000000      -0.278081179    
   5.9980468750000000      -0.278240800    
   6.0019531250000000      -0.278400868    
   6.0058593750000000      -0.278561413    
   6.0097656250000000      -0.278722405    
   6.0136718750000000      -0.278883874    
   6.0175781250000000      -0.279045820    
   6.0214843750000000      -0.279208243    
   6.0253906250000000      -0.279371083    
   6.0292968750000000      -0.279534459    
   6.0332031250000000      -0.279698253    
   6.0371093750000000      -0.279862523    
   6.0410156250000000      -0.280027270    
   6.0449218750000000      -0.280192494    
   6.0488281250000000      -0.280358195    
   6.0527343750000000      -0.280524373    
   6.0566406250000000      -0.280691028    
   6.0605468750000000      -0.280858159    
   6.0644531250000000      -0.281025767    
   6.0683593750000000      -0.281193852    
   6.0722656250000000      -0.281362444    
   6.0761718750000000      -0.281531513    
   6.0800781250000000      -0.281701028    
   6.0839843750000000      -0.281871080    
   6.0878906250000000      -0.282041579    
   6.0917968750000000      -0.282212585    
   6.0957031250000000      -0.282384098    
   6.0996093750000000      -0.282556057    
   6.1035156250000000      -0.282728553    
   6.1074218750000000      -0.282901525    
   6.1113281250000000      -0.283074975    
   6.1152343750000000      -0.283248961    
   6.1191406250000000      -0.283423424    
   6.1230468750000000      -0.283598393    
   6.1269531250000000      -0.283773839    
   6.1308593750000000      -0.283949822    
   6.1347656250000000      -0.284126282    
   6.1386718750000000      -0.284303248    
   6.1425781250000000      -0.284480751    
   6.1464843750000000      -0.284658730    
   6.1503906250000000      -0.284837246    
   6.1542968750000000      -0.285016239    
   6.1582031250000000      -0.285195768    
   6.1621093750000000      -0.285375804    
   6.1660156250000000      -0.285556376    
   6.1699218750000000      -0.285737425    
   6.1738281250000000      -0.285919011    
   6.1777343750000000      -0.286101103    
   6.1816406250000000      -0.286283731    
   6.1855468750000000      -0.286466897    
   6.1894531250000000      -0.286650568    
   6.1933593750000000      -0.286834776    
   6.1972656250000000      -0.287019491    
   6.2011718750000000      -0.287204742    
   6.2050781250000000      -0.287390530    
   6.2089843750000000      -0.287576854    
   6.2128906250000000      -0.287763715    
   6.2167968750000000      -0.287951082    
   6.2207031250000000      -0.288139015    
   6.2246093750000000      -0.288327456    
   6.2285156250000000      -0.288516462    
   6.2324218750000000      -0.288706005    
   6.2363281250000000      -0.288896084    
   6.2402343750000000      -0.289086729    
   6.2441406250000000      -0.289277911    
   6.2480468750000000      -0.289469600    
   6.2519531250000000      -0.289661884    
   6.2558593750000000      -0.289854705    
   6.2597656250000000      -0.290048093    
   6.2636718750000000      -0.290242016    
   6.2675781250000000      -0.290436506    
   6.2714843750000000      -0.290631533    
   6.2753906250000000      -0.290827155    
   6.2792968750000000      -0.291023314    
   6.2832031250000000      -0.291220069    
   6.2871093750000000      -0.291417360    
   6.2910156250000000      -0.291615188    
   6.2949218750000000      -0.291813642    
   6.2988281250000000      -0.292012632    
   6.3027343750000000      -0.292212188    
   6.3066406250000000      -0.292412341    
   6.3105468750000000      -0.292613089    
   6.3144531250000000      -0.292814374    
   6.3183593750000000      -0.293016255    
   6.3222656250000000      -0.293218702    
   6.3261718750000000      -0.293421745    
   6.3300781250000000      -0.293625355    
   6.3339843750000000      -0.293829560    
   6.3378906250000000      -0.294034362    
   6.3417968750000000      -0.294239759    
   6.3457031250000000      -0.294445753    
   6.3496093750000000      -0.294652343    
   6.3535156250000000      -0.294859499    
   6.3574218750000000      -0.295067251    
   6.3613281250000000      -0.295275629    
   6.3652343750000000      -0.295484602    
   6.3691406250000000      -0.295694172    
   6.3730468750000000      -0.295904368    
   6.3769531250000000      -0.296115160    
   6.3808593750000000      -0.296326578    
   6.3847656250000000      -0.296538562    
   6.3886718750000000      -0.296751201    
   6.3925781250000000      -0.296964437    
   6.3964843750000000      -0.297178298    
   6.4003906250000000      -0.297392786    
   6.4042968750000000      -0.297607899    
   6.4082031250000000      -0.297823608    
   6.4121093750000000      -0.298039973    
   6.4160156250000000      -0.298256934    
   6.4199218750000000      -0.298474550    
   6.4238281250000000      -0.298692793    
   6.4277343750000000      -0.298911691    
   6.4316406250000000      -0.299131215    
   6.4355468750000000      -0.299351335    
   6.4394531250000000      -0.299572170    
   6.4433593750000000      -0.299793601    
   6.4472656250000000      -0.300015688    
   6.4511718750000000      -0.300238431    
   6.4550781250000000      -0.300461799    
   6.4589843750000000      -0.300685823    
   6.4628906250000000      -0.300910532    
   6.4667968750000000      -0.301135898    
   6.4707031250000000      -0.301361918    
   6.4746093750000000      -0.301588595    
   6.4785156250000000      -0.301815927    
   6.4824218750000000      -0.302043915    
   6.4863281250000000      -0.302272588    
   6.4902343750000000      -0.302501917    
   6.4941406250000000      -0.302731961    
   6.4980468750000000      -0.302962661    
   6.5019531250000000      -0.303194046    
   6.5058593750000000      -0.303426087    
   6.5097656250000000      -0.303658843    
   6.5136718750000000      -0.303892255    
   6.5175781250000000      -0.304126382    
   6.5214843750000000      -0.304361165    
   6.5253906250000000      -0.304596663    
   6.5292968750000000      -0.304832876    
   6.5332031250000000      -0.305069745    
   6.5371093750000000      -0.305307359    
   6.5410156250000000      -0.305545658    
   6.5449218750000000      -0.305784672    
   6.5488281250000000      -0.306024373    
   6.5527343750000000      -0.306264818    
   6.5566406250000000      -0.306505948    
   6.5605468750000000      -0.306747794    
   6.5644531250000000      -0.306990385    
   6.5683593750000000      -0.307233691    
   6.5722656250000000      -0.307477713    
   6.5761718750000000      -0.307722479    
   6.5800781250000000      -0.307967961    
   6.5839843750000000      -0.308214188    
   6.5878906250000000      -0.308461159    
   6.5917968750000000      -0.308708847    
   6.5957031250000000      -0.308957279    
   6.5996093750000000      -0.309206486    
   6.6035156250000000      -0.309456408    
   6.6074218750000000      -0.309707105    
   6.6113281250000000      -0.309958518    
   6.6152343750000000      -0.310210705    
   6.6191406250000000      -0.310463667    
   6.6230468750000000      -0.310717404    
   6.6269531250000000      -0.310971886    
   6.6308593750000000      -0.311227143    
   6.6347656250000000      -0.311483145    
   6.6386718750000000      -0.311739951    
   6.6425781250000000      -0.311997533    
   6.6464843750000000      -0.312255889    
   6.6503906250000000      -0.312515020    
   6.6542968750000000      -0.312774986    
   6.6582031250000000      -0.313035667    
   6.6621093750000000      -0.313297212    
   6.6660156250000000      -0.313559502    
   6.6699218750000000      -0.313822627    
   6.6738281250000000      -0.314086556    
   6.6777343750000000      -0.314351261    
   6.6816406250000000      -0.314616799    
   6.6855468750000000      -0.314883113    
   6.6894531250000000      -0.315150291    
   6.6933593750000000      -0.315418273    
   6.6972656250000000      -0.315687060    
   6.7011718750000000      -0.315956712    
   6.7050781250000000      -0.316227198    
   6.7089843750000000      -0.316498488    
   6.7128906250000000      -0.316770613    
   6.7167968750000000      -0.317043602    
   6.7207031250000000      -0.317317396    
   6.7246093750000000      -0.317592084    
   6.7285156250000000      -0.317867607    
   6.7324218750000000      -0.318143964    
   6.7363281250000000      -0.318421185    
   6.7402343750000000      -0.318699300    
   6.7441406250000000      -0.318978250    
   6.7480468750000000      -0.319258094    
   6.7519531250000000      -0.319538772    
   6.7558593750000000      -0.319820374    
   6.7597656250000000      -0.320102841    
   6.7636718750000000      -0.320386201    
   6.7675781250000000      -0.320670426    
   6.7714843750000000      -0.320955575    
   6.7753906250000000      -0.321241587    
   6.7792968750000000      -0.321528524    
   6.7832031250000000      -0.321816325    
   6.7871093750000000      -0.322105080    
   6.7910156250000000      -0.322394729    
   6.7949218750000000      -0.322685301    
   6.7988281250000000      -0.322976798    
   6.8027343750000000      -0.323269218    
   6.8066406250000000      -0.323562562    
   6.8105468750000000      -0.323856831    
   6.8144531250000000      -0.324152052    
   6.8183593750000000      -0.324448228    
   6.8222656250000000      -0.324745297    
   6.8261718750000000      -0.325043380    
   6.8300781250000000      -0.325342387    
   6.8339843750000000      -0.325642347    
   6.8378906250000000      -0.325943291    
   6.8417968750000000      -0.326245189    
   6.8457031250000000      -0.326548040    
   6.8496093750000000      -0.326851904    
   6.8535156250000000      -0.327156723    
   6.8574218750000000      -0.327462554    
   6.8613281250000000      -0.327769339    
   6.8652343750000000      -0.328077137    
   6.8691406250000000      -0.328385949    
   6.8730468750000000      -0.328695774    
   6.8769531250000000      -0.329006553    
   6.8808593750000000      -0.329318404    
   6.8847656250000000      -0.329631239    
   6.8886718750000000      -0.329945117    
   6.8925781250000000      -0.330260009    
   6.8964843750000000      -0.330575943    
   6.9003906250000000      -0.330892920    
   6.9042968750000000      -0.331210911    
   6.9082031250000000      -0.331529975    
   6.9121093750000000      -0.331850111    
   6.9160156250000000      -0.332171261    
   6.9199218750000000      -0.332493514    
   6.9238281250000000      -0.332816809    
   6.9277343750000000      -0.333141208    
   6.9316406250000000      -0.333466649    
   6.9355468750000000      -0.333793193    
   6.9394531250000000      -0.334120810    
   6.9433593750000000      -0.334449559    
   6.9472656250000000      -0.334779382    
   6.9511718750000000      -0.335110337    
   6.9550781250000000      -0.335442364    
   6.9589843750000000      -0.335775524    
   6.9628906250000000      -0.336109817    
   6.9667968750000000      -0.336445212    
   6.9707031250000000      -0.336781800    
   6.9746093750000000      -0.337119460    
   6.9785156250000000      -0.337458313    
   6.9824218750000000      -0.337798297    
   6.9863281250000000      -0.338139445    
   6.9902343750000000      -0.338481754    
   6.9941406250000000      -0.338825226    
   6.9980468750000000      -0.339169860    
   7.0019531250000000      -0.339515716    
   7.0058593750000000      -0.339862734    
   7.0097656250000000      -0.340210944    
   7.0136718750000000      -0.340560377    
   7.0175781250000000      -0.340910971    
   7.0214843750000000      -0.341262817    
   7.0253906250000000      -0.341615856    
   7.0292968750000000      -0.341970146    
   7.0332031250000000      -0.342325628    
   7.0371093750000000      -0.342682391    
   7.0410156250000000      -0.343040377    
   7.0449218750000000      -0.343399644    
   7.0488281250000000      -0.343760133    
   7.0527343750000000      -0.344121873    
   7.0566406250000000      -0.344484925    
   7.0605468750000000      -0.344849229    
   7.0644531250000000      -0.345214844    
   7.0683593750000000      -0.345581710    
   7.0722656250000000      -0.345949888    
   7.0761718750000000      -0.346319407    
   7.0800781250000000      -0.346690208    
   7.0839843750000000      -0.347062349    
   7.0878906250000000      -0.347435802    
   7.0917968750000000      -0.347810596    
   7.0957031250000000      -0.348186731    
   7.0996093750000000      -0.348564208    
   7.1035156250000000      -0.348943055    
   7.1074218750000000      -0.349323243    
   7.1113281250000000      -0.349704832    
   7.1152343750000000      -0.350087792    
   7.1191406250000000      -0.350472122    
   7.1230468750000000      -0.350857854    
   7.1269531250000000      -0.351245016    
   7.1308593750000000      -0.351633549    
   7.1347656250000000      -0.352023542    
   7.1386718750000000      -0.352414906    
   7.1425781250000000      -0.352807760    
   7.1464843750000000      -0.353202045    
   7.1503906250000000      -0.353597760    
   7.1542968750000000      -0.353994966    
   7.1582031250000000      -0.354393601    
   7.1621093750000000      -0.354793727    
   7.1660156250000000      -0.355195343    
   7.1699218750000000      -0.355598450    
   7.1738281250000000      -0.356003076    
   7.1777343750000000      -0.356409192    
   7.1816406250000000      -0.356816858    
   7.1855468750000000      -0.357226044    
   7.1894531250000000      -0.357636750    
   7.1933593750000000      -0.358049005    
   7.1972656250000000      -0.358462840    
   7.2011718750000000      -0.358878195    
   7.2050781250000000      -0.359295160    
   7.2089843750000000      -0.359713703    
   7.2128906250000000      -0.360133857    
   7.2167968750000000      -0.360555589    
   7.2207031250000000      -0.360978931    
   7.2246093750000000      -0.361403912    
   7.2285156250000000      -0.361830533    
   7.2324218750000000      -0.362258762    
   7.2363281250000000      -0.362688661    
   7.2402343750000000      -0.363120228    
   7.2441406250000000      -0.363553464    
   7.2480468750000000      -0.363988370    
   7.2519531250000000      -0.364425004    
   7.2558593750000000      -0.364863306    
   7.2597656250000000      -0.365303338    
   7.2636718750000000      -0.365745068    
   7.2675781250000000      -0.366188586    
   7.2714843750000000      -0.366633803    
   7.2753906250000000      -0.367080808    
   7.2792968750000000      -0.367529541    
   7.2832031250000000      -0.367980063    
   7.2871093750000000      -0.368432403    
   7.2910156250000000      -0.368886530    
   7.2949218750000000      -0.369342476    
   7.2988281250000000      -0.369800240    
   7.3027343750000000      -0.370259821    
   7.3066406250000000      -0.370721281    
   7.3105468750000000      -0.371184587    
   7.3144531250000000      -0.371649772    
   7.3183593750000000      -0.372116804    
   7.3222656250000000      -0.372585773    
   7.3261718750000000      -0.373056650    
   7.3300781250000000      -0.373529434    
   7.3339843750000000      -0.374004126    
   7.3378906250000000      -0.374480784    
   7.3417968750000000      -0.374959409    
   7.3457031250000000      -0.375439972    
   7.3496093750000000      -0.375922561    
   7.3535156250000000      -0.376407117    
   7.3574218750000000      -0.376893699    
   7.3613281250000000      -0.377382278    
   7.3652343750000000      -0.377872914    
   7.3691406250000000      -0.378365576    
   7.3730468750000000      -0.378860354    
   7.3769531250000000      -0.379357159    
   7.3808593750000000      -0.379856080    
   7.3847656250000000      -0.380357087    
   7.3886718750000000      -0.380860209    
   7.3925781250000000      -0.381365478    
   7.3964843750000000      -0.381872892    
   7.4003906250000000      -0.382382482    
   7.4042968750000000      -0.382894218    
   7.4082031250000000      -0.383408159    
   7.4121093750000000      -0.383924305    
   7.4160156250000000      -0.384442687    
   7.4199218750000000      -0.384963304    
   7.4238281250000000      -0.385486156    
   7.4277343750000000      -0.386011302    
   7.4316406250000000      -0.386538714    
   7.4355468750000000      -0.387068421    
   7.4394531250000000      -0.387600422    
   7.4433593750000000      -0.388134807    
   7.4472656250000000      -0.388671517    
   7.4511718750000000      -0.389210582    
   7.4550781250000000      -0.389752030    
   7.4589843750000000      -0.390295863    
   7.4628906250000000      -0.390842140    
   7.4667968750000000      -0.391390830    
   7.4707031250000000      -0.391941965    
   7.4746093750000000      -0.392495573    
   7.4785156250000000      -0.393051654    
   7.4824218750000000      -0.393610239    
   7.4863281250000000      -0.394171357    
   7.4902343750000000      -0.394735008    
   7.4941406250000000      -0.395301223    
   7.4980468750000000      -0.395870000    
   7.5019531250000000      -0.396441370    
   7.5058593750000000      -0.397015363    
   7.5097656250000000      -0.397591949    
   7.5136718750000000      -0.398171216    
   7.5175781250000000      -0.398753166    
   7.5214843750000000      -0.399337769    
   7.5253906250000000      -0.399925113    
   7.5292968750000000      -0.400515139    
   7.5332031250000000      -0.401107967    
   7.5371093750000000      -0.401703537    
   7.5410156250000000      -0.402301878    
   7.5449218750000000      -0.402903050    
   7.5488281250000000      -0.403507054    
   7.5527343750000000      -0.404113919    
   7.5566406250000000      -0.404723644    
   7.5605468750000000      -0.405336261    
   7.5644531250000000      -0.405951798    
   7.5683593750000000      -0.406570286    
   7.5722656250000000      -0.407191724    
   7.5761718750000000      -0.407816142    
   7.5800781250000000      -0.408443570    
   7.5839843750000000      -0.409074008    
   7.5878906250000000      -0.409707516    
   7.5917968750000000      -0.410344124    
   7.5957031250000000      -0.410983801    
   7.5996093750000000      -0.411626607    
   7.6035156250000000      -0.412272543    
   7.6074218750000000      -0.412921667    
   7.6113281250000000      -0.413573980    
   7.6152343750000000      -0.414229512    
   7.6191406250000000      -0.414888322    
   7.6230468750000000      -0.415550351    
   7.6269531250000000      -0.416215718    
   7.6308593750000000      -0.416884392    
   7.6347656250000000      -0.417556405    
   7.6386718750000000      -0.418231785    
   7.6425781250000000      -0.418910593    
   7.6464843750000000      -0.419592828    
   7.6503906250000000      -0.420278490    
   7.6542968750000000      -0.420967668    
   7.6582031250000000      -0.421660334    
   7.6621093750000000      -0.422356546    
   7.6660156250000000      -0.423056334    
   7.6699218750000000      -0.423759699    
   7.6738281250000000      -0.424466699    
   7.6777343750000000      -0.425177366    
   7.6816406250000000      -0.425891697    
   7.6855468750000000      -0.426609725    
   7.6894531250000000      -0.427331537    
   7.6933593750000000      -0.428057075    
   7.6972656250000000      -0.428786457    
   7.7011718750000000      -0.429519653    
   7.7050781250000000      -0.430256724    
   7.7089843750000000      -0.430997699    
   7.7128906250000000      -0.431742609    
   7.7167968750000000      -0.432491452    
   7.7207031250000000      -0.433244318    
   7.7246093750000000      -0.434001207    
   7.7285156250000000      -0.434762150    
   7.7324218750000000      -0.435527205    
   7.7363281250000000      -0.436296374    
   7.7402343750000000      -0.437069714    
   7.7441406250000000      -0.437847257    
   7.7480468750000000      -0.438629031    
   7.7519531250000000      -0.439415067    
   7.7558593750000000      -0.440205425    
   7.7597656250000000      -0.441000134    
   7.7636718750000000      -0.441799194    
   7.7675781250000000      -0.442602694    
   7.7714843750000000      -0.443410635    
   7.7753906250000000      -0.444223076    
   7.7792968750000000      -0.445040047    
   7.7832031250000000      -0.445861578    
   7.7871093750000000      -0.446687728    
   7.7910156250000000      -0.447518528    
   7.7949218750000000      -0.448354006    
   7.7988281250000000      -0.449194223    
   7.8027343750000000      -0.450039208    
   7.8066406250000000      -0.450889021    
   7.8105468750000000      -0.451743662    
   7.8144531250000000      -0.452603221    
   7.8183593750000000      -0.453467697    
   7.8222656250000000      -0.454337150    
   7.8261718750000000      -0.455211639    
   7.8300781250000000      -0.456091225    
   7.8339843750000000      -0.456975877    
   7.8378906250000000      -0.457865715    
   7.8417968750000000      -0.458760768    
   7.8457031250000000      -0.459661067    
   7.8496093750000000      -0.460566640    
   7.8535156250000000      -0.461477578    
   7.8574218750000000      -0.462393910    
   7.8613281250000000      -0.463315666    
   7.8652343750000000      -0.464242935    
   7.8691406250000000      -0.465175748    
   7.8730468750000000      -0.466114134    
   7.8769531250000000      -0.467058152    
   7.8808593750000000      -0.468007863    
   7.8847656250000000      -0.468963325    
   7.8886718750000000      -0.469924569    
   7.8925781250000000      -0.470891684    
   7.8964843750000000      -0.471864671    
   7.9003906250000000      -0.472843647    
   7.9042968750000000      -0.473828614    
   7.9082031250000000      -0.474819630    
   7.9121093750000000      -0.475816786    
   7.9160156250000000      -0.476820111    
   7.9199218750000000      -0.477829665    
   7.9238281250000000      -0.478845507    
   7.9277343750000000      -0.479867697    
   7.9316406250000000      -0.480896294    
   7.9355468750000000      -0.481931388    
   7.9394531250000000      -0.482972980    
   7.9433593750000000      -0.484021157    
   7.9472656250000000      -0.485076010    
   7.9511718750000000      -0.486137569    
   7.9550781250000000      -0.487205893    
   7.9589843750000000      -0.488281071    
   7.9628906250000000      -0.489363134    
   7.9667968750000000      -0.490452170    
   7.9707031250000000      -0.491548240    
   7.9746093750000000      -0.492651433    
   7.9785156250000000      -0.493761778    
   7.9824218750000000      -0.494879395    
   7.9863281250000000      -0.496004283    
   7.9902343750000000      -0.497136593    
   7.9941406250000000      -0.498276234    
   7.9980468750000000      -0.499423653    
