   1.9531250000000000E-003 -0.497790605    
   5.8593750000000000E-003 -0.493409455    
   9.7656250000000000E-003 -0.489078671    
   1.3671875000000000E-002 -0.484795511    
   1.7578125000000000E-002 -0.480560243    
   2.1484375000000000E-002 -0.476371795    
   2.5390625000000000E-002 -0.472229928    
   2.9296875000000000E-002 -0.468133748    
   3.3203125000000000E-002 -0.464082956    
   3.7109375000000000E-002 -0.460076749    
   4.1015625000000000E-002 -0.456114769    
   4.4921875000000000E-002 -0.452196330    
   4.8828125000000000E-002 -0.448320955    
   5.2734375000000000E-002 -0.444488049    
   5.6640625000000000E-002 -0.440697193    
   6.0546875000000000E-002 -0.436947733    
   6.4453125000000000E-002 -0.433239251    
   6.8359375000000000E-002 -0.429571211    
   7.2265625000000000E-002 -0.425943106    
   7.6171875000000000E-002 -0.422354460    
   8.0078125000000000E-002 -0.418804765    
   8.3984375000000000E-002 -0.415293574    
   8.7890625000000000E-002 -0.411820352    
   9.1796875000000000E-002 -0.408384711    
   9.5703125000000000E-002 -0.404986143    
   9.9609375000000000E-002 -0.401624203    
  0.10351562500000000      -0.398298442    
  0.10742187500000000      -0.395008415    
  0.11132812500000000      -0.391753674    
  0.11523437500000000      -0.388533831    
  0.11914062500000000      -0.385348439    
  0.12304687500000000      -0.382197052    
  0.12695312500000000      -0.379079282    
  0.13085937500000000      -0.375994742    
  0.13476562500000000      -0.372942984    
  0.13867187500000000      -0.369923651    
  0.14257812500000000      -0.366936326    
  0.14648437500000000      -0.363980651    
  0.15039062500000000      -0.361056209    
  0.15429687500000000      -0.358162642    
  0.15820312500000000      -0.355299562    
  0.16210937500000000      -0.352466643    
  0.16601562500000000      -0.349663496    
  0.16992187500000000      -0.346889734    
  0.17382812500000000      -0.344145060    
  0.17773437500000000      -0.341429114    
  0.18164062500000000      -0.338741541    
  0.18554687500000000      -0.336081982    
  0.18945312500000000      -0.333450139    
  0.19335937500000000      -0.330845684    
  0.19726562500000000      -0.328268290    
  0.20117187500000000      -0.325717568    
  0.20507812500000000      -0.323193312    
  0.20898437500000000      -0.320695132    
  0.21289062500000000      -0.318222761    
  0.21679687500000000      -0.315775841    
  0.22070312500000000      -0.313354135    
  0.22460937500000000      -0.310957313    
  0.22851562500000000      -0.308585078    
  0.23242187500000000      -0.306237161    
  0.23632812500000000      -0.303913265    
  0.24023437500000000      -0.301613092    
  0.24414062500000000      -0.299336433    
  0.24804687500000000      -0.297082901    
  0.25195312500000000      -0.294852316    
  0.25585937500000000      -0.292644382    
  0.25976562500000000      -0.290458858    
  0.26367187500000000      -0.288295418    
  0.26757812500000000      -0.286153853    
  0.27148437500000000      -0.284033954    
  0.27539062500000000      -0.281935364    
  0.27929687500000000      -0.279857934    
  0.28320312500000000      -0.277801335    
  0.28710937500000000      -0.275765389    
  0.29101562500000000      -0.273749828    
  0.29492187500000000      -0.271754444    
  0.29882812500000000      -0.269778997    
  0.30273437500000000      -0.267823219    
  0.30664062500000000      -0.265886962    
  0.31054687500000000      -0.263969898    
  0.31445312500000000      -0.262071908    
  0.31835937500000000      -0.260192722    
  0.32226562500000000      -0.258332133    
  0.32617187500000000      -0.256489933    
  0.33007812500000000      -0.254665881    
  0.33398437500000000      -0.252859831    
  0.33789062500000000      -0.251071513    
  0.34179687500000000      -0.249300778    
  0.34570312500000000      -0.247547418    
  0.34960937500000000      -0.245811194    
  0.35351562500000000      -0.244091988    
  0.35742187500000000      -0.242389530    
  0.36132812500000000      -0.240703672    
  0.36523437500000000      -0.239034235    
  0.36914062500000000      -0.237381011    
  0.37304687500000000      -0.235743821    
  0.37695312500000000      -0.234122485    
  0.38085937500000000      -0.232516825    
  0.38476562500000000      -0.230926692    
  0.38867187500000000      -0.229351878    
  0.39257812500000000      -0.227792233    
  0.39648437500000000      -0.226247579    
  0.40039062500000000      -0.224717736    
  0.40429687500000000      -0.223202586    
  0.40820312500000000      -0.221701890    
  0.41210937500000000      -0.220215559    
  0.41601562500000000      -0.218743384    
  0.41992187500000000      -0.217285246    
  0.42382812500000000      -0.215840966    
  0.42773437500000000      -0.214410424    
  0.43164062500000000      -0.212993413    
  0.43554687500000000      -0.211589813    
  0.43945312500000000      -0.210199505    
  0.44335937500000000      -0.208822280    
  0.44726562500000000      -0.207458049    
  0.45117187500000000      -0.206106633    
  0.45507812500000000      -0.204767942    
  0.45898437500000000      -0.203441769    
  0.46289062500000000      -0.202128023    
  0.46679687500000000      -0.200826555    
  0.47070312500000000      -0.199537247    
  0.47460937500000000      -0.198259950    
  0.47851562500000000      -0.196994513    
  0.48242187500000000      -0.195740849    
  0.48632812500000000      -0.194498807    
  0.49023437500000000      -0.193268269    
  0.49414062500000000      -0.192049116    
  0.49804687500000000      -0.190841198    
  0.50195312500000000      -0.189644426    
  0.50585937500000000      -0.188458681    
  0.50976562500000000      -0.187283784    
  0.51367187500000000      -0.186119705    
  0.51757812500000000      -0.184966266    
  0.52148437500000000      -0.183823407    
  0.52539062500000000      -0.182690948    
  0.52929687500000000      -0.181568831    
  0.53320312500000000      -0.180456907    
  0.53710937500000000      -0.179355085    
  0.54101562500000000      -0.178263277    
  0.54492187500000000      -0.177181363    
  0.54882812500000000      -0.176109225    
  0.55273437500000000      -0.175046742    
  0.55664062500000000      -0.173993856    
  0.56054687500000000      -0.172950447    
  0.56445312500000000      -0.171916425    
  0.56835937500000000      -0.170891672    
  0.57226562500000000      -0.169876099    
  0.57617187500000000      -0.168869615    
  0.58007812500000000      -0.167872101    
  0.58398437500000000      -0.166883498    
  0.58789062500000000      -0.165903687    
  0.59179687500000000      -0.164932579    
  0.59570312500000000      -0.163970083    
  0.59960937500000000      -0.163016140    
  0.60351562500000000      -0.162070602    
  0.60742187500000000      -0.161133438    
  0.61132812500000000      -0.160204500    
  0.61523437500000000      -0.159283787    
  0.61914062500000000      -0.158371121    
  0.62304687500000000      -0.157466501    
  0.62695312500000000      -0.156569779    
  0.63085937500000000      -0.155680895    
  0.63476562500000000      -0.154799789    
  0.63867187500000000      -0.153926373    
  0.64257812500000000      -0.153060526    
  0.64648437500000000      -0.152202219    
  0.65039062500000000      -0.151351362    
  0.65429687500000000      -0.150507867    
  0.65820312500000000      -0.149671674    
  0.66210937500000000      -0.148842692    
  0.66601562500000000      -0.148020864    
  0.66992187500000000      -0.147206128    
  0.67382812500000000      -0.146398365    
  0.67773437500000000      -0.145597547    
  0.68164062500000000      -0.144803554    
  0.68554687500000000      -0.144016385    
  0.68945312500000000      -0.143235922    
  0.69335937500000000      -0.142462134    
  0.69726562500000000      -0.141694903    
  0.70117187500000000      -0.140934199    
  0.70507812500000000      -0.140179932    
  0.70898437500000000      -0.139432073    
  0.71289062500000000      -0.138690531    
  0.71679687500000000      -0.137955248    
  0.72070312500000000      -0.137226164    
  0.72460937500000000      -0.136503190    
  0.72851562500000000      -0.135786325    
  0.73242187500000000      -0.135075450    
  0.73632812500000000      -0.134370536    
  0.74023437500000000      -0.133671492    
  0.74414062500000000      -0.132978320    
  0.74804687500000000      -0.132290900    
  0.75195312500000000      -0.131609201    
  0.75585937500000000      -0.130933166    
  0.75976562500000000      -0.130262733    
  0.76367187500000000      -0.129597843    
  0.76757812500000000      -0.128938466    
  0.77148437500000000      -0.128284514    
  0.77539062500000000      -0.127635956    
  0.77929687500000000      -0.126992702    
  0.78320312500000000      -0.126354784    
  0.78710937500000000      -0.125722051    
  0.79101562500000000      -0.125094503    
  0.79492187500000000      -0.124472111    
  0.79882812500000000      -0.123854756    
  0.80273437500000000      -0.123242468    
  0.80664062500000000      -0.122635126    
  0.81054687500000000      -0.122032732    
  0.81445312500000000      -0.121435195    
  0.81835937500000000      -0.120842516    
  0.82226562500000000      -0.120254636    
  0.82617187500000000      -0.119671464    
  0.83007812500000000      -0.119093001    
  0.83398437500000000      -0.118519187    
  0.83789062500000000      -0.117949992    
  0.84179687500000000      -0.117385328    
  0.84570312500000000      -0.116825193    
  0.84960937500000000      -0.116269529    
  0.85351562500000000      -0.115718305    
  0.85742187500000000      -0.115171462    
  0.86132812500000000      -0.114628971    
  0.86523437500000000      -0.114090770    
  0.86914062500000000      -0.113556832    
  0.87304687500000000      -0.113027126    
  0.87695312500000000      -0.112501621    
  0.88085937500000000      -0.111980230    
  0.88476562500000000      -0.111462951    
  0.88867187500000000      -0.110949725    
  0.89257812500000000      -0.110440522    
  0.89648437500000000      -0.109935313    
  0.90039062500000000      -0.109434038    
  0.90429687500000000      -0.108936697    
  0.90820312500000000      -0.108443230    
  0.91210937500000000      -0.107953578    
  0.91601562500000000      -0.107467741    
  0.91992187500000000      -0.106985688    
  0.92382812500000000      -0.106507361    
  0.92773437500000000      -0.106032699    
  0.93164062500000000      -0.105561733    
  0.93554687500000000      -0.105094373    
  0.93945312500000000      -0.104630619    
  0.94335937500000000      -0.104170412    
  0.94726562500000000      -0.103713751    
  0.95117187500000000      -0.103260577    
  0.95507812500000000      -0.102810860    
  0.95898437500000000      -0.102364570    
  0.96289062500000000      -0.101921678    
  0.96679687500000000      -0.101482153    
  0.97070312500000000      -0.101045966    
  0.97460937500000000      -0.100613087    
  0.97851562500000000      -0.100183457    
  0.98242187500000000       -9.97571051E-02
  0.98632812500000000       -9.93339419E-02
  0.99023437500000000       -9.89139676E-02
  0.99414062500000000       -9.84971821E-02
  0.99804687500000000       -9.80834961E-02
   1.0019531250000000       -9.76729095E-02
   1.0058593750000000       -9.72653925E-02
   1.0097656250000000       -9.68609154E-02
   1.0136718750000000       -9.64594483E-02
   1.0175781250000000       -9.60609615E-02
   1.0214843750000000       -9.56654549E-02
   1.0253906250000000       -9.52728689E-02
   1.0292968750000000       -9.48832035E-02
   1.0332031250000000       -9.44963992E-02
   1.0371093750000000       -9.41124558E-02
   1.0410156250000000       -9.37313437E-02
   1.0449218750000000       -9.33530331E-02
   1.0488281250000000       -9.29774940E-02
   1.0527343750000000       -9.26047266E-02
   1.0566406250000000       -9.22346711E-02
   1.0605468750000000       -9.18673277E-02
   1.0644531250000000       -9.15026665E-02
   1.0683593750000000       -9.11406577E-02
   1.0722656250000000       -9.07812715E-02
   1.0761718750000000       -9.04245079E-02
   1.0800781250000000       -9.00703073E-02
   1.0839843750000000       -8.97186995E-02
   1.0878906250000000       -8.93695951E-02
   1.0917968750000000       -8.90230536E-02
   1.0957031250000000       -8.86789858E-02
   1.0996093750000000       -8.83373618E-02
   1.1035156250000000       -8.79982412E-02
   1.1074218750000000       -8.76615047E-02
   1.1113281250000000       -8.73272121E-02
   1.1152343750000000       -8.69952738E-02
   1.1191406250000000       -8.66657197E-02
   1.1230468750000000       -8.63385201E-02
   1.1269531250000000       -8.60136449E-02
   1.1308593750000000       -8.56910646E-02
   1.1347656250000000       -8.53707492E-02
   1.1386718750000000       -8.50527287E-02
   1.1425781250000000       -8.47369432E-02
   1.1464843750000000       -8.44233930E-02
   1.1503906250000000       -8.41120183E-02
   1.1542968750000000       -8.38028789E-02
   1.1582031250000000       -8.34958553E-02
   1.1621093750000000       -8.31910074E-02
   1.1660156250000000       -8.28883052E-02
   1.1699218750000000       -8.25876892E-02
   1.1738281250000000       -8.22891891E-02
   1.1777343750000000       -8.19927454E-02
   1.1816406250000000       -8.16983879E-02
   1.1855468750000000       -8.14060569E-02
   1.1894531250000000       -8.11157525E-02
   1.1933593750000000       -8.08274448E-02
   1.1972656250000000       -8.05411339E-02
   1.2011718750000000       -8.02567899E-02
   1.2050781250000000       -7.99744129E-02
   1.2089843750000000       -7.96939433E-02
   1.2128906250000000       -7.94154406E-02
   1.2167968750000000       -7.91388154E-02
   1.2207031250000000       -7.88640976E-02
   1.2246093750000000       -7.85912275E-02
   1.2285156250000000       -7.83202350E-02
   1.2324218750000000       -7.80510902E-02
   1.2363281250000000       -7.77837634E-02
   1.2402343750000000       -7.75182545E-02
   1.2441406250000000       -7.72545636E-02
   1.2480468750000000       -7.69926310E-02
   1.2519531250000000       -7.67324567E-02
   1.2558593750000000       -7.64740407E-02
   1.2597656250000000       -7.62173533E-02
   1.2636718750000000       -7.59624243E-02
   1.2675781250000000       -7.57091641E-02
   1.2714843750000000       -7.54576325E-02
   1.2753906250000000       -7.52077699E-02
   1.2792968750000000       -7.49595463E-02
   1.2832031250000000       -7.47130215E-02
   1.2871093750000000       -7.44681060E-02
   1.2910156250000000       -7.42248297E-02
   1.2949218750000000       -7.39831626E-02
   1.2988281250000000       -7.37430751E-02
   1.3027343750000000       -7.35045969E-02
   1.3066406250000000       -7.32676983E-02
   1.3105468750000000       -7.30323493E-02
   1.3144531250000000       -7.27985203E-02
   1.3183593750000000       -7.25662708E-02
   1.3222656250000000       -7.23355114E-02
   1.3261718750000000       -7.21062720E-02
   1.3300781250000000       -7.18785524E-02
   1.3339843750000000       -7.16522932E-02
   1.3378906250000000       -7.14275241E-02
   1.3417968750000000       -7.12042153E-02
   1.3457031250000000       -7.09823370E-02
   1.3496093750000000       -7.07619190E-02
   1.3535156250000000       -7.05429018E-02
   1.3574218750000000       -7.03253150E-02
   1.3613281250000000       -7.01091290E-02
   1.3652343750000000       -6.98943436E-02
   1.3691406250000000       -6.96809292E-02
   1.3730468750000000       -6.94689155E-02
   1.3769531250000000       -6.92582130E-02
   1.3808593750000000       -6.90489113E-02
   1.3847656250000000       -6.88409209E-02
   1.3886718750000000       -6.86342418E-02
   1.3925781250000000       -6.84289038E-02
   1.3964843750000000       -6.82248473E-02
   1.4003906250000000       -6.80221021E-02
   1.4042968750000000       -6.78206384E-02
   1.4082031250000000       -6.76204562E-02
   1.4121093750000000       -6.74215555E-02
   1.4160156250000000       -6.72239065E-02
   1.4199218750000000       -6.70274794E-02
   1.4238281250000000       -6.68323040E-02
   1.4277343750000000       -6.66383505E-02
   1.4316406250000000       -6.64456189E-02
   1.4355468750000000       -6.62540793E-02
   1.4394531250000000       -6.60637617E-02
   1.4433593750000000       -6.58746064E-02
   1.4472656250000000       -6.56866431E-02
   1.4511718750000000       -6.54998422E-02
   1.4550781250000000       -6.53142333E-02
   1.4589843750000000       -6.51297271E-02
   1.4628906250000000       -6.49464130E-02
   1.4667968750000000       -6.47642016E-02
   1.4707031250000000       -6.45831227E-02
   1.4746093750000000       -6.44031763E-02
   1.4785156250000000       -6.42243326E-02
   1.4824218750000000       -6.40465617E-02
   1.4863281250000000       -6.38699234E-02
   1.4902343750000000       -6.36943281E-02
   1.4941406250000000       -6.35198355E-02
   1.4980468750000000       -6.33464158E-02
   1.5019531250000000       -6.31740391E-02
   1.5058593750000000       -6.30027056E-02
   1.5097656250000000       -6.28324151E-02
   1.5136718750000000       -6.26631677E-02
   1.5175781250000000       -6.24949634E-02
   1.5214843750000000       -6.23277724E-02
   1.5253906250000000       -6.21615648E-02
   1.5292968750000000       -6.19964004E-02
   1.5332031250000000       -6.18321896E-02
   1.5371093750000000       -6.16689920E-02
   1.5410156250000000       -6.15067780E-02
   1.5449218750000000       -6.13455474E-02
   1.5488281250000000       -6.11852705E-02
   1.5527343750000000       -6.10259473E-02
   1.5566406250000000       -6.08675778E-02
   1.5605468750000000       -6.07101619E-02
   1.5644531250000000       -6.05536699E-02
   1.5683593750000000       -6.03981316E-02
   1.5722656250000000       -6.02435172E-02
   1.5761718750000000       -6.00897968E-02
   1.5800781250000000       -5.99370003E-02
   1.5839843750000000       -5.97850978E-02
   1.5878906250000000       -5.96341193E-02
   1.5917968750000000       -5.94840050E-02
   1.5957031250000000       -5.93347847E-02
   1.5996093750000000       -5.91864586E-02
   1.6035156250000000       -5.90389967E-02
   1.6074218750000000       -5.88923693E-02
   1.6113281250000000       -5.87466359E-02
   1.6152343750000000       -5.86017370E-02
   1.6191406250000000       -5.84577024E-02
   1.6230468750000000       -5.83144724E-02
   1.6269531250000000       -5.81721067E-02
   1.6308593750000000       -5.80305755E-02
   1.6347656250000000       -5.78898489E-02
   1.6386718750000000       -5.77499568E-02
   1.6425781250000000       -5.76108396E-02
   1.6464843750000000       -5.74725568E-02
   1.6503906250000000       -5.73350787E-02
   1.6542968750000000       -5.71983755E-02
   1.6582031250000000       -5.70624471E-02
   1.6621093750000000       -5.69273233E-02
   1.6660156250000000       -5.67929745E-02
   1.6699218750000000       -5.66594005E-02
   1.6738281250000000       -5.65265715E-02
   1.6777343750000000       -5.63945174E-02
   1.6816406250000000       -5.62632084E-02
   1.6855468750000000       -5.61326444E-02
   1.6894531250000000       -5.60028553E-02
   1.6933593750000000       -5.58737814E-02
   1.6972656250000000       -5.57454228E-02
   1.7011718750000000       -5.56178093E-02
   1.7050781250000000       -5.54909408E-02
   1.7089843750000000       -5.53647578E-02
   1.7128906250000000       -5.52392900E-02
   1.7167968750000000       -5.51145375E-02
   1.7207031250000000       -5.49905002E-02
   1.7246093750000000       -5.48671484E-02
   1.7285156250000000       -5.47444820E-02
   1.7324218750000000       -5.46225309E-02
   1.7363281250000000       -5.45012355E-02
   1.7402343750000000       -5.43806255E-02
   1.7441406250000000       -5.42607009E-02
   1.7480468750000000       -5.41414320E-02
   1.7519531250000000       -5.40228486E-02
   1.7558593750000000       -5.39049208E-02
   1.7597656250000000       -5.37876189E-02
   1.7636718750000000       -5.36710024E-02
   1.7675781250000000       -5.35550117E-02
   1.7714843750000000       -5.34396768E-02
   1.7753906250000000       -5.33249676E-02
   1.7792968750000000       -5.32109141E-02
   1.7832031250000000       -5.30974567E-02
   1.7871093750000000       -5.29846549E-02
   1.7910156250000000       -5.28724492E-02
   1.7949218750000000       -5.27608693E-02
   1.7988281250000000       -5.26499152E-02
   1.8027343750000000       -5.25395572E-02
   1.8066406250000000       -5.24297953E-02
   1.8105468750000000       -5.23206592E-02
   1.8144531250000000       -5.22120893E-02
   1.8183593750000000       -5.21041453E-02
   1.8222656250000000       -5.19967675E-02
   1.8261718750000000       -5.18899560E-02
   1.8300781250000000       -5.17837703E-02
   1.8339843750000000       -5.16781211E-02
   1.8378906250000000       -5.15730679E-02
   1.8417968750000000       -5.14685512E-02
   1.8457031250000000       -5.13646305E-02
   1.8496093750000000       -5.12612760E-02
   1.8535156250000000       -5.11584580E-02
   1.8574218750000000       -5.10562062E-02
   1.8613281250000000       -5.09544909E-02
   1.8652343750000000       -5.08533418E-02
   1.8691406250000000       -5.07527292E-02
   1.8730468750000000       -5.06526530E-02
   1.8769531250000000       -5.05531132E-02
   1.8808593750000000       -5.04540801E-02
   1.8847656250000000       -5.03556132E-02
   1.8886718750000000       -5.02576530E-02
   1.8925781250000000       -5.01602292E-02
   1.8964843750000000       -5.00633121E-02
   1.9003906250000000       -4.99669313E-02
   1.9042968750000000       -4.98710275E-02
   1.9082031250000000       -4.97756600E-02
   1.9121093750000000       -4.96807694E-02
   1.9160156250000000       -4.95864153E-02
   1.9199218750000000       -4.94925380E-02
   1.9238281250000000       -4.93991673E-02
   1.9277343750000000       -4.93062735E-02
   1.9316406250000000       -4.92138863E-02
   1.9355468750000000       -4.91219759E-02
   1.9394531250000000       -4.90305722E-02
   1.9433593750000000       -4.89396155E-02
   1.9472656250000000       -4.88491356E-02
   1.9511718750000000       -4.87591624E-02
   1.9550781250000000       -4.86696362E-02
   1.9589843750000000       -4.85805869E-02
   1.9628906250000000       -4.84919846E-02
   1.9667968750000000       -4.84038591E-02
   1.9707031250000000       -4.83161807E-02
   1.9746093750000000       -4.82289791E-02
   1.9785156250000000       -4.81422246E-02
   1.9824218750000000       -4.80559170E-02
   1.9863281250000000       -4.79700565E-02
   1.9902343750000000       -4.78846431E-02
   1.9941406250000000       -4.77996767E-02
   1.9980468750000000       -4.77151275E-02
   2.0019531250000000       -4.76310253E-02
   2.0058593750000000       -4.75473702E-02
   2.0097656250000000       -4.74641323E-02
   2.0136718750000000       -4.73813415E-02
   2.0175781250000000       -4.72989678E-02
   2.0214843750000000       -4.72170115E-02
   2.0253906250000000       -4.71354723E-02
   2.0292968750000000       -4.70543802E-02
   2.0332031250000000       -4.69736755E-02
   2.0371093750000000       -4.68933880E-02
   2.0410156250000000       -4.68135178E-02
   2.0449218750000000       -4.67340350E-02
   2.0488281250000000       -4.66549993E-02
   2.0527343750000000       -4.65763211E-02
   2.0566406250000000       -4.64980602E-02
   2.0605468750000000       -4.64202166E-02
   2.0644531250000000       -4.63427603E-02
   2.0683593750000000       -4.62656915E-02
   2.0722656250000000       -4.61890101E-02
   2.0761718750000000       -4.61127162E-02
   2.0800781250000000       -4.60368097E-02
   2.0839843750000000       -4.59612906E-02
   2.0878906250000000       -4.58861589E-02
   2.0917968750000000       -4.58114147E-02
   2.0957031250000000       -4.57370281E-02
   2.0996093750000000       -4.56630290E-02
   2.1035156250000000       -4.55893874E-02
   2.1074218750000000       -4.55161333E-02
   2.1113281250000000       -4.54432368E-02
   2.1152343750000000       -4.53706980E-02
   2.1191406250000000       -4.52985466E-02
   2.1230468750000000       -4.52267528E-02
   2.1269531250000000       -4.51552868E-02
   2.1308593750000000       -4.50842083E-02
   2.1347656250000000       -4.50134873E-02
   2.1386718750000000       -4.49431241E-02
   2.1425781250000000       -4.48730886E-02
   2.1464843750000000       -4.48034108E-02
   2.1503906250000000       -4.47340906E-02
   2.1542968750000000       -4.46651280E-02
   2.1582031250000000       -4.45964932E-02
   2.1621093750000000       -4.45281863E-02
   2.1660156250000000       -4.44602370E-02
   2.1699218750000000       -4.43926156E-02
   2.1738281250000000       -4.43253219E-02
   2.1777343750000000       -4.42583859E-02
   2.1816406250000000       -4.41917479E-02
   2.1855468750000000       -4.41254675E-02
   2.1894531250000000       -4.40595150E-02
   2.1933593750000000       -4.39938903E-02
   2.1972656250000000       -4.39285636E-02
   2.2011718750000000       -4.38635945E-02
   2.2050781250000000       -4.37989235E-02
   2.2089843750000000       -4.37345803E-02
   2.2128906250000000       -4.36705351E-02
   2.2167968750000000       -4.36068177E-02
   2.2207031250000000       -4.35434282E-02
   2.2246093750000000       -4.34803367E-02
   2.2285156250000000       -4.34175432E-02
   2.2324218750000000       -4.33550775E-02
   2.2363281250000000       -4.32929099E-02
   2.2402343750000000       -4.32310402E-02
   2.2441406250000000       -4.31694686E-02
   2.2480468750000000       -4.31082249E-02
   2.2519531250000000       -4.30472791E-02
   2.2558593750000000       -4.29866016E-02
   2.2597656250000000       -4.29262519E-02
   2.2636718750000000       -4.28661704E-02
   2.2675781250000000       -4.28063869E-02
   2.2714843750000000       -4.27469015E-02
   2.2753906250000000       -4.26877141E-02
   2.2792968750000000       -4.26288247E-02
   2.2832031250000000       -4.25702035E-02
   2.2871093750000000       -4.25118506E-02
   2.2910156250000000       -4.24537957E-02
   2.2949218750000000       -4.23960388E-02
   2.2988281250000000       -4.23385501E-02
   2.3027343750000000       -4.22813296E-02
   2.3066406250000000       -4.22244072E-02
   2.3105468750000000       -4.21677530E-02
   2.3144531250000000       -4.21113670E-02
   2.3183593750000000       -4.20552492E-02
   2.3222656250000000       -4.19994295E-02
   2.3261718750000000       -4.19438481E-02
   2.3300781250000000       -4.18885648E-02
   2.3339843750000000       -4.18335199E-02
   2.3378906250000000       -4.17787731E-02
   2.3417968750000000       -4.17242646E-02
   2.3457031250000000       -4.16700244E-02
   2.3496093750000000       -4.16160524E-02
   2.3535156250000000       -4.15623486E-02
   2.3574218750000000       -4.15088832E-02
   2.3613281250000000       -4.14556861E-02
   2.3652343750000000       -4.14027274E-02
   2.3691406250000000       -4.13500667E-02
   2.3730468750000000       -4.12976146E-02
   2.3769531250000000       -4.12454307E-02
   2.3808593750000000       -4.11935151E-02
   2.3847656250000000       -4.11418378E-02
   2.3886718750000000       -4.10903990E-02
   2.3925781250000000       -4.10391986E-02
   2.3964843750000000       -4.09882665E-02
   2.4003906250000000       -4.09375727E-02
   2.4042968750000000       -4.08871174E-02
   2.4082031250000000       -4.08369005E-02
   2.4121093750000000       -4.07869220E-02
   2.4160156250000000       -4.07372117E-02
   2.4199218750000000       -4.06877100E-02
   2.4238281250000000       -4.06384468E-02
   2.4277343750000000       -4.05894518E-02
   2.4316406250000000       -4.05406654E-02
   2.4355468750000000       -4.04921174E-02
   2.4394531250000000       -4.04437780E-02
   2.4433593750000000       -4.03957069E-02
   2.4472656250000000       -4.03478444E-02
   2.4511718750000000       -4.03002203E-02
   2.4550781250000000       -4.02528048E-02
   2.4589843750000000       -4.02056277E-02
   2.4628906250000000       -4.01586890E-02
   2.4667968750000000       -4.01119590E-02
   2.4707031250000000       -4.00654674E-02
   2.4746093750000000       -4.00191844E-02
   2.4785156250000000       -3.99731100E-02
   2.4824218750000000       -3.99272740E-02
   2.4863281250000000       -3.98816764E-02
   2.4902343750000000       -3.98362577E-02
   2.4941406250000000       -3.97910774E-02
   2.4980468750000000       -3.97461057E-02
   2.5019531250000000       -3.97013426E-02
   2.5058593750000000       -3.96568179E-02
   2.5097656250000000       -3.96124721E-02
   2.5136718750000000       -3.95683646E-02
   2.5175781250000000       -3.95244658E-02
   2.5214843750000000       -3.94807458E-02
   2.5253906250000000       -3.94372642E-02
   2.5292968750000000       -3.93939912E-02
   2.5332031250000000       -3.93508971E-02
   2.5371093750000000       -3.93080413E-02
   2.5410156250000000       -3.92653644E-02
   2.5449218750000000       -3.92228961E-02
   2.5488281250000000       -3.91806364E-02
   2.5527343750000000       -3.91385853E-02
   2.5566406250000000       -3.90967429E-02
   2.5605468750000000       -3.90550792E-02
   2.5644531250000000       -3.90136242E-02
   2.5683593750000000       -3.89723480E-02
   2.5722656250000000       -3.89312804E-02
   2.5761718750000000       -3.88904214E-02
   2.5800781250000000       -3.88497412E-02
   2.5839843750000000       -3.88092697E-02
   2.5878906250000000       -3.87689769E-02
   2.5917968750000000       -3.87288928E-02
   2.5957031250000000       -3.86889875E-02
   2.5996093750000000       -3.86492610E-02
   2.6035156250000000       -3.86097431E-02
   2.6074218750000000       -3.85704041E-02
   2.6113281250000000       -3.85312736E-02
   2.6152343750000000       -3.84922922E-02
   2.6191406250000000       -3.84535193E-02
   2.6230468750000000       -3.84149253E-02
   2.6269531250000000       -3.83765399E-02
   2.6308593750000000       -3.83383036E-02
   2.6347656250000000       -3.83002758E-02
   2.6386718750000000       -3.82624269E-02
   2.6425781250000000       -3.82247567E-02
   2.6464843750000000       -3.81872654E-02
   2.6503906250000000       -3.81499529E-02
   2.6542968750000000       -3.81128192E-02
   2.6582031250000000       -3.80758643E-02
   2.6621093750000000       -3.80390584E-02
   2.6660156250000000       -3.80024612E-02
   2.6699218750000000       -3.79660428E-02
   2.6738281250000000       -3.79298031E-02
   2.6777343750000000       -3.78937125E-02
   2.6816406250000000       -3.78578007E-02
   2.6855468750000000       -3.78220677E-02
   2.6894531250000000       -3.77865136E-02
   2.6933593750000000       -3.77511084E-02
   2.6972656250000000       -3.77159119E-02
   2.7011718750000000       -3.76808643E-02
   2.7050781250000000       -3.76459658E-02
   2.7089843750000000       -3.76112461E-02
   2.7128906250000000       -3.75767052E-02
   2.7167968750000000       -3.75423431E-02
   2.7207031250000000       -3.75081301E-02
   2.7246093750000000       -3.74740660E-02
   2.7285156250000000       -3.74401808E-02
   2.7324218750000000       -3.74064744E-02
   2.7363281250000000       -3.73729169E-02
   2.7402343750000000       -3.73395085E-02
   2.7441406250000000       -3.73062789E-02
   2.7480468750000000       -3.72732282E-02
   2.7519531250000000       -3.72402966E-02
   2.7558593750000000       -3.72075438E-02
   2.7597656250000000       -3.71749699E-02
   2.7636718750000000       -3.71425450E-02
   2.7675781250000000       -3.71102691E-02
   2.7714843750000000       -3.70781422E-02
   2.7753906250000000       -3.70461643E-02
   2.7792968750000000       -3.70143652E-02
   2.7832031250000000       -3.69827151E-02
   2.7871093750000000       -3.69512141E-02
   2.7910156250000000       -3.69198918E-02
   2.7949218750000000       -3.68886888E-02
   2.7988281250000000       -3.68576646E-02
   2.8027343750000000       -3.68267596E-02
   2.8066406250000000       -3.67960334E-02
   2.8105468750000000       -3.67654562E-02
   2.8144531250000000       -3.67350280E-02
   2.8183593750000000       -3.67047489E-02
   2.8222656250000000       -3.66746187E-02
   2.8261718750000000       -3.66446078E-02
   2.8300781250000000       -3.66147757E-02
   2.8339843750000000       -3.65850925E-02
   2.8378906250000000       -3.65555584E-02
   2.8417968750000000       -3.65261436E-02
   2.8457031250000000       -3.64969075E-02
   2.8496093750000000       -3.64677906E-02
   2.8535156250000000       -3.64388227E-02
   2.8574218750000000       -3.64100039E-02
   2.8613281250000000       -3.63813341E-02
   2.8652343750000000       -3.63528132E-02
   2.8691406250000000       -3.63244116E-02
   2.8730468750000000       -3.62961590E-02
   2.8769531250000000       -3.62680554E-02
   2.8808593750000000       -3.62401009E-02
   2.8847656250000000       -3.62122655E-02
   2.8886718750000000       -3.61845791E-02
   2.8925781250000000       -3.61570120E-02
   2.8964843750000000       -3.61296237E-02
   2.9003906250000000       -3.61023545E-02
   2.9042968750000000       -3.60752046E-02
   2.9082031250000000       -3.60482037E-02
   2.9121093750000000       -3.60213518E-02
   2.9160156250000000       -3.59946191E-02
   2.9199218750000000       -3.59680355E-02
   2.9238281250000000       -3.59415710E-02
   2.9277343750000000       -3.59152555E-02
   2.9316406250000000       -3.58890593E-02
   2.9355468750000000       -3.58630121E-02
   2.9394531250000000       -3.58370841E-02
   2.9433593750000000       -3.58113050E-02
   2.9472656250000000       -3.57856452E-02
   2.9511718750000000       -3.57601047E-02
   2.9550781250000000       -3.57347131E-02
   2.9589843750000000       -3.57094407E-02
   2.9628906250000000       -3.56843174E-02
   2.9667968750000000       -3.56593132E-02
   2.9707031250000000       -3.56344283E-02
   2.9746093750000000       -3.56096923E-02
   2.9785156250000000       -3.55850756E-02
   2.9824218750000000       -3.55605781E-02
   2.9863281250000000       -3.55361998E-02
   2.9902343750000000       -3.55119705E-02
   2.9941406250000000       -3.54878604E-02
   2.9980468750000000       -3.54638696E-02
   3.0019531250000000       -3.54399979E-02
   3.0058593750000000       -3.54162753E-02
   3.0097656250000000       -3.53926718E-02
   3.0136718750000000       -3.53691876E-02
   3.0175781250000000       -3.53458226E-02
   3.0214843750000000       -3.53225768E-02
   3.0253906250000000       -3.52994502E-02
   3.0292968750000000       -3.52764726E-02
   3.0332031250000000       -3.52535844E-02
   3.0371093750000000       -3.52308452E-02
   3.0410156250000000       -3.52082253E-02
   3.0449218750000000       -3.51856947E-02
   3.0488281250000000       -3.51633132E-02
   3.0527343750000000       -3.51410508E-02
   3.0566406250000000       -3.51189077E-02
   3.0605468750000000       -3.50968838E-02
   3.0644531250000000       -3.50749493E-02
   3.0683593750000000       -3.50531638E-02
   3.0722656250000000       -3.50314975E-02
   3.0761718750000000       -3.50099504E-02
   3.0800781250000000       -3.49884927E-02
   3.0839843750000000       -3.49671841E-02
   3.0878906250000000       -3.49459648E-02
   3.0917968750000000       -3.49248946E-02
   3.0957031250000000       -3.49039137E-02
   3.0996093750000000       -3.48830521E-02
   3.1035156250000000       -3.48623097E-02
   3.1074218750000000       -3.48416865E-02
   3.1113281250000000       -3.48211825E-02
   3.1152343750000000       -3.48007679E-02
   3.1191406250000000       -3.47804725E-02
   3.1230468750000000       -3.47602963E-02
   3.1269531250000000       -3.47402394E-02
   3.1308593750000000       -3.47203016E-02
   3.1347656250000000       -3.47004831E-02
   3.1386718750000000       -3.46807539E-02
   3.1425781250000000       -3.46611440E-02
   3.1464843750000000       -3.46416235E-02
   3.1503906250000000       -3.46222520E-02
   3.1542968750000000       -3.46029699E-02
   3.1582031250000000       -3.45838070E-02
   3.1621093750000000       -3.45647335E-02
   3.1660156250000000       -3.45457792E-02
   3.1699218750000000       -3.45269442E-02
   3.1738281250000000       -3.45082283E-02
   3.1777343750000000       -3.44896019E-02
   3.1816406250000000       -3.44710946E-02
   3.1855468750000000       -3.44526768E-02
   3.1894531250000000       -3.44343781E-02
   3.1933593750000000       -3.44161987E-02
   3.1972656250000000       -3.43981087E-02
   3.2011718750000000       -3.43801379E-02
   3.2050781250000000       -3.43622565E-02
   3.2089843750000000       -3.43444943E-02
   3.2128906250000000       -3.43268216E-02
   3.2167968750000000       -3.43092680E-02
   3.2207031250000000       -3.42918336E-02
   3.2246093750000000       -3.42744887E-02
   3.2285156250000000       -3.42572629E-02
   3.2324218750000000       -3.42401266E-02
   3.2363281250000000       -3.42230797E-02
   3.2402343750000000       -3.42061520E-02
   3.2441406250000000       -3.41893435E-02
   3.2480468750000000       -3.41726243E-02
   3.2519531250000000       -3.41559947E-02
   3.2558593750000000       -3.41394842E-02
   3.2597656250000000       -3.41230929E-02
   3.2636718750000000       -3.41067612E-02
   3.2675781250000000       -3.40905786E-02
   3.2714843750000000       -3.40744555E-02
   3.2753906250000000       -3.40584517E-02
   3.2792968750000000       -3.40425372E-02
   3.2832031250000000       -3.40267420E-02
   3.2871093750000000       -3.40110362E-02
   3.2910156250000000       -3.39954495E-02
   3.2949218750000000       -3.39799523E-02
   3.2988281250000000       -3.39645445E-02
   3.3027343750000000       -3.39492261E-02
   3.3066406250000000       -3.39340270E-02
   3.3105468750000000       -3.39189172E-02
   3.3144531250000000       -3.39039266E-02
   3.3183593750000000       -3.38890254E-02
   3.3222656250000000       -3.38742137E-02
   3.3261718750000000       -3.38594913E-02
   3.3300781250000000       -3.38448882E-02
   3.3339843750000000       -3.38303745E-02
   3.3378906250000000       -3.38159502E-02
   3.3417968750000000       -3.38016450E-02
   3.3457031250000000       -3.37873995E-02
   3.3496093750000000       -3.37732732E-02
   3.3535156250000000       -3.37592661E-02
   3.3574218750000000       -3.37453187E-02
   3.3613281250000000       -3.37314904E-02
   3.3652343750000000       -3.37177515E-02
   3.3691406250000000       -3.37041020E-02
   3.3730468750000000       -3.36905420E-02
   3.3769531250000000       -3.36770713E-02
   3.3808593750000000       -3.36637199E-02
   3.3847656250000000       -3.36504579E-02
   3.3886718750000000       -3.36372852E-02
   3.3925781250000000       -3.36242020E-02
   3.3964843750000000       -3.36112082E-02
   3.4003906250000000       -3.35983336E-02
   3.4042968750000000       -3.35855186E-02
   3.4082031250000000       -3.35728228E-02
   3.4121093750000000       -3.35602164E-02
   3.4160156250000000       -3.35476995E-02
   3.4199218750000000       -3.35352719E-02
   3.4238281250000000       -3.35229337E-02
   3.4277343750000000       -3.35106850E-02
   3.4316406250000000       -3.34985554E-02
   3.4355468750000000       -3.34864855E-02
   3.4394531250000000       -3.34745347E-02
   3.4433593750000000       -3.34626436E-02
   3.4472656250000000       -3.34508717E-02
   3.4511718750000000       -3.34391892E-02
   3.4550781250000000       -3.34275961E-02
   3.4589843750000000       -3.34160924E-02
   3.4628906250000000       -3.34046781E-02
   3.4667968750000000       -3.33933532E-02
   3.4707031250000000       -3.33821177E-02
   3.4746093750000000       -3.33709717E-02
   3.4785156250000000       -3.33599150E-02
   3.4824218750000000       -3.33489478E-02
   3.4863281250000000       -3.33380699E-02
   3.4902343750000000       -3.33272815E-02
   3.4941406250000000       -3.33165824E-02
   3.4980468750000000       -3.33059728E-02
   3.5019531250000000       -3.32954526E-02
   3.5058593750000000       -3.32850218E-02
   3.5097656250000000       -3.32746804E-02
   3.5136718750000000       -3.32644284E-02
   3.5175781250000000       -3.32542658E-02
   3.5214843750000000       -3.32441926E-02
   3.5253906250000000       -3.32341790E-02
   3.5292968750000000       -3.32242846E-02
   3.5332031250000000       -3.32144797E-02
   3.5371093750000000       -3.32047641E-02
   3.5410156250000000       -3.31951082E-02
   3.5449218750000000       -3.31855714E-02
   3.5488281250000000       -3.31760943E-02
   3.5527343750000000       -3.31667364E-02
   3.5566406250000000       -3.31574380E-02
   3.5605468750000000       -3.31482291E-02
   3.5644531250000000       -3.31391096E-02
   3.5683593750000000       -3.31300795E-02
   3.5722656250000000       -3.31211388E-02
   3.5761718750000000       -3.31122875E-02
   3.5800781250000000       -3.31035256E-02
   3.5839843750000000       -3.30948234E-02
   3.5878906250000000       -3.30862105E-02
   3.5917968750000000       -3.30777168E-02
   3.5957031250000000       -3.30692828E-02
   3.5996093750000000       -3.30609381E-02
   3.6035156250000000       -3.30526829E-02
   3.6074218750000000       -3.30445170E-02
   3.6113281250000000       -3.30364108E-02
   3.6152343750000000       -3.30284238E-02
   3.6191406250000000       -3.30204964E-02
   3.6230468750000000       -3.30126584E-02
   3.6269531250000000       -3.30049098E-02
   3.6308593750000000       -3.29972506E-02
   3.6347656250000000       -3.29896510E-02
   3.6386718750000000       -3.29821706E-02
   3.6425781250000000       -3.29747498E-02
   3.6464843750000000       -3.29674184E-02
   3.6503906250000000       -3.29601765E-02
   3.6542968750000000       -3.29530239E-02
   3.6582031250000000       -3.29459310E-02
   3.6621093750000000       -3.29389572E-02
   3.6660156250000000       -3.29320431E-02
   3.6699218750000000       -3.29252183E-02
   3.6738281250000000       -3.29184532E-02
   3.6777343750000000       -3.29118073E-02
   3.6816406250000000       -3.29052210E-02
   3.6855468750000000       -3.28987241E-02
   3.6894531250000000       -3.28923166E-02
   3.6933593750000000       -3.28859687E-02
   3.6972656250000000       -3.28797400E-02
   3.7011718750000000       -3.28735709E-02
   3.7050781250000000       -3.28674912E-02
   3.7089843750000000       -3.28614712E-02
   3.7128906250000000       -3.28555703E-02
   3.7167968750000000       -3.28497291E-02
   3.7207031250000000       -3.28439772E-02
   3.7246093750000000       -3.28382850E-02
   3.7285156250000000       -3.28327119E-02
   3.7324218750000000       -3.28271985E-02
   3.7363281250000000       -3.28217745E-02
   3.7402343750000000       -3.28164399E-02
   3.7441406250000000       -3.28111649E-02
   3.7480468750000000       -3.28059793E-02
   3.7519531250000000       -3.28008831E-02
   3.7558593750000000       -3.27958465E-02
   3.7597656250000000       -3.27909291E-02
   3.7636718750000000       -3.27860713E-02
   3.7675781250000000       -3.27812731E-02
   3.7714843750000000       -3.27765942E-02
   3.7753906250000000       -3.27719748E-02
   3.7792968750000000       -3.27674448E-02
   3.7832031250000000       -3.27629745E-02
   3.7871093750000000       -3.27586234E-02
   3.7910156250000000       -3.27543318E-02
   3.7949218750000000       -3.27500999E-02
   3.7988281250000000       -3.27459872E-02
   3.8027343750000000       -3.27419341E-02
   3.8066406250000000       -3.27379704E-02
   3.8105468750000000       -3.27340662E-02
   3.8144531250000000       -3.27302516E-02
   3.8183593750000000       -3.27265263E-02
   3.8222656250000000       -3.27228904E-02
   3.8261718750000000       -3.27193141E-02
   3.8300781250000000       -3.27158272E-02
   3.8339843750000000       -3.27124298E-02
   3.8378906250000000       -3.27090919E-02
   3.8417968750000000       -3.27058434E-02
   3.8457031250000000       -3.27026844E-02
   3.8496093750000000       -3.26995850E-02
   3.8535156250000000       -3.26965749E-02
   3.8574218750000000       -3.26936543E-02
   3.8613281250000000       -3.26907933E-02
   3.8652343750000000       -3.26880217E-02
   3.8691406250000000       -3.26853395E-02
   3.8730468750000000       -3.26827168E-02
   3.8769531250000000       -3.26801836E-02
   3.8808593750000000       -3.26777399E-02
   3.8847656250000000       -3.26753557E-02
   3.8886718750000000       -3.26730609E-02
   3.8925781250000000       -3.26708555E-02
   3.8964843750000000       -3.26687098E-02
   3.9003906250000000       -3.26666832E-02
   3.9042968750000000       -3.26646864E-02
   3.9082031250000000       -3.26628089E-02
   3.9121093750000000       -3.26609910E-02
   3.9160156250000000       -3.26592326E-02
   3.9199218750000000       -3.26575935E-02
   3.9238281250000000       -3.26560140E-02
   3.9277343750000000       -3.26544940E-02
   3.9316406250000000       -3.26530933E-02
   3.9355468750000000       -3.26517522E-02
   3.9394531250000000       -3.26504707E-02
   3.9433593750000000       -3.26492786E-02
   3.9472656250000000       -3.26481760E-02
   3.9511718750000000       -3.26471627E-02
   3.9550781250000000       -3.26462090E-02
   3.9589843750000000       -3.26453447E-02
   3.9628906250000000       -3.26445401E-02
   3.9667968750000000       -3.26438546E-02
   3.9707031250000000       -3.26431990E-02
   3.9746093750000000       -3.26426625E-02
   3.9785156250000000       -3.26421857E-02
   3.9824218750000000       -3.26417983E-02
   3.9863281250000000       -3.26414704E-02
   3.9902343750000000       -3.26412320E-02
   3.9941406250000000       -3.26410830E-02
   3.9980468750000000       -3.26409936E-02
   4.0019531250000000       -3.26409936E-02
   4.0058593750000000       -3.26410830E-02
   4.0097656250000000       -3.26412320E-02
   4.0136718750000000       -3.26414704E-02
   4.0175781250000000       -3.26417983E-02
   4.0214843750000000       -3.26421857E-02
   4.0253906250000000       -3.26426625E-02
   4.0292968750000000       -3.26431990E-02
   4.0332031250000000       -3.26438546E-02
   4.0371093750000000       -3.26445401E-02
   4.0410156250000000       -3.26453447E-02
   4.0449218750000000       -3.26462090E-02
   4.0488281250000000       -3.26471627E-02
   4.0527343750000000       -3.26481760E-02
   4.0566406250000000       -3.26492786E-02
   4.0605468750000000       -3.26504707E-02
   4.0644531250000000       -3.26517522E-02
   4.0683593750000000       -3.26530933E-02
   4.0722656250000000       -3.26544940E-02
   4.0761718750000000       -3.26560140E-02
   4.0800781250000000       -3.26575935E-02
   4.0839843750000000       -3.26592326E-02
   4.0878906250000000       -3.26609910E-02
   4.0917968750000000       -3.26628089E-02
   4.0957031250000000       -3.26646864E-02
   4.0996093750000000       -3.26666832E-02
   4.1035156250000000       -3.26687098E-02
   4.1074218750000000       -3.26708555E-02
   4.1113281250000000       -3.26730609E-02
   4.1152343750000000       -3.26753557E-02
   4.1191406250000000       -3.26777399E-02
   4.1230468750000000       -3.26801836E-02
   4.1269531250000000       -3.26827168E-02
   4.1308593750000000       -3.26853395E-02
   4.1347656250000000       -3.26880217E-02
   4.1386718750000000       -3.26907933E-02
   4.1425781250000000       -3.26936543E-02
   4.1464843750000000       -3.26965749E-02
   4.1503906250000000       -3.26995850E-02
   4.1542968750000000       -3.27026844E-02
   4.1582031250000000       -3.27058434E-02
   4.1621093750000000       -3.27090919E-02
   4.1660156250000000       -3.27124298E-02
   4.1699218750000000       -3.27158272E-02
   4.1738281250000000       -3.27193141E-02
   4.1777343750000000       -3.27228904E-02
   4.1816406250000000       -3.27265263E-02
   4.1855468750000000       -3.27302516E-02
   4.1894531250000000       -3.27340662E-02
   4.1933593750000000       -3.27379704E-02
   4.1972656250000000       -3.27419341E-02
   4.2011718750000000       -3.27459872E-02
   4.2050781250000000       -3.27500999E-02
   4.2089843750000000       -3.27543318E-02
   4.2128906250000000       -3.27586234E-02
   4.2167968750000000       -3.27629745E-02
   4.2207031250000000       -3.27674448E-02
   4.2246093750000000       -3.27719748E-02
   4.2285156250000000       -3.27765942E-02
   4.2324218750000000       -3.27812731E-02
   4.2363281250000000       -3.27860713E-02
   4.2402343750000000       -3.27909291E-02
   4.2441406250000000       -3.27958465E-02
   4.2480468750000000       -3.28008831E-02
   4.2519531250000000       -3.28059793E-02
   4.2558593750000000       -3.28111649E-02
   4.2597656250000000       -3.28164399E-02
   4.2636718750000000       -3.28217745E-02
   4.2675781250000000       -3.28271985E-02
   4.2714843750000000       -3.28327119E-02
   4.2753906250000000       -3.28382850E-02
   4.2792968750000000       -3.28439772E-02
   4.2832031250000000       -3.28497291E-02
   4.2871093750000000       -3.28555703E-02
   4.2910156250000000       -3.28614712E-02
   4.2949218750000000       -3.28674912E-02
   4.2988281250000000       -3.28735709E-02
   4.3027343750000000       -3.28797400E-02
   4.3066406250000000       -3.28859687E-02
   4.3105468750000000       -3.28923166E-02
   4.3144531250000000       -3.28987241E-02
   4.3183593750000000       -3.29052210E-02
   4.3222656250000000       -3.29118073E-02
   4.3261718750000000       -3.29184532E-02
   4.3300781250000000       -3.29252183E-02
   4.3339843750000000       -3.29320431E-02
   4.3378906250000000       -3.29389572E-02
   4.3417968750000000       -3.29459310E-02
   4.3457031250000000       -3.29530239E-02
   4.3496093750000000       -3.29601765E-02
   4.3535156250000000       -3.29674184E-02
   4.3574218750000000       -3.29747498E-02
   4.3613281250000000       -3.29821706E-02
   4.3652343750000000       -3.29896510E-02
   4.3691406250000000       -3.29972506E-02
   4.3730468750000000       -3.30049098E-02
   4.3769531250000000       -3.30126584E-02
   4.3808593750000000       -3.30204964E-02
   4.3847656250000000       -3.30284238E-02
   4.3886718750000000       -3.30364108E-02
   4.3925781250000000       -3.30445170E-02
   4.3964843750000000       -3.30526829E-02
   4.4003906250000000       -3.30609381E-02
   4.4042968750000000       -3.30692828E-02
   4.4082031250000000       -3.30777168E-02
   4.4121093750000000       -3.30862105E-02
   4.4160156250000000       -3.30948234E-02
   4.4199218750000000       -3.31035256E-02
   4.4238281250000000       -3.31122875E-02
   4.4277343750000000       -3.31211388E-02
   4.4316406250000000       -3.31300795E-02
   4.4355468750000000       -3.31391096E-02
   4.4394531250000000       -3.31482291E-02
   4.4433593750000000       -3.31574380E-02
   4.4472656250000000       -3.31667364E-02
   4.4511718750000000       -3.31760943E-02
   4.4550781250000000       -3.31855714E-02
   4.4589843750000000       -3.31951082E-02
   4.4628906250000000       -3.32047641E-02
   4.4667968750000000       -3.32144797E-02
   4.4707031250000000       -3.32242846E-02
   4.4746093750000000       -3.32341790E-02
   4.4785156250000000       -3.32441926E-02
   4.4824218750000000       -3.32542658E-02
   4.4863281250000000       -3.32644284E-02
   4.4902343750000000       -3.32746804E-02
   4.4941406250000000       -3.32850218E-02
   4.4980468750000000       -3.32954526E-02
   4.5019531250000000       -3.33059728E-02
   4.5058593750000000       -3.33165824E-02
   4.5097656250000000       -3.33272815E-02
   4.5136718750000000       -3.33380699E-02
   4.5175781250000000       -3.33489478E-02
   4.5214843750000000       -3.33599150E-02
   4.5253906250000000       -3.33709717E-02
   4.5292968750000000       -3.33821177E-02
   4.5332031250000000       -3.33933532E-02
   4.5371093750000000       -3.34046781E-02
   4.5410156250000000       -3.34160924E-02
   4.5449218750000000       -3.34275961E-02
   4.5488281250000000       -3.34391892E-02
   4.5527343750000000       -3.34508717E-02
   4.5566406250000000       -3.34626436E-02
   4.5605468750000000       -3.34745347E-02
   4.5644531250000000       -3.34864855E-02
   4.5683593750000000       -3.34985554E-02
   4.5722656250000000       -3.35106850E-02
   4.5761718750000000       -3.35229337E-02
   4.5800781250000000       -3.35352719E-02
   4.5839843750000000       -3.35476995E-02
   4.5878906250000000       -3.35602164E-02
   4.5917968750000000       -3.35728228E-02
   4.5957031250000000       -3.35855186E-02
   4.5996093750000000       -3.35983336E-02
   4.6035156250000000       -3.36112082E-02
   4.6074218750000000       -3.36242020E-02
   4.6113281250000000       -3.36372852E-02
   4.6152343750000000       -3.36504579E-02
   4.6191406250000000       -3.36637199E-02
   4.6230468750000000       -3.36770713E-02
   4.6269531250000000       -3.36905420E-02
   4.6308593750000000       -3.37041020E-02
   4.6347656250000000       -3.37177515E-02
   4.6386718750000000       -3.37314904E-02
   4.6425781250000000       -3.37453187E-02
   4.6464843750000000       -3.37592661E-02
   4.6503906250000000       -3.37732732E-02
   4.6542968750000000       -3.37873995E-02
   4.6582031250000000       -3.38016450E-02
   4.6621093750000000       -3.38159502E-02
   4.6660156250000000       -3.38303745E-02
   4.6699218750000000       -3.38448882E-02
   4.6738281250000000       -3.38594913E-02
   4.6777343750000000       -3.38742137E-02
   4.6816406250000000       -3.38890254E-02
   4.6855468750000000       -3.39039266E-02
   4.6894531250000000       -3.39189172E-02
   4.6933593750000000       -3.39340270E-02
   4.6972656250000000       -3.39492261E-02
   4.7011718750000000       -3.39645445E-02
   4.7050781250000000       -3.39799523E-02
   4.7089843750000000       -3.39954495E-02
   4.7128906250000000       -3.40110362E-02
   4.7167968750000000       -3.40267420E-02
   4.7207031250000000       -3.40425372E-02
   4.7246093750000000       -3.40584517E-02
   4.7285156250000000       -3.40744555E-02
   4.7324218750000000       -3.40905786E-02
   4.7363281250000000       -3.41067612E-02
   4.7402343750000000       -3.41230929E-02
   4.7441406250000000       -3.41394842E-02
   4.7480468750000000       -3.41559947E-02
   4.7519531250000000       -3.41726243E-02
   4.7558593750000000       -3.41893435E-02
   4.7597656250000000       -3.42061520E-02
   4.7636718750000000       -3.42230797E-02
   4.7675781250000000       -3.42401266E-02
   4.7714843750000000       -3.42572629E-02
   4.7753906250000000       -3.42744887E-02
   4.7792968750000000       -3.42918336E-02
   4.7832031250000000       -3.43092680E-02
   4.7871093750000000       -3.43268216E-02
   4.7910156250000000       -3.43444943E-02
   4.7949218750000000       -3.43622565E-02
   4.7988281250000000       -3.43801379E-02
   4.8027343750000000       -3.43981087E-02
   4.8066406250000000       -3.44161987E-02
   4.8105468750000000       -3.44343781E-02
   4.8144531250000000       -3.44526768E-02
   4.8183593750000000       -3.44710946E-02
   4.8222656250000000       -3.44896019E-02
   4.8261718750000000       -3.45082283E-02
   4.8300781250000000       -3.45269442E-02
   4.8339843750000000       -3.45457792E-02
   4.8378906250000000       -3.45647335E-02
   4.8417968750000000       -3.45838070E-02
   4.8457031250000000       -3.46029699E-02
   4.8496093750000000       -3.46222520E-02
   4.8535156250000000       -3.46416235E-02
   4.8574218750000000       -3.46611440E-02
   4.8613281250000000       -3.46807539E-02
   4.8652343750000000       -3.47004831E-02
   4.8691406250000000       -3.47203016E-02
   4.8730468750000000       -3.47402394E-02
   4.8769531250000000       -3.47602963E-02
   4.8808593750000000       -3.47804725E-02
   4.8847656250000000       -3.48007679E-02
   4.8886718750000000       -3.48211825E-02
   4.8925781250000000       -3.48416865E-02
   4.8964843750000000       -3.48623097E-02
   4.9003906250000000       -3.48830521E-02
   4.9042968750000000       -3.49039137E-02
   4.9082031250000000       -3.49248946E-02
   4.9121093750000000       -3.49459648E-02
   4.9160156250000000       -3.49671841E-02
   4.9199218750000000       -3.49884927E-02
   4.9238281250000000       -3.50099504E-02
   4.9277343750000000       -3.50314975E-02
   4.9316406250000000       -3.50531638E-02
   4.9355468750000000       -3.50749493E-02
   4.9394531250000000       -3.50968838E-02
   4.9433593750000000       -3.51189077E-02
   4.9472656250000000       -3.51410508E-02
   4.9511718750000000       -3.51633132E-02
   4.9550781250000000       -3.51856947E-02
   4.9589843750000000       -3.52082253E-02
   4.9628906250000000       -3.52308452E-02
   4.9667968750000000       -3.52535844E-02
   4.9707031250000000       -3.52764726E-02
   4.9746093750000000       -3.52994502E-02
   4.9785156250000000       -3.53225768E-02
   4.9824218750000000       -3.53458226E-02
   4.9863281250000000       -3.53691876E-02
   4.9902343750000000       -3.53926718E-02
   4.9941406250000000       -3.54162753E-02
   4.9980468750000000       -3.54399979E-02
   5.0019531250000000       -3.54638696E-02
   5.0058593750000000       -3.54878604E-02
   5.0097656250000000       -3.55119705E-02
   5.0136718750000000       -3.55361998E-02
   5.0175781250000000       -3.55605781E-02
   5.0214843750000000       -3.55850756E-02
   5.0253906250000000       -3.56096923E-02
   5.0292968750000000       -3.56344283E-02
   5.0332031250000000       -3.56593132E-02
   5.0371093750000000       -3.56843174E-02
   5.0410156250000000       -3.57094407E-02
   5.0449218750000000       -3.57347131E-02
   5.0488281250000000       -3.57601047E-02
   5.0527343750000000       -3.57856452E-02
   5.0566406250000000       -3.58113050E-02
   5.0605468750000000       -3.58370841E-02
   5.0644531250000000       -3.58630121E-02
   5.0683593750000000       -3.58890593E-02
   5.0722656250000000       -3.59152555E-02
   5.0761718750000000       -3.59415710E-02
   5.0800781250000000       -3.59680355E-02
   5.0839843750000000       -3.59946191E-02
   5.0878906250000000       -3.60213518E-02
   5.0917968750000000       -3.60482037E-02
   5.0957031250000000       -3.60752046E-02
   5.0996093750000000       -3.61023545E-02
   5.1035156250000000       -3.61296237E-02
   5.1074218750000000       -3.61570120E-02
   5.1113281250000000       -3.61845791E-02
   5.1152343750000000       -3.62122655E-02
   5.1191406250000000       -3.62401009E-02
   5.1230468750000000       -3.62680554E-02
   5.1269531250000000       -3.62961590E-02
   5.1308593750000000       -3.63244116E-02
   5.1347656250000000       -3.63528132E-02
   5.1386718750000000       -3.63813341E-02
   5.1425781250000000       -3.64100039E-02
   5.1464843750000000       -3.64388227E-02
   5.1503906250000000       -3.64677906E-02
   5.1542968750000000       -3.64969075E-02
   5.1582031250000000       -3.65261436E-02
   5.1621093750000000       -3.65555584E-02
   5.1660156250000000       -3.65850925E-02
   5.1699218750000000       -3.66147757E-02
   5.1738281250000000       -3.66446078E-02
   5.1777343750000000       -3.66746187E-02
   5.1816406250000000       -3.67047489E-02
   5.1855468750000000       -3.67350280E-02
   5.1894531250000000       -3.67654562E-02
   5.1933593750000000       -3.67960334E-02
   5.1972656250000000       -3.68267596E-02
   5.2011718750000000       -3.68576646E-02
   5.2050781250000000       -3.68886888E-02
   5.2089843750000000       -3.69198918E-02
   5.2128906250000000       -3.69512141E-02
   5.2167968750000000       -3.69827151E-02
   5.2207031250000000       -3.70143652E-02
   5.2246093750000000       -3.70461643E-02
   5.2285156250000000       -3.70781422E-02
   5.2324218750000000       -3.71102691E-02
   5.2363281250000000       -3.71425450E-02
   5.2402343750000000       -3.71749699E-02
   5.2441406250000000       -3.72075438E-02
   5.2480468750000000       -3.72402966E-02
   5.2519531250000000       -3.72732282E-02
   5.2558593750000000       -3.73062789E-02
   5.2597656250000000       -3.73395085E-02
   5.2636718750000000       -3.73729169E-02
   5.2675781250000000       -3.74064744E-02
   5.2714843750000000       -3.74401808E-02
   5.2753906250000000       -3.74740660E-02
   5.2792968750000000       -3.75081301E-02
   5.2832031250000000       -3.75423431E-02
   5.2871093750000000       -3.75767052E-02
   5.2910156250000000       -3.76112461E-02
   5.2949218750000000       -3.76459658E-02
   5.2988281250000000       -3.76808643E-02
   5.3027343750000000       -3.77159119E-02
   5.3066406250000000       -3.77511084E-02
   5.3105468750000000       -3.77865136E-02
   5.3144531250000000       -3.78220677E-02
   5.3183593750000000       -3.78578007E-02
   5.3222656250000000       -3.78937125E-02
   5.3261718750000000       -3.79298031E-02
   5.3300781250000000       -3.79660428E-02
   5.3339843750000000       -3.80024612E-02
   5.3378906250000000       -3.80390584E-02
   5.3417968750000000       -3.80758643E-02
   5.3457031250000000       -3.81128192E-02
   5.3496093750000000       -3.81499529E-02
   5.3535156250000000       -3.81872654E-02
   5.3574218750000000       -3.82247567E-02
   5.3613281250000000       -3.82624269E-02
   5.3652343750000000       -3.83002758E-02
   5.3691406250000000       -3.83383036E-02
   5.3730468750000000       -3.83765399E-02
   5.3769531250000000       -3.84149253E-02
   5.3808593750000000       -3.84535193E-02
   5.3847656250000000       -3.84922922E-02
   5.3886718750000000       -3.85312736E-02
   5.3925781250000000       -3.85704041E-02
   5.3964843750000000       -3.86097431E-02
   5.4003906250000000       -3.86492610E-02
   5.4042968750000000       -3.86889875E-02
   5.4082031250000000       -3.87288928E-02
   5.4121093750000000       -3.87689769E-02
   5.4160156250000000       -3.88092697E-02
   5.4199218750000000       -3.88497412E-02
   5.4238281250000000       -3.88904214E-02
   5.4277343750000000       -3.89312804E-02
   5.4316406250000000       -3.89723480E-02
   5.4355468750000000       -3.90136242E-02
   5.4394531250000000       -3.90550792E-02
   5.4433593750000000       -3.90967429E-02
   5.4472656250000000       -3.91385853E-02
   5.4511718750000000       -3.91806364E-02
   5.4550781250000000       -3.92228961E-02
   5.4589843750000000       -3.92653644E-02
   5.4628906250000000       -3.93080413E-02
   5.4667968750000000       -3.93508971E-02
   5.4707031250000000       -3.93939912E-02
   5.4746093750000000       -3.94372642E-02
   5.4785156250000000       -3.94807458E-02
   5.4824218750000000       -3.95244658E-02
   5.4863281250000000       -3.95683646E-02
   5.4902343750000000       -3.96124721E-02
   5.4941406250000000       -3.96568179E-02
   5.4980468750000000       -3.97013426E-02
   5.5019531250000000       -3.97461057E-02
   5.5058593750000000       -3.97910774E-02
   5.5097656250000000       -3.98362577E-02
   5.5136718750000000       -3.98816764E-02
   5.5175781250000000       -3.99272740E-02
   5.5214843750000000       -3.99731100E-02
   5.5253906250000000       -4.00191844E-02
   5.5292968750000000       -4.00654674E-02
   5.5332031250000000       -4.01119590E-02
   5.5371093750000000       -4.01586890E-02
   5.5410156250000000       -4.02056277E-02
   5.5449218750000000       -4.02528048E-02
   5.5488281250000000       -4.03002203E-02
   5.5527343750000000       -4.03478444E-02
   5.5566406250000000       -4.03957069E-02
   5.5605468750000000       -4.04437780E-02
   5.5644531250000000       -4.04921174E-02
   5.5683593750000000       -4.05406654E-02
   5.5722656250000000       -4.05894518E-02
   5.5761718750000000       -4.06384468E-02
   5.5800781250000000       -4.06877100E-02
   5.5839843750000000       -4.07372117E-02
   5.5878906250000000       -4.07869220E-02
   5.5917968750000000       -4.08369005E-02
   5.5957031250000000       -4.08871174E-02
   5.5996093750000000       -4.09375727E-02
   5.6035156250000000       -4.09882665E-02
   5.6074218750000000       -4.10391986E-02
   5.6113281250000000       -4.10903990E-02
   5.6152343750000000       -4.11418378E-02
   5.6191406250000000       -4.11935151E-02
   5.6230468750000000       -4.12454307E-02
   5.6269531250000000       -4.12976146E-02
   5.6308593750000000       -4.13500667E-02
   5.6347656250000000       -4.14027274E-02
   5.6386718750000000       -4.14556861E-02
   5.6425781250000000       -4.15088832E-02
   5.6464843750000000       -4.15623486E-02
   5.6503906250000000       -4.16160524E-02
   5.6542968750000000       -4.16700244E-02
   5.6582031250000000       -4.17242646E-02
   5.6621093750000000       -4.17787731E-02
   5.6660156250000000       -4.18335199E-02
   5.6699218750000000       -4.18885648E-02
   5.6738281250000000       -4.19438481E-02
   5.6777343750000000       -4.19994295E-02
   5.6816406250000000       -4.20552492E-02
   5.6855468750000000       -4.21113670E-02
   5.6894531250000000       -4.21677530E-02
   5.6933593750000000       -4.22244072E-02
   5.6972656250000000       -4.22813296E-02
   5.7011718750000000       -4.23385501E-02
   5.7050781250000000       -4.23960388E-02
   5.7089843750000000       -4.24537957E-02
   5.7128906250000000       -4.25118506E-02
   5.7167968750000000       -4.25702035E-02
   5.7207031250000000       -4.26288247E-02
   5.7246093750000000       -4.26877141E-02
   5.7285156250000000       -4.27469015E-02
   5.7324218750000000       -4.28063869E-02
   5.7363281250000000       -4.28661704E-02
   5.7402343750000000       -4.29262519E-02
   5.7441406250000000       -4.29866016E-02
   5.7480468750000000       -4.30472791E-02
   5.7519531250000000       -4.31082249E-02
   5.7558593750000000       -4.31694686E-02
   5.7597656250000000       -4.32310402E-02
   5.7636718750000000       -4.32929099E-02
   5.7675781250000000       -4.33550775E-02
   5.7714843750000000       -4.34175432E-02
   5.7753906250000000       -4.34803367E-02
   5.7792968750000000       -4.35434282E-02
   5.7832031250000000       -4.36068177E-02
   5.7871093750000000       -4.36705351E-02
   5.7910156250000000       -4.37345803E-02
   5.7949218750000000       -4.37989235E-02
   5.7988281250000000       -4.38635945E-02
   5.8027343750000000       -4.39285636E-02
   5.8066406250000000       -4.39938903E-02
   5.8105468750000000       -4.40595150E-02
   5.8144531250000000       -4.41254675E-02
   5.8183593750000000       -4.41917479E-02
   5.8222656250000000       -4.42583859E-02
   5.8261718750000000       -4.43253219E-02
   5.8300781250000000       -4.43926156E-02
   5.8339843750000000       -4.44602370E-02
   5.8378906250000000       -4.45281863E-02
   5.8417968750000000       -4.45964932E-02
   5.8457031250000000       -4.46651280E-02
   5.8496093750000000       -4.47340906E-02
   5.8535156250000000       -4.48034108E-02
   5.8574218750000000       -4.48730886E-02
   5.8613281250000000       -4.49431241E-02
   5.8652343750000000       -4.50134873E-02
   5.8691406250000000       -4.50842083E-02
   5.8730468750000000       -4.51552868E-02
   5.8769531250000000       -4.52267528E-02
   5.8808593750000000       -4.52985466E-02
   5.8847656250000000       -4.53706980E-02
   5.8886718750000000       -4.54432368E-02
   5.8925781250000000       -4.55161333E-02
   5.8964843750000000       -4.55893874E-02
   5.9003906250000000       -4.56630290E-02
   5.9042968750000000       -4.57370281E-02
   5.9082031250000000       -4.58114147E-02
   5.9121093750000000       -4.58861589E-02
   5.9160156250000000       -4.59612906E-02
   5.9199218750000000       -4.60368097E-02
   5.9238281250000000       -4.61127162E-02
   5.9277343750000000       -4.61890101E-02
   5.9316406250000000       -4.62656915E-02
   5.9355468750000000       -4.63427603E-02
   5.9394531250000000       -4.64202166E-02
   5.9433593750000000       -4.64980602E-02
   5.9472656250000000       -4.65763211E-02
   5.9511718750000000       -4.66549993E-02
   5.9550781250000000       -4.67340350E-02
   5.9589843750000000       -4.68135178E-02
   5.9628906250000000       -4.68933880E-02
   5.9667968750000000       -4.69736755E-02
   5.9707031250000000       -4.70543802E-02
   5.9746093750000000       -4.71354723E-02
   5.9785156250000000       -4.72170115E-02
   5.9824218750000000       -4.72989678E-02
   5.9863281250000000       -4.73813415E-02
   5.9902343750000000       -4.74641323E-02
   5.9941406250000000       -4.75473702E-02
   5.9980468750000000       -4.76310253E-02
   6.0019531250000000       -4.77151275E-02
   6.0058593750000000       -4.77996767E-02
   6.0097656250000000       -4.78846431E-02
   6.0136718750000000       -4.79700565E-02
   6.0175781250000000       -4.80559170E-02
   6.0214843750000000       -4.81422246E-02
   6.0253906250000000       -4.82289791E-02
   6.0292968750000000       -4.83161807E-02
   6.0332031250000000       -4.84038591E-02
   6.0371093750000000       -4.84919846E-02
   6.0410156250000000       -4.85805869E-02
   6.0449218750000000       -4.86696362E-02
   6.0488281250000000       -4.87591624E-02
   6.0527343750000000       -4.88491356E-02
   6.0566406250000000       -4.89396155E-02
   6.0605468750000000       -4.90305722E-02
   6.0644531250000000       -4.91219759E-02
   6.0683593750000000       -4.92138863E-02
   6.0722656250000000       -4.93062735E-02
   6.0761718750000000       -4.93991673E-02
   6.0800781250000000       -4.94925380E-02
   6.0839843750000000       -4.95864153E-02
   6.0878906250000000       -4.96807694E-02
   6.0917968750000000       -4.97756600E-02
   6.0957031250000000       -4.98710275E-02
   6.0996093750000000       -4.99669313E-02
   6.1035156250000000       -5.00633121E-02
   6.1074218750000000       -5.01602292E-02
   6.1113281250000000       -5.02576530E-02
   6.1152343750000000       -5.03556132E-02
   6.1191406250000000       -5.04540801E-02
   6.1230468750000000       -5.05531132E-02
   6.1269531250000000       -5.06526530E-02
   6.1308593750000000       -5.07527292E-02
   6.1347656250000000       -5.08533418E-02
   6.1386718750000000       -5.09544909E-02
   6.1425781250000000       -5.10562062E-02
   6.1464843750000000       -5.11584580E-02
   6.1503906250000000       -5.12612760E-02
   6.1542968750000000       -5.13646305E-02
   6.1582031250000000       -5.14685512E-02
   6.1621093750000000       -5.15730679E-02
   6.1660156250000000       -5.16781211E-02
   6.1699218750000000       -5.17837703E-02
   6.1738281250000000       -5.18899560E-02
   6.1777343750000000       -5.19967675E-02
   6.1816406250000000       -5.21041453E-02
   6.1855468750000000       -5.22120893E-02
   6.1894531250000000       -5.23206592E-02
   6.1933593750000000       -5.24297953E-02
   6.1972656250000000       -5.25395572E-02
   6.2011718750000000       -5.26499152E-02
   6.2050781250000000       -5.27608693E-02
   6.2089843750000000       -5.28724492E-02
   6.2128906250000000       -5.29846549E-02
   6.2167968750000000       -5.30974567E-02
   6.2207031250000000       -5.32109141E-02
   6.2246093750000000       -5.33249676E-02
   6.2285156250000000       -5.34396768E-02
   6.2324218750000000       -5.35550117E-02
   6.2363281250000000       -5.36710024E-02
   6.2402343750000000       -5.37876189E-02
   6.2441406250000000       -5.39049208E-02
   6.2480468750000000       -5.40228486E-02
   6.2519531250000000       -5.41414320E-02
   6.2558593750000000       -5.42607009E-02
   6.2597656250000000       -5.43806255E-02
   6.2636718750000000       -5.45012355E-02
   6.2675781250000000       -5.46225309E-02
   6.2714843750000000       -5.47444820E-02
   6.2753906250000000       -5.48671484E-02
   6.2792968750000000       -5.49905002E-02
   6.2832031250000000       -5.51145375E-02
   6.2871093750000000       -5.52392900E-02
   6.2910156250000000       -5.53647578E-02
   6.2949218750000000       -5.54909408E-02
   6.2988281250000000       -5.56178093E-02
   6.3027343750000000       -5.57454228E-02
   6.3066406250000000       -5.58737814E-02
   6.3105468750000000       -5.60028553E-02
   6.3144531250000000       -5.61326444E-02
   6.3183593750000000       -5.62632084E-02
   6.3222656250000000       -5.63945174E-02
   6.3261718750000000       -5.65265715E-02
   6.3300781250000000       -5.66594005E-02
   6.3339843750000000       -5.67929745E-02
   6.3378906250000000       -5.69273233E-02
   6.3417968750000000       -5.70624471E-02
   6.3457031250000000       -5.71983755E-02
   6.3496093750000000       -5.73350787E-02
   6.3535156250000000       -5.74725568E-02
   6.3574218750000000       -5.76108396E-02
   6.3613281250000000       -5.77499568E-02
   6.3652343750000000       -5.78898489E-02
   6.3691406250000000       -5.80305755E-02
   6.3730468750000000       -5.81721067E-02
   6.3769531250000000       -5.83144724E-02
   6.3808593750000000       -5.84577024E-02
   6.3847656250000000       -5.86017370E-02
   6.3886718750000000       -5.87466359E-02
   6.3925781250000000       -5.88923693E-02
   6.3964843750000000       -5.90389967E-02
   6.4003906250000000       -5.91864586E-02
   6.4042968750000000       -5.93347847E-02
   6.4082031250000000       -5.94840050E-02
   6.4121093750000000       -5.96341193E-02
   6.4160156250000000       -5.97850978E-02
   6.4199218750000000       -5.99370003E-02
   6.4238281250000000       -6.00897968E-02
   6.4277343750000000       -6.02435172E-02
   6.4316406250000000       -6.03981316E-02
   6.4355468750000000       -6.05536699E-02
   6.4394531250000000       -6.07101619E-02
   6.4433593750000000       -6.08675778E-02
   6.4472656250000000       -6.10259473E-02
   6.4511718750000000       -6.11852705E-02
   6.4550781250000000       -6.13455474E-02
   6.4589843750000000       -6.15067780E-02
   6.4628906250000000       -6.16689920E-02
   6.4667968750000000       -6.18321896E-02
   6.4707031250000000       -6.19964004E-02
   6.4746093750000000       -6.21615648E-02
   6.4785156250000000       -6.23277724E-02
   6.4824218750000000       -6.24949634E-02
   6.4863281250000000       -6.26631677E-02
   6.4902343750000000       -6.28324151E-02
   6.4941406250000000       -6.30027056E-02
   6.4980468750000000       -6.31740391E-02
   6.5019531250000000       -6.33464158E-02
   6.5058593750000000       -6.35198355E-02
   6.5097656250000000       -6.36943281E-02
   6.5136718750000000       -6.38699234E-02
   6.5175781250000000       -6.40465617E-02
   6.5214843750000000       -6.42243326E-02
   6.5253906250000000       -6.44031763E-02
   6.5292968750000000       -6.45831227E-02
   6.5332031250000000       -6.47642016E-02
   6.5371093750000000       -6.49464130E-02
   6.5410156250000000       -6.51297271E-02
   6.5449218750000000       -6.53142333E-02
   6.5488281250000000       -6.54998422E-02
   6.5527343750000000       -6.56866431E-02
   6.5566406250000000       -6.58746064E-02
   6.5605468750000000       -6.60637617E-02
   6.5644531250000000       -6.62540793E-02
   6.5683593750000000       -6.64456189E-02
   6.5722656250000000       -6.66383505E-02
   6.5761718750000000       -6.68323040E-02
   6.5800781250000000       -6.70274794E-02
   6.5839843750000000       -6.72239065E-02
   6.5878906250000000       -6.74215555E-02
   6.5917968750000000       -6.76204562E-02
   6.5957031250000000       -6.78206384E-02
   6.5996093750000000       -6.80221021E-02
   6.6035156250000000       -6.82248473E-02
   6.6074218750000000       -6.84289038E-02
   6.6113281250000000       -6.86342418E-02
   6.6152343750000000       -6.88409209E-02
   6.6191406250000000       -6.90489113E-02
   6.6230468750000000       -6.92582130E-02
   6.6269531250000000       -6.94689155E-02
   6.6308593750000000       -6.96809292E-02
   6.6347656250000000       -6.98943436E-02
   6.6386718750000000       -7.01091290E-02
   6.6425781250000000       -7.03253150E-02
   6.6464843750000000       -7.05429018E-02
   6.6503906250000000       -7.07619190E-02
   6.6542968750000000       -7.09823370E-02
   6.6582031250000000       -7.12042153E-02
   6.6621093750000000       -7.14275241E-02
   6.6660156250000000       -7.16522932E-02
   6.6699218750000000       -7.18785524E-02
   6.6738281250000000       -7.21062720E-02
   6.6777343750000000       -7.23355114E-02
   6.6816406250000000       -7.25662708E-02
   6.6855468750000000       -7.27985203E-02
   6.6894531250000000       -7.30323493E-02
   6.6933593750000000       -7.32676983E-02
   6.6972656250000000       -7.35045969E-02
   6.7011718750000000       -7.37430751E-02
   6.7050781250000000       -7.39831626E-02
   6.7089843750000000       -7.42248297E-02
   6.7128906250000000       -7.44681060E-02
   6.7167968750000000       -7.47130215E-02
   6.7207031250000000       -7.49595463E-02
   6.7246093750000000       -7.52077699E-02
   6.7285156250000000       -7.54576325E-02
   6.7324218750000000       -7.57091641E-02
   6.7363281250000000       -7.59624243E-02
   6.7402343750000000       -7.62173533E-02
   6.7441406250000000       -7.64740407E-02
   6.7480468750000000       -7.67324567E-02
   6.7519531250000000       -7.69926310E-02
   6.7558593750000000       -7.72545636E-02
   6.7597656250000000       -7.75182545E-02
   6.7636718750000000       -7.77837634E-02
   6.7675781250000000       -7.80510902E-02
   6.7714843750000000       -7.83202350E-02
   6.7753906250000000       -7.85912275E-02
   6.7792968750000000       -7.88640976E-02
   6.7832031250000000       -7.91388154E-02
   6.7871093750000000       -7.94154406E-02
   6.7910156250000000       -7.96939433E-02
   6.7949218750000000       -7.99744129E-02
   6.7988281250000000       -8.02567899E-02
   6.8027343750000000       -8.05411339E-02
   6.8066406250000000       -8.08274448E-02
   6.8105468750000000       -8.11157525E-02
   6.8144531250000000       -8.14060569E-02
   6.8183593750000000       -8.16983879E-02
   6.8222656250000000       -8.19927454E-02
   6.8261718750000000       -8.22891891E-02
   6.8300781250000000       -8.25876892E-02
   6.8339843750000000       -8.28883052E-02
   6.8378906250000000       -8.31910074E-02
   6.8417968750000000       -8.34958553E-02
   6.8457031250000000       -8.38028789E-02
   6.8496093750000000       -8.41120183E-02
   6.8535156250000000       -8.44233930E-02
   6.8574218750000000       -8.47369432E-02
   6.8613281250000000       -8.50527287E-02
   6.8652343750000000       -8.53707492E-02
   6.8691406250000000       -8.56910646E-02
   6.8730468750000000       -8.60136449E-02
   6.8769531250000000       -8.63385201E-02
   6.8808593750000000       -8.66657197E-02
   6.8847656250000000       -8.69952738E-02
   6.8886718750000000       -8.73272121E-02
   6.8925781250000000       -8.76615047E-02
   6.8964843750000000       -8.79982412E-02
   6.9003906250000000       -8.83373618E-02
   6.9042968750000000       -8.86789858E-02
   6.9082031250000000       -8.90230536E-02
   6.9121093750000000       -8.93695951E-02
   6.9160156250000000       -8.97186995E-02
   6.9199218750000000       -9.00703073E-02
   6.9238281250000000       -9.04245079E-02
   6.9277343750000000       -9.07812715E-02
   6.9316406250000000       -9.11406577E-02
   6.9355468750000000       -9.15026665E-02
   6.9394531250000000       -9.18673277E-02
   6.9433593750000000       -9.22346711E-02
   6.9472656250000000       -9.26047266E-02
   6.9511718750000000       -9.29774940E-02
   6.9550781250000000       -9.33530331E-02
   6.9589843750000000       -9.37313437E-02
   6.9628906250000000       -9.41124558E-02
   6.9667968750000000       -9.44963992E-02
   6.9707031250000000       -9.48832035E-02
   6.9746093750000000       -9.52728689E-02
   6.9785156250000000       -9.56654549E-02
   6.9824218750000000       -9.60609615E-02
   6.9863281250000000       -9.64594483E-02
   6.9902343750000000       -9.68609154E-02
   6.9941406250000000       -9.72653925E-02
   6.9980468750000000       -9.76729095E-02
   7.0019531250000000       -9.80834961E-02
   7.0058593750000000       -9.84971821E-02
   7.0097656250000000       -9.89139676E-02
   7.0136718750000000       -9.93339419E-02
   7.0175781250000000       -9.97571051E-02
   7.0214843750000000      -0.100183457    
   7.0253906250000000      -0.100613087    
   7.0292968750000000      -0.101045966    
   7.0332031250000000      -0.101482153    
   7.0371093750000000      -0.101921678    
   7.0410156250000000      -0.102364570    
   7.0449218750000000      -0.102810860    
   7.0488281250000000      -0.103260577    
   7.0527343750000000      -0.103713751    
   7.0566406250000000      -0.104170412    
   7.0605468750000000      -0.104630619    
   7.0644531250000000      -0.105094373    
   7.0683593750000000      -0.105561733    
   7.0722656250000000      -0.106032699    
   7.0761718750000000      -0.106507361    
   7.0800781250000000      -0.106985688    
   7.0839843750000000      -0.107467741    
   7.0878906250000000      -0.107953578    
   7.0917968750000000      -0.108443230    
   7.0957031250000000      -0.108936697    
   7.0996093750000000      -0.109434038    
   7.1035156250000000      -0.109935313    
   7.1074218750000000      -0.110440522    
   7.1113281250000000      -0.110949725    
   7.1152343750000000      -0.111462951    
   7.1191406250000000      -0.111980230    
   7.1230468750000000      -0.112501621    
   7.1269531250000000      -0.113027126    
   7.1308593750000000      -0.113556832    
   7.1347656250000000      -0.114090770    
   7.1386718750000000      -0.114628971    
   7.1425781250000000      -0.115171462    
   7.1464843750000000      -0.115718305    
   7.1503906250000000      -0.116269529    
   7.1542968750000000      -0.116825193    
   7.1582031250000000      -0.117385328    
   7.1621093750000000      -0.117949992    
   7.1660156250000000      -0.118519187    
   7.1699218750000000      -0.119093001    
   7.1738281250000000      -0.119671464    
   7.1777343750000000      -0.120254636    
   7.1816406250000000      -0.120842516    
   7.1855468750000000      -0.121435195    
   7.1894531250000000      -0.122032732    
   7.1933593750000000      -0.122635126    
   7.1972656250000000      -0.123242468    
   7.2011718750000000      -0.123854756    
   7.2050781250000000      -0.124472111    
   7.2089843750000000      -0.125094503    
   7.2128906250000000      -0.125722051    
   7.2167968750000000      -0.126354784    
   7.2207031250000000      -0.126992702    
   7.2246093750000000      -0.127635956    
   7.2285156250000000      -0.128284514    
   7.2324218750000000      -0.128938466    
   7.2363281250000000      -0.129597843    
   7.2402343750000000      -0.130262733    
   7.2441406250000000      -0.130933166    
   7.2480468750000000      -0.131609201    
   7.2519531250000000      -0.132290900    
   7.2558593750000000      -0.132978320    
   7.2597656250000000      -0.133671492    
   7.2636718750000000      -0.134370536    
   7.2675781250000000      -0.135075450    
   7.2714843750000000      -0.135786325    
   7.2753906250000000      -0.136503190    
   7.2792968750000000      -0.137226164    
   7.2832031250000000      -0.137955248    
   7.2871093750000000      -0.138690531    
   7.2910156250000000      -0.139432073    
   7.2949218750000000      -0.140179932    
   7.2988281250000000      -0.140934199    
   7.3027343750000000      -0.141694903    
   7.3066406250000000      -0.142462134    
   7.3105468750000000      -0.143235922    
   7.3144531250000000      -0.144016385    
   7.3183593750000000      -0.144803554    
   7.3222656250000000      -0.145597547    
   7.3261718750000000      -0.146398365    
   7.3300781250000000      -0.147206128    
   7.3339843750000000      -0.148020864    
   7.3378906250000000      -0.148842692    
   7.3417968750000000      -0.149671674    
   7.3457031250000000      -0.150507867    
   7.3496093750000000      -0.151351362    
   7.3535156250000000      -0.152202219    
   7.3574218750000000      -0.153060526    
   7.3613281250000000      -0.153926373    
   7.3652343750000000      -0.154799789    
   7.3691406250000000      -0.155680895    
   7.3730468750000000      -0.156569779    
   7.3769531250000000      -0.157466501    
   7.3808593750000000      -0.158371121    
   7.3847656250000000      -0.159283787    
   7.3886718750000000      -0.160204500    
   7.3925781250000000      -0.161133438    
   7.3964843750000000      -0.162070602    
   7.4003906250000000      -0.163016140    
   7.4042968750000000      -0.163970083    
   7.4082031250000000      -0.164932579    
   7.4121093750000000      -0.165903687    
   7.4160156250000000      -0.166883498    
   7.4199218750000000      -0.167872101    
   7.4238281250000000      -0.168869615    
   7.4277343750000000      -0.169876099    
   7.4316406250000000      -0.170891672    
   7.4355468750000000      -0.171916425    
   7.4394531250000000      -0.172950447    
   7.4433593750000000      -0.173993856    
   7.4472656250000000      -0.175046742    
   7.4511718750000000      -0.176109225    
   7.4550781250000000      -0.177181363    
   7.4589843750000000      -0.178263277    
   7.4628906250000000      -0.179355085    
   7.4667968750000000      -0.180456907    
   7.4707031250000000      -0.181568831    
   7.4746093750000000      -0.182690948    
   7.4785156250000000      -0.183823407    
   7.4824218750000000      -0.184966266    
   7.4863281250000000      -0.186119705    
   7.4902343750000000      -0.187283784    
   7.4941406250000000      -0.188458681    
   7.4980468750000000      -0.189644426    
   7.5019531250000000      -0.190841198    
   7.5058593750000000      -0.192049116    
   7.5097656250000000      -0.193268269    
   7.5136718750000000      -0.194498807    
   7.5175781250000000      -0.195740849    
   7.5214843750000000      -0.196994513    
   7.5253906250000000      -0.198259950    
   7.5292968750000000      -0.199537247    
   7.5332031250000000      -0.200826555    
   7.5371093750000000      -0.202128023    
   7.5410156250000000      -0.203441769    
   7.5449218750000000      -0.204767942    
   7.5488281250000000      -0.206106633    
   7.5527343750000000      -0.207458049    
   7.5566406250000000      -0.208822280    
   7.5605468750000000      -0.210199505    
   7.5644531250000000      -0.211589813    
   7.5683593750000000      -0.212993413    
   7.5722656250000000      -0.214410424    
   7.5761718750000000      -0.215840966    
   7.5800781250000000      -0.217285246    
   7.5839843750000000      -0.218743384    
   7.5878906250000000      -0.220215559    
   7.5917968750000000      -0.221701890    
   7.5957031250000000      -0.223202586    
   7.5996093750000000      -0.224717736    
   7.6035156250000000      -0.226247579    
   7.6074218750000000      -0.227792233    
   7.6113281250000000      -0.229351878    
   7.6152343750000000      -0.230926692    
   7.6191406250000000      -0.232516825    
   7.6230468750000000      -0.234122485    
   7.6269531250000000      -0.235743821    
   7.6308593750000000      -0.237381011    
   7.6347656250000000      -0.239034235    
   7.6386718750000000      -0.240703672    
   7.6425781250000000      -0.242389530    
   7.6464843750000000      -0.244091988    
   7.6503906250000000      -0.245811194    
   7.6542968750000000      -0.247547418    
   7.6582031250000000      -0.249300778    
   7.6621093750000000      -0.251071513    
   7.6660156250000000      -0.252859831    
   7.6699218750000000      -0.254665881    
   7.6738281250000000      -0.256489933    
   7.6777343750000000      -0.258332133    
   7.6816406250000000      -0.260192722    
   7.6855468750000000      -0.262071908    
   7.6894531250000000      -0.263969898    
   7.6933593750000000      -0.265886962    
   7.6972656250000000      -0.267823219    
   7.7011718750000000      -0.269778997    
   7.7050781250000000      -0.271754444    
   7.7089843750000000      -0.273749828    
   7.7128906250000000      -0.275765389    
   7.7167968750000000      -0.277801335    
   7.7207031250000000      -0.279857934    
   7.7246093750000000      -0.281935364    
   7.7285156250000000      -0.284033954    
   7.7324218750000000      -0.286153853    
   7.7363281250000000      -0.288295418    
   7.7402343750000000      -0.290458858    
   7.7441406250000000      -0.292644382    
   7.7480468750000000      -0.294852316    
   7.7519531250000000      -0.297082901    
   7.7558593750000000      -0.299336433    
   7.7597656250000000      -0.301613092    
   7.7636718750000000      -0.303913265    
   7.7675781250000000      -0.306237161    
   7.7714843750000000      -0.308585078    
   7.7753906250000000      -0.310957313    
   7.7792968750000000      -0.313354135    
   7.7832031250000000      -0.315775841    
   7.7871093750000000      -0.318222761    
   7.7910156250000000      -0.320695132    
   7.7949218750000000      -0.323193312    
   7.7988281250000000      -0.325717568    
   7.8027343750000000      -0.328268290    
   7.8066406250000000      -0.330845684    
   7.8105468750000000      -0.333450139    
   7.8144531250000000      -0.336081982    
   7.8183593750000000      -0.338741541    
   7.8222656250000000      -0.341429114    
   7.8261718750000000      -0.344145060    
   7.8300781250000000      -0.346889734    
   7.8339843750000000      -0.349663496    
   7.8378906250000000      -0.352466643    
   7.8417968750000000      -0.355299562    
   7.8457031250000000      -0.358162642    
   7.8496093750000000      -0.361056209    
   7.8535156250000000      -0.363980651    
   7.8574218750000000      -0.366936326    
   7.8613281250000000      -0.369923651    
   7.8652343750000000      -0.372942984    
   7.8691406250000000      -0.375994742    
   7.8730468750000000      -0.379079282    
   7.8769531250000000      -0.382197052    
   7.8808593750000000      -0.385348439    
   7.8847656250000000      -0.388533831    
   7.8886718750000000      -0.391753674    
   7.8925781250000000      -0.395008415    
   7.8964843750000000      -0.398298442    
   7.9003906250000000      -0.401624203    
   7.9042968750000000      -0.404986143    
   7.9082031250000000      -0.408384711    
   7.9121093750000000      -0.411820352    
   7.9160156250000000      -0.415293574    
   7.9199218750000000      -0.418804765    
   7.9238281250000000      -0.422354460    
   7.9277343750000000      -0.425943106    
   7.9316406250000000      -0.429571211    
   7.9355468750000000      -0.433239251    
   7.9394531250000000      -0.436947733    
   7.9433593750000000      -0.440697193    
   7.9472656250000000      -0.444488049    
   7.9511718750000000      -0.448320955    
   7.9550781250000000      -0.452196330    
   7.9589843750000000      -0.456114769    
   7.9628906250000000      -0.460076749    
   7.9667968750000000      -0.464082956    
   7.9707031250000000      -0.468133748    
   7.9746093750000000      -0.472229928    
   7.9785156250000000      -0.476371795    
   7.9824218750000000      -0.480560243    
   7.9863281250000000      -0.484795511    
   7.9902343750000000      -0.489078671    
   7.9941406250000000      -0.493409455    
   7.9980468750000000      -0.497790605    
