   1.9531250000000000E-003 -0.497443348    
   5.8593750000000000E-003 -0.492376417    
   9.7656250000000000E-003 -0.487371415    
   1.3671875000000000E-002 -0.482424885    
   1.7578125000000000E-002 -0.477537185    
   2.1484375000000000E-002 -0.472706884    
   2.5390625000000000E-002 -0.467933655    
   2.9296875000000000E-002 -0.463216484    
   3.3203125000000000E-002 -0.458554834    
   3.7109375000000000E-002 -0.453947812    
   4.1015625000000000E-002 -0.449394852    
   4.4921875000000000E-002 -0.444895118    
   4.8828125000000000E-002 -0.440447986    
   5.2734375000000000E-002 -0.436052769    
   5.6640625000000000E-002 -0.431708783    
   6.0546875000000000E-002 -0.427415371    
   6.4453125000000000E-002 -0.423171848    
   6.8359375000000000E-002 -0.418977588    
   7.2265625000000000E-002 -0.414831996    
   7.6171875000000000E-002 -0.410734355    
   8.0078125000000000E-002 -0.406684130    
   8.3984375000000000E-002 -0.402680665    
   8.7890625000000000E-002 -0.398723364    
   9.1796875000000000E-002 -0.394811630    
   9.5703125000000000E-002 -0.390944898    
   9.9609375000000000E-002 -0.387122571    
  0.10351562500000000      -0.383344084    
  0.10742187500000000      -0.379608870    
  0.11132812500000000      -0.375916421    
  0.11523437500000000      -0.372266114    
  0.11914062500000000      -0.368657470    
  0.12304687500000000      -0.365089953    
  0.12695312500000000      -0.361562997    
  0.13085937500000000      -0.358076125    
  0.13476562500000000      -0.354628831    
  0.13867187500000000      -0.351220608    
  0.14257812500000000      -0.347850919    
  0.14648437500000000      -0.344519317    
  0.15039062500000000      -0.341225326    
  0.15429687500000000      -0.337968469    
  0.15820312500000000      -0.334748268    
  0.16210937500000000      -0.331564277    
  0.16601562500000000      -0.328415990    
  0.16992187500000000      -0.325303018    
  0.17382812500000000      -0.322224915    
  0.17773437500000000      -0.319181204    
  0.18164062500000000      -0.316171467    
  0.18554687500000000      -0.313195288    
  0.18945312500000000      -0.310252249    
  0.19335937500000000      -0.307341933    
  0.19726562500000000      -0.304463923    
  0.20117187500000000      -0.301617861    
  0.20507812500000000      -0.298803270    
  0.20898437500000000      -0.296019822    
  0.21289062500000000      -0.293267131    
  0.21679687500000000      -0.290544778    
  0.22070312500000000      -0.287852407    
  0.22460937500000000      -0.285189658    
  0.22851562500000000      -0.282556176    
  0.23242187500000000      -0.279951543    
  0.23632812500000000      -0.277375460    
  0.24023437500000000      -0.274827540    
  0.24414062500000000      -0.272307456    
  0.24804687500000000      -0.269814849    
  0.25195312500000000      -0.267349422    
  0.25585937500000000      -0.264910817    
  0.25976562500000000      -0.262498677    
  0.26367187500000000      -0.260112762    
  0.26757812500000000      -0.257752657    
  0.27148437500000000      -0.255418062    
  0.27539062500000000      -0.253108740    
  0.27929687500000000      -0.250824302    
  0.28320312500000000      -0.248564482    
  0.28710937500000000      -0.246328980    
  0.29101562500000000      -0.244117498    
  0.29492187500000000      -0.241929740    
  0.29882812500000000      -0.239765435    
  0.30273437500000000      -0.237624288    
  0.30664062500000000      -0.235506028    
  0.31054687500000000      -0.233410358    
  0.31445312500000000      -0.231337041    
  0.31835937500000000      -0.229285747    
  0.32226562500000000      -0.227256298    
  0.32617187500000000      -0.225248337    
  0.33007812500000000      -0.223261684    
  0.33398437500000000      -0.221296072    
  0.33789062500000000      -0.219351202    
  0.34179687500000000      -0.217426866    
  0.34570312500000000      -0.215522796    
  0.34960937500000000      -0.213638783    
  0.35351562500000000      -0.211774558    
  0.35742187500000000      -0.209929913    
  0.36132812500000000      -0.208104581    
  0.36523437500000000      -0.206298381    
  0.36914062500000000      -0.204511017    
  0.37304687500000000      -0.202742338    
  0.37695312500000000      -0.200992078    
  0.38085937500000000      -0.199260026    
  0.38476562500000000      -0.197545975    
  0.38867187500000000      -0.195849717    
  0.39257812500000000      -0.194171041    
  0.39648437500000000      -0.192509741    
  0.40039062500000000      -0.190865606    
  0.40429687500000000      -0.189238429    
  0.40820312500000000      -0.187628031    
  0.41210937500000000      -0.186034203    
  0.41601562500000000      -0.184456766    
  0.41992187500000000      -0.182895511    
  0.42382812500000000      -0.181350231    
  0.42773437500000000      -0.179820776    
  0.43164062500000000      -0.178306967    
  0.43554687500000000      -0.176808596    
  0.43945312500000000      -0.175325483    
  0.44335937500000000      -0.173857450    
  0.44726562500000000      -0.172404349    
  0.45117187500000000      -0.170965999    
  0.45507812500000000      -0.169542223    
  0.45898437500000000      -0.168132842    
  0.46289062500000000      -0.166737705    
  0.46679687500000000      -0.165356636    
  0.47070312500000000      -0.163989484    
  0.47460937500000000      -0.162636101    
  0.47851562500000000      -0.161296308    
  0.48242187500000000      -0.159969956    
  0.48632812500000000      -0.158656865    
  0.49023437500000000      -0.157356948    
  0.49414062500000000      -0.156069994    
  0.49804687500000000      -0.154795885    
  0.50195312500000000      -0.153534472    
  0.50585937500000000      -0.152285576    
  0.50976562500000000      -0.151049107    
  0.51367187500000000      -0.149824917    
  0.51757812500000000      -0.148612827    
  0.52148437500000000      -0.147412747    
  0.52539062500000000      -0.146224499    
  0.52929687500000000      -0.145047963    
  0.53320312500000000      -0.143883020    
  0.53710937500000000      -0.142729551    
  0.54101562500000000      -0.141587377    
  0.54492187500000000      -0.140456438    
  0.54882812500000000      -0.139336526    
  0.55273437500000000      -0.138227612    
  0.55664062500000000      -0.137129486    
  0.56054687500000000      -0.136042088    
  0.56445312500000000      -0.134965271    
  0.56835937500000000      -0.133898914    
  0.57226562500000000      -0.132842928    
  0.57617187500000000      -0.131797135    
  0.58007812500000000      -0.130761504    
  0.58398437500000000      -0.129735857    
  0.58789062500000000      -0.128720134    
  0.59179687500000000      -0.127714187    
  0.59570312500000000      -0.126717925    
  0.59960937500000000      -0.125731230    
  0.60351562500000000      -0.124754012    
  0.60742187500000000      -0.123786151    
  0.61132812500000000      -0.122827530    
  0.61523437500000000      -0.121878088    
  0.61914062500000000      -0.120937705    
  0.62304687500000000      -0.120006293    
  0.62695312500000000      -0.119083703    
  0.63085937500000000      -0.118169904    
  0.63476562500000000      -0.117264777    
  0.63867187500000000      -0.116368204    
  0.64257812500000000      -0.115480125    
  0.64648437500000000      -0.114600420    
  0.65039062500000000      -0.113729000    
  0.65429687500000000      -0.112865806    
  0.65820312500000000      -0.112010717    
  0.66210937500000000      -0.111163676    
  0.66601562500000000      -0.110324562    
  0.66992187500000000      -0.109493285    
  0.67382812500000000      -0.108669788    
  0.67773437500000000      -0.107854009    
  0.68164062500000000      -0.107045799    
  0.68554687500000000      -0.106245130    
  0.68945312500000000      -0.105451882    
  0.69335937500000000      -0.104665995    
  0.69726562500000000      -0.103887409    
  0.70117187500000000      -0.103116006    
  0.70507812500000000      -0.102351755    
  0.70898437500000000      -0.101594537    
  0.71289062500000000      -0.100844294    
  0.71679687500000000      -0.100100964    
  0.72070312500000000       -9.93644595E-02
  0.72460937500000000       -9.86346900E-02
  0.72851562500000000       -9.79116261E-02
  0.73242187500000000       -9.71951783E-02
  0.73632812500000000       -9.64852571E-02
  0.74023437500000000       -9.57818031E-02
  0.74414062500000000       -9.50847566E-02
  0.74804687500000000       -9.43940580E-02
  0.75195312500000000       -9.37096179E-02
  0.75585937500000000       -9.30314064E-02
  0.75976562500000000       -9.23593044E-02
  0.76367187500000000       -9.16932821E-02
  0.76757812500000000       -9.10332799E-02
  0.77148437500000000       -9.03792381E-02
  0.77539062500000000       -8.97310674E-02
  0.77929687500000000       -8.90887082E-02
  0.78320312500000000       -8.84521306E-02
  0.78710937500000000       -8.78212452E-02
  0.79101562500000000       -8.71959925E-02
  0.79492187500000000       -8.65763426E-02
  0.79882812500000000       -8.59622061E-02
  0.80273437500000000       -8.53535533E-02
  0.80664062500000000       -8.47502947E-02
  0.81054687500000000       -8.41524303E-02
  0.81445312500000000       -8.35598409E-02
  0.81835937500000000       -8.29724967E-02
  0.82226562500000000       -8.23903382E-02
  0.82617187500000000       -8.18133354E-02
  0.83007812500000000       -8.12413990E-02
  0.83398437500000000       -8.06744993E-02
  0.83789062500000000       -8.01126063E-02
  0.84179687500000000       -7.95556307E-02
  0.84570312500000000       -7.90035129E-02
  0.84960937500000000       -7.84562528E-02
  0.85351562500000000       -7.79137611E-02
  0.85742187500000000       -7.73760080E-02
  0.86132812500000000       -7.68429339E-02
  0.86523437500000000       -7.63145089E-02
  0.86914062500000000       -7.57906735E-02
  0.87304687500000000       -7.52713680E-02
  0.87695312500000000       -7.47565627E-02
  0.88085937500000000       -7.42461979E-02
  0.88476562500000000       -7.37402439E-02
  0.88867187500000000       -7.32386708E-02
  0.89257812500000000       -7.27414191E-02
  0.89648437500000000       -7.22483993E-02
  0.90039062500000000       -7.17596412E-02
  0.90429687500000000       -7.12750852E-02
  0.90820312500000000       -7.07946420E-02
  0.91210937500000000       -7.03183413E-02
  0.91601562500000000       -6.98460639E-02
  0.91992187500000000       -6.93778396E-02
  0.92382812500000000       -6.89136088E-02
  0.92773437500000000       -6.84532821E-02
  0.93164062500000000       -6.79968894E-02
  0.93554687500000000       -6.75443411E-02
  0.93945312500000000       -6.70956373E-02
  0.94335937500000000       -6.66507185E-02
  0.94726562500000000       -6.62095547E-02
  0.95117187500000000       -6.57721162E-02
  0.95507812500000000       -6.53383434E-02
  0.95898437500000000       -6.49082065E-02
  0.96289062500000000       -6.44816756E-02
  0.96679687500000000       -6.40587211E-02
  0.97070312500000000       -6.36392832E-02
  0.97460937500000000       -6.32233620E-02
  0.97851562500000000       -6.28108978E-02
  0.98242187500000000       -6.24018908E-02
  0.98632812500000000       -6.19962513E-02
  0.99023437500000000       -6.15939796E-02
  0.99414062500000000       -6.11950755E-02
  0.99804687500000000       -6.07994497E-02
   1.0019531250000000       -6.04070723E-02
   1.0058593750000000       -6.00179434E-02
   1.0097656250000000       -5.96320331E-02
   1.0136718750000000       -5.92492819E-02
   1.0175781250000000       -5.88696897E-02
   1.0214843750000000       -5.84931970E-02
   1.0253906250000000       -5.81197739E-02
   1.0292968750000000       -5.77494204E-02
   1.0332031250000000       -5.73820770E-02
   1.0371093750000000       -5.70177436E-02
   1.0410156250000000       -5.66563606E-02
   1.0449218750000000       -5.62979281E-02
   1.0488281250000000       -5.59423864E-02
   1.0527343750000000       -5.55897355E-02
   1.0566406250000000       -5.52399457E-02
   1.0605468750000000       -5.48929870E-02
   1.0644531250000000       -5.45488000E-02
   1.0683593750000000       -5.42074144E-02
   1.0722656250000000       -5.38687706E-02
   1.0761718750000000       -5.35328388E-02
   1.0800781250000000       -5.31995893E-02
   1.0839843750000000       -5.28690219E-02
   1.0878906250000000       -5.25411069E-02
   1.0917968750000000       -5.22157848E-02
   1.0957031250000000       -5.18930852E-02
   1.0996093750000000       -5.15729189E-02
   1.1035156250000000       -5.12553453E-02
   1.1074218750000000       -5.09402454E-02
   1.1113281250000000       -5.06276786E-02
   1.1152343750000000       -5.03175557E-02
   1.1191406250000000       -5.00099063E-02
   1.1230468750000000       -4.97046709E-02
   1.1269531250000000       -4.94018495E-02
   1.1308593750000000       -4.91014123E-02
   1.1347656250000000       -4.88033295E-02
   1.1386718750000000       -4.85076010E-02
   1.1425781250000000       -4.82141674E-02
   1.1464843750000000       -4.79230583E-02
   1.1503906250000000       -4.76341844E-02
   1.1542968750000000       -4.73475754E-02
   1.1582031250000000       -4.70632315E-02
   1.1621093750000000       -4.67810631E-02
   1.1660156250000000       -4.65011001E-02
   1.1699218750000000       -4.62233126E-02
   1.1738281250000000       -4.59476709E-02
   1.1777343750000000       -4.56741452E-02
   1.1816406250000000       -4.54027355E-02
   1.1855468750000000       -4.51334417E-02
   1.1894531250000000       -4.48662043E-02
   1.1933593750000000       -4.46010232E-02
   1.1972656250000000       -4.43378687E-02
   1.2011718750000000       -4.40767407E-02
   1.2050781250000000       -4.38176095E-02
   1.2089843750000000       -4.35604751E-02
   1.2128906250000000       -4.33052778E-02
   1.2167968750000000       -4.30520475E-02
   1.2207031250000000       -4.28007245E-02
   1.2246093750000000       -4.25513387E-02
   1.2285156250000000       -4.23038006E-02
   1.2324218750000000       -4.20581698E-02
   1.2363281250000000       -4.18143868E-02
   1.2402343750000000       -4.15724516E-02
   1.2441406250000000       -4.13323641E-02
   1.2480468750000000       -4.10940647E-02
   1.2519531250000000       -4.08575535E-02
   1.2558593750000000       -4.06228006E-02
   1.2597656250000000       -4.03898358E-02
   1.2636718750000000       -4.01585996E-02
   1.2675781250000000       -3.99291217E-02
   1.2714843750000000       -3.97013426E-02
   1.2753906250000000       -3.94752622E-02
   1.2792968750000000       -3.92508507E-02
   1.2832031250000000       -3.90281081E-02
   1.2871093750000000       -3.88070345E-02
   1.2910156250000000       -3.85876000E-02
   1.2949218750000000       -3.83698046E-02
   1.2988281250000000       -3.81535888E-02
   1.3027343750000000       -3.79389822E-02
   1.3066406250000000       -3.77259552E-02
   1.3105468750000000       -3.75145078E-02
   1.3144531250000000       -3.73046100E-02
   1.3183593750000000       -3.70962620E-02
   1.3222656250000000       -3.68894339E-02
   1.3261718750000000       -3.66840959E-02
   1.3300781250000000       -3.64802778E-02
   1.3339843750000000       -3.62779796E-02
   1.3378906250000000       -3.60771120E-02
   1.3417968750000000       -3.58777344E-02
   1.3457031250000000       -3.56797874E-02
   1.3496093750000000       -3.54832709E-02
   1.3535156250000000       -3.52882147E-02
   1.3574218750000000       -3.50945294E-02
   1.3613281250000000       -3.49022746E-02
   1.3652343750000000       -3.47113907E-02
   1.3691406250000000       -3.45219076E-02
   1.3730468750000000       -3.43337655E-02
   1.3769531250000000       -3.41469646E-02
   1.3808593750000000       -3.39615345E-02
   1.3847656250000000       -3.37774158E-02
   1.3886718750000000       -3.35946381E-02
   1.3925781250000000       -3.34131420E-02
   1.3964843750000000       -3.32329571E-02
   1.4003906250000000       -3.30540240E-02
   1.4042968750000000       -3.28764021E-02
   1.4082031250000000       -3.27000320E-02
   1.4121093750000000       -3.25249135E-02
   1.4160156250000000       -3.23510468E-02
   1.4199218750000000       -3.21783721E-02
   1.4238281250000000       -3.20069492E-02
   1.4277343750000000       -3.18367481E-02
   1.4316406250000000       -3.16677392E-02
   1.4355468750000000       -3.14998925E-02
   1.4394531250000000       -3.13332677E-02
   1.4433593750000000       -3.11677754E-02
   1.4472656250000000       -3.10034752E-02
   1.4511718750000000       -3.08403075E-02
   1.4550781250000000       -3.06782722E-02
   1.4589843750000000       -3.05173993E-02
   1.4628906250000000       -3.03576291E-02
   1.4667968750000000       -3.01989615E-02
   1.4707031250000000       -3.00414264E-02
   1.4746093750000000       -2.98849642E-02
   1.4785156250000000       -2.97295749E-02
   1.4824218750000000       -2.95752883E-02
   1.4863281250000000       -2.94220448E-02
   1.4902343750000000       -2.92698741E-02
   1.4941406250000000       -2.91187465E-02
   1.4980468750000000       -2.89686918E-02
   1.5019531250000000       -2.88196206E-02
   1.5058593750000000       -2.86716223E-02
   1.5097656250000000       -2.85246074E-02
   1.5136718750000000       -2.83786058E-02
   1.5175781250000000       -2.82335877E-02
   1.5214843750000000       -2.80895829E-02
   1.5253906250000000       -2.79465616E-02
   1.5292968750000000       -2.78044939E-02
   1.5332031250000000       -2.76634097E-02
   1.5371093750000000       -2.75233090E-02
   1.5410156250000000       -2.73841321E-02
   1.5449218750000000       -2.72458792E-02
   1.5488281250000000       -2.71085799E-02
   1.5527343750000000       -2.69722342E-02
   1.5566406250000000       -2.68367827E-02
   1.5605468750000000       -2.67022550E-02
   1.5644531250000000       -2.65686214E-02
   1.5683593750000000       -2.64358819E-02
   1.5722656250000000       -2.63040662E-02
   1.5761718750000000       -2.61731148E-02
   1.5800781250000000       -2.60430276E-02
   1.5839843750000000       -2.59138346E-02
   1.5878906250000000       -2.57854760E-02
   1.5917968750000000       -2.56580114E-02
   1.5957031250000000       -2.55313516E-02
   1.5996093750000000       -2.54055858E-02
   1.6035156250000000       -2.52806246E-02
   1.6074218750000000       -2.51564980E-02
   1.6113281250000000       -2.50331759E-02
   1.6152343750000000       -2.49106884E-02
   1.6191406250000000       -2.47890353E-02
   1.6230468750000000       -2.46681571E-02
   1.6269531250000000       -2.45480835E-02
   1.6308593750000000       -2.44287848E-02
   1.6347656250000000       -2.43102908E-02
   1.6386718750000000       -2.41925716E-02
   1.6425781250000000       -2.40756273E-02
   1.6464843750000000       -2.39594579E-02
   1.6503906250000000       -2.38440335E-02
   1.6542968750000000       -2.37293541E-02
   1.6582031250000000       -2.36154497E-02
   1.6621093750000000       -2.35022604E-02
   1.6660156250000000       -2.33898461E-02
   1.6699218750000000       -2.32781172E-02
   1.6738281250000000       -2.31671333E-02
   1.6777343750000000       -2.30568945E-02
   1.6816406250000000       -2.29473412E-02
   1.6855468750000000       -2.28385031E-02
   1.6894531250000000       -2.27303803E-02
   1.6933593750000000       -2.26229429E-02
   1.6972656250000000       -2.25161910E-02
   1.7011718750000000       -2.24101543E-02
   1.7050781250000000       -2.23047733E-02
   1.7089843750000000       -2.22000778E-02
   1.7128906250000000       -2.20960677E-02
   1.7167968750000000       -2.19927132E-02
   1.7207031250000000       -2.18900144E-02
   1.7246093750000000       -2.17879713E-02
   1.7285156250000000       -2.16865838E-02
   1.7324218750000000       -2.15858519E-02
   1.7363281250000000       -2.14857459E-02
   1.7402343750000000       -2.13862956E-02
   1.7441406250000000       -2.12874413E-02
   1.7480468750000000       -2.11892426E-02
   1.7519531250000000       -2.10916698E-02
   1.7558593750000000       -2.09947228E-02
   1.7597656250000000       -2.08983719E-02
   1.7636718750000000       -2.08026171E-02
   1.7675781250000000       -2.07074881E-02
   1.7714843750000000       -2.06129551E-02
   1.7753906250000000       -2.05190182E-02
   1.7792968750000000       -2.04256475E-02
   1.7832031250000000       -2.03329027E-02
   1.7871093750000000       -2.02407241E-02
   1.7910156250000000       -2.01491117E-02
   1.7949218750000000       -2.00580657E-02
   1.7988281250000000       -1.99676156E-02
   1.8027343750000000       -1.98777020E-02
   1.8066406250000000       -1.97883844E-02
   1.8105468750000000       -1.96996033E-02
   1.8144531250000000       -1.96113586E-02
   1.8183593750000000       -1.95236802E-02
   1.8222656250000000       -1.94365382E-02
   1.8261718750000000       -1.93499625E-02
   1.8300781250000000       -1.92638934E-02
   1.8339843750000000       -1.91783607E-02
   1.8378906250000000       -1.90933645E-02
   1.8417968750000000       -1.90089047E-02
   1.8457031250000000       -1.89249218E-02
   1.8496093750000000       -1.88415051E-02
   1.8535156250000000       -1.87585652E-02
   1.8574218750000000       -1.86761618E-02
   1.8613281250000000       -1.85942650E-02
   1.8652343750000000       -1.85128450E-02
   1.8691406250000000       -1.84319317E-02
   1.8730468750000000       -1.83515251E-02
   1.8769531250000000       -1.82715952E-02
   1.8808593750000000       -1.81921721E-02
   1.8847656250000000       -1.81132257E-02
   1.8886718750000000       -1.80347562E-02
   1.8925781250000000       -1.79567635E-02
   1.8964843750000000       -1.78792179E-02
   1.9003906250000000       -1.78021789E-02
   1.9042968750000000       -1.77256167E-02
   1.9082031250000000       -1.76494718E-02
   1.9121093750000000       -1.75738335E-02
   1.9160156250000000       -1.74986422E-02
   1.9199218750000000       -1.74238682E-02
   1.9238281250000000       -1.73496008E-02
   1.9277343750000000       -1.72757506E-02
   1.9316406250000000       -1.72023475E-02
   1.9355468750000000       -1.71293616E-02
   1.9394531250000000       -1.70568526E-02
   1.9433593750000000       -1.69847608E-02
   1.9472656250000000       -1.69131160E-02
   1.9511718750000000       -1.68418884E-02
   1.9550781250000000       -1.67710781E-02
   1.9589843750000000       -1.67006850E-02
   1.9628906250000000       -1.66307390E-02
   1.9667968750000000       -1.65611804E-02
   1.9707031250000000       -1.64920688E-02
   1.9746093750000000       -1.64233446E-02
   1.9785156250000000       -1.63550377E-02
   1.9824218750000000       -1.62871182E-02
   1.9863281250000000       -1.62196159E-02
   1.9902343750000000       -1.61525309E-02
   1.9941406250000000       -1.60858333E-02
   1.9980468750000000       -1.60195231E-02
   2.0019531250000000       -1.59536004E-02
   2.0058593750000000       -1.58880651E-02
   2.0097656250000000       -1.58229172E-02
   2.0136718750000000       -1.57581568E-02
   2.0175781250000000       -1.56937838E-02
   2.0214843750000000       -1.56297982E-02
   2.0253906250000000       -1.55661702E-02
   2.0292968750000000       -1.55028999E-02
   2.0332031250000000       -1.54400170E-02
   2.0371093750000000       -1.53775215E-02
   2.0410156250000000       -1.53153837E-02
   2.0449218750000000       -1.52535737E-02
   2.0488281250000000       -1.51921511E-02
   2.0527343750000000       -1.51310861E-02
   2.0566406250000000       -1.50703788E-02
   2.0605468750000000       -1.50100291E-02
   2.0644531250000000       -1.49500370E-02
   2.0683593750000000       -1.48903728E-02
   2.0722656250000000       -1.48310661E-02
   2.0761718750000000       -1.47720873E-02
   2.0800781250000000       -1.47134662E-02
   2.0839843750000000       -1.46552026E-02
   2.0878906250000000       -1.45972371E-02
   2.0917968750000000       -1.45396292E-02
   2.0957031250000000       -1.44823492E-02
   2.0996093750000000       -1.44253969E-02
   2.1035156250000000       -1.43687725E-02
   2.1074218750000000       -1.43124759E-02
   2.1113281250000000       -1.42565072E-02
   2.1152343750000000       -1.42008662E-02
   2.1191406250000000       -1.41455233E-02
   2.1230468750000000       -1.40905380E-02
   2.1269531250000000       -1.40358210E-02
   2.1308593750000000       -1.39814317E-02
   2.1347656250000000       -1.39273703E-02
   2.1386718750000000       -1.38736069E-02
   2.1425781250000000       -1.38201416E-02
   2.1464843750000000       -1.37670040E-02
   2.1503906250000000       -1.37141645E-02
   2.1542968750000000       -1.36615932E-02
   2.1582031250000000       -1.36093497E-02
   2.1621093750000000       -1.35574043E-02
   2.1660156250000000       -1.35057569E-02
   2.1699218750000000       -1.34543777E-02
   2.1738281250000000       -1.34033263E-02
   2.1777343750000000       -1.33525431E-02
   2.1816406250000000       -1.33020580E-02
   2.1855468750000000       -1.32518411E-02
   2.1894531250000000       -1.32019222E-02
   2.1933593750000000       -1.31522715E-02
   2.1972656250000000       -1.31029189E-02
   2.2011718750000000       -1.30538344E-02
   2.2050781250000000       -1.30050182E-02
   2.2089843750000000       -1.29565001E-02
   2.2128906250000000       -1.29082501E-02
   2.2167968750000000       -1.28602684E-02
   2.2207031250000000       -1.28125250E-02
   2.2246093750000000       -1.27650797E-02
   2.2285156250000000       -1.27179027E-02
   2.2324218750000000       -1.26709938E-02
   2.2363281250000000       -1.26243532E-02
   2.2402343750000000       -1.25779510E-02
   2.2441406250000000       -1.25318170E-02
   2.2480468750000000       -1.24859512E-02
   2.2519531250000000       -1.24403238E-02
   2.2558593750000000       -1.23949647E-02
   2.2597656250000000       -1.23498440E-02
   2.2636718750000000       -1.23049915E-02
   2.2675781250000000       -1.22603774E-02
   2.2714843750000000       -1.22160316E-02
   2.2753906250000000       -1.21719241E-02
   2.2792968750000000       -1.21280551E-02
   2.2832031250000000       -1.20844245E-02
   2.2871093750000000       -1.20410323E-02
   2.2910156250000000       -1.19979084E-02
   2.2949218750000000       -1.19549930E-02
   2.2988281250000000       -1.19123459E-02
   2.3027343750000000       -1.18699074E-02
   2.3066406250000000       -1.18277371E-02
   2.3105468750000000       -1.17857754E-02
   2.3144531250000000       -1.17440522E-02
   2.3183593750000000       -1.17025375E-02
   2.3222656250000000       -1.16612911E-02
   2.3261718750000000       -1.16202533E-02
   2.3300781250000000       -1.15794241E-02
   2.3339843750000000       -1.15388334E-02
   2.3378906250000000       -1.14984810E-02
   2.3417968750000000       -1.14583373E-02
   2.3457031250000000       -1.14184320E-02
   2.3496093750000000       -1.13787353E-02
   2.3535156250000000       -1.13392472E-02
   2.3574218750000000       -1.12999678E-02
   2.3613281250000000       -1.12609267E-02
   2.3652343750000000       -1.12220943E-02
   2.3691406250000000       -1.11834705E-02
   2.3730468750000000       -1.11450553E-02
   2.3769531250000000       -1.11068487E-02
   2.3808593750000000       -1.10688806E-02
   2.3847656250000000       -1.10310912E-02
   2.3886718750000000       -1.09935105E-02
   2.3925781250000000       -1.09561384E-02
   2.3964843750000000       -1.09189749E-02
   2.4003906250000000       -1.08820200E-02
   2.4042968750000000       -1.08452737E-02
   2.4082031250000000       -1.08087063E-02
   2.4121093750000000       -1.07723475E-02
   2.4160156250000000       -1.07361674E-02
   2.4199218750000000       -1.07002258E-02
   2.4238281250000000       -1.06644332E-02
   2.4277343750000000       -1.06288791E-02
   2.4316406250000000       -1.05935037E-02
   2.4355468750000000       -1.05583072E-02
   2.4394531250000000       -1.05233192E-02
   2.4433593750000000       -1.04885101E-02
   2.4472656250000000       -1.04538798E-02
   2.4511718750000000       -1.04194582E-02
   2.4550781250000000       -1.03852153E-02
   2.4589843750000000       -1.03511810E-02
   2.4628906250000000       -1.03172958E-02
   2.4667968750000000       -1.02836192E-02
   2.4707031250000000       -1.02501214E-02
   2.4746093750000000       -1.02167726E-02
   2.4785156250000000       -1.01836324E-02
   2.4824218750000000       -1.01506710E-02
   2.4863281250000000       -1.01178885E-02
   2.4902343750000000       -1.00852847E-02
   2.4941406250000000       -1.00528598E-02
   2.4980468750000000       -1.00206137E-02
   2.5019531250000000       -9.98854637E-03
   2.5058593750000000       -9.95662808E-03
   2.5097656250000000       -9.92488861E-03
   2.5136718750000000       -9.89332795E-03
   2.5175781250000000       -9.86194611E-03
   2.5214843750000000       -9.83071327E-03
   2.5253906250000000       -9.79965925E-03
   2.5292968750000000       -9.76878405E-03
   2.5332031250000000       -9.73805785E-03
   2.5371093750000000       -9.70751047E-03
   2.5410156250000000       -9.67714190E-03
   2.5449218750000000       -9.64692235E-03
   2.5488281250000000       -9.61685181E-03
   2.5527343750000000       -9.58696008E-03
   2.5566406250000000       -9.55721736E-03
   2.5605468750000000       -9.52765346E-03
   2.5644531250000000       -9.49820876E-03
   2.5683593750000000       -9.46897268E-03
   2.5722656250000000       -9.43985581E-03
   2.5761718750000000       -9.41091776E-03
   2.5800781250000000       -9.38212872E-03
   2.5839843750000000       -9.35348868E-03
   2.5878906250000000       -9.32502747E-03
   2.5917968750000000       -9.29668546E-03
   2.5957031250000000       -9.26852226E-03
   2.5996093750000000       -9.24050808E-03
   2.6035156250000000       -9.21264291E-03
   2.6074218750000000       -9.18492675E-03
   2.6113281250000000       -9.15735960E-03
   2.6152343750000000       -9.12994146E-03
   2.6191406250000000       -9.10264254E-03
   2.6230468750000000       -9.07552242E-03
   2.6269531250000000       -9.04855132E-03
   2.6308593750000000       -9.02169943E-03
   2.6347656250000000       -8.99502635E-03
   2.6386718750000000       -8.96847248E-03
   2.6425781250000000       -8.94206762E-03
   2.6464843750000000       -8.91581178E-03
   2.6503906250000000       -8.88970494E-03
   2.6542968750000000       -8.86371732E-03
   2.6582031250000000       -8.83787870E-03
   2.6621093750000000       -8.81215930E-03
   2.6660156250000000       -8.78661871E-03
   2.6699218750000000       -8.76119733E-03
   2.6738281250000000       -8.73589516E-03
   2.6777343750000000       -8.71074200E-03
   2.6816406250000000       -8.68573785E-03
   2.6855468750000000       -8.66085291E-03
   2.6894531250000000       -8.63611698E-03
   2.6933593750000000       -8.61150026E-03
   2.6972656250000000       -8.58700275E-03
   2.7011718750000000       -8.56265426E-03
   2.7050781250000000       -8.53845477E-03
   2.7089843750000000       -8.51437449E-03
   2.7128906250000000       -8.49041343E-03
   2.7167968750000000       -8.46657157E-03
   2.7207031250000000       -8.44287872E-03
   2.7246093750000000       -8.41930509E-03
   2.7285156250000000       -8.39588046E-03
   2.7324218750000000       -8.37257504E-03
   2.7363281250000000       -8.34935904E-03
   2.7402343750000000       -8.32632184E-03
   2.7441406250000000       -8.30337405E-03
   2.7480468750000000       -8.28054547E-03
   2.7519531250000000       -8.25786591E-03
   2.7558593750000000       -8.23530555E-03
   2.7597656250000000       -8.21286440E-03
   2.7636718750000000       -8.19054246E-03
   2.7675781250000000       -8.16833973E-03
   2.7714843750000000       -8.14625621E-03
   2.7753906250000000       -8.12429190E-03
   2.7792968750000000       -8.10244679E-03
   2.7832031250000000       -8.08072090E-03
   2.7871093750000000       -8.05911422E-03
   2.7910156250000000       -8.03762674E-03
   2.7949218750000000       -8.01625848E-03
   2.7988281250000000       -7.99497962E-03
   2.8027343750000000       -7.97384977E-03
   2.8066406250000000       -7.95280933E-03
   2.8105468750000000       -7.93191791E-03
   2.8144531250000000       -7.91111588E-03
   2.8183593750000000       -7.89043307E-03
   2.8222656250000000       -7.86986947E-03
   2.8261718750000000       -7.84939528E-03
   2.8300781250000000       -7.82907009E-03
   2.8339843750000000       -7.80883431E-03
   2.8378906250000000       -7.78868794E-03
   2.8417968750000000       -7.76869059E-03
   2.8457031250000000       -7.74878263E-03
   2.8496093750000000       -7.72899389E-03
   2.8535156250000000       -7.70929456E-03
   2.8574218750000000       -7.68971443E-03
   2.8613281250000000       -7.67025352E-03
   2.8652343750000000       -7.65088201E-03
   2.8691406250000000       -7.63162971E-03
   2.8730468750000000       -7.61249661E-03
   2.8769531250000000       -7.59345293E-03
   2.8808593750000000       -7.57449865E-03
   2.8847656250000000       -7.55566359E-03
   2.8886718750000000       -7.53694773E-03
   2.8925781250000000       -7.51832128E-03
   2.8964843750000000       -7.49978423E-03
   2.9003906250000000       -7.48136640E-03
   2.9042968750000000       -7.46303797E-03
   2.9082031250000000       -7.44482875E-03
   2.9121093750000000       -7.42670894E-03
   2.9160156250000000       -7.40870833E-03
   2.9199218750000000       -7.39079714E-03
   2.9238281250000000       -7.37297535E-03
   2.9277343750000000       -7.35524297E-03
   2.9316406250000000       -7.33762980E-03
   2.9355468750000000       -7.32010603E-03
   2.9394531250000000       -7.30270147E-03
   2.9433593750000000       -7.28538632E-03
   2.9472656250000000       -7.26816058E-03
   2.9511718750000000       -7.25102425E-03
   2.9550781250000000       -7.23397732E-03
   2.9589843750000000       -7.21704960E-03
   2.9628906250000000       -7.20021129E-03
   2.9667968750000000       -7.18346238E-03
   2.9707031250000000       -7.16680288E-03
   2.9746093750000000       -7.15026259E-03
   2.9785156250000000       -7.13378191E-03
   2.9824218750000000       -7.11742043E-03
   2.9863281250000000       -7.10114837E-03
   2.9902343750000000       -7.08493590E-03
   2.9941406250000000       -7.06884265E-03
   2.9980468750000000       -7.05286860E-03
   3.0019531250000000       -7.03695416E-03
   3.0058593750000000       -7.02112913E-03
   3.0097656250000000       -7.00539351E-03
   3.0136718750000000       -6.98974729E-03
   3.0175781250000000       -6.97422028E-03
   3.0214843750000000       -6.95875287E-03
   3.0253906250000000       -6.94337487E-03
   3.0292968750000000       -6.92808628E-03
   3.0332031250000000       -6.91288710E-03
   3.0371093750000000       -6.89777732E-03
   3.0410156250000000       -6.88278675E-03
   3.0449218750000000       -6.86782598E-03
   3.0488281250000000       -6.85298443E-03
   3.0527343750000000       -6.83823228E-03
   3.0566406250000000       -6.82356954E-03
   3.0605468750000000       -6.80896640E-03
   3.0644531250000000       -6.79448247E-03
   3.0683593750000000       -6.78005815E-03
   3.0722656250000000       -6.76572323E-03
   3.0761718750000000       -6.75147772E-03
   3.0800781250000000       -6.73732162E-03
   3.0839843750000000       -6.72322512E-03
   3.0878906250000000       -6.70921803E-03
   3.0917968750000000       -6.69530034E-03
   3.0957031250000000       -6.68147206E-03
   3.0996093750000000       -6.66773319E-03
   3.1035156250000000       -6.65405393E-03
   3.1074218750000000       -6.64046407E-03
   3.1113281250000000       -6.62696362E-03
   3.1152343750000000       -6.61355257E-03
   3.1191406250000000       -6.60020113E-03
   3.1230468750000000       -6.58693910E-03
   3.1269531250000000       -6.57373667E-03
   3.1308593750000000       -6.56062365E-03
   3.1347656250000000       -6.54760003E-03
   3.1386718750000000       -6.53466582E-03
   3.1425781250000000       -6.52179122E-03
   3.1464843750000000       -6.50900602E-03
   3.1503906250000000       -6.49628043E-03
   3.1542968750000000       -6.48364425E-03
   3.1582031250000000       -6.47109747E-03
   3.1621093750000000       -6.45861030E-03
   3.1660156250000000       -6.44621253E-03
   3.1699218750000000       -6.43390417E-03
   3.1738281250000000       -6.42162561E-03
   3.1777343750000000       -6.40946627E-03
   3.1816406250000000       -6.39736652E-03
   3.1855468750000000       -6.38535619E-03
   3.1894531250000000       -6.37340546E-03
   3.1933593750000000       -6.36151433E-03
   3.1972656250000000       -6.34971261E-03
   3.2011718750000000       -6.33800030E-03
   3.2050781250000000       -6.32634759E-03
   3.2089843750000000       -6.31475449E-03
   3.2128906250000000       -6.30325079E-03
   3.2167968750000000       -6.29183650E-03
   3.2207031250000000       -6.28048182E-03
   3.2246093750000000       -6.26918674E-03
   3.2285156250000000       -6.25798106E-03
   3.2324218750000000       -6.24683499E-03
   3.2363281250000000       -6.23577833E-03
   3.2402343750000000       -6.22478127E-03
   3.2441406250000000       -6.21384382E-03
   3.2480468750000000       -6.20299578E-03
   3.2519531250000000       -6.19220734E-03
   3.2558593750000000       -6.18147850E-03
   3.2597656250000000       -6.17083907E-03
   3.2636718750000000       -6.16025925E-03
   3.2675781250000000       -6.14976883E-03
   3.2714843750000000       -6.13933802E-03
   3.2753906250000000       -6.12896681E-03
   3.2792968750000000       -6.11868501E-03
   3.2832031250000000       -6.10846281E-03
   3.2871093750000000       -6.09830022E-03
   3.2910156250000000       -6.08819723E-03
   3.2949218750000000       -6.07818365E-03
   3.2988281250000000       -6.06822968E-03
   3.3027343750000000       -6.05833530E-03
   3.3066406250000000       -6.04853034E-03
   3.3105468750000000       -6.03878498E-03
   3.3144531250000000       -6.02909923E-03
   3.3183593750000000       -6.01947308E-03
   3.3222656250000000       -6.00993633E-03
   3.3261718750000000       -6.00042939E-03
   3.3300781250000000       -5.99101186E-03
   3.3339843750000000       -5.98168373E-03
   3.3378906250000000       -5.97238541E-03
   3.3417968750000000       -5.96317649E-03
   3.3457031250000000       -5.95402718E-03
   3.3496093750000000       -5.94493747E-03
   3.3535156250000000       -5.93590736E-03
   3.3574218750000000       -5.92693686E-03
   3.3613281250000000       -5.91805577E-03
   3.3652343750000000       -5.90920448E-03
   3.3691406250000000       -5.90044260E-03
   3.3730468750000000       -5.89174032E-03
   3.3769531250000000       -5.88309765E-03
   3.3808593750000000       -5.87454438E-03
   3.3847656250000000       -5.86602092E-03
   3.3886718750000000       -5.85755706E-03
   3.3925781250000000       -5.84918261E-03
   3.3964843750000000       -5.84086776E-03
   3.4003906250000000       -5.83261251E-03
   3.4042968750000000       -5.82441688E-03
   3.4082031250000000       -5.81628084E-03
   3.4121093750000000       -5.80820441E-03
   3.4160156250000000       -5.80018759E-03
   3.4199218750000000       -5.79223037E-03
   3.4238281250000000       -5.78433275E-03
   3.4277343750000000       -5.77652454E-03
   3.4316406250000000       -5.76874614E-03
   3.4355468750000000       -5.76105714E-03
   3.4394531250000000       -5.75339794E-03
   3.4433593750000000       -5.74582815E-03
   3.4472656250000000       -5.73828816E-03
   3.4511718750000000       -5.73083758E-03
   3.4550781250000000       -5.72344661E-03
   3.4589843750000000       -5.71608543E-03
   3.4628906250000000       -5.70881367E-03
   3.4667968750000000       -5.70157170E-03
   3.4707031250000000       -5.69441915E-03
   3.4746093750000000       -5.68732619E-03
   3.4785156250000000       -5.68026304E-03
   3.4824218750000000       -5.67328930E-03
   3.4863281250000000       -5.66637516E-03
   3.4902343750000000       -5.65949082E-03
   3.4941406250000000       -5.65269589E-03
   3.4980468750000000       -5.64593077E-03
   3.5019531250000000       -5.63925505E-03
   3.5058593750000000       -5.63260913E-03
   3.5097656250000000       -5.62602282E-03
   3.5136718750000000       -5.61952591E-03
   3.5175781250000000       -5.61305881E-03
   3.5214843750000000       -5.60665131E-03
   3.5253906250000000       -5.60030341E-03
   3.5292968750000000       -5.59401512E-03
   3.5332031250000000       -5.58778644E-03
   3.5371093750000000       -5.58161736E-03
   3.5410156250000000       -5.57550788E-03
   3.5449218750000000       -5.56942821E-03
   3.5488281250000000       -5.56343794E-03
   3.5527343750000000       -5.55747747E-03
   3.5566406250000000       -5.55160642E-03
   3.5605468750000000       -5.54576516E-03
   3.5644531250000000       -5.53998351E-03
   3.5683593750000000       -5.53426147E-03
   3.5722656250000000       -5.52859902E-03
   3.5761718750000000       -5.52299619E-03
   3.5800781250000000       -5.51742315E-03
   3.5839843750000000       -5.51193953E-03
   3.5878906250000000       -5.50648570E-03
   3.5917968750000000       -5.50109148E-03
   3.5957031250000000       -5.49575686E-03
   3.5996093750000000       -5.49048185E-03
   3.6035156250000000       -5.48526645E-03
   3.6074218750000000       -5.48011065E-03
   3.6113281250000000       -5.47498465E-03
   3.6152343750000000       -5.46991825E-03
   3.6191406250000000       -5.46491146E-03
   3.6230468750000000       -5.45996428E-03
   3.6269531250000000       -5.45507669E-03
   3.6308593750000000       -5.45021892E-03
   3.6347656250000000       -5.44545054E-03
   3.6386718750000000       -5.44071198E-03
   3.6425781250000000       -5.43603301E-03
   3.6464843750000000       -5.43141365E-03
   3.6503906250000000       -5.42682409E-03
   3.6542968750000000       -5.42232394E-03
   3.6582031250000000       -5.41785359E-03
   3.6621093750000000       -5.41344285E-03
   3.6660156250000000       -5.40909171E-03
   3.6699218750000000       -5.40477037E-03
   3.6738281250000000       -5.40053844E-03
   3.6777343750000000       -5.39633632E-03
   3.6816406250000000       -5.39219379E-03
   3.6855468750000000       -5.38808107E-03
   3.6894531250000000       -5.38405776E-03
   3.6933593750000000       -5.38006425E-03
   3.6972656250000000       -5.37613034E-03
   3.7011718750000000       -5.37225604E-03
   3.7050781250000000       -5.36841154E-03
   3.7089843750000000       -5.36462665E-03
   3.7128906250000000       -5.36090136E-03
   3.7167968750000000       -5.35723567E-03
   3.7207031250000000       -5.35362959E-03
   3.7246093750000000       -5.35005331E-03
   3.7285156250000000       -5.34653664E-03
   3.7324218750000000       -5.34307957E-03
   3.7363281250000000       -5.33965230E-03
   3.7402343750000000       -5.33628464E-03
   3.7441406250000000       -5.33297658E-03
   3.7480468750000000       -5.32972813E-03
   3.7519531250000000       -5.32653928E-03
   3.7558593750000000       -5.32338023E-03
   3.7597656250000000       -5.32028079E-03
   3.7636718750000000       -5.31721115E-03
   3.7675781250000000       -5.31420112E-03
   3.7714843750000000       -5.31128049E-03
   3.7753906250000000       -5.30835986E-03
   3.7792968750000000       -5.30552864E-03
   3.7832031250000000       -5.30272722E-03
   3.7871093750000000       -5.29998541E-03
   3.7910156250000000       -5.29727340E-03
   3.7949218750000000       -5.29465079E-03
   3.7988281250000000       -5.29205799E-03
   3.8027343750000000       -5.28949499E-03
   3.8066406250000000       -5.28702140E-03
   3.8105468750000000       -5.28457761E-03
   3.8144531250000000       -5.28219342E-03
   3.8183593750000000       -5.27983904E-03
   3.8222656250000000       -5.27754426E-03
   3.8261718750000000       -5.27530909E-03
   3.8300781250000000       -5.27313352E-03
   3.8339843750000000       -5.27098775E-03
   3.8378906250000000       -5.26890159E-03
   3.8417968750000000       -5.26687503E-03
   3.8457031250000000       -5.26487827E-03
   3.8496093750000000       -5.26294112E-03
   3.8535156250000000       -5.26106358E-03
   3.8574218750000000       -5.25921583E-03
   3.8613281250000000       -5.25742769E-03
   3.8652343750000000       -5.25569916E-03
   3.8691406250000000       -5.25403023E-03
   3.8730468750000000       -5.25239110E-03
   3.8769531250000000       -5.25078177E-03
   3.8808593750000000       -5.24926186E-03
   3.8847656250000000       -5.24777174E-03
   3.8886718750000000       -5.24634123E-03
   3.8925781250000000       -5.24494052E-03
   3.8964843750000000       -5.24359941E-03
   3.9003906250000000       -5.24231791E-03
   3.9042968750000000       -5.24109602E-03
   3.9082031250000000       -5.23990393E-03
   3.9121093750000000       -5.23877144E-03
   3.9160156250000000       -5.23766875E-03
   3.9199218750000000       -5.23662567E-03
   3.9238281250000000       -5.23564219E-03
   3.9277343750000000       -5.23471832E-03
   3.9316406250000000       -5.23382425E-03
   3.9355468750000000       -5.23298979E-03
   3.9394531250000000       -5.23218513E-03
   3.9433593750000000       -5.23144007E-03
   3.9472656250000000       -5.23075461E-03
   3.9511718750000000       -5.23009896E-03
   3.9550781250000000       -5.22950292E-03
   3.9589843750000000       -5.22896647E-03
   3.9628906250000000       -5.22848964E-03
   3.9667968750000000       -5.22804260E-03
   3.9707031250000000       -5.22762537E-03
   3.9746093750000000       -5.22729754E-03
   3.9785156250000000       -5.22699952E-03
   3.9824218750000000       -5.22676110E-03
   3.9863281250000000       -5.22655249E-03
   3.9902343750000000       -5.22640347E-03
   3.9941406250000000       -5.22631407E-03
   3.9980468750000000       -5.22625446E-03
   4.0019531250000000       -5.22625446E-03
   4.0058593750000000       -5.22631407E-03
   4.0097656250000000       -5.22640347E-03
   4.0136718750000000       -5.22655249E-03
   4.0175781250000000       -5.22676110E-03
   4.0214843750000000       -5.22699952E-03
   4.0253906250000000       -5.22729754E-03
   4.0292968750000000       -5.22762537E-03
   4.0332031250000000       -5.22804260E-03
   4.0371093750000000       -5.22848964E-03
   4.0410156250000000       -5.22896647E-03
   4.0449218750000000       -5.22950292E-03
   4.0488281250000000       -5.23009896E-03
   4.0527343750000000       -5.23075461E-03
   4.0566406250000000       -5.23144007E-03
   4.0605468750000000       -5.23218513E-03
   4.0644531250000000       -5.23298979E-03
   4.0683593750000000       -5.23382425E-03
   4.0722656250000000       -5.23471832E-03
   4.0761718750000000       -5.23564219E-03
   4.0800781250000000       -5.23662567E-03
   4.0839843750000000       -5.23766875E-03
   4.0878906250000000       -5.23877144E-03
   4.0917968750000000       -5.23990393E-03
   4.0957031250000000       -5.24109602E-03
   4.0996093750000000       -5.24231791E-03
   4.1035156250000000       -5.24359941E-03
   4.1074218750000000       -5.24494052E-03
   4.1113281250000000       -5.24634123E-03
   4.1152343750000000       -5.24777174E-03
   4.1191406250000000       -5.24926186E-03
   4.1230468750000000       -5.25078177E-03
   4.1269531250000000       -5.25239110E-03
   4.1308593750000000       -5.25403023E-03
   4.1347656250000000       -5.25569916E-03
   4.1386718750000000       -5.25742769E-03
   4.1425781250000000       -5.25921583E-03
   4.1464843750000000       -5.26106358E-03
   4.1503906250000000       -5.26294112E-03
   4.1542968750000000       -5.26487827E-03
   4.1582031250000000       -5.26687503E-03
   4.1621093750000000       -5.26890159E-03
   4.1660156250000000       -5.27098775E-03
   4.1699218750000000       -5.27313352E-03
   4.1738281250000000       -5.27530909E-03
   4.1777343750000000       -5.27754426E-03
   4.1816406250000000       -5.27983904E-03
   4.1855468750000000       -5.28219342E-03
   4.1894531250000000       -5.28457761E-03
   4.1933593750000000       -5.28702140E-03
   4.1972656250000000       -5.28949499E-03
   4.2011718750000000       -5.29205799E-03
   4.2050781250000000       -5.29465079E-03
   4.2089843750000000       -5.29727340E-03
   4.2128906250000000       -5.29998541E-03
   4.2167968750000000       -5.30272722E-03
   4.2207031250000000       -5.30552864E-03
   4.2246093750000000       -5.30835986E-03
   4.2285156250000000       -5.31128049E-03
   4.2324218750000000       -5.31420112E-03
   4.2363281250000000       -5.31721115E-03
   4.2402343750000000       -5.32028079E-03
   4.2441406250000000       -5.32338023E-03
   4.2480468750000000       -5.32653928E-03
   4.2519531250000000       -5.32972813E-03
   4.2558593750000000       -5.33297658E-03
   4.2597656250000000       -5.33628464E-03
   4.2636718750000000       -5.33965230E-03
   4.2675781250000000       -5.34307957E-03
   4.2714843750000000       -5.34653664E-03
   4.2753906250000000       -5.35005331E-03
   4.2792968750000000       -5.35362959E-03
   4.2832031250000000       -5.35723567E-03
   4.2871093750000000       -5.36090136E-03
   4.2910156250000000       -5.36462665E-03
   4.2949218750000000       -5.36841154E-03
   4.2988281250000000       -5.37225604E-03
   4.3027343750000000       -5.37613034E-03
   4.3066406250000000       -5.38006425E-03
   4.3105468750000000       -5.38405776E-03
   4.3144531250000000       -5.38808107E-03
   4.3183593750000000       -5.39219379E-03
   4.3222656250000000       -5.39633632E-03
   4.3261718750000000       -5.40053844E-03
   4.3300781250000000       -5.40477037E-03
   4.3339843750000000       -5.40909171E-03
   4.3378906250000000       -5.41344285E-03
   4.3417968750000000       -5.41785359E-03
   4.3457031250000000       -5.42232394E-03
   4.3496093750000000       -5.42682409E-03
   4.3535156250000000       -5.43141365E-03
   4.3574218750000000       -5.43603301E-03
   4.3613281250000000       -5.44071198E-03
   4.3652343750000000       -5.44545054E-03
   4.3691406250000000       -5.45021892E-03
   4.3730468750000000       -5.45507669E-03
   4.3769531250000000       -5.45996428E-03
   4.3808593750000000       -5.46491146E-03
   4.3847656250000000       -5.46991825E-03
   4.3886718750000000       -5.47498465E-03
   4.3925781250000000       -5.48011065E-03
   4.3964843750000000       -5.48526645E-03
   4.4003906250000000       -5.49048185E-03
   4.4042968750000000       -5.49575686E-03
   4.4082031250000000       -5.50109148E-03
   4.4121093750000000       -5.50648570E-03
   4.4160156250000000       -5.51193953E-03
   4.4199218750000000       -5.51742315E-03
   4.4238281250000000       -5.52299619E-03
   4.4277343750000000       -5.52859902E-03
   4.4316406250000000       -5.53426147E-03
   4.4355468750000000       -5.53998351E-03
   4.4394531250000000       -5.54576516E-03
   4.4433593750000000       -5.55160642E-03
   4.4472656250000000       -5.55747747E-03
   4.4511718750000000       -5.56343794E-03
   4.4550781250000000       -5.56942821E-03
   4.4589843750000000       -5.57550788E-03
   4.4628906250000000       -5.58161736E-03
   4.4667968750000000       -5.58778644E-03
   4.4707031250000000       -5.59401512E-03
   4.4746093750000000       -5.60030341E-03
   4.4785156250000000       -5.60665131E-03
   4.4824218750000000       -5.61305881E-03
   4.4863281250000000       -5.61952591E-03
   4.4902343750000000       -5.62602282E-03
   4.4941406250000000       -5.63260913E-03
   4.4980468750000000       -5.63925505E-03
   4.5019531250000000       -5.64593077E-03
   4.5058593750000000       -5.65269589E-03
   4.5097656250000000       -5.65949082E-03
   4.5136718750000000       -5.66637516E-03
   4.5175781250000000       -5.67328930E-03
   4.5214843750000000       -5.68026304E-03
   4.5253906250000000       -5.68732619E-03
   4.5292968750000000       -5.69441915E-03
   4.5332031250000000       -5.70157170E-03
   4.5371093750000000       -5.70881367E-03
   4.5410156250000000       -5.71608543E-03
   4.5449218750000000       -5.72344661E-03
   4.5488281250000000       -5.73083758E-03
   4.5527343750000000       -5.73828816E-03
   4.5566406250000000       -5.74582815E-03
   4.5605468750000000       -5.75339794E-03
   4.5644531250000000       -5.76105714E-03
   4.5683593750000000       -5.76874614E-03
   4.5722656250000000       -5.77652454E-03
   4.5761718750000000       -5.78433275E-03
   4.5800781250000000       -5.79223037E-03
   4.5839843750000000       -5.80018759E-03
   4.5878906250000000       -5.80820441E-03
   4.5917968750000000       -5.81628084E-03
   4.5957031250000000       -5.82441688E-03
   4.5996093750000000       -5.83261251E-03
   4.6035156250000000       -5.84086776E-03
   4.6074218750000000       -5.84918261E-03
   4.6113281250000000       -5.85755706E-03
   4.6152343750000000       -5.86602092E-03
   4.6191406250000000       -5.87454438E-03
   4.6230468750000000       -5.88309765E-03
   4.6269531250000000       -5.89174032E-03
   4.6308593750000000       -5.90044260E-03
   4.6347656250000000       -5.90920448E-03
   4.6386718750000000       -5.91805577E-03
   4.6425781250000000       -5.92693686E-03
   4.6464843750000000       -5.93590736E-03
   4.6503906250000000       -5.94493747E-03
   4.6542968750000000       -5.95402718E-03
   4.6582031250000000       -5.96317649E-03
   4.6621093750000000       -5.97238541E-03
   4.6660156250000000       -5.98168373E-03
   4.6699218750000000       -5.99101186E-03
   4.6738281250000000       -6.00042939E-03
   4.6777343750000000       -6.00993633E-03
   4.6816406250000000       -6.01947308E-03
   4.6855468750000000       -6.02909923E-03
   4.6894531250000000       -6.03878498E-03
   4.6933593750000000       -6.04853034E-03
   4.6972656250000000       -6.05833530E-03
   4.7011718750000000       -6.06822968E-03
   4.7050781250000000       -6.07818365E-03
   4.7089843750000000       -6.08819723E-03
   4.7128906250000000       -6.09830022E-03
   4.7167968750000000       -6.10846281E-03
   4.7207031250000000       -6.11868501E-03
   4.7246093750000000       -6.12896681E-03
   4.7285156250000000       -6.13933802E-03
   4.7324218750000000       -6.14976883E-03
   4.7363281250000000       -6.16025925E-03
   4.7402343750000000       -6.17083907E-03
   4.7441406250000000       -6.18147850E-03
   4.7480468750000000       -6.19220734E-03
   4.7519531250000000       -6.20299578E-03
   4.7558593750000000       -6.21384382E-03
   4.7597656250000000       -6.22478127E-03
   4.7636718750000000       -6.23577833E-03
   4.7675781250000000       -6.24683499E-03
   4.7714843750000000       -6.25798106E-03
   4.7753906250000000       -6.26918674E-03
   4.7792968750000000       -6.28048182E-03
   4.7832031250000000       -6.29183650E-03
   4.7871093750000000       -6.30325079E-03
   4.7910156250000000       -6.31475449E-03
   4.7949218750000000       -6.32634759E-03
   4.7988281250000000       -6.33800030E-03
   4.8027343750000000       -6.34971261E-03
   4.8066406250000000       -6.36151433E-03
   4.8105468750000000       -6.37340546E-03
   4.8144531250000000       -6.38535619E-03
   4.8183593750000000       -6.39736652E-03
   4.8222656250000000       -6.40946627E-03
   4.8261718750000000       -6.42162561E-03
   4.8300781250000000       -6.43390417E-03
   4.8339843750000000       -6.44621253E-03
   4.8378906250000000       -6.45861030E-03
   4.8417968750000000       -6.47109747E-03
   4.8457031250000000       -6.48364425E-03
   4.8496093750000000       -6.49628043E-03
   4.8535156250000000       -6.50900602E-03
   4.8574218750000000       -6.52179122E-03
   4.8613281250000000       -6.53466582E-03
   4.8652343750000000       -6.54760003E-03
   4.8691406250000000       -6.56062365E-03
   4.8730468750000000       -6.57373667E-03
   4.8769531250000000       -6.58693910E-03
   4.8808593750000000       -6.60020113E-03
   4.8847656250000000       -6.61355257E-03
   4.8886718750000000       -6.62696362E-03
   4.8925781250000000       -6.64046407E-03
   4.8964843750000000       -6.65405393E-03
   4.9003906250000000       -6.66773319E-03
   4.9042968750000000       -6.68147206E-03
   4.9082031250000000       -6.69530034E-03
   4.9121093750000000       -6.70921803E-03
   4.9160156250000000       -6.72322512E-03
   4.9199218750000000       -6.73732162E-03
   4.9238281250000000       -6.75147772E-03
   4.9277343750000000       -6.76572323E-03
   4.9316406250000000       -6.78005815E-03
   4.9355468750000000       -6.79448247E-03
   4.9394531250000000       -6.80896640E-03
   4.9433593750000000       -6.82356954E-03
   4.9472656250000000       -6.83823228E-03
   4.9511718750000000       -6.85298443E-03
   4.9550781250000000       -6.86782598E-03
   4.9589843750000000       -6.88278675E-03
   4.9628906250000000       -6.89777732E-03
   4.9667968750000000       -6.91288710E-03
   4.9707031250000000       -6.92808628E-03
   4.9746093750000000       -6.94337487E-03
   4.9785156250000000       -6.95875287E-03
   4.9824218750000000       -6.97422028E-03
   4.9863281250000000       -6.98974729E-03
   4.9902343750000000       -7.00539351E-03
   4.9941406250000000       -7.02112913E-03
   4.9980468750000000       -7.03695416E-03
   5.0019531250000000       -7.05286860E-03
   5.0058593750000000       -7.06884265E-03
   5.0097656250000000       -7.08493590E-03
   5.0136718750000000       -7.10114837E-03
   5.0175781250000000       -7.11742043E-03
   5.0214843750000000       -7.13378191E-03
   5.0253906250000000       -7.15026259E-03
   5.0292968750000000       -7.16680288E-03
   5.0332031250000000       -7.18346238E-03
   5.0371093750000000       -7.20021129E-03
   5.0410156250000000       -7.21704960E-03
   5.0449218750000000       -7.23397732E-03
   5.0488281250000000       -7.25102425E-03
   5.0527343750000000       -7.26816058E-03
   5.0566406250000000       -7.28538632E-03
   5.0605468750000000       -7.30270147E-03
   5.0644531250000000       -7.32010603E-03
   5.0683593750000000       -7.33762980E-03
   5.0722656250000000       -7.35524297E-03
   5.0761718750000000       -7.37297535E-03
   5.0800781250000000       -7.39079714E-03
   5.0839843750000000       -7.40870833E-03
   5.0878906250000000       -7.42670894E-03
   5.0917968750000000       -7.44482875E-03
   5.0957031250000000       -7.46303797E-03
   5.0996093750000000       -7.48136640E-03
   5.1035156250000000       -7.49978423E-03
   5.1074218750000000       -7.51832128E-03
   5.1113281250000000       -7.53694773E-03
   5.1152343750000000       -7.55566359E-03
   5.1191406250000000       -7.57449865E-03
   5.1230468750000000       -7.59345293E-03
   5.1269531250000000       -7.61249661E-03
   5.1308593750000000       -7.63162971E-03
   5.1347656250000000       -7.65088201E-03
   5.1386718750000000       -7.67025352E-03
   5.1425781250000000       -7.68971443E-03
   5.1464843750000000       -7.70929456E-03
   5.1503906250000000       -7.72899389E-03
   5.1542968750000000       -7.74878263E-03
   5.1582031250000000       -7.76869059E-03
   5.1621093750000000       -7.78868794E-03
   5.1660156250000000       -7.80883431E-03
   5.1699218750000000       -7.82907009E-03
   5.1738281250000000       -7.84939528E-03
   5.1777343750000000       -7.86986947E-03
   5.1816406250000000       -7.89043307E-03
   5.1855468750000000       -7.91111588E-03
   5.1894531250000000       -7.93191791E-03
   5.1933593750000000       -7.95280933E-03
   5.1972656250000000       -7.97384977E-03
   5.2011718750000000       -7.99497962E-03
   5.2050781250000000       -8.01625848E-03
   5.2089843750000000       -8.03762674E-03
   5.2128906250000000       -8.05911422E-03
   5.2167968750000000       -8.08072090E-03
   5.2207031250000000       -8.10244679E-03
   5.2246093750000000       -8.12429190E-03
   5.2285156250000000       -8.14625621E-03
   5.2324218750000000       -8.16833973E-03
   5.2363281250000000       -8.19054246E-03
   5.2402343750000000       -8.21286440E-03
   5.2441406250000000       -8.23530555E-03
   5.2480468750000000       -8.25786591E-03
   5.2519531250000000       -8.28054547E-03
   5.2558593750000000       -8.30337405E-03
   5.2597656250000000       -8.32632184E-03
   5.2636718750000000       -8.34935904E-03
   5.2675781250000000       -8.37257504E-03
   5.2714843750000000       -8.39588046E-03
   5.2753906250000000       -8.41930509E-03
   5.2792968750000000       -8.44287872E-03
   5.2832031250000000       -8.46657157E-03
   5.2871093750000000       -8.49041343E-03
   5.2910156250000000       -8.51437449E-03
   5.2949218750000000       -8.53845477E-03
   5.2988281250000000       -8.56265426E-03
   5.3027343750000000       -8.58700275E-03
   5.3066406250000000       -8.61150026E-03
   5.3105468750000000       -8.63611698E-03
   5.3144531250000000       -8.66085291E-03
   5.3183593750000000       -8.68573785E-03
   5.3222656250000000       -8.71074200E-03
   5.3261718750000000       -8.73589516E-03
   5.3300781250000000       -8.76119733E-03
   5.3339843750000000       -8.78661871E-03
   5.3378906250000000       -8.81215930E-03
   5.3417968750000000       -8.83787870E-03
   5.3457031250000000       -8.86371732E-03
   5.3496093750000000       -8.88970494E-03
   5.3535156250000000       -8.91581178E-03
   5.3574218750000000       -8.94206762E-03
   5.3613281250000000       -8.96847248E-03
   5.3652343750000000       -8.99502635E-03
   5.3691406250000000       -9.02169943E-03
   5.3730468750000000       -9.04855132E-03
   5.3769531250000000       -9.07552242E-03
   5.3808593750000000       -9.10264254E-03
   5.3847656250000000       -9.12994146E-03
   5.3886718750000000       -9.15735960E-03
   5.3925781250000000       -9.18492675E-03
   5.3964843750000000       -9.21264291E-03
   5.4003906250000000       -9.24050808E-03
   5.4042968750000000       -9.26852226E-03
   5.4082031250000000       -9.29668546E-03
   5.4121093750000000       -9.32502747E-03
   5.4160156250000000       -9.35348868E-03
   5.4199218750000000       -9.38212872E-03
   5.4238281250000000       -9.41091776E-03
   5.4277343750000000       -9.43985581E-03
   5.4316406250000000       -9.46897268E-03
   5.4355468750000000       -9.49820876E-03
   5.4394531250000000       -9.52765346E-03
   5.4433593750000000       -9.55721736E-03
   5.4472656250000000       -9.58696008E-03
   5.4511718750000000       -9.61685181E-03
   5.4550781250000000       -9.64692235E-03
   5.4589843750000000       -9.67714190E-03
   5.4628906250000000       -9.70751047E-03
   5.4667968750000000       -9.73805785E-03
   5.4707031250000000       -9.76878405E-03
   5.4746093750000000       -9.79965925E-03
   5.4785156250000000       -9.83071327E-03
   5.4824218750000000       -9.86194611E-03
   5.4863281250000000       -9.89332795E-03
   5.4902343750000000       -9.92488861E-03
   5.4941406250000000       -9.95662808E-03
   5.4980468750000000       -9.98854637E-03
   5.5019531250000000       -1.00206137E-02
   5.5058593750000000       -1.00528598E-02
   5.5097656250000000       -1.00852847E-02
   5.5136718750000000       -1.01178885E-02
   5.5175781250000000       -1.01506710E-02
   5.5214843750000000       -1.01836324E-02
   5.5253906250000000       -1.02167726E-02
   5.5292968750000000       -1.02501214E-02
   5.5332031250000000       -1.02836192E-02
   5.5371093750000000       -1.03172958E-02
   5.5410156250000000       -1.03511810E-02
   5.5449218750000000       -1.03852153E-02
   5.5488281250000000       -1.04194582E-02
   5.5527343750000000       -1.04538798E-02
   5.5566406250000000       -1.04885101E-02
   5.5605468750000000       -1.05233192E-02
   5.5644531250000000       -1.05583072E-02
   5.5683593750000000       -1.05935037E-02
   5.5722656250000000       -1.06288791E-02
   5.5761718750000000       -1.06644332E-02
   5.5800781250000000       -1.07002258E-02
   5.5839843750000000       -1.07361674E-02
   5.5878906250000000       -1.07723475E-02
   5.5917968750000000       -1.08087063E-02
   5.5957031250000000       -1.08452737E-02
   5.5996093750000000       -1.08820200E-02
   5.6035156250000000       -1.09189749E-02
   5.6074218750000000       -1.09561384E-02
   5.6113281250000000       -1.09935105E-02
   5.6152343750000000       -1.10310912E-02
   5.6191406250000000       -1.10688806E-02
   5.6230468750000000       -1.11068487E-02
   5.6269531250000000       -1.11450553E-02
   5.6308593750000000       -1.11834705E-02
   5.6347656250000000       -1.12220943E-02
   5.6386718750000000       -1.12609267E-02
   5.6425781250000000       -1.12999678E-02
   5.6464843750000000       -1.13392472E-02
   5.6503906250000000       -1.13787353E-02
   5.6542968750000000       -1.14184320E-02
   5.6582031250000000       -1.14583373E-02
   5.6621093750000000       -1.14984810E-02
   5.6660156250000000       -1.15388334E-02
   5.6699218750000000       -1.15794241E-02
   5.6738281250000000       -1.16202533E-02
   5.6777343750000000       -1.16612911E-02
   5.6816406250000000       -1.17025375E-02
   5.6855468750000000       -1.17440522E-02
   5.6894531250000000       -1.17857754E-02
   5.6933593750000000       -1.18277371E-02
   5.6972656250000000       -1.18699074E-02
   5.7011718750000000       -1.19123459E-02
   5.7050781250000000       -1.19549930E-02
   5.7089843750000000       -1.19979084E-02
   5.7128906250000000       -1.20410323E-02
   5.7167968750000000       -1.20844245E-02
   5.7207031250000000       -1.21280551E-02
   5.7246093750000000       -1.21719241E-02
   5.7285156250000000       -1.22160316E-02
   5.7324218750000000       -1.22603774E-02
   5.7363281250000000       -1.23049915E-02
   5.7402343750000000       -1.23498440E-02
   5.7441406250000000       -1.23949647E-02
   5.7480468750000000       -1.24403238E-02
   5.7519531250000000       -1.24859512E-02
   5.7558593750000000       -1.25318170E-02
   5.7597656250000000       -1.25779510E-02
   5.7636718750000000       -1.26243532E-02
   5.7675781250000000       -1.26709938E-02
   5.7714843750000000       -1.27179027E-02
   5.7753906250000000       -1.27650797E-02
   5.7792968750000000       -1.28125250E-02
   5.7832031250000000       -1.28602684E-02
   5.7871093750000000       -1.29082501E-02
   5.7910156250000000       -1.29565001E-02
   5.7949218750000000       -1.30050182E-02
   5.7988281250000000       -1.30538344E-02
   5.8027343750000000       -1.31029189E-02
   5.8066406250000000       -1.31522715E-02
   5.8105468750000000       -1.32019222E-02
   5.8144531250000000       -1.32518411E-02
   5.8183593750000000       -1.33020580E-02
   5.8222656250000000       -1.33525431E-02
   5.8261718750000000       -1.34033263E-02
   5.8300781250000000       -1.34543777E-02
   5.8339843750000000       -1.35057569E-02
   5.8378906250000000       -1.35574043E-02
   5.8417968750000000       -1.36093497E-02
   5.8457031250000000       -1.36615932E-02
   5.8496093750000000       -1.37141645E-02
   5.8535156250000000       -1.37670040E-02
   5.8574218750000000       -1.38201416E-02
   5.8613281250000000       -1.38736069E-02
   5.8652343750000000       -1.39273703E-02
   5.8691406250000000       -1.39814317E-02
   5.8730468750000000       -1.40358210E-02
   5.8769531250000000       -1.40905380E-02
   5.8808593750000000       -1.41455233E-02
   5.8847656250000000       -1.42008662E-02
   5.8886718750000000       -1.42565072E-02
   5.8925781250000000       -1.43124759E-02
   5.8964843750000000       -1.43687725E-02
   5.9003906250000000       -1.44253969E-02
   5.9042968750000000       -1.44823492E-02
   5.9082031250000000       -1.45396292E-02
   5.9121093750000000       -1.45972371E-02
   5.9160156250000000       -1.46552026E-02
   5.9199218750000000       -1.47134662E-02
   5.9238281250000000       -1.47720873E-02
   5.9277343750000000       -1.48310661E-02
   5.9316406250000000       -1.48903728E-02
   5.9355468750000000       -1.49500370E-02
   5.9394531250000000       -1.50100291E-02
   5.9433593750000000       -1.50703788E-02
   5.9472656250000000       -1.51310861E-02
   5.9511718750000000       -1.51921511E-02
   5.9550781250000000       -1.52535737E-02
   5.9589843750000000       -1.53153837E-02
   5.9628906250000000       -1.53775215E-02
   5.9667968750000000       -1.54400170E-02
   5.9707031250000000       -1.55028999E-02
   5.9746093750000000       -1.55661702E-02
   5.9785156250000000       -1.56297982E-02
   5.9824218750000000       -1.56937838E-02
   5.9863281250000000       -1.57581568E-02
   5.9902343750000000       -1.58229172E-02
   5.9941406250000000       -1.58880651E-02
   5.9980468750000000       -1.59536004E-02
   6.0019531250000000       -1.60195231E-02
   6.0058593750000000       -1.60858333E-02
   6.0097656250000000       -1.61525309E-02
   6.0136718750000000       -1.62196159E-02
   6.0175781250000000       -1.62871182E-02
   6.0214843750000000       -1.63550377E-02
   6.0253906250000000       -1.64233446E-02
   6.0292968750000000       -1.64920688E-02
   6.0332031250000000       -1.65611804E-02
   6.0371093750000000       -1.66307390E-02
   6.0410156250000000       -1.67006850E-02
   6.0449218750000000       -1.67710781E-02
   6.0488281250000000       -1.68418884E-02
   6.0527343750000000       -1.69131160E-02
   6.0566406250000000       -1.69847608E-02
   6.0605468750000000       -1.70568526E-02
   6.0644531250000000       -1.71293616E-02
   6.0683593750000000       -1.72023475E-02
   6.0722656250000000       -1.72757506E-02
   6.0761718750000000       -1.73496008E-02
   6.0800781250000000       -1.74238682E-02
   6.0839843750000000       -1.74986422E-02
   6.0878906250000000       -1.75738335E-02
   6.0917968750000000       -1.76494718E-02
   6.0957031250000000       -1.77256167E-02
   6.0996093750000000       -1.78021789E-02
   6.1035156250000000       -1.78792179E-02
   6.1074218750000000       -1.79567635E-02
   6.1113281250000000       -1.80347562E-02
   6.1152343750000000       -1.81132257E-02
   6.1191406250000000       -1.81921721E-02
   6.1230468750000000       -1.82715952E-02
   6.1269531250000000       -1.83515251E-02
   6.1308593750000000       -1.84319317E-02
   6.1347656250000000       -1.85128450E-02
   6.1386718750000000       -1.85942650E-02
   6.1425781250000000       -1.86761618E-02
   6.1464843750000000       -1.87585652E-02
   6.1503906250000000       -1.88415051E-02
   6.1542968750000000       -1.89249218E-02
   6.1582031250000000       -1.90089047E-02
   6.1621093750000000       -1.90933645E-02
   6.1660156250000000       -1.91783607E-02
   6.1699218750000000       -1.92638934E-02
   6.1738281250000000       -1.93499625E-02
   6.1777343750000000       -1.94365382E-02
   6.1816406250000000       -1.95236802E-02
   6.1855468750000000       -1.96113586E-02
   6.1894531250000000       -1.96996033E-02
   6.1933593750000000       -1.97883844E-02
   6.1972656250000000       -1.98777020E-02
   6.2011718750000000       -1.99676156E-02
   6.2050781250000000       -2.00580657E-02
   6.2089843750000000       -2.01491117E-02
   6.2128906250000000       -2.02407241E-02
   6.2167968750000000       -2.03329027E-02
   6.2207031250000000       -2.04256475E-02
   6.2246093750000000       -2.05190182E-02
   6.2285156250000000       -2.06129551E-02
   6.2324218750000000       -2.07074881E-02
   6.2363281250000000       -2.08026171E-02
   6.2402343750000000       -2.08983719E-02
   6.2441406250000000       -2.09947228E-02
   6.2480468750000000       -2.10916698E-02
   6.2519531250000000       -2.11892426E-02
   6.2558593750000000       -2.12874413E-02
   6.2597656250000000       -2.13862956E-02
   6.2636718750000000       -2.14857459E-02
   6.2675781250000000       -2.15858519E-02
   6.2714843750000000       -2.16865838E-02
   6.2753906250000000       -2.17879713E-02
   6.2792968750000000       -2.18900144E-02
   6.2832031250000000       -2.19927132E-02
   6.2871093750000000       -2.20960677E-02
   6.2910156250000000       -2.22000778E-02
   6.2949218750000000       -2.23047733E-02
   6.2988281250000000       -2.24101543E-02
   6.3027343750000000       -2.25161910E-02
   6.3066406250000000       -2.26229429E-02
   6.3105468750000000       -2.27303803E-02
   6.3144531250000000       -2.28385031E-02
   6.3183593750000000       -2.29473412E-02
   6.3222656250000000       -2.30568945E-02
   6.3261718750000000       -2.31671333E-02
   6.3300781250000000       -2.32781172E-02
   6.3339843750000000       -2.33898461E-02
   6.3378906250000000       -2.35022604E-02
   6.3417968750000000       -2.36154497E-02
   6.3457031250000000       -2.37293541E-02
   6.3496093750000000       -2.38440335E-02
   6.3535156250000000       -2.39594579E-02
   6.3574218750000000       -2.40756273E-02
   6.3613281250000000       -2.41925716E-02
   6.3652343750000000       -2.43102908E-02
   6.3691406250000000       -2.44287848E-02
   6.3730468750000000       -2.45480835E-02
   6.3769531250000000       -2.46681571E-02
   6.3808593750000000       -2.47890353E-02
   6.3847656250000000       -2.49106884E-02
   6.3886718750000000       -2.50331759E-02
   6.3925781250000000       -2.51564980E-02
   6.3964843750000000       -2.52806246E-02
   6.4003906250000000       -2.54055858E-02
   6.4042968750000000       -2.55313516E-02
   6.4082031250000000       -2.56580114E-02
   6.4121093750000000       -2.57854760E-02
   6.4160156250000000       -2.59138346E-02
   6.4199218750000000       -2.60430276E-02
   6.4238281250000000       -2.61731148E-02
   6.4277343750000000       -2.63040662E-02
   6.4316406250000000       -2.64358819E-02
   6.4355468750000000       -2.65686214E-02
   6.4394531250000000       -2.67022550E-02
   6.4433593750000000       -2.68367827E-02
   6.4472656250000000       -2.69722342E-02
   6.4511718750000000       -2.71085799E-02
   6.4550781250000000       -2.72458792E-02
   6.4589843750000000       -2.73841321E-02
   6.4628906250000000       -2.75233090E-02
   6.4667968750000000       -2.76634097E-02
   6.4707031250000000       -2.78044939E-02
   6.4746093750000000       -2.79465616E-02
   6.4785156250000000       -2.80895829E-02
   6.4824218750000000       -2.82335877E-02
   6.4863281250000000       -2.83786058E-02
   6.4902343750000000       -2.85246074E-02
   6.4941406250000000       -2.86716223E-02
   6.4980468750000000       -2.88196206E-02
   6.5019531250000000       -2.89686918E-02
   6.5058593750000000       -2.91187465E-02
   6.5097656250000000       -2.92698741E-02
   6.5136718750000000       -2.94220448E-02
   6.5175781250000000       -2.95752883E-02
   6.5214843750000000       -2.97295749E-02
   6.5253906250000000       -2.98849642E-02
   6.5292968750000000       -3.00414264E-02
   6.5332031250000000       -3.01989615E-02
   6.5371093750000000       -3.03576291E-02
   6.5410156250000000       -3.05173993E-02
   6.5449218750000000       -3.06782722E-02
   6.5488281250000000       -3.08403075E-02
   6.5527343750000000       -3.10034752E-02
   6.5566406250000000       -3.11677754E-02
   6.5605468750000000       -3.13332677E-02
   6.5644531250000000       -3.14998925E-02
   6.5683593750000000       -3.16677392E-02
   6.5722656250000000       -3.18367481E-02
   6.5761718750000000       -3.20069492E-02
   6.5800781250000000       -3.21783721E-02
   6.5839843750000000       -3.23510468E-02
   6.5878906250000000       -3.25249135E-02
   6.5917968750000000       -3.27000320E-02
   6.5957031250000000       -3.28764021E-02
   6.5996093750000000       -3.30540240E-02
   6.6035156250000000       -3.32329571E-02
   6.6074218750000000       -3.34131420E-02
   6.6113281250000000       -3.35946381E-02
   6.6152343750000000       -3.37774158E-02
   6.6191406250000000       -3.39615345E-02
   6.6230468750000000       -3.41469646E-02
   6.6269531250000000       -3.43337655E-02
   6.6308593750000000       -3.45219076E-02
   6.6347656250000000       -3.47113907E-02
   6.6386718750000000       -3.49022746E-02
   6.6425781250000000       -3.50945294E-02
   6.6464843750000000       -3.52882147E-02
   6.6503906250000000       -3.54832709E-02
   6.6542968750000000       -3.56797874E-02
   6.6582031250000000       -3.58777344E-02
   6.6621093750000000       -3.60771120E-02
   6.6660156250000000       -3.62779796E-02
   6.6699218750000000       -3.64802778E-02
   6.6738281250000000       -3.66840959E-02
   6.6777343750000000       -3.68894339E-02
   6.6816406250000000       -3.70962620E-02
   6.6855468750000000       -3.73046100E-02
   6.6894531250000000       -3.75145078E-02
   6.6933593750000000       -3.77259552E-02
   6.6972656250000000       -3.79389822E-02
   6.7011718750000000       -3.81535888E-02
   6.7050781250000000       -3.83698046E-02
   6.7089843750000000       -3.85876000E-02
   6.7128906250000000       -3.88070345E-02
   6.7167968750000000       -3.90281081E-02
   6.7207031250000000       -3.92508507E-02
   6.7246093750000000       -3.94752622E-02
   6.7285156250000000       -3.97013426E-02
   6.7324218750000000       -3.99291217E-02
   6.7363281250000000       -4.01585996E-02
   6.7402343750000000       -4.03898358E-02
   6.7441406250000000       -4.06228006E-02
   6.7480468750000000       -4.08575535E-02
   6.7519531250000000       -4.10940647E-02
   6.7558593750000000       -4.13323641E-02
   6.7597656250000000       -4.15724516E-02
   6.7636718750000000       -4.18143868E-02
   6.7675781250000000       -4.20581698E-02
   6.7714843750000000       -4.23038006E-02
   6.7753906250000000       -4.25513387E-02
   6.7792968750000000       -4.28007245E-02
   6.7832031250000000       -4.30520475E-02
   6.7871093750000000       -4.33052778E-02
   6.7910156250000000       -4.35604751E-02
   6.7949218750000000       -4.38176095E-02
   6.7988281250000000       -4.40767407E-02
   6.8027343750000000       -4.43378687E-02
   6.8066406250000000       -4.46010232E-02
   6.8105468750000000       -4.48662043E-02
   6.8144531250000000       -4.51334417E-02
   6.8183593750000000       -4.54027355E-02
   6.8222656250000000       -4.56741452E-02
   6.8261718750000000       -4.59476709E-02
   6.8300781250000000       -4.62233126E-02
   6.8339843750000000       -4.65011001E-02
   6.8378906250000000       -4.67810631E-02
   6.8417968750000000       -4.70632315E-02
   6.8457031250000000       -4.73475754E-02
   6.8496093750000000       -4.76341844E-02
   6.8535156250000000       -4.79230583E-02
   6.8574218750000000       -4.82141674E-02
   6.8613281250000000       -4.85076010E-02
   6.8652343750000000       -4.88033295E-02
   6.8691406250000000       -4.91014123E-02
   6.8730468750000000       -4.94018495E-02
   6.8769531250000000       -4.97046709E-02
   6.8808593750000000       -5.00099063E-02
   6.8847656250000000       -5.03175557E-02
   6.8886718750000000       -5.06276786E-02
   6.8925781250000000       -5.09402454E-02
   6.8964843750000000       -5.12553453E-02
   6.9003906250000000       -5.15729189E-02
   6.9042968750000000       -5.18930852E-02
   6.9082031250000000       -5.22157848E-02
   6.9121093750000000       -5.25411069E-02
   6.9160156250000000       -5.28690219E-02
   6.9199218750000000       -5.31995893E-02
   6.9238281250000000       -5.35328388E-02
   6.9277343750000000       -5.38687706E-02
   6.9316406250000000       -5.42074144E-02
   6.9355468750000000       -5.45488000E-02
   6.9394531250000000       -5.48929870E-02
   6.9433593750000000       -5.52399457E-02
   6.9472656250000000       -5.55897355E-02
   6.9511718750000000       -5.59423864E-02
   6.9550781250000000       -5.62979281E-02
   6.9589843750000000       -5.66563606E-02
   6.9628906250000000       -5.70177436E-02
   6.9667968750000000       -5.73820770E-02
   6.9707031250000000       -5.77494204E-02
   6.9746093750000000       -5.81197739E-02
   6.9785156250000000       -5.84931970E-02
   6.9824218750000000       -5.88696897E-02
   6.9863281250000000       -5.92492819E-02
   6.9902343750000000       -5.96320331E-02
   6.9941406250000000       -6.00179434E-02
   6.9980468750000000       -6.04070723E-02
   7.0019531250000000       -6.07994497E-02
   7.0058593750000000       -6.11950755E-02
   7.0097656250000000       -6.15939796E-02
   7.0136718750000000       -6.19962513E-02
   7.0175781250000000       -6.24018908E-02
   7.0214843750000000       -6.28108978E-02
   7.0253906250000000       -6.32233620E-02
   7.0292968750000000       -6.36392832E-02
   7.0332031250000000       -6.40587211E-02
   7.0371093750000000       -6.44816756E-02
   7.0410156250000000       -6.49082065E-02
   7.0449218750000000       -6.53383434E-02
   7.0488281250000000       -6.57721162E-02
   7.0527343750000000       -6.62095547E-02
   7.0566406250000000       -6.66507185E-02
   7.0605468750000000       -6.70956373E-02
   7.0644531250000000       -6.75443411E-02
   7.0683593750000000       -6.79968894E-02
   7.0722656250000000       -6.84532821E-02
   7.0761718750000000       -6.89136088E-02
   7.0800781250000000       -6.93778396E-02
   7.0839843750000000       -6.98460639E-02
   7.0878906250000000       -7.03183413E-02
   7.0917968750000000       -7.07946420E-02
   7.0957031250000000       -7.12750852E-02
   7.0996093750000000       -7.17596412E-02
   7.1035156250000000       -7.22483993E-02
   7.1074218750000000       -7.27414191E-02
   7.1113281250000000       -7.32386708E-02
   7.1152343750000000       -7.37402439E-02
   7.1191406250000000       -7.42461979E-02
   7.1230468750000000       -7.47565627E-02
   7.1269531250000000       -7.52713680E-02
   7.1308593750000000       -7.57906735E-02
   7.1347656250000000       -7.63145089E-02
   7.1386718750000000       -7.68429339E-02
   7.1425781250000000       -7.73760080E-02
   7.1464843750000000       -7.79137611E-02
   7.1503906250000000       -7.84562528E-02
   7.1542968750000000       -7.90035129E-02
   7.1582031250000000       -7.95556307E-02
   7.1621093750000000       -8.01126063E-02
   7.1660156250000000       -8.06744993E-02
   7.1699218750000000       -8.12413990E-02
   7.1738281250000000       -8.18133354E-02
   7.1777343750000000       -8.23903382E-02
   7.1816406250000000       -8.29724967E-02
   7.1855468750000000       -8.35598409E-02
   7.1894531250000000       -8.41524303E-02
   7.1933593750000000       -8.47502947E-02
   7.1972656250000000       -8.53535533E-02
   7.2011718750000000       -8.59622061E-02
   7.2050781250000000       -8.65763426E-02
   7.2089843750000000       -8.71959925E-02
   7.2128906250000000       -8.78212452E-02
   7.2167968750000000       -8.84521306E-02
   7.2207031250000000       -8.90887082E-02
   7.2246093750000000       -8.97310674E-02
   7.2285156250000000       -9.03792381E-02
   7.2324218750000000       -9.10332799E-02
   7.2363281250000000       -9.16932821E-02
   7.2402343750000000       -9.23593044E-02
   7.2441406250000000       -9.30314064E-02
   7.2480468750000000       -9.37096179E-02
   7.2519531250000000       -9.43940580E-02
   7.2558593750000000       -9.50847566E-02
   7.2597656250000000       -9.57818031E-02
   7.2636718750000000       -9.64852571E-02
   7.2675781250000000       -9.71951783E-02
   7.2714843750000000       -9.79116261E-02
   7.2753906250000000       -9.86346900E-02
   7.2792968750000000       -9.93644595E-02
   7.2832031250000000      -0.100100964    
   7.2871093750000000      -0.100844294    
   7.2910156250000000      -0.101594537    
   7.2949218750000000      -0.102351755    
   7.2988281250000000      -0.103116006    
   7.3027343750000000      -0.103887409    
   7.3066406250000000      -0.104665995    
   7.3105468750000000      -0.105451882    
   7.3144531250000000      -0.106245130    
   7.3183593750000000      -0.107045799    
   7.3222656250000000      -0.107854009    
   7.3261718750000000      -0.108669788    
   7.3300781250000000      -0.109493285    
   7.3339843750000000      -0.110324562    
   7.3378906250000000      -0.111163676    
   7.3417968750000000      -0.112010717    
   7.3457031250000000      -0.112865806    
   7.3496093750000000      -0.113729000    
   7.3535156250000000      -0.114600420    
   7.3574218750000000      -0.115480125    
   7.3613281250000000      -0.116368204    
   7.3652343750000000      -0.117264777    
   7.3691406250000000      -0.118169904    
   7.3730468750000000      -0.119083703    
   7.3769531250000000      -0.120006293    
   7.3808593750000000      -0.120937705    
   7.3847656250000000      -0.121878088    
   7.3886718750000000      -0.122827530    
   7.3925781250000000      -0.123786151    
   7.3964843750000000      -0.124754012    
   7.4003906250000000      -0.125731230    
   7.4042968750000000      -0.126717925    
   7.4082031250000000      -0.127714187    
   7.4121093750000000      -0.128720134    
   7.4160156250000000      -0.129735857    
   7.4199218750000000      -0.130761504    
   7.4238281250000000      -0.131797135    
   7.4277343750000000      -0.132842928    
   7.4316406250000000      -0.133898914    
   7.4355468750000000      -0.134965271    
   7.4394531250000000      -0.136042088    
   7.4433593750000000      -0.137129486    
   7.4472656250000000      -0.138227612    
   7.4511718750000000      -0.139336526    
   7.4550781250000000      -0.140456438    
   7.4589843750000000      -0.141587377    
   7.4628906250000000      -0.142729551    
   7.4667968750000000      -0.143883020    
   7.4707031250000000      -0.145047963    
   7.4746093750000000      -0.146224499    
   7.4785156250000000      -0.147412747    
   7.4824218750000000      -0.148612827    
   7.4863281250000000      -0.149824917    
   7.4902343750000000      -0.151049107    
   7.4941406250000000      -0.152285576    
   7.4980468750000000      -0.153534472    
   7.5019531250000000      -0.154795885    
   7.5058593750000000      -0.156069994    
   7.5097656250000000      -0.157356948    
   7.5136718750000000      -0.158656865    
   7.5175781250000000      -0.159969956    
   7.5214843750000000      -0.161296308    
   7.5253906250000000      -0.162636101    
   7.5292968750000000      -0.163989484    
   7.5332031250000000      -0.165356636    
   7.5371093750000000      -0.166737705    
   7.5410156250000000      -0.168132842    
   7.5449218750000000      -0.169542223    
   7.5488281250000000      -0.170965999    
   7.5527343750000000      -0.172404349    
   7.5566406250000000      -0.173857450    
   7.5605468750000000      -0.175325483    
   7.5644531250000000      -0.176808596    
   7.5683593750000000      -0.178306967    
   7.5722656250000000      -0.179820776    
   7.5761718750000000      -0.181350231    
   7.5800781250000000      -0.182895511    
   7.5839843750000000      -0.184456766    
   7.5878906250000000      -0.186034203    
   7.5917968750000000      -0.187628031    
   7.5957031250000000      -0.189238429    
   7.5996093750000000      -0.190865606    
   7.6035156250000000      -0.192509741    
   7.6074218750000000      -0.194171041    
   7.6113281250000000      -0.195849717    
   7.6152343750000000      -0.197545975    
   7.6191406250000000      -0.199260026    
   7.6230468750000000      -0.200992078    
   7.6269531250000000      -0.202742338    
   7.6308593750000000      -0.204511017    
   7.6347656250000000      -0.206298381    
   7.6386718750000000      -0.208104581    
   7.6425781250000000      -0.209929913    
   7.6464843750000000      -0.211774558    
   7.6503906250000000      -0.213638783    
   7.6542968750000000      -0.215522796    
   7.6582031250000000      -0.217426866    
   7.6621093750000000      -0.219351202    
   7.6660156250000000      -0.221296072    
   7.6699218750000000      -0.223261684    
   7.6738281250000000      -0.225248337    
   7.6777343750000000      -0.227256298    
   7.6816406250000000      -0.229285747    
   7.6855468750000000      -0.231337041    
   7.6894531250000000      -0.233410358    
   7.6933593750000000      -0.235506028    
   7.6972656250000000      -0.237624288    
   7.7011718750000000      -0.239765435    
   7.7050781250000000      -0.241929740    
   7.7089843750000000      -0.244117498    
   7.7128906250000000      -0.246328980    
   7.7167968750000000      -0.248564482    
   7.7207031250000000      -0.250824302    
   7.7246093750000000      -0.253108740    
   7.7285156250000000      -0.255418062    
   7.7324218750000000      -0.257752657    
   7.7363281250000000      -0.260112762    
   7.7402343750000000      -0.262498677    
   7.7441406250000000      -0.264910817    
   7.7480468750000000      -0.267349422    
   7.7519531250000000      -0.269814849    
   7.7558593750000000      -0.272307456    
   7.7597656250000000      -0.274827540    
   7.7636718750000000      -0.277375460    
   7.7675781250000000      -0.279951543    
   7.7714843750000000      -0.282556176    
   7.7753906250000000      -0.285189658    
   7.7792968750000000      -0.287852407    
   7.7832031250000000      -0.290544778    
   7.7871093750000000      -0.293267131    
   7.7910156250000000      -0.296019822    
   7.7949218750000000      -0.298803270    
   7.7988281250000000      -0.301617861    
   7.8027343750000000      -0.304463923    
   7.8066406250000000      -0.307341933    
   7.8105468750000000      -0.310252249    
   7.8144531250000000      -0.313195288    
   7.8183593750000000      -0.316171467    
   7.8222656250000000      -0.319181204    
   7.8261718750000000      -0.322224915    
   7.8300781250000000      -0.325303018    
   7.8339843750000000      -0.328415990    
   7.8378906250000000      -0.331564277    
   7.8417968750000000      -0.334748268    
   7.8457031250000000      -0.337968469    
   7.8496093750000000      -0.341225326    
   7.8535156250000000      -0.344519317    
   7.8574218750000000      -0.347850919    
   7.8613281250000000      -0.351220608    
   7.8652343750000000      -0.354628831    
   7.8691406250000000      -0.358076125    
   7.8730468750000000      -0.361562997    
   7.8769531250000000      -0.365089953    
   7.8808593750000000      -0.368657470    
   7.8847656250000000      -0.372266114    
   7.8886718750000000      -0.375916421    
   7.8925781250000000      -0.379608870    
   7.8964843750000000      -0.383344084    
   7.9003906250000000      -0.387122571    
   7.9042968750000000      -0.390944898    
   7.9082031250000000      -0.394811630    
   7.9121093750000000      -0.398723364    
   7.9160156250000000      -0.402680665    
   7.9199218750000000      -0.406684130    
   7.9238281250000000      -0.410734355    
   7.9277343750000000      -0.414831996    
   7.9316406250000000      -0.418977588    
   7.9355468750000000      -0.423171848    
   7.9394531250000000      -0.427415371    
   7.9433593750000000      -0.431708783    
   7.9472656250000000      -0.436052769    
   7.9511718750000000      -0.440447986    
   7.9550781250000000      -0.444895118    
   7.9589843750000000      -0.449394852    
   7.9628906250000000      -0.453947812    
   7.9667968750000000      -0.458554834    
   7.9707031250000000      -0.463216484    
   7.9746093750000000      -0.467933655    
   7.9785156250000000      -0.472706884    
   7.9824218750000000      -0.477537185    
   7.9863281250000000      -0.482424885    
   7.9902343750000000      -0.487371415    
   7.9941406250000000      -0.492376417    
   7.9980468750000000      -0.497443348    
