   1.9531250000000000E-003 -0.243828535    
   5.8593750000000000E-003 -0.241504505    
   9.7656250000000000E-003 -0.239206553    
   1.3671875000000000E-002 -0.236933917    
   1.7578125000000000E-002 -0.234686464    
   2.1484375000000000E-002 -0.232463792    
   2.5390625000000000E-002 -0.230265647    
   2.9296875000000000E-002 -0.228091702    
   3.3203125000000000E-002 -0.225941673    
   3.7109375000000000E-002 -0.223815247    
   4.1015625000000000E-002 -0.221712157    
   4.4921875000000000E-002 -0.219632104    
   4.8828125000000000E-002 -0.217574805    
   5.2734375000000000E-002 -0.215539992    
   5.6640625000000000E-002 -0.213527381    
   6.0546875000000000E-002 -0.211536705    
   6.4453125000000000E-002 -0.209567711    
   6.8359375000000000E-002 -0.207620114    
   7.2265625000000000E-002 -0.205693662    
   7.6171875000000000E-002 -0.203788102    
   8.0078125000000000E-002 -0.201903179    
   8.3984375000000000E-002 -0.200038642    
   8.7890625000000000E-002 -0.198194236    
   9.1796875000000000E-002 -0.196369737    
   9.5703125000000000E-002 -0.194564894    
   9.9609375000000000E-002 -0.192779467    
  0.10351562500000000      -0.191013232    
  0.10742187500000000      -0.189265952    
  0.11132812500000000      -0.187537402    
  0.11523437500000000      -0.185827345    
  0.11914062500000000      -0.184135586    
  0.12304687500000000      -0.182461873    
  0.12695312500000000      -0.180806026    
  0.13085937500000000      -0.179167807    
  0.13476562500000000      -0.177547008    
  0.13867187500000000      -0.175943434    
  0.14257812500000000      -0.174356863    
  0.14648437500000000      -0.172787115    
  0.15039062500000000      -0.171233967    
  0.15429687500000000      -0.169697240    
  0.15820312500000000      -0.168176726    
  0.16210937500000000      -0.166672245    
  0.16601562500000000      -0.165183604    
  0.16992187500000000      -0.163710609    
  0.17382812500000000      -0.162253097    
  0.17773437500000000      -0.160810858    
  0.18164062500000000      -0.159383729    
  0.18554687500000000      -0.157971531    
  0.18945312500000000      -0.156574085    
  0.19335937500000000      -0.155191213    
  0.19726562500000000      -0.153822765    
  0.20117187500000000      -0.152468547    
  0.20507812500000000      -0.151128396    
  0.20898437500000000      -0.149802178    
  0.21289062500000000      -0.148489699    
  0.21679687500000000      -0.147190809    
  0.22070312500000000      -0.145905346    
  0.22460937500000000      -0.144633174    
  0.22851562500000000      -0.143374115    
  0.23242187500000000      -0.142128021    
  0.23632812500000000      -0.140894741    
  0.24023437500000000      -0.139674142    
  0.24414062500000000      -0.138466075    
  0.24804687500000000      -0.137270376    
  0.25195312500000000      -0.136086926    
  0.25585937500000000      -0.134915560    
  0.25976562500000000      -0.133756161    
  0.26367187500000000      -0.132608593    
  0.26757812500000000      -0.131472692    
  0.27148437500000000      -0.130348355    
  0.27539062500000000      -0.129235432    
  0.27929687500000000      -0.128133804    
  0.28320312500000000      -0.127043337    
  0.28710937500000000      -0.125963897    
  0.29101562500000000      -0.124895379    
  0.29492187500000000      -0.123837635    
  0.29882812500000000      -0.122790553    
  0.30273437500000000      -0.121754013    
  0.30664062500000000      -0.120727889    
  0.31054687500000000      -0.119712077    
  0.31445312500000000      -0.118706442    
  0.31835937500000000      -0.117710888    
  0.32226562500000000      -0.116725288    
  0.32617187500000000      -0.115749538    
  0.33007812500000000      -0.114783518    
  0.33398437500000000      -0.113827124    
  0.33789062500000000      -0.112880252    
  0.34179687500000000      -0.111942783    
  0.34570312500000000      -0.111014627    
  0.34960937500000000      -0.110095672    
  0.35351562500000000      -0.109185815    
  0.35742187500000000      -0.108284950    
  0.36132812500000000      -0.107392989    
  0.36523437500000000      -0.106509820    
  0.36914062500000000      -0.105635352    
  0.37304687500000000      -0.104769483    
  0.37695312500000000      -0.103912130    
  0.38085937500000000      -0.103063181    
  0.38476562500000000      -0.102222554    
  0.38867187500000000      -0.101390168    
  0.39257812500000000      -0.100565903    
  0.39648437500000000       -9.97496918E-02
  0.40039062500000000       -9.89414304E-02
  0.40429687500000000       -9.81410593E-02
  0.40820312500000000       -9.73484516E-02
  0.41210937500000000       -9.65635553E-02
  0.41601562500000000       -9.57862735E-02
  0.41992187500000000       -9.50165167E-02
  0.42382812500000000       -9.42542031E-02
  0.42773437500000000       -9.34992731E-02
  0.43164062500000000       -9.27516222E-02
  0.43554687500000000       -9.20111686E-02
  0.43945312500000000       -9.12778601E-02
  0.44335937500000000       -9.05515924E-02
  0.44726562500000000       -8.98322910E-02
  0.45117187500000000       -8.91198963E-02
  0.45507812500000000       -8.84143263E-02
  0.45898437500000000       -8.77155066E-02
  0.46289062500000000       -8.70233551E-02
  0.46679687500000000       -8.63378197E-02
  0.47070312500000000       -8.56588036E-02
  0.47460937500000000       -8.49862620E-02
  0.47851562500000000       -8.43201131E-02
  0.48242187500000000       -8.36602822E-02
  0.48632812500000000       -8.30067098E-02
  0.49023437500000000       -8.23593289E-02
  0.49414062500000000       -8.17180574E-02
  0.49804687500000000       -8.10828581E-02
  0.50195312500000000       -8.04536417E-02
  0.50585937500000000       -7.98303559E-02
  0.50976562500000000       -7.92129263E-02
  0.51367187500000000       -7.86013156E-02
  0.51757812500000000       -7.79954344E-02
  0.52148437500000000       -7.73952305E-02
  0.52539062500000000       -7.68006518E-02
  0.52929687500000000       -7.62116238E-02
  0.53320312500000000       -7.56281018E-02
  0.53710937500000000       -7.50500262E-02
  0.54101562500000000       -7.44773224E-02
  0.54492187500000000       -7.39099532E-02
  0.54882812500000000       -7.33478591E-02
  0.55273437500000000       -7.27909729E-02
  0.55664062500000000       -7.22392499E-02
  0.56054687500000000       -7.16926306E-02
  0.56445312500000000       -7.11510628E-02
  0.56835937500000000       -7.06144944E-02
  0.57226562500000000       -7.00828806E-02
  0.57617187500000000       -6.95561543E-02
  0.58007812500000000       -6.90342709E-02
  0.58398437500000000       -6.85171932E-02
  0.58789062500000000       -6.80048466E-02
  0.59179687500000000       -6.74972013E-02
  0.59570312500000000       -6.69941902E-02
  0.59960937500000000       -6.64957911E-02
  0.60351562500000000       -6.60019293E-02
  0.60742187500000000       -6.55125678E-02
  0.61132812500000000       -6.50276616E-02
  0.61523437500000000       -6.45471662E-02
  0.61914062500000000       -6.40710369E-02
  0.62304687500000000       -6.35992214E-02
  0.62695312500000000       -6.31316826E-02
  0.63085937500000000       -6.26683757E-02
  0.63476562500000000       -6.22092485E-02
  0.63867187500000000       -6.17542639E-02
  0.64257812500000000       -6.13033846E-02
  0.64648437500000000       -6.08565584E-02
  0.65039062500000000       -6.04137480E-02
  0.65429687500000000       -5.99749126E-02
  0.65820312500000000       -5.95400110E-02
  0.66210937500000000       -5.91090135E-02
  0.66601562500000000       -5.86818643E-02
  0.66992187500000000       -5.82585260E-02
  0.67382812500000000       -5.78389689E-02
  0.67773437500000000       -5.74231446E-02
  0.68164062500000000       -5.70110306E-02
  0.68554687500000000       -5.66025712E-02
  0.68945312500000000       -5.61977327E-02
  0.69335937500000000       -5.57964891E-02
  0.69726562500000000       -5.53988032E-02
  0.70117187500000000       -5.50046302E-02
  0.70507812500000000       -5.46139330E-02
  0.70898437500000000       -5.42266853E-02
  0.71289062500000000       -5.38428426E-02
  0.71679687500000000       -5.34623899E-02
  0.72070312500000000       -5.30852638E-02
  0.72460937500000000       -5.27114607E-02
  0.72851562500000000       -5.23409247E-02
  0.73242187500000000       -5.19736409E-02
  0.73632812500000000       -5.16095608E-02
  0.74023437500000000       -5.12486584E-02
  0.74414062500000000       -5.08909114E-02
  0.74804687500000000       -5.05362712E-02
  0.75195312500000000       -5.01847193E-02
  0.75585937500000000       -4.98362184E-02
  0.75976562500000000       -4.94907461E-02
  0.76367187500000000       -4.91482615E-02
  0.76757812500000000       -4.88087498E-02
  0.77148437500000000       -4.84721661E-02
  0.77539062500000000       -4.81384844E-02
  0.77929687500000000       -4.78076823E-02
  0.78320312500000000       -4.74797376E-02
  0.78710937500000000       -4.71545979E-02
  0.79101562500000000       -4.68322672E-02
  0.79492187500000000       -4.65126857E-02
  0.79882812500000000       -4.61958535E-02
  0.80273437500000000       -4.58817296E-02
  0.80664062500000000       -4.55702841E-02
  0.81054687500000000       -4.52614985E-02
  0.81445312500000000       -4.49553542E-02
  0.81835937500000000       -4.46518064E-02
  0.82226562500000000       -4.43508439E-02
  0.82617187500000000       -4.40524369E-02
  0.83007812500000000       -4.37565632E-02
  0.83398437500000000       -4.34631892E-02
  0.83789062500000000       -4.31723073E-02
  0.84179687500000000       -4.28838767E-02
  0.84570312500000000       -4.25978787E-02
  0.84960937500000000       -4.23142910E-02
  0.85351562500000000       -4.20330912E-02
  0.85742187500000000       -4.17542607E-02
  0.86132812500000000       -4.14777659E-02
  0.86523437500000000       -4.12035957E-02
  0.86914062500000000       -4.09317166E-02
  0.87304687500000000       -4.06621099E-02
  0.87695312500000000       -4.03947607E-02
  0.88085937500000000       -4.01296392E-02
  0.88476562500000000       -3.98667306E-02
  0.88867187500000000       -3.96060087E-02
  0.89257812500000000       -3.93474512E-02
  0.89648437500000000       -3.90910432E-02
  0.90039062500000000       -3.88367586E-02
  0.90429687500000000       -3.85845862E-02
  0.90820312500000000       -3.83344926E-02
  0.91210937500000000       -3.80864702E-02
  0.91601562500000000       -3.78404930E-02
  0.91992187500000000       -3.75965424E-02
  0.92382812500000000       -3.73545960E-02
  0.92773437500000000       -3.71146463E-02
  0.93164062500000000       -3.68766598E-02
  0.93554687500000000       -3.66406254E-02
  0.93945312500000000       -3.64065245E-02
  0.94335937500000000       -3.61743383E-02
  0.94726562500000000       -3.59440483E-02
  0.95117187500000000       -3.57156359E-02
  0.95507812500000000       -3.54890898E-02
  0.95898437500000000       -3.52643803E-02
  0.96289062500000000       -3.50415036E-02
  0.96679687500000000       -3.48204300E-02
  0.97070312500000000       -3.46011519E-02
  0.97460937500000000       -3.43836546E-02
  0.97851562500000000       -3.41679119E-02
  0.98242187500000000       -3.39539126E-02
  0.98632812500000000       -3.37416381E-02
  0.99023437500000000       -3.35310698E-02
  0.99414062500000000       -3.33222039E-02
  0.99804687500000000       -3.31150144E-02
   1.0019531250000000       -3.29094864E-02
   1.0058593750000000       -3.27056088E-02
   1.0097656250000000       -3.25033627E-02
   1.0136718750000000       -3.23027335E-02
   1.0175781250000000       -3.21037062E-02
   1.0214843750000000       -3.19062658E-02
   1.0253906250000000       -3.17103975E-02
   1.0292968750000000       -3.15160938E-02
   1.0332031250000000       -3.13233286E-02
   1.0371093750000000       -3.11320964E-02
   1.0410156250000000       -3.09423823E-02
   1.0449218750000000       -3.07541676E-02
   1.0488281250000000       -3.05674374E-02
   1.0527343750000000       -3.03821955E-02
   1.0566406250000000       -3.01983971E-02
   1.0605468750000000       -3.00160553E-02
   1.0644531250000000       -2.98351608E-02
   1.0683593750000000       -2.96556670E-02
   1.0722656250000000       -2.94775907E-02
   1.0761718750000000       -2.93009188E-02
   1.0800781250000000       -2.91256234E-02
   1.0839843750000000       -2.89517026E-02
   1.0878906250000000       -2.87791360E-02
   1.0917968750000000       -2.86079068E-02
   1.0957031250000000       -2.84380261E-02
   1.0996093750000000       -2.82694623E-02
   1.1035156250000000       -2.81022172E-02
   1.1074218750000000       -2.79362611E-02
   1.1113281250000000       -2.77715847E-02
   1.1152343750000000       -2.76082028E-02
   1.1191406250000000       -2.74460725E-02
   1.1230468750000000       -2.72851977E-02
   1.1269531250000000       -2.71255579E-02
   1.1308593750000000       -2.69671567E-02
   1.1347656250000000       -2.68099736E-02
   1.1386718750000000       -2.66539920E-02
   1.1425781250000000       -2.64992137E-02
   1.1464843750000000       -2.63456199E-02
   1.1503906250000000       -2.61932034E-02
   1.1542968750000000       -2.60419548E-02
   1.1582031250000000       -2.58918684E-02
   1.1621093750000000       -2.57429145E-02
   1.1660156250000000       -2.55950987E-02
   1.1699218750000000       -2.54484192E-02
   1.1738281250000000       -2.53028423E-02
   1.1777343750000000       -2.51583774E-02
   1.1816406250000000       -2.50150003E-02
   1.1855468750000000       -2.48727221E-02
   1.1894531250000000       -2.47315057E-02
   1.1933593750000000       -2.45913658E-02
   1.1972656250000000       -2.44522840E-02
   1.2011718750000000       -2.43142527E-02
   1.2050781250000000       -2.41772570E-02
   1.2089843750000000       -2.40412876E-02
   1.2128906250000000       -2.39063408E-02
   1.2167968750000000       -2.37724092E-02
   1.2207031250000000       -2.36394852E-02
   1.2246093750000000       -2.35075541E-02
   1.2285156250000000       -2.33765990E-02
   1.2324218750000000       -2.32466329E-02
   1.2363281250000000       -2.31176298E-02
   1.2402343750000000       -2.29895934E-02
   1.2441406250000000       -2.28625089E-02
   1.2480468750000000       -2.27363613E-02
   1.2519531250000000       -2.26111524E-02
   1.2558593750000000       -2.24868748E-02
   1.2597656250000000       -2.23635174E-02
   1.2636718750000000       -2.22410709E-02
   1.2675781250000000       -2.21195295E-02
   1.2714843750000000       -2.19988823E-02
   1.2753906250000000       -2.18791272E-02
   1.2792968750000000       -2.17602458E-02
   1.2832031250000000       -2.16422472E-02
   1.2871093750000000       -2.15251073E-02
   1.2910156250000000       -2.14088317E-02
   1.2949218750000000       -2.12934054E-02
   1.2988281250000000       -2.11788230E-02
   1.3027343750000000       -2.10650805E-02
   1.3066406250000000       -2.09521689E-02
   1.3105468750000000       -2.08400786E-02
   1.3144531250000000       -2.07288004E-02
   1.3183593750000000       -2.06183325E-02
   1.3222656250000000       -2.05086693E-02
   1.3261718750000000       -2.03997958E-02
   1.3300781250000000       -2.02917159E-02
   1.3339843750000000       -2.01844256E-02
   1.3378906250000000       -2.00779010E-02
   1.3417968750000000       -1.99721400E-02
   1.3457031250000000       -1.98671538E-02
   1.3496093750000000       -1.97629202E-02
   1.3535156250000000       -1.96594354E-02
   1.3574218750000000       -1.95566937E-02
   1.3613281250000000       -1.94546822E-02
   1.3652343750000000       -1.93534140E-02
   1.3691406250000000       -1.92528665E-02
   1.3730468750000000       -1.91530380E-02
   1.3769531250000000       -1.90539211E-02
   1.3808593750000000       -1.89555045E-02
   1.3847656250000000       -1.88578013E-02
   1.3886718750000000       -1.87607892E-02
   1.3925781250000000       -1.86644644E-02
   1.3964843750000000       -1.85688231E-02
   1.4003906250000000       -1.84738617E-02
   1.4042968750000000       -1.83795746E-02
   1.4082031250000000       -1.82859506E-02
   1.4121093750000000       -1.81929916E-02
   1.4160156250000000       -1.81006901E-02
   1.4199218750000000       -1.80090312E-02
   1.4238281250000000       -1.79180261E-02
   1.4277343750000000       -1.78276580E-02
   1.4316406250000000       -1.77379288E-02
   1.4355468750000000       -1.76488254E-02
   1.4394531250000000       -1.75603405E-02
   1.4433593750000000       -1.74724832E-02
   1.4472656250000000       -1.73852406E-02
   1.4511718750000000       -1.72986053E-02
   1.4550781250000000       -1.72125697E-02
   1.4589843750000000       -1.71271414E-02
   1.4628906250000000       -1.70423072E-02
   1.4667968750000000       -1.69580542E-02
   1.4707031250000000       -1.68743897E-02
   1.4746093750000000       -1.67913102E-02
   1.4785156250000000       -1.67088024E-02
   1.4824218750000000       -1.66268721E-02
   1.4863281250000000       -1.65455006E-02
   1.4902343750000000       -1.64646916E-02
   1.4941406250000000       -1.63844414E-02
   1.4980468750000000       -1.63047425E-02
   1.5019531250000000       -1.62255950E-02
   1.5058593750000000       -1.61469895E-02
   1.5097656250000000       -1.60689242E-02
   1.5136718750000000       -1.59913935E-02
   1.5175781250000000       -1.59143899E-02
   1.5214843750000000       -1.58379227E-02
   1.5253906250000000       -1.57619677E-02
   1.5292968750000000       -1.56865381E-02
   1.5332031250000000       -1.56116206E-02
   1.5371093750000000       -1.55372145E-02
   1.5410156250000000       -1.54633084E-02
   1.5449218750000000       -1.53899081E-02
   1.5488281250000000       -1.53170088E-02
   1.5527343750000000       -1.52446013E-02
   1.5566406250000000       -1.51726836E-02
   1.5605468750000000       -1.51012521E-02
   1.5644531250000000       -1.50303030E-02
   1.5683593750000000       -1.49598354E-02
   1.5722656250000000       -1.48898391E-02
   1.5761718750000000       -1.48203187E-02
   1.5800781250000000       -1.47512630E-02
   1.5839843750000000       -1.46826701E-02
   1.5878906250000000       -1.46145383E-02
   1.5917968750000000       -1.45468647E-02
   1.5957031250000000       -1.44796455E-02
   1.5996093750000000       -1.44128725E-02
   1.6035156250000000       -1.43465428E-02
   1.6074218750000000       -1.42806610E-02
   1.6113281250000000       -1.42152170E-02
   1.6152343750000000       -1.41502088E-02
   1.6191406250000000       -1.40856281E-02
   1.6230468750000000       -1.40214851E-02
   1.6269531250000000       -1.39577566E-02
   1.6308593750000000       -1.38944620E-02
   1.6347656250000000       -1.38315773E-02
   1.6386718750000000       -1.37691144E-02
   1.6425781250000000       -1.37070641E-02
   1.6464843750000000       -1.36454180E-02
   1.6503906250000000       -1.35841854E-02
   1.6542968750000000       -1.35233467E-02
   1.6582031250000000       -1.34629179E-02
   1.6621093750000000       -1.34028774E-02
   1.6660156250000000       -1.33432364E-02
   1.6699218750000000       -1.32839857E-02
   1.6738281250000000       -1.32251233E-02
   1.6777343750000000       -1.31666474E-02
   1.6816406250000000       -1.31085487E-02
   1.6855468750000000       -1.30508328E-02
   1.6894531250000000       -1.29934903E-02
   1.6933593750000000       -1.29365260E-02
   1.6972656250000000       -1.28799314E-02
   1.7011718750000000       -1.28236972E-02
   1.7050781250000000       -1.27678355E-02
   1.7089843750000000       -1.27123380E-02
   1.7128906250000000       -1.26571953E-02
   1.7167968750000000       -1.26024056E-02
   1.7207031250000000       -1.25479745E-02
   1.7246093750000000       -1.24938991E-02
   1.7285156250000000       -1.24401655E-02
   1.7324218750000000       -1.23867840E-02
   1.7363281250000000       -1.23337395E-02
   1.7402343750000000       -1.22810444E-02
   1.7441406250000000       -1.22286770E-02
   1.7480468750000000       -1.21766552E-02
   1.7519531250000000       -1.21249631E-02
   1.7558593750000000       -1.20736007E-02
   1.7597656250000000       -1.20225707E-02
   1.7636718750000000       -1.19718611E-02
   1.7675781250000000       -1.19214812E-02
   1.7714843750000000       -1.18714171E-02
   1.7753906250000000       -1.18216733E-02
   1.7792968750000000       -1.17722480E-02
   1.7832031250000000       -1.17231347E-02
   1.7871093750000000       -1.16743362E-02
   1.7910156250000000       -1.16258450E-02
   1.7949218750000000       -1.15776611E-02
   1.7988281250000000       -1.15297809E-02
   1.8027343750000000       -1.14822043E-02
   1.8066406250000000       -1.14349294E-02
   1.8105468750000000       -1.13879535E-02
   1.8144531250000000       -1.13412710E-02
   1.8183593750000000       -1.12948846E-02
   1.8222656250000000       -1.12487879E-02
   1.8261718750000000       -1.12029798E-02
   1.8300781250000000       -1.11574633E-02
   1.8339843750000000       -1.11122318E-02
   1.8378906250000000       -1.10672787E-02
   1.8417968750000000       -1.10226125E-02
   1.8457031250000000       -1.09782219E-02
   1.8496093750000000       -1.09341107E-02
   1.8535156250000000       -1.08902715E-02
   1.8574218750000000       -1.08467089E-02
   1.8613281250000000       -1.08034210E-02
   1.8652343750000000       -1.07603958E-02
   1.8691406250000000       -1.07176425E-02
   1.8730468750000000       -1.06751490E-02
   1.8769531250000000       -1.06329247E-02
   1.8808593750000000       -1.05909584E-02
   1.8847656250000000       -1.05492529E-02
   1.8886718750000000       -1.05078071E-02
   1.8925781250000000       -1.04666147E-02
   1.8964843750000000       -1.04256794E-02
   1.9003906250000000       -1.03849946E-02
   1.9042968750000000       -1.03445603E-02
   1.9082031250000000       -1.03043728E-02
   1.9121093750000000       -1.02644386E-02
   1.9160156250000000       -1.02247437E-02
   1.9199218750000000       -1.01852939E-02
   1.9238281250000000       -1.01460870E-02
   1.9277343750000000       -1.01071224E-02
   1.9316406250000000       -1.00683933E-02
   1.9355468750000000       -1.00298990E-02
   1.9394531250000000       -9.99164209E-03
   1.9433593750000000       -9.95361805E-03
   1.9472656250000000       -9.91582964E-03
   1.9511718750000000       -9.87826567E-03
   1.9550781250000000       -9.84092988E-03
   1.9589843750000000       -9.80382692E-03
   1.9628906250000000       -9.76694562E-03
   1.9667968750000000       -9.73028410E-03
   1.9707031250000000       -9.69385169E-03
   1.9746093750000000       -9.65763815E-03
   1.9785156250000000       -9.62164067E-03
   1.9824218750000000       -9.58586391E-03
   1.9863281250000000       -9.55030136E-03
   1.9902343750000000       -9.51495301E-03
   1.9941406250000000       -9.47981793E-03
   1.9980468750000000       -9.44489334E-03
   2.0019531250000000       -9.41018481E-03
   2.0058593750000000       -9.37568117E-03
   2.0097656250000000       -9.34138056E-03
   2.0136718750000000       -9.30729322E-03
   2.0175781250000000       -9.27340612E-03
   2.0214843750000000       -9.23972111E-03
   2.0253906250000000       -9.20623913E-03
   2.0292968750000000       -9.17295646E-03
   2.0332031250000000       -9.13987216E-03
   2.0371093750000000       -9.10698902E-03
   2.0410156250000000       -9.07429680E-03
   2.0449218750000000       -9.04180389E-03
   2.0488281250000000       -9.00950003E-03
   2.0527343750000000       -8.97738989E-03
   2.0566406250000000       -8.94547161E-03
   2.0605468750000000       -8.91374424E-03
   2.0644531250000000       -8.88220221E-03
   2.0683593750000000       -8.85085016E-03
   2.0722656250000000       -8.81968159E-03
   2.0761718750000000       -8.78869556E-03
   2.0800781250000000       -8.75789672E-03
   2.0839843750000000       -8.72727856E-03
   2.0878906250000000       -8.69684108E-03
   2.0917968750000000       -8.66657868E-03
   2.0957031250000000       -8.63649882E-03
   2.0996093750000000       -8.60659685E-03
   2.1035156250000000       -8.57686810E-03
   2.1074218750000000       -8.54731910E-03
   2.1113281250000000       -8.51793587E-03
   2.1152343750000000       -8.48873239E-03
   2.1191406250000000       -8.45969282E-03
   2.1230468750000000       -8.43083113E-03
   2.1269531250000000       -8.40213243E-03
   2.1308593750000000       -8.37360509E-03
   2.1347656250000000       -8.34524352E-03
   2.1386718750000000       -8.31704680E-03
   2.1425781250000000       -8.28901492E-03
   2.1464843750000000       -8.26114602E-03
   2.1503906250000000       -8.23344104E-03
   2.1542968750000000       -8.20589717E-03
   2.1582031250000000       -8.17851070E-03
   2.1621093750000000       -8.15128535E-03
   2.1660156250000000       -8.12421925E-03
   2.1699218750000000       -8.09730776E-03
   2.1738281250000000       -8.07055552E-03
   2.1777343750000000       -8.04395601E-03
   2.1816406250000000       -8.01751018E-03
   2.1855468750000000       -7.99121987E-03
   2.1894531250000000       -7.96508044E-03
   2.1933593750000000       -7.93909188E-03
   2.1972656250000000       -7.91324954E-03
   2.2011718750000000       -7.88755994E-03
   2.2050781250000000       -7.86201935E-03
   2.2089843750000000       -7.83662684E-03
   2.2128906250000000       -7.81137682E-03
   2.2167968750000000       -7.78627349E-03
   2.2207031250000000       -7.76131591E-03
   2.2246093750000000       -7.73649942E-03
   2.2285156250000000       -7.71182310E-03
   2.2324218750000000       -7.68729532E-03
   2.2363281250000000       -7.66290259E-03
   2.2402343750000000       -7.63865234E-03
   2.2441406250000000       -7.61453947E-03
   2.2480468750000000       -7.59056443E-03
   2.2519531250000000       -7.56672584E-03
   2.2558593750000000       -7.54302321E-03
   2.2597656250000000       -7.51946028E-03
   2.2636718750000000       -7.49602821E-03
   2.2675781250000000       -7.47273024E-03
   2.2714843750000000       -7.44956592E-03
   2.2753906250000000       -7.42653059E-03
   2.2792968750000000       -7.40362750E-03
   2.2832031250000000       -7.38085667E-03
   2.2871093750000000       -7.35821249E-03
   2.2910156250000000       -7.33569963E-03
   2.2949218750000000       -7.31331296E-03
   2.2988281250000000       -7.29105575E-03
   2.3027343750000000       -7.26892333E-03
   2.3066406250000000       -7.24691572E-03
   2.3105468750000000       -7.22503196E-03
   2.3144531250000000       -7.20327115E-03
   2.3183593750000000       -7.18163792E-03
   2.3222656250000000       -7.16012251E-03
   2.3261718750000000       -7.13872910E-03
   2.3300781250000000       -7.11745722E-03
   2.3339843750000000       -7.09630596E-03
   2.3378906250000000       -7.07527483E-03
   2.3417968750000000       -7.05435965E-03
   2.3457031250000000       -7.03356368E-03
   2.3496093750000000       -7.01288646E-03
   2.3535156250000000       -6.99232332E-03
   2.3574218750000000       -6.97187800E-03
   2.3613281250000000       -6.95154630E-03
   2.3652343750000000       -6.93132728E-03
   2.3691406250000000       -6.91122422E-03
   2.3730468750000000       -6.89123338E-03
   2.3769531250000000       -6.87135383E-03
   2.3808593750000000       -6.85158512E-03
   2.3847656250000000       -6.83192722E-03
   2.3886718750000000       -6.81238296E-03
   2.3925781250000000       -6.79294439E-03
   2.3964843750000000       -6.77361479E-03
   2.4003906250000000       -6.75439415E-03
   2.4042968750000000       -6.73528155E-03
   2.4082031250000000       -6.71627652E-03
   2.4121093750000000       -6.69737533E-03
   2.4160156250000000       -6.67858077E-03
   2.4199218750000000       -6.65988866E-03
   2.4238281250000000       -6.64130272E-03
   2.4277343750000000       -6.62282249E-03
   2.4316406250000000       -6.60444330E-03
   2.4355468750000000       -6.58616517E-03
   2.4394531250000000       -6.56799180E-03
   2.4433593750000000       -6.54991809E-03
   2.4472656250000000       -6.53194403E-03
   2.4511718750000000       -6.51407288E-03
   2.4550781250000000       -6.49629720E-03
   2.4589843750000000       -6.47862349E-03
   2.4628906250000000       -6.46104803E-03
   2.4667968750000000       -6.44356618E-03
   2.4707031250000000       -6.42618584E-03
   2.4746093750000000       -6.40889816E-03
   2.4785156250000000       -6.39171107E-03
   2.4824218750000000       -6.37461618E-03
   2.4863281250000000       -6.35761721E-03
   2.4902343750000000       -6.34070998E-03
   2.4941406250000000       -6.32389775E-03
   2.4980468750000000       -6.30718004E-03
   2.5019531250000000       -6.29055267E-03
   2.5058593750000000       -6.27401937E-03
   2.5097656250000000       -6.25757594E-03
   2.5136718750000000       -6.24122564E-03
   2.5175781250000000       -6.22496475E-03
   2.5214843750000000       -6.20879233E-03
   2.5253906250000000       -6.19270839E-03
   2.5292968750000000       -6.17671618E-03
   2.5332031250000000       -6.16081152E-03
   2.5371093750000000       -6.14499440E-03
   2.5410156250000000       -6.12926437E-03
   2.5449218750000000       -6.11362141E-03
   2.5488281250000000       -6.09806459E-03
   2.5527343750000000       -6.08259719E-03
   2.5566406250000000       -6.06721221E-03
   2.5605468750000000       -6.05190871E-03
   2.5644531250000000       -6.03669416E-03
   2.5683593750000000       -6.02156110E-03
   2.5722656250000000       -6.00651558E-03
   2.5761718750000000       -5.99154690E-03
   2.5800781250000000       -5.97666577E-03
   2.5839843750000000       -5.96186472E-03
   2.5878906250000000       -5.94714331E-03
   2.5917968750000000       -5.93250431E-03
   2.5957031250000000       -5.91794821E-03
   2.5996093750000000       -5.90347080E-03
   2.6035156250000000       -5.88907162E-03
   2.6074218750000000       -5.87475440E-03
   2.6113281250000000       -5.86051494E-03
   2.6152343750000000       -5.84635278E-03
   2.6191406250000000       -5.83227165E-03
   2.6230468750000000       -5.81826363E-03
   2.6269531250000000       -5.80433570E-03
   2.6308593750000000       -5.79048460E-03
   2.6347656250000000       -5.77670941E-03
   2.6386718750000000       -5.76300966E-03
   2.6425781250000000       -5.74938254E-03
   2.6464843750000000       -5.73583366E-03
   2.6503906250000000       -5.72236022E-03
   2.6542968750000000       -5.70895756E-03
   2.6582031250000000       -5.69563312E-03
   2.6621093750000000       -5.68237947E-03
   2.6660156250000000       -5.66919986E-03
   2.6699218750000000       -5.65609010E-03
   2.6738281250000000       -5.64305717E-03
   2.6777343750000000       -5.63009037E-03
   2.6816406250000000       -5.61720040E-03
   2.6855468750000000       -5.60437888E-03
   2.6894531250000000       -5.59162674E-03
   2.6933593750000000       -5.57894679E-03
   2.6972656250000000       -5.56633482E-03
   2.7011718750000000       -5.55379502E-03
   2.7050781250000000       -5.54132275E-03
   2.7089843750000000       -5.52891847E-03
   2.7128906250000000       -5.51658450E-03
   2.7167968750000000       -5.50431851E-03
   2.7207031250000000       -5.49211912E-03
   2.7246093750000000       -5.47998631E-03
   2.7285156250000000       -5.46792336E-03
   2.7324218750000000       -5.45592373E-03
   2.7363281250000000       -5.44399302E-03
   2.7402343750000000       -5.43212518E-03
   2.7441406250000000       -5.42032626E-03
   2.7480468750000000       -5.40859252E-03
   2.7519531250000000       -5.39692026E-03
   2.7558593750000000       -5.38531318E-03
   2.7597656250000000       -5.37377456E-03
   2.7636718750000000       -5.36229694E-03
   2.7675781250000000       -5.35087986E-03
   2.7714843750000000       -5.33953030E-03
   2.7753906250000000       -5.32824127E-03
   2.7792968750000000       -5.31701604E-03
   2.7832031250000000       -5.30585367E-03
   2.7871093750000000       -5.29475184E-03
   2.7910156250000000       -5.28371241E-03
   2.7949218750000000       -5.27273305E-03
   2.7988281250000000       -5.26181562E-03
   2.8027343750000000       -5.25095779E-03
   2.8066406250000000       -5.24016190E-03
   2.8105468750000000       -5.22942469E-03
   2.8144531250000000       -5.21874893E-03
   2.8183593750000000       -5.20813186E-03
   2.8222656250000000       -5.19757252E-03
   2.8261718750000000       -5.18707139E-03
   2.8300781250000000       -5.17663127E-03
   2.8339843750000000       -5.16624842E-03
   2.8378906250000000       -5.15592285E-03
   2.8417968750000000       -5.14565781E-03
   2.8457031250000000       -5.13544679E-03
   2.8496093750000000       -5.12529537E-03
   2.8535156250000000       -5.11519704E-03
   2.8574218750000000       -5.10515878E-03
   2.8613281250000000       -5.09517686E-03
   2.8652343750000000       -5.08525083E-03
   2.8691406250000000       -5.07537695E-03
   2.8730468750000000       -5.06556267E-03
   2.8769531250000000       -5.05580008E-03
   2.8808593750000000       -5.04609337E-03
   2.8847656250000000       -5.03644440E-03
   2.8886718750000000       -5.02684433E-03
   2.8925781250000000       -5.01730246E-03
   2.8964843750000000       -5.00781508E-03
   2.9003906250000000       -4.99837892E-03
   2.9042968750000000       -4.98899724E-03
   2.9082031250000000       -4.97966632E-03
   2.9121093750000000       -4.97038942E-03
   2.9160156250000000       -4.96116653E-03
   2.9199218750000000       -4.95199393E-03
   2.9238281250000000       -4.94287442E-03
   2.9277343750000000       -4.93380567E-03
   2.9316406250000000       -4.92479000E-03
   2.9355468750000000       -4.91582369E-03
   2.9394531250000000       -4.90691094E-03
   2.9433593750000000       -4.89804707E-03
   2.9472656250000000       -4.88923630E-03
   2.9511718750000000       -4.88047116E-03
   2.9550781250000000       -4.87176143E-03
   2.9589843750000000       -4.86309780E-03
   2.9628906250000000       -4.85448586E-03
   2.9667968750000000       -4.84592281E-03
   2.9707031250000000       -4.83740820E-03
   2.9746093750000000       -4.82894154E-03
   2.9785156250000000       -4.82052658E-03
   2.9824218750000000       -4.81215632E-03
   2.9863281250000000       -4.80383728E-03
   2.9902343750000000       -4.79556620E-03
   2.9941406250000000       -4.78734262E-03
   2.9980468750000000       -4.77916654E-03
   3.0019531250000000       -4.77103749E-03
   3.0058593750000000       -4.76295594E-03
   3.0097656250000000       -4.75492142E-03
   3.0136718750000000       -4.74693440E-03
   3.0175781250000000       -4.73899022E-03
   3.0214843750000000       -4.73109633E-03
   3.0253906250000000       -4.72324574E-03
   3.0292968750000000       -4.71544499E-03
   3.0332031250000000       -4.70768707E-03
   3.0371093750000000       -4.69997572E-03
   3.0410156250000000       -4.69231000E-03
   3.0449218750000000       -4.68468759E-03
   3.0488281250000000       -4.67711082E-03
   3.0527343750000000       -4.66957921E-03
   3.0566406250000000       -4.66209371E-03
   3.0605468750000000       -4.65465058E-03
   3.0644531250000000       -4.64725215E-03
   3.0683593750000000       -4.63989656E-03
   3.0722656250000000       -4.63258568E-03
   3.0761718750000000       -4.62531950E-03
   3.0800781250000000       -4.61809570E-03
   3.0839843750000000       -4.61091287E-03
   3.0878906250000000       -4.60377522E-03
   3.0917968750000000       -4.59668133E-03
   3.0957031250000000       -4.58962936E-03
   3.0996093750000000       -4.58261836E-03
   3.1035156250000000       -4.57565160E-03
   3.1074218750000000       -4.56872582E-03
   3.1113281250000000       -4.56184382E-03
   3.1152343750000000       -4.55500232E-03
   3.1191406250000000       -4.54820180E-03
   3.1230468750000000       -4.54144180E-03
   3.1269531250000000       -4.53472510E-03
   3.1308593750000000       -4.52804891E-03
   3.1347656250000000       -4.52141277E-03
   3.1386718750000000       -4.51481994E-03
   3.1425781250000000       -4.50826390E-03
   3.1464843750000000       -4.50175069E-03
   3.1503906250000000       -4.49527754E-03
   3.1542968750000000       -4.48884442E-03
   3.1582031250000000       -4.48245043E-03
   3.1621093750000000       -4.47609881E-03
   3.1660156250000000       -4.46978398E-03
   3.1699218750000000       -4.46350826E-03
   3.1738281250000000       -4.45727492E-03
   3.1777343750000000       -4.45107743E-03
   3.1816406250000000       -4.44492232E-03
   3.1855468750000000       -4.43880260E-03
   3.1894531250000000       -4.43272199E-03
   3.1933593750000000       -4.42668004E-03
   3.1972656250000000       -4.42067999E-03
   3.2011718750000000       -4.41471534E-03
   3.2050781250000000       -4.40878933E-03
   3.2089843750000000       -4.40289825E-03
   3.2128906250000000       -4.39704861E-03
   3.2167968750000000       -4.39123437E-03
   3.2207031250000000       -4.38546110E-03
   3.2246093750000000       -4.37972276E-03
   3.2285156250000000       -4.37401980E-03
   3.2324218750000000       -4.36835689E-03
   3.2363281250000000       -4.36272938E-03
   3.2402343750000000       -4.35713911E-03
   3.2441406250000000       -4.35158703E-03
   3.2480468750000000       -4.34606895E-03
   3.2519531250000000       -4.34058858E-03
   3.2558593750000000       -4.33514500E-03
   3.2597656250000000       -4.32973634E-03
   3.2636718750000000       -4.32436448E-03
   3.2675781250000000       -4.31902707E-03
   3.2714843750000000       -4.31372644E-03
   3.2753906250000000       -4.30846261E-03
   3.2792968750000000       -4.30323277E-03
   3.2832031250000000       -4.29803692E-03
   3.2871093750000000       -4.29288018E-03
   3.2910156250000000       -4.28775465E-03
   3.2949218750000000       -4.28266544E-03
   3.2988281250000000       -4.27761301E-03
   3.3027343750000000       -4.27259365E-03
   3.3066406250000000       -4.26760782E-03
   3.3105468750000000       -4.26265830E-03
   3.3144531250000000       -4.25774185E-03
   3.3183593750000000       -4.25286172E-03
   3.3222656250000000       -4.24801419E-03
   3.3261718750000000       -4.24320018E-03
   3.3300781250000000       -4.23842156E-03
   3.3339843750000000       -4.23367321E-03
   3.3378906250000000       -4.22896352E-03
   3.3417968750000000       -4.22428362E-03
   3.3457031250000000       -4.21963958E-03
   3.3496093750000000       -4.21502767E-03
   3.3535156250000000       -4.21044836E-03
   3.3574218750000000       -4.20590444E-03
   3.3613281250000000       -4.20139031E-03
   3.3652343750000000       -4.19691112E-03
   3.3691406250000000       -4.19246452E-03
   3.3730468750000000       -4.18805284E-03
   3.3769531250000000       -4.18367051E-03
   3.3808593750000000       -4.17932309E-03
   3.3847656250000000       -4.17500455E-03
   3.3886718750000000       -4.17072140E-03
   3.3925781250000000       -4.16646944E-03
   3.3964843750000000       -4.16225009E-03
   3.4003906250000000       -4.15806193E-03
   3.4042968750000000       -4.15390590E-03
   3.4082031250000000       -4.14978107E-03
   3.4121093750000000       -4.14568838E-03
   3.4160156250000000       -4.14162967E-03
   3.4199218750000000       -4.13759984E-03
   3.4238281250000000       -4.13360167E-03
   3.4277343750000000       -4.12963424E-03
   3.4316406250000000       -4.12569847E-03
   3.4355468750000000       -4.12179437E-03
   3.4394531250000000       -4.11792379E-03
   3.4433593750000000       -4.11407882E-03
   3.4472656250000000       -4.11026785E-03
   3.4511718750000000       -4.10648761E-03
   3.4550781250000000       -4.10273904E-03
   3.4589843750000000       -4.09901794E-03
   3.4628906250000000       -4.09533083E-03
   3.4667968750000000       -4.09167167E-03
   3.4707031250000000       -4.08804324E-03
   3.4746093750000000       -4.08444554E-03
   3.4785156250000000       -4.08087857E-03
   3.4824218750000000       -4.07734234E-03
   3.4863281250000000       -4.07383358E-03
   3.4902343750000000       -4.07035556E-03
   3.4941406250000000       -4.06690780E-03
   3.4980468750000000       -4.06349078E-03
   3.5019531250000000       -4.06010123E-03
   3.5058593750000000       -4.05674474E-03
   3.5097656250000000       -4.05341573E-03
   3.5136718750000000       -4.05011419E-03
   3.5175781250000000       -4.04684572E-03
   3.5214843750000000       -4.04360471E-03
   3.5253906250000000       -4.04039351E-03
   3.5292968750000000       -4.03720979E-03
   3.5332031250000000       -4.03405586E-03
   3.5371093750000000       -4.03093221E-03
   3.5410156250000000       -4.02783789E-03
   3.5449218750000000       -4.02477104E-03
   3.5488281250000000       -4.02173167E-03
   3.5527343750000000       -4.01872443E-03
   3.5566406250000000       -4.01574420E-03
   3.5605468750000000       -4.01279097E-03
   3.5644531250000000       -4.00986709E-03
   3.5683593750000000       -4.00697300E-03
   3.5722656250000000       -4.00410593E-03
   3.5761718750000000       -4.00126819E-03
   3.5800781250000000       -3.99846025E-03
   3.5839843750000000       -3.99567885E-03
   3.5878906250000000       -3.99292400E-03
   3.5917968750000000       -3.99019849E-03
   3.5957031250000000       -3.98750277E-03
   3.5996093750000000       -3.98483314E-03
   3.6035156250000000       -3.98219004E-03
   3.6074218750000000       -3.97957629E-03
   3.6113281250000000       -3.97699187E-03
   3.6152343750000000       -3.97443399E-03
   3.6191406250000000       -3.97190498E-03
   3.6230468750000000       -3.96939926E-03
   3.6269531250000000       -3.96692567E-03
   3.6308593750000000       -3.96447862E-03
   3.6347656250000000       -3.96205764E-03
   3.6386718750000000       -3.95966554E-03
   3.6425781250000000       -3.95729952E-03
   3.6464843750000000       -3.95495957E-03
   3.6503906250000000       -3.95264896E-03
   3.6542968750000000       -3.95036675E-03
   3.6582031250000000       -3.94810783E-03
   3.6621093750000000       -3.94587824E-03
   3.6660156250000000       -3.94367659E-03
   3.6699218750000000       -3.94150149E-03
   3.6738281250000000       -3.93935200E-03
   3.6777343750000000       -3.93723138E-03
   3.6816406250000000       -3.93513404E-03
   3.6855468750000000       -3.93306790E-03
   3.6894531250000000       -3.93102458E-03
   3.6933593750000000       -3.92900966E-03
   3.6972656250000000       -3.92702082E-03
   3.7011718750000000       -3.92506085E-03
   3.7050781250000000       -3.92312603E-03
   3.7089843750000000       -3.92121729E-03
   3.7128906250000000       -3.91933369E-03
   3.7167968750000000       -3.91747896E-03
   3.7207031250000000       -3.91564937E-03
   3.7246093750000000       -3.91384866E-03
   3.7285156250000000       -3.91207030E-03
   3.7324218750000000       -3.91032035E-03
   3.7363281250000000       -3.90859600E-03
   3.7402343750000000       -3.90689727E-03
   3.7441406250000000       -3.90522671E-03
   3.7480468750000000       -3.90358153E-03
   3.7519531250000000       -3.90196173E-03
   3.7558593750000000       -3.90036730E-03
   3.7597656250000000       -3.89880128E-03
   3.7636718750000000       -3.89726041E-03
   3.7675781250000000       -3.89574491E-03
   3.7714843750000000       -3.89425457E-03
   3.7753906250000000       -3.89278983E-03
   3.7792968750000000       -3.89135280E-03
   3.7832031250000000       -3.88994138E-03
   3.7871093750000000       -3.88855487E-03
   3.7910156250000000       -3.88719374E-03
   3.7949218750000000       -3.88585799E-03
   3.7988281250000000       -3.88454995E-03
   3.8027343750000000       -3.88326449E-03
   3.8066406250000000       -3.88200674E-03
   3.8105468750000000       -3.88077437E-03
   3.8144531250000000       -3.87956970E-03
   3.8183593750000000       -3.87838739E-03
   3.8222656250000000       -3.87723302E-03
   3.8261718750000000       -3.87610099E-03
   3.8300781250000000       -3.87499668E-03
   3.8339843750000000       -3.87391751E-03
   3.8378906250000000       -3.87286325E-03
   3.8417968750000000       -3.87183693E-03
   3.8457031250000000       -3.87083273E-03
   3.8496093750000000       -3.86985368E-03
   3.8535156250000000       -3.86890210E-03
   3.8574218750000000       -3.86797567E-03
   3.8613281250000000       -3.86707415E-03
   3.8652343750000000       -3.86619777E-03
   3.8691406250000000       -3.86534608E-03
   3.8730468750000000       -3.86451930E-03
   3.8769531250000000       -3.86372046E-03
   3.8808593750000000       -3.86294350E-03
   3.8847656250000000       -3.86219425E-03
   3.8886718750000000       -3.86146712E-03
   3.8925781250000000       -3.86076770E-03
   3.8964843750000000       -3.86009319E-03
   3.9003906250000000       -3.85944336E-03
   3.9042968750000000       -3.85881844E-03
   3.9082031250000000       -3.85821844E-03
   3.9121093750000000       -3.85764590E-03
   3.9160156250000000       -3.85709549E-03
   3.9199218750000000       -3.85656999E-03
   3.9238281250000000       -3.85607197E-03
   3.9277343750000000       -3.85559862E-03
   3.9316406250000000       -3.85514763E-03
   3.9355468750000000       -3.85472388E-03
   3.9394531250000000       -3.85432504E-03
   3.9433593750000000       -3.85395112E-03
   3.9472656250000000       -3.85360164E-03
   3.9511718750000000       -3.85327730E-03
   3.9550781250000000       -3.85297742E-03
   3.9589843750000000       -3.85270244E-03
   3.9628906250000000       -3.85245495E-03
   3.9667968750000000       -3.85222957E-03
   3.9707031250000000       -3.85203166E-03
   3.9746093750000000       -3.85185564E-03
   3.9785156250000000       -3.85170709E-03
   3.9824218750000000       -3.85158067E-03
   3.9863281250000000       -3.85148171E-03
   3.9902343750000000       -3.85140744E-03
   3.9941406250000000       -3.85135808E-03
   3.9980468750000000       -3.85133317E-03
   4.0019531250000000       -3.85133317E-03
   4.0058593750000000       -3.85135808E-03
   4.0097656250000000       -3.85140744E-03
   4.0136718750000000       -3.85148171E-03
   4.0175781250000000       -3.85158067E-03
   4.0214843750000000       -3.85170709E-03
   4.0253906250000000       -3.85185564E-03
   4.0292968750000000       -3.85203166E-03
   4.0332031250000000       -3.85222957E-03
   4.0371093750000000       -3.85245495E-03
   4.0410156250000000       -3.85270244E-03
   4.0449218750000000       -3.85297742E-03
   4.0488281250000000       -3.85327730E-03
   4.0527343750000000       -3.85360164E-03
   4.0566406250000000       -3.85395112E-03
   4.0605468750000000       -3.85432504E-03
   4.0644531250000000       -3.85472388E-03
   4.0683593750000000       -3.85514763E-03
   4.0722656250000000       -3.85559862E-03
   4.0761718750000000       -3.85607197E-03
   4.0800781250000000       -3.85656999E-03
   4.0839843750000000       -3.85709549E-03
   4.0878906250000000       -3.85764590E-03
   4.0917968750000000       -3.85821844E-03
   4.0957031250000000       -3.85881844E-03
   4.0996093750000000       -3.85944336E-03
   4.1035156250000000       -3.86009319E-03
   4.1074218750000000       -3.86076770E-03
   4.1113281250000000       -3.86146712E-03
   4.1152343750000000       -3.86219425E-03
   4.1191406250000000       -3.86294350E-03
   4.1230468750000000       -3.86372046E-03
   4.1269531250000000       -3.86451930E-03
   4.1308593750000000       -3.86534608E-03
   4.1347656250000000       -3.86619777E-03
   4.1386718750000000       -3.86707415E-03
   4.1425781250000000       -3.86797567E-03
   4.1464843750000000       -3.86890210E-03
   4.1503906250000000       -3.86985368E-03
   4.1542968750000000       -3.87083273E-03
   4.1582031250000000       -3.87183693E-03
   4.1621093750000000       -3.87286325E-03
   4.1660156250000000       -3.87391751E-03
   4.1699218750000000       -3.87499668E-03
   4.1738281250000000       -3.87610099E-03
   4.1777343750000000       -3.87723302E-03
   4.1816406250000000       -3.87838739E-03
   4.1855468750000000       -3.87956970E-03
   4.1894531250000000       -3.88077437E-03
   4.1933593750000000       -3.88200674E-03
   4.1972656250000000       -3.88326449E-03
   4.2011718750000000       -3.88454995E-03
   4.2050781250000000       -3.88585799E-03
   4.2089843750000000       -3.88719374E-03
   4.2128906250000000       -3.88855487E-03
   4.2167968750000000       -3.88994138E-03
   4.2207031250000000       -3.89135280E-03
   4.2246093750000000       -3.89278983E-03
   4.2285156250000000       -3.89425457E-03
   4.2324218750000000       -3.89574491E-03
   4.2363281250000000       -3.89726041E-03
   4.2402343750000000       -3.89880128E-03
   4.2441406250000000       -3.90036730E-03
   4.2480468750000000       -3.90196173E-03
   4.2519531250000000       -3.90358153E-03
   4.2558593750000000       -3.90522671E-03
   4.2597656250000000       -3.90689727E-03
   4.2636718750000000       -3.90859600E-03
   4.2675781250000000       -3.91032035E-03
   4.2714843750000000       -3.91207030E-03
   4.2753906250000000       -3.91384866E-03
   4.2792968750000000       -3.91564937E-03
   4.2832031250000000       -3.91747896E-03
   4.2871093750000000       -3.91933369E-03
   4.2910156250000000       -3.92121729E-03
   4.2949218750000000       -3.92312603E-03
   4.2988281250000000       -3.92506085E-03
   4.3027343750000000       -3.92702082E-03
   4.3066406250000000       -3.92900966E-03
   4.3105468750000000       -3.93102458E-03
   4.3144531250000000       -3.93306790E-03
   4.3183593750000000       -3.93513404E-03
   4.3222656250000000       -3.93723138E-03
   4.3261718750000000       -3.93935200E-03
   4.3300781250000000       -3.94150149E-03
   4.3339843750000000       -3.94367659E-03
   4.3378906250000000       -3.94587824E-03
   4.3417968750000000       -3.94810783E-03
   4.3457031250000000       -3.95036675E-03
   4.3496093750000000       -3.95264896E-03
   4.3535156250000000       -3.95495957E-03
   4.3574218750000000       -3.95729952E-03
   4.3613281250000000       -3.95966554E-03
   4.3652343750000000       -3.96205764E-03
   4.3691406250000000       -3.96447862E-03
   4.3730468750000000       -3.96692567E-03
   4.3769531250000000       -3.96939926E-03
   4.3808593750000000       -3.97190498E-03
   4.3847656250000000       -3.97443399E-03
   4.3886718750000000       -3.97699187E-03
   4.3925781250000000       -3.97957629E-03
   4.3964843750000000       -3.98219004E-03
   4.4003906250000000       -3.98483314E-03
   4.4042968750000000       -3.98750277E-03
   4.4082031250000000       -3.99019849E-03
   4.4121093750000000       -3.99292400E-03
   4.4160156250000000       -3.99567885E-03
   4.4199218750000000       -3.99846025E-03
   4.4238281250000000       -4.00126819E-03
   4.4277343750000000       -4.00410593E-03
   4.4316406250000000       -4.00697300E-03
   4.4355468750000000       -4.00986709E-03
   4.4394531250000000       -4.01279097E-03
   4.4433593750000000       -4.01574420E-03
   4.4472656250000000       -4.01872443E-03
   4.4511718750000000       -4.02173167E-03
   4.4550781250000000       -4.02477104E-03
   4.4589843750000000       -4.02783789E-03
   4.4628906250000000       -4.03093221E-03
   4.4667968750000000       -4.03405586E-03
   4.4707031250000000       -4.03720979E-03
   4.4746093750000000       -4.04039351E-03
   4.4785156250000000       -4.04360471E-03
   4.4824218750000000       -4.04684572E-03
   4.4863281250000000       -4.05011419E-03
   4.4902343750000000       -4.05341573E-03
   4.4941406250000000       -4.05674474E-03
   4.4980468750000000       -4.06010123E-03
   4.5019531250000000       -4.06349078E-03
   4.5058593750000000       -4.06690780E-03
   4.5097656250000000       -4.07035556E-03
   4.5136718750000000       -4.07383358E-03
   4.5175781250000000       -4.07734234E-03
   4.5214843750000000       -4.08087857E-03
   4.5253906250000000       -4.08444554E-03
   4.5292968750000000       -4.08804324E-03
   4.5332031250000000       -4.09167167E-03
   4.5371093750000000       -4.09533083E-03
   4.5410156250000000       -4.09901794E-03
   4.5449218750000000       -4.10273904E-03
   4.5488281250000000       -4.10648761E-03
   4.5527343750000000       -4.11026785E-03
   4.5566406250000000       -4.11407882E-03
   4.5605468750000000       -4.11792379E-03
   4.5644531250000000       -4.12179437E-03
   4.5683593750000000       -4.12569847E-03
   4.5722656250000000       -4.12963424E-03
   4.5761718750000000       -4.13360167E-03
   4.5800781250000000       -4.13759984E-03
   4.5839843750000000       -4.14162967E-03
   4.5878906250000000       -4.14568838E-03
   4.5917968750000000       -4.14978107E-03
   4.5957031250000000       -4.15390590E-03
   4.5996093750000000       -4.15806193E-03
   4.6035156250000000       -4.16225009E-03
   4.6074218750000000       -4.16646944E-03
   4.6113281250000000       -4.17072140E-03
   4.6152343750000000       -4.17500455E-03
   4.6191406250000000       -4.17932309E-03
   4.6230468750000000       -4.18367051E-03
   4.6269531250000000       -4.18805284E-03
   4.6308593750000000       -4.19246452E-03
   4.6347656250000000       -4.19691112E-03
   4.6386718750000000       -4.20139031E-03
   4.6425781250000000       -4.20590444E-03
   4.6464843750000000       -4.21044836E-03
   4.6503906250000000       -4.21502767E-03
   4.6542968750000000       -4.21963958E-03
   4.6582031250000000       -4.22428362E-03
   4.6621093750000000       -4.22896352E-03
   4.6660156250000000       -4.23367321E-03
   4.6699218750000000       -4.23842156E-03
   4.6738281250000000       -4.24320018E-03
   4.6777343750000000       -4.24801419E-03
   4.6816406250000000       -4.25286172E-03
   4.6855468750000000       -4.25774185E-03
   4.6894531250000000       -4.26265830E-03
   4.6933593750000000       -4.26760782E-03
   4.6972656250000000       -4.27259365E-03
   4.7011718750000000       -4.27761301E-03
   4.7050781250000000       -4.28266544E-03
   4.7089843750000000       -4.28775465E-03
   4.7128906250000000       -4.29288018E-03
   4.7167968750000000       -4.29803692E-03
   4.7207031250000000       -4.30323277E-03
   4.7246093750000000       -4.30846261E-03
   4.7285156250000000       -4.31372644E-03
   4.7324218750000000       -4.31902707E-03
   4.7363281250000000       -4.32436448E-03
   4.7402343750000000       -4.32973634E-03
   4.7441406250000000       -4.33514500E-03
   4.7480468750000000       -4.34058858E-03
   4.7519531250000000       -4.34606895E-03
   4.7558593750000000       -4.35158703E-03
   4.7597656250000000       -4.35713911E-03
   4.7636718750000000       -4.36272938E-03
   4.7675781250000000       -4.36835689E-03
   4.7714843750000000       -4.37401980E-03
   4.7753906250000000       -4.37972276E-03
   4.7792968750000000       -4.38546110E-03
   4.7832031250000000       -4.39123437E-03
   4.7871093750000000       -4.39704861E-03
   4.7910156250000000       -4.40289825E-03
   4.7949218750000000       -4.40878933E-03
   4.7988281250000000       -4.41471534E-03
   4.8027343750000000       -4.42067999E-03
   4.8066406250000000       -4.42668004E-03
   4.8105468750000000       -4.43272199E-03
   4.8144531250000000       -4.43880260E-03
   4.8183593750000000       -4.44492232E-03
   4.8222656250000000       -4.45107743E-03
   4.8261718750000000       -4.45727492E-03
   4.8300781250000000       -4.46350826E-03
   4.8339843750000000       -4.46978398E-03
   4.8378906250000000       -4.47609881E-03
   4.8417968750000000       -4.48245043E-03
   4.8457031250000000       -4.48884442E-03
   4.8496093750000000       -4.49527754E-03
   4.8535156250000000       -4.50175069E-03
   4.8574218750000000       -4.50826390E-03
   4.8613281250000000       -4.51481994E-03
   4.8652343750000000       -4.52141277E-03
   4.8691406250000000       -4.52804891E-03
   4.8730468750000000       -4.53472510E-03
   4.8769531250000000       -4.54144180E-03
   4.8808593750000000       -4.54820180E-03
   4.8847656250000000       -4.55500232E-03
   4.8886718750000000       -4.56184382E-03
   4.8925781250000000       -4.56872582E-03
   4.8964843750000000       -4.57565160E-03
   4.9003906250000000       -4.58261836E-03
   4.9042968750000000       -4.58962936E-03
   4.9082031250000000       -4.59668133E-03
   4.9121093750000000       -4.60377522E-03
   4.9160156250000000       -4.61091287E-03
   4.9199218750000000       -4.61809570E-03
   4.9238281250000000       -4.62531950E-03
   4.9277343750000000       -4.63258568E-03
   4.9316406250000000       -4.63989656E-03
   4.9355468750000000       -4.64725215E-03
   4.9394531250000000       -4.65465058E-03
   4.9433593750000000       -4.66209371E-03
   4.9472656250000000       -4.66957921E-03
   4.9511718750000000       -4.67711082E-03
   4.9550781250000000       -4.68468759E-03
   4.9589843750000000       -4.69231000E-03
   4.9628906250000000       -4.69997572E-03
   4.9667968750000000       -4.70768707E-03
   4.9707031250000000       -4.71544499E-03
   4.9746093750000000       -4.72324574E-03
   4.9785156250000000       -4.73109633E-03
   4.9824218750000000       -4.73899022E-03
   4.9863281250000000       -4.74693440E-03
   4.9902343750000000       -4.75492142E-03
   4.9941406250000000       -4.76295594E-03
   4.9980468750000000       -4.77103749E-03
   5.0019531250000000       -4.77916654E-03
   5.0058593750000000       -4.78734262E-03
   5.0097656250000000       -4.79556620E-03
   5.0136718750000000       -4.80383728E-03
   5.0175781250000000       -4.81215632E-03
   5.0214843750000000       -4.82052658E-03
   5.0253906250000000       -4.82894154E-03
   5.0292968750000000       -4.83740820E-03
   5.0332031250000000       -4.84592281E-03
   5.0371093750000000       -4.85448586E-03
   5.0410156250000000       -4.86309780E-03
   5.0449218750000000       -4.87176143E-03
   5.0488281250000000       -4.88047116E-03
   5.0527343750000000       -4.88923630E-03
   5.0566406250000000       -4.89804707E-03
   5.0605468750000000       -4.90691094E-03
   5.0644531250000000       -4.91582369E-03
   5.0683593750000000       -4.92479000E-03
   5.0722656250000000       -4.93380567E-03
   5.0761718750000000       -4.94287442E-03
   5.0800781250000000       -4.95199393E-03
   5.0839843750000000       -4.96116653E-03
   5.0878906250000000       -4.97038942E-03
   5.0917968750000000       -4.97966632E-03
   5.0957031250000000       -4.98899724E-03
   5.0996093750000000       -4.99837892E-03
   5.1035156250000000       -5.00781508E-03
   5.1074218750000000       -5.01730246E-03
   5.1113281250000000       -5.02684433E-03
   5.1152343750000000       -5.03644440E-03
   5.1191406250000000       -5.04609337E-03
   5.1230468750000000       -5.05580008E-03
   5.1269531250000000       -5.06556267E-03
   5.1308593750000000       -5.07537695E-03
   5.1347656250000000       -5.08525083E-03
   5.1386718750000000       -5.09517686E-03
   5.1425781250000000       -5.10515878E-03
   5.1464843750000000       -5.11519704E-03
   5.1503906250000000       -5.12529537E-03
   5.1542968750000000       -5.13544679E-03
   5.1582031250000000       -5.14565781E-03
   5.1621093750000000       -5.15592285E-03
   5.1660156250000000       -5.16624842E-03
   5.1699218750000000       -5.17663127E-03
   5.1738281250000000       -5.18707139E-03
   5.1777343750000000       -5.19757252E-03
   5.1816406250000000       -5.20813186E-03
   5.1855468750000000       -5.21874893E-03
   5.1894531250000000       -5.22942469E-03
   5.1933593750000000       -5.24016190E-03
   5.1972656250000000       -5.25095779E-03
   5.2011718750000000       -5.26181562E-03
   5.2050781250000000       -5.27273305E-03
   5.2089843750000000       -5.28371241E-03
   5.2128906250000000       -5.29475184E-03
   5.2167968750000000       -5.30585367E-03
   5.2207031250000000       -5.31701604E-03
   5.2246093750000000       -5.32824127E-03
   5.2285156250000000       -5.33953030E-03
   5.2324218750000000       -5.35087986E-03
   5.2363281250000000       -5.36229694E-03
   5.2402343750000000       -5.37377456E-03
   5.2441406250000000       -5.38531318E-03
   5.2480468750000000       -5.39692026E-03
   5.2519531250000000       -5.40859252E-03
   5.2558593750000000       -5.42032626E-03
   5.2597656250000000       -5.43212518E-03
   5.2636718750000000       -5.44399302E-03
   5.2675781250000000       -5.45592373E-03
   5.2714843750000000       -5.46792336E-03
   5.2753906250000000       -5.47998631E-03
   5.2792968750000000       -5.49211912E-03
   5.2832031250000000       -5.50431851E-03
   5.2871093750000000       -5.51658450E-03
   5.2910156250000000       -5.52891847E-03
   5.2949218750000000       -5.54132275E-03
   5.2988281250000000       -5.55379502E-03
   5.3027343750000000       -5.56633482E-03
   5.3066406250000000       -5.57894679E-03
   5.3105468750000000       -5.59162674E-03
   5.3144531250000000       -5.60437888E-03
   5.3183593750000000       -5.61720040E-03
   5.3222656250000000       -5.63009037E-03
   5.3261718750000000       -5.64305717E-03
   5.3300781250000000       -5.65609010E-03
   5.3339843750000000       -5.66919986E-03
   5.3378906250000000       -5.68237947E-03
   5.3417968750000000       -5.69563312E-03
   5.3457031250000000       -5.70895756E-03
   5.3496093750000000       -5.72236022E-03
   5.3535156250000000       -5.73583366E-03
   5.3574218750000000       -5.74938254E-03
   5.3613281250000000       -5.76300966E-03
   5.3652343750000000       -5.77670941E-03
   5.3691406250000000       -5.79048460E-03
   5.3730468750000000       -5.80433570E-03
   5.3769531250000000       -5.81826363E-03
   5.3808593750000000       -5.83227165E-03
   5.3847656250000000       -5.84635278E-03
   5.3886718750000000       -5.86051494E-03
   5.3925781250000000       -5.87475440E-03
   5.3964843750000000       -5.88907162E-03
   5.4003906250000000       -5.90347080E-03
   5.4042968750000000       -5.91794821E-03
   5.4082031250000000       -5.93250431E-03
   5.4121093750000000       -5.94714331E-03
   5.4160156250000000       -5.96186472E-03
   5.4199218750000000       -5.97666577E-03
   5.4238281250000000       -5.99154690E-03
   5.4277343750000000       -6.00651558E-03
   5.4316406250000000       -6.02156110E-03
   5.4355468750000000       -6.03669416E-03
   5.4394531250000000       -6.05190871E-03
   5.4433593750000000       -6.06721221E-03
   5.4472656250000000       -6.08259719E-03
   5.4511718750000000       -6.09806459E-03
   5.4550781250000000       -6.11362141E-03
   5.4589843750000000       -6.12926437E-03
   5.4628906250000000       -6.14499440E-03
   5.4667968750000000       -6.16081152E-03
   5.4707031250000000       -6.17671618E-03
   5.4746093750000000       -6.19270839E-03
   5.4785156250000000       -6.20879233E-03
   5.4824218750000000       -6.22496475E-03
   5.4863281250000000       -6.24122564E-03
   5.4902343750000000       -6.25757594E-03
   5.4941406250000000       -6.27401937E-03
   5.4980468750000000       -6.29055267E-03
   5.5019531250000000       -6.30718004E-03
   5.5058593750000000       -6.32389775E-03
   5.5097656250000000       -6.34070998E-03
   5.5136718750000000       -6.35761721E-03
   5.5175781250000000       -6.37461618E-03
   5.5214843750000000       -6.39171107E-03
   5.5253906250000000       -6.40889816E-03
   5.5292968750000000       -6.42618584E-03
   5.5332031250000000       -6.44356618E-03
   5.5371093750000000       -6.46104803E-03
   5.5410156250000000       -6.47862349E-03
   5.5449218750000000       -6.49629720E-03
   5.5488281250000000       -6.51407288E-03
   5.5527343750000000       -6.53194403E-03
   5.5566406250000000       -6.54991809E-03
   5.5605468750000000       -6.56799180E-03
   5.5644531250000000       -6.58616517E-03
   5.5683593750000000       -6.60444330E-03
   5.5722656250000000       -6.62282249E-03
   5.5761718750000000       -6.64130272E-03
   5.5800781250000000       -6.65988866E-03
   5.5839843750000000       -6.67858077E-03
   5.5878906250000000       -6.69737533E-03
   5.5917968750000000       -6.71627652E-03
   5.5957031250000000       -6.73528155E-03
   5.5996093750000000       -6.75439415E-03
   5.6035156250000000       -6.77361479E-03
   5.6074218750000000       -6.79294439E-03
   5.6113281250000000       -6.81238296E-03
   5.6152343750000000       -6.83192722E-03
   5.6191406250000000       -6.85158512E-03
   5.6230468750000000       -6.87135383E-03
   5.6269531250000000       -6.89123338E-03
   5.6308593750000000       -6.91122422E-03
   5.6347656250000000       -6.93132728E-03
   5.6386718750000000       -6.95154630E-03
   5.6425781250000000       -6.97187800E-03
   5.6464843750000000       -6.99232332E-03
   5.6503906250000000       -7.01288646E-03
   5.6542968750000000       -7.03356368E-03
   5.6582031250000000       -7.05435965E-03
   5.6621093750000000       -7.07527483E-03
   5.6660156250000000       -7.09630596E-03
   5.6699218750000000       -7.11745722E-03
   5.6738281250000000       -7.13872910E-03
   5.6777343750000000       -7.16012251E-03
   5.6816406250000000       -7.18163792E-03
   5.6855468750000000       -7.20327115E-03
   5.6894531250000000       -7.22503196E-03
   5.6933593750000000       -7.24691572E-03
   5.6972656250000000       -7.26892333E-03
   5.7011718750000000       -7.29105575E-03
   5.7050781250000000       -7.31331296E-03
   5.7089843750000000       -7.33569963E-03
   5.7128906250000000       -7.35821249E-03
   5.7167968750000000       -7.38085667E-03
   5.7207031250000000       -7.40362750E-03
   5.7246093750000000       -7.42653059E-03
   5.7285156250000000       -7.44956592E-03
   5.7324218750000000       -7.47273024E-03
   5.7363281250000000       -7.49602821E-03
   5.7402343750000000       -7.51946028E-03
   5.7441406250000000       -7.54302321E-03
   5.7480468750000000       -7.56672584E-03
   5.7519531250000000       -7.59056443E-03
   5.7558593750000000       -7.61453947E-03
   5.7597656250000000       -7.63865234E-03
   5.7636718750000000       -7.66290259E-03
   5.7675781250000000       -7.68729532E-03
   5.7714843750000000       -7.71182310E-03
   5.7753906250000000       -7.73649942E-03
   5.7792968750000000       -7.76131591E-03
   5.7832031250000000       -7.78627349E-03
   5.7871093750000000       -7.81137682E-03
   5.7910156250000000       -7.83662684E-03
   5.7949218750000000       -7.86201935E-03
   5.7988281250000000       -7.88755994E-03
   5.8027343750000000       -7.91324954E-03
   5.8066406250000000       -7.93909188E-03
   5.8105468750000000       -7.96508044E-03
   5.8144531250000000       -7.99121987E-03
   5.8183593750000000       -8.01751018E-03
   5.8222656250000000       -8.04395601E-03
   5.8261718750000000       -8.07055552E-03
   5.8300781250000000       -8.09730776E-03
   5.8339843750000000       -8.12421925E-03
   5.8378906250000000       -8.15128535E-03
   5.8417968750000000       -8.17851070E-03
   5.8457031250000000       -8.20589717E-03
   5.8496093750000000       -8.23344104E-03
   5.8535156250000000       -8.26114602E-03
   5.8574218750000000       -8.28901492E-03
   5.8613281250000000       -8.31704680E-03
   5.8652343750000000       -8.34524352E-03
   5.8691406250000000       -8.37360509E-03
   5.8730468750000000       -8.40213243E-03
   5.8769531250000000       -8.43083113E-03
   5.8808593750000000       -8.45969282E-03
   5.8847656250000000       -8.48873239E-03
   5.8886718750000000       -8.51793587E-03
   5.8925781250000000       -8.54731910E-03
   5.8964843750000000       -8.57686810E-03
   5.9003906250000000       -8.60659685E-03
   5.9042968750000000       -8.63649882E-03
   5.9082031250000000       -8.66657868E-03
   5.9121093750000000       -8.69684108E-03
   5.9160156250000000       -8.72727856E-03
   5.9199218750000000       -8.75789672E-03
   5.9238281250000000       -8.78869556E-03
   5.9277343750000000       -8.81968159E-03
   5.9316406250000000       -8.85085016E-03
   5.9355468750000000       -8.88220221E-03
   5.9394531250000000       -8.91374424E-03
   5.9433593750000000       -8.94547161E-03
   5.9472656250000000       -8.97738989E-03
   5.9511718750000000       -9.00950003E-03
   5.9550781250000000       -9.04180389E-03
   5.9589843750000000       -9.07429680E-03
   5.9628906250000000       -9.10698902E-03
   5.9667968750000000       -9.13987216E-03
   5.9707031250000000       -9.17295646E-03
   5.9746093750000000       -9.20623913E-03
   5.9785156250000000       -9.23972111E-03
   5.9824218750000000       -9.27340612E-03
   5.9863281250000000       -9.30729322E-03
   5.9902343750000000       -9.34138056E-03
   5.9941406250000000       -9.37568117E-03
   5.9980468750000000       -9.41018481E-03
   6.0019531250000000       -9.44489334E-03
   6.0058593750000000       -9.47981793E-03
   6.0097656250000000       -9.51495301E-03
   6.0136718750000000       -9.55030136E-03
   6.0175781250000000       -9.58586391E-03
   6.0214843750000000       -9.62164067E-03
   6.0253906250000000       -9.65763815E-03
   6.0292968750000000       -9.69385169E-03
   6.0332031250000000       -9.73028410E-03
   6.0371093750000000       -9.76694562E-03
   6.0410156250000000       -9.80382692E-03
   6.0449218750000000       -9.84092988E-03
   6.0488281250000000       -9.87826567E-03
   6.0527343750000000       -9.91582964E-03
   6.0566406250000000       -9.95361805E-03
   6.0605468750000000       -9.99164209E-03
   6.0644531250000000       -1.00298990E-02
   6.0683593750000000       -1.00683933E-02
   6.0722656250000000       -1.01071224E-02
   6.0761718750000000       -1.01460870E-02
   6.0800781250000000       -1.01852939E-02
   6.0839843750000000       -1.02247437E-02
   6.0878906250000000       -1.02644386E-02
   6.0917968750000000       -1.03043728E-02
   6.0957031250000000       -1.03445603E-02
   6.0996093750000000       -1.03849946E-02
   6.1035156250000000       -1.04256794E-02
   6.1074218750000000       -1.04666147E-02
   6.1113281250000000       -1.05078071E-02
   6.1152343750000000       -1.05492529E-02
   6.1191406250000000       -1.05909584E-02
   6.1230468750000000       -1.06329247E-02
   6.1269531250000000       -1.06751490E-02
   6.1308593750000000       -1.07176425E-02
   6.1347656250000000       -1.07603958E-02
   6.1386718750000000       -1.08034210E-02
   6.1425781250000000       -1.08467089E-02
   6.1464843750000000       -1.08902715E-02
   6.1503906250000000       -1.09341107E-02
   6.1542968750000000       -1.09782219E-02
   6.1582031250000000       -1.10226125E-02
   6.1621093750000000       -1.10672787E-02
   6.1660156250000000       -1.11122318E-02
   6.1699218750000000       -1.11574633E-02
   6.1738281250000000       -1.12029798E-02
   6.1777343750000000       -1.12487879E-02
   6.1816406250000000       -1.12948846E-02
   6.1855468750000000       -1.13412710E-02
   6.1894531250000000       -1.13879535E-02
   6.1933593750000000       -1.14349294E-02
   6.1972656250000000       -1.14822043E-02
   6.2011718750000000       -1.15297809E-02
   6.2050781250000000       -1.15776611E-02
   6.2089843750000000       -1.16258450E-02
   6.2128906250000000       -1.16743362E-02
   6.2167968750000000       -1.17231347E-02
   6.2207031250000000       -1.17722480E-02
   6.2246093750000000       -1.18216733E-02
   6.2285156250000000       -1.18714171E-02
   6.2324218750000000       -1.19214812E-02
   6.2363281250000000       -1.19718611E-02
   6.2402343750000000       -1.20225707E-02
   6.2441406250000000       -1.20736007E-02
   6.2480468750000000       -1.21249631E-02
   6.2519531250000000       -1.21766552E-02
   6.2558593750000000       -1.22286770E-02
   6.2597656250000000       -1.22810444E-02
   6.2636718750000000       -1.23337395E-02
   6.2675781250000000       -1.23867840E-02
   6.2714843750000000       -1.24401655E-02
   6.2753906250000000       -1.24938991E-02
   6.2792968750000000       -1.25479745E-02
   6.2832031250000000       -1.26024056E-02
   6.2871093750000000       -1.26571953E-02
   6.2910156250000000       -1.27123380E-02
   6.2949218750000000       -1.27678355E-02
   6.2988281250000000       -1.28236972E-02
   6.3027343750000000       -1.28799314E-02
   6.3066406250000000       -1.29365260E-02
   6.3105468750000000       -1.29934903E-02
   6.3144531250000000       -1.30508328E-02
   6.3183593750000000       -1.31085487E-02
   6.3222656250000000       -1.31666474E-02
   6.3261718750000000       -1.32251233E-02
   6.3300781250000000       -1.32839857E-02
   6.3339843750000000       -1.33432364E-02
   6.3378906250000000       -1.34028774E-02
   6.3417968750000000       -1.34629179E-02
   6.3457031250000000       -1.35233467E-02
   6.3496093750000000       -1.35841854E-02
   6.3535156250000000       -1.36454180E-02
   6.3574218750000000       -1.37070641E-02
   6.3613281250000000       -1.37691144E-02
   6.3652343750000000       -1.38315773E-02
   6.3691406250000000       -1.38944620E-02
   6.3730468750000000       -1.39577566E-02
   6.3769531250000000       -1.40214851E-02
   6.3808593750000000       -1.40856281E-02
   6.3847656250000000       -1.41502088E-02
   6.3886718750000000       -1.42152170E-02
   6.3925781250000000       -1.42806610E-02
   6.3964843750000000       -1.43465428E-02
   6.4003906250000000       -1.44128725E-02
   6.4042968750000000       -1.44796455E-02
   6.4082031250000000       -1.45468647E-02
   6.4121093750000000       -1.46145383E-02
   6.4160156250000000       -1.46826701E-02
   6.4199218750000000       -1.47512630E-02
   6.4238281250000000       -1.48203187E-02
   6.4277343750000000       -1.48898391E-02
   6.4316406250000000       -1.49598354E-02
   6.4355468750000000       -1.50303030E-02
   6.4394531250000000       -1.51012521E-02
   6.4433593750000000       -1.51726836E-02
   6.4472656250000000       -1.52446013E-02
   6.4511718750000000       -1.53170088E-02
   6.4550781250000000       -1.53899081E-02
   6.4589843750000000       -1.54633084E-02
   6.4628906250000000       -1.55372145E-02
   6.4667968750000000       -1.56116206E-02
   6.4707031250000000       -1.56865381E-02
   6.4746093750000000       -1.57619677E-02
   6.4785156250000000       -1.58379227E-02
   6.4824218750000000       -1.59143899E-02
   6.4863281250000000       -1.59913935E-02
   6.4902343750000000       -1.60689242E-02
   6.4941406250000000       -1.61469895E-02
   6.4980468750000000       -1.62255950E-02
   6.5019531250000000       -1.63047425E-02
   6.5058593750000000       -1.63844414E-02
   6.5097656250000000       -1.64646916E-02
   6.5136718750000000       -1.65455006E-02
   6.5175781250000000       -1.66268721E-02
   6.5214843750000000       -1.67088024E-02
   6.5253906250000000       -1.67913102E-02
   6.5292968750000000       -1.68743897E-02
   6.5332031250000000       -1.69580542E-02
   6.5371093750000000       -1.70423072E-02
   6.5410156250000000       -1.71271414E-02
   6.5449218750000000       -1.72125697E-02
   6.5488281250000000       -1.72986053E-02
   6.5527343750000000       -1.73852406E-02
   6.5566406250000000       -1.74724832E-02
   6.5605468750000000       -1.75603405E-02
   6.5644531250000000       -1.76488254E-02
   6.5683593750000000       -1.77379288E-02
   6.5722656250000000       -1.78276580E-02
   6.5761718750000000       -1.79180261E-02
   6.5800781250000000       -1.80090312E-02
   6.5839843750000000       -1.81006901E-02
   6.5878906250000000       -1.81929916E-02
   6.5917968750000000       -1.82859506E-02
   6.5957031250000000       -1.83795746E-02
   6.5996093750000000       -1.84738617E-02
   6.6035156250000000       -1.85688231E-02
   6.6074218750000000       -1.86644644E-02
   6.6113281250000000       -1.87607892E-02
   6.6152343750000000       -1.88578013E-02
   6.6191406250000000       -1.89555045E-02
   6.6230468750000000       -1.90539211E-02
   6.6269531250000000       -1.91530380E-02
   6.6308593750000000       -1.92528665E-02
   6.6347656250000000       -1.93534140E-02
   6.6386718750000000       -1.94546822E-02
   6.6425781250000000       -1.95566937E-02
   6.6464843750000000       -1.96594354E-02
   6.6503906250000000       -1.97629202E-02
   6.6542968750000000       -1.98671538E-02
   6.6582031250000000       -1.99721400E-02
   6.6621093750000000       -2.00779010E-02
   6.6660156250000000       -2.01844256E-02
   6.6699218750000000       -2.02917159E-02
   6.6738281250000000       -2.03997958E-02
   6.6777343750000000       -2.05086693E-02
   6.6816406250000000       -2.06183325E-02
   6.6855468750000000       -2.07288004E-02
   6.6894531250000000       -2.08400786E-02
   6.6933593750000000       -2.09521689E-02
   6.6972656250000000       -2.10650805E-02
   6.7011718750000000       -2.11788230E-02
   6.7050781250000000       -2.12934054E-02
   6.7089843750000000       -2.14088317E-02
   6.7128906250000000       -2.15251073E-02
   6.7167968750000000       -2.16422472E-02
   6.7207031250000000       -2.17602458E-02
   6.7246093750000000       -2.18791272E-02
   6.7285156250000000       -2.19988823E-02
   6.7324218750000000       -2.21195295E-02
   6.7363281250000000       -2.22410709E-02
   6.7402343750000000       -2.23635174E-02
   6.7441406250000000       -2.24868748E-02
   6.7480468750000000       -2.26111524E-02
   6.7519531250000000       -2.27363613E-02
   6.7558593750000000       -2.28625089E-02
   6.7597656250000000       -2.29895934E-02
   6.7636718750000000       -2.31176298E-02
   6.7675781250000000       -2.32466329E-02
   6.7714843750000000       -2.33765990E-02
   6.7753906250000000       -2.35075541E-02
   6.7792968750000000       -2.36394852E-02
   6.7832031250000000       -2.37724092E-02
   6.7871093750000000       -2.39063408E-02
   6.7910156250000000       -2.40412876E-02
   6.7949218750000000       -2.41772570E-02
   6.7988281250000000       -2.43142527E-02
   6.8027343750000000       -2.44522840E-02
   6.8066406250000000       -2.45913658E-02
   6.8105468750000000       -2.47315057E-02
   6.8144531250000000       -2.48727221E-02
   6.8183593750000000       -2.50150003E-02
   6.8222656250000000       -2.51583774E-02
   6.8261718750000000       -2.53028423E-02
   6.8300781250000000       -2.54484192E-02
   6.8339843750000000       -2.55950987E-02
   6.8378906250000000       -2.57429145E-02
   6.8417968750000000       -2.58918684E-02
   6.8457031250000000       -2.60419548E-02
   6.8496093750000000       -2.61932034E-02
   6.8535156250000000       -2.63456199E-02
   6.8574218750000000       -2.64992137E-02
   6.8613281250000000       -2.66539920E-02
   6.8652343750000000       -2.68099736E-02
   6.8691406250000000       -2.69671567E-02
   6.8730468750000000       -2.71255579E-02
   6.8769531250000000       -2.72851977E-02
   6.8808593750000000       -2.74460725E-02
   6.8847656250000000       -2.76082028E-02
   6.8886718750000000       -2.77715847E-02
   6.8925781250000000       -2.79362611E-02
   6.8964843750000000       -2.81022172E-02
   6.9003906250000000       -2.82694623E-02
   6.9042968750000000       -2.84380261E-02
   6.9082031250000000       -2.86079068E-02
   6.9121093750000000       -2.87791360E-02
   6.9160156250000000       -2.89517026E-02
   6.9199218750000000       -2.91256234E-02
   6.9238281250000000       -2.93009188E-02
   6.9277343750000000       -2.94775907E-02
   6.9316406250000000       -2.96556670E-02
   6.9355468750000000       -2.98351608E-02
   6.9394531250000000       -3.00160553E-02
   6.9433593750000000       -3.01983971E-02
   6.9472656250000000       -3.03821955E-02
   6.9511718750000000       -3.05674374E-02
   6.9550781250000000       -3.07541676E-02
   6.9589843750000000       -3.09423823E-02
   6.9628906250000000       -3.11320964E-02
   6.9667968750000000       -3.13233286E-02
   6.9707031250000000       -3.15160938E-02
   6.9746093750000000       -3.17103975E-02
   6.9785156250000000       -3.19062658E-02
   6.9824218750000000       -3.21037062E-02
   6.9863281250000000       -3.23027335E-02
   6.9902343750000000       -3.25033627E-02
   6.9941406250000000       -3.27056088E-02
   6.9980468750000000       -3.29094864E-02
   7.0019531250000000       -3.31150144E-02
   7.0058593750000000       -3.33222039E-02
   7.0097656250000000       -3.35310698E-02
   7.0136718750000000       -3.37416381E-02
   7.0175781250000000       -3.39539126E-02
   7.0214843750000000       -3.41679119E-02
   7.0253906250000000       -3.43836546E-02
   7.0292968750000000       -3.46011519E-02
   7.0332031250000000       -3.48204300E-02
   7.0371093750000000       -3.50415036E-02
   7.0410156250000000       -3.52643803E-02
   7.0449218750000000       -3.54890898E-02
   7.0488281250000000       -3.57156359E-02
   7.0527343750000000       -3.59440483E-02
   7.0566406250000000       -3.61743383E-02
   7.0605468750000000       -3.64065245E-02
   7.0644531250000000       -3.66406254E-02
   7.0683593750000000       -3.68766598E-02
   7.0722656250000000       -3.71146463E-02
   7.0761718750000000       -3.73545960E-02
   7.0800781250000000       -3.75965424E-02
   7.0839843750000000       -3.78404930E-02
   7.0878906250000000       -3.80864702E-02
   7.0917968750000000       -3.83344926E-02
   7.0957031250000000       -3.85845862E-02
   7.0996093750000000       -3.88367586E-02
   7.1035156250000000       -3.90910432E-02
   7.1074218750000000       -3.93474512E-02
   7.1113281250000000       -3.96060087E-02
   7.1152343750000000       -3.98667306E-02
   7.1191406250000000       -4.01296392E-02
   7.1230468750000000       -4.03947607E-02
   7.1269531250000000       -4.06621099E-02
   7.1308593750000000       -4.09317166E-02
   7.1347656250000000       -4.12035957E-02
   7.1386718750000000       -4.14777659E-02
   7.1425781250000000       -4.17542607E-02
   7.1464843750000000       -4.20330912E-02
   7.1503906250000000       -4.23142910E-02
   7.1542968750000000       -4.25978787E-02
   7.1582031250000000       -4.28838767E-02
   7.1621093750000000       -4.31723073E-02
   7.1660156250000000       -4.34631892E-02
   7.1699218750000000       -4.37565632E-02
   7.1738281250000000       -4.40524369E-02
   7.1777343750000000       -4.43508439E-02
   7.1816406250000000       -4.46518064E-02
   7.1855468750000000       -4.49553542E-02
   7.1894531250000000       -4.52614985E-02
   7.1933593750000000       -4.55702841E-02
   7.1972656250000000       -4.58817296E-02
   7.2011718750000000       -4.61958535E-02
   7.2050781250000000       -4.65126857E-02
   7.2089843750000000       -4.68322672E-02
   7.2128906250000000       -4.71545979E-02
   7.2167968750000000       -4.74797376E-02
   7.2207031250000000       -4.78076823E-02
   7.2246093750000000       -4.81384844E-02
   7.2285156250000000       -4.84721661E-02
   7.2324218750000000       -4.88087498E-02
   7.2363281250000000       -4.91482615E-02
   7.2402343750000000       -4.94907461E-02
   7.2441406250000000       -4.98362184E-02
   7.2480468750000000       -5.01847193E-02
   7.2519531250000000       -5.05362712E-02
   7.2558593750000000       -5.08909114E-02
   7.2597656250000000       -5.12486584E-02
   7.2636718750000000       -5.16095608E-02
   7.2675781250000000       -5.19736409E-02
   7.2714843750000000       -5.23409247E-02
   7.2753906250000000       -5.27114607E-02
   7.2792968750000000       -5.30852638E-02
   7.2832031250000000       -5.34623899E-02
   7.2871093750000000       -5.38428426E-02
   7.2910156250000000       -5.42266853E-02
   7.2949218750000000       -5.46139330E-02
   7.2988281250000000       -5.50046302E-02
   7.3027343750000000       -5.53988032E-02
   7.3066406250000000       -5.57964891E-02
   7.3105468750000000       -5.61977327E-02
   7.3144531250000000       -5.66025712E-02
   7.3183593750000000       -5.70110306E-02
   7.3222656250000000       -5.74231446E-02
   7.3261718750000000       -5.78389689E-02
   7.3300781250000000       -5.82585260E-02
   7.3339843750000000       -5.86818643E-02
   7.3378906250000000       -5.91090135E-02
   7.3417968750000000       -5.95400110E-02
   7.3457031250000000       -5.99749126E-02
   7.3496093750000000       -6.04137480E-02
   7.3535156250000000       -6.08565584E-02
   7.3574218750000000       -6.13033846E-02
   7.3613281250000000       -6.17542639E-02
   7.3652343750000000       -6.22092485E-02
   7.3691406250000000       -6.26683757E-02
   7.3730468750000000       -6.31316826E-02
   7.3769531250000000       -6.35992214E-02
   7.3808593750000000       -6.40710369E-02
   7.3847656250000000       -6.45471662E-02
   7.3886718750000000       -6.50276616E-02
   7.3925781250000000       -6.55125678E-02
   7.3964843750000000       -6.60019293E-02
   7.4003906250000000       -6.64957911E-02
   7.4042968750000000       -6.69941902E-02
   7.4082031250000000       -6.74972013E-02
   7.4121093750000000       -6.80048466E-02
   7.4160156250000000       -6.85171932E-02
   7.4199218750000000       -6.90342709E-02
   7.4238281250000000       -6.95561543E-02
   7.4277343750000000       -7.00828806E-02
   7.4316406250000000       -7.06144944E-02
   7.4355468750000000       -7.11510628E-02
   7.4394531250000000       -7.16926306E-02
   7.4433593750000000       -7.22392499E-02
   7.4472656250000000       -7.27909729E-02
   7.4511718750000000       -7.33478591E-02
   7.4550781250000000       -7.39099532E-02
   7.4589843750000000       -7.44773224E-02
   7.4628906250000000       -7.50500262E-02
   7.4667968750000000       -7.56281018E-02
   7.4707031250000000       -7.62116238E-02
   7.4746093750000000       -7.68006518E-02
   7.4785156250000000       -7.73952305E-02
   7.4824218750000000       -7.79954344E-02
   7.4863281250000000       -7.86013156E-02
   7.4902343750000000       -7.92129263E-02
   7.4941406250000000       -7.98303559E-02
   7.4980468750000000       -8.04536417E-02
   7.5019531250000000       -8.10828581E-02
   7.5058593750000000       -8.17180574E-02
   7.5097656250000000       -8.23593289E-02
   7.5136718750000000       -8.30067098E-02
   7.5175781250000000       -8.36602822E-02
   7.5214843750000000       -8.43201131E-02
   7.5253906250000000       -8.49862620E-02
   7.5292968750000000       -8.56588036E-02
   7.5332031250000000       -8.63378197E-02
   7.5371093750000000       -8.70233551E-02
   7.5410156250000000       -8.77155066E-02
   7.5449218750000000       -8.84143263E-02
   7.5488281250000000       -8.91198963E-02
   7.5527343750000000       -8.98322910E-02
   7.5566406250000000       -9.05515924E-02
   7.5605468750000000       -9.12778601E-02
   7.5644531250000000       -9.20111686E-02
   7.5683593750000000       -9.27516222E-02
   7.5722656250000000       -9.34992731E-02
   7.5761718750000000       -9.42542031E-02
   7.5800781250000000       -9.50165167E-02
   7.5839843750000000       -9.57862735E-02
   7.5878906250000000       -9.65635553E-02
   7.5917968750000000       -9.73484516E-02
   7.5957031250000000       -9.81410593E-02
   7.5996093750000000       -9.89414304E-02
   7.6035156250000000       -9.97496918E-02
   7.6074218750000000      -0.100565903    
   7.6113281250000000      -0.101390168    
   7.6152343750000000      -0.102222554    
   7.6191406250000000      -0.103063181    
   7.6230468750000000      -0.103912130    
   7.6269531250000000      -0.104769483    
   7.6308593750000000      -0.105635352    
   7.6347656250000000      -0.106509820    
   7.6386718750000000      -0.107392989    
   7.6425781250000000      -0.108284950    
   7.6464843750000000      -0.109185815    
   7.6503906250000000      -0.110095672    
   7.6542968750000000      -0.111014627    
   7.6582031250000000      -0.111942783    
   7.6621093750000000      -0.112880252    
   7.6660156250000000      -0.113827124    
   7.6699218750000000      -0.114783518    
   7.6738281250000000      -0.115749538    
   7.6777343750000000      -0.116725288    
   7.6816406250000000      -0.117710888    
   7.6855468750000000      -0.118706442    
   7.6894531250000000      -0.119712077    
   7.6933593750000000      -0.120727889    
   7.6972656250000000      -0.121754013    
   7.7011718750000000      -0.122790553    
   7.7050781250000000      -0.123837635    
   7.7089843750000000      -0.124895379    
   7.7128906250000000      -0.125963897    
   7.7167968750000000      -0.127043337    
   7.7207031250000000      -0.128133804    
   7.7246093750000000      -0.129235432    
   7.7285156250000000      -0.130348355    
   7.7324218750000000      -0.131472692    
   7.7363281250000000      -0.132608593    
   7.7402343750000000      -0.133756161    
   7.7441406250000000      -0.134915560    
   7.7480468750000000      -0.136086926    
   7.7519531250000000      -0.137270376    
   7.7558593750000000      -0.138466075    
   7.7597656250000000      -0.139674142    
   7.7636718750000000      -0.140894741    
   7.7675781250000000      -0.142128021    
   7.7714843750000000      -0.143374115    
   7.7753906250000000      -0.144633174    
   7.7792968750000000      -0.145905346    
   7.7832031250000000      -0.147190809    
   7.7871093750000000      -0.148489699    
   7.7910156250000000      -0.149802178    
   7.7949218750000000      -0.151128396    
   7.7988281250000000      -0.152468547    
   7.8027343750000000      -0.153822765    
   7.8066406250000000      -0.155191213    
   7.8105468750000000      -0.156574085    
   7.8144531250000000      -0.157971531    
   7.8183593750000000      -0.159383729    
   7.8222656250000000      -0.160810858    
   7.8261718750000000      -0.162253097    
   7.8300781250000000      -0.163710609    
   7.8339843750000000      -0.165183604    
   7.8378906250000000      -0.166672245    
   7.8417968750000000      -0.168176726    
   7.8457031250000000      -0.169697240    
   7.8496093750000000      -0.171233967    
   7.8535156250000000      -0.172787115    
   7.8574218750000000      -0.174356863    
   7.8613281250000000      -0.175943434    
   7.8652343750000000      -0.177547008    
   7.8691406250000000      -0.179167807    
   7.8730468750000000      -0.180806026    
   7.8769531250000000      -0.182461873    
   7.8808593750000000      -0.184135586    
   7.8847656250000000      -0.185827345    
   7.8886718750000000      -0.187537402    
   7.8925781250000000      -0.189265952    
   7.8964843750000000      -0.191013232    
   7.9003906250000000      -0.192779467    
   7.9042968750000000      -0.194564894    
   7.9082031250000000      -0.196369737    
   7.9121093750000000      -0.198194236    
   7.9160156250000000      -0.200038642    
   7.9199218750000000      -0.201903179    
   7.9238281250000000      -0.203788102    
   7.9277343750000000      -0.205693662    
   7.9316406250000000      -0.207620114    
   7.9355468750000000      -0.209567711    
   7.9394531250000000      -0.211536705    
   7.9433593750000000      -0.213527381    
   7.9472656250000000      -0.215539992    
   7.9511718750000000      -0.217574805    
   7.9550781250000000      -0.219632104    
   7.9589843750000000      -0.221712157    
   7.9628906250000000      -0.223815247    
   7.9667968750000000      -0.225941673    
   7.9707031250000000      -0.228091702    
   7.9746093750000000      -0.230265647    
   7.9785156250000000      -0.232463792    
   7.9824218750000000      -0.234686464    
   7.9863281250000000      -0.236933917    
   7.9902343750000000      -0.239206553    
   7.9941406250000000      -0.241504505    
   7.9980468750000000      -0.243828535    
