   1.2207031250000000E-003 -0.499741793    
   3.6621093750000000E-003 -0.499227434    
   6.1035156250000000E-003 -0.498716116    
   8.5449218750000000E-003 -0.498207718    
   1.0986328125000000E-002 -0.497702211    
   1.3427734375000000E-002 -0.497199595    
   1.5869140625000000E-002 -0.496699870    
   1.8310546875000000E-002 -0.496202976    
   2.0751953125000000E-002 -0.495708913    
   2.3193359375000000E-002 -0.495217651    
   2.5634765625000000E-002 -0.494729221    
   2.8076171875000000E-002 -0.494243532    
   3.0517578125000000E-002 -0.493760586    
   3.2958984375000000E-002 -0.493280411    
   3.5400390625000000E-002 -0.492802918    
   3.7841796875000000E-002 -0.492328137    
   4.0283203125000000E-002 -0.491856039    
   4.2724609375000000E-002 -0.491386622    
   4.5166015625000000E-002 -0.490919828    
   4.7607421875000000E-002 -0.490455657    
   5.0048828125000000E-002 -0.489994109    
   5.2490234375000000E-002 -0.489535123    
   5.4931640625000000E-002 -0.489078730    
   5.7373046875000000E-002 -0.488624901    
   5.9814453125000000E-002 -0.488173604    
   6.2255859375000000E-002 -0.487724811    
   6.4697265625000000E-002 -0.487278551    
   6.7138671875000000E-002 -0.486834764    
   6.9580078125000000E-002 -0.486393452    
   7.2021484375000000E-002 -0.485954583    
   7.4462890625000000E-002 -0.485518157    
   7.6904296875000000E-002 -0.485084176    
   7.9345703125000000E-002 -0.484652579    
   8.1787109375000000E-002 -0.484223366    
   8.4228515625000000E-002 -0.483796537    
   8.6669921875000000E-002 -0.483372062    
   8.9111328125000000E-002 -0.482949942    
   9.1552734375000000E-002 -0.482530147    
   9.3994140625000000E-002 -0.482112646    
   9.6435546875000000E-002 -0.481697440    
   9.8876953125000000E-002 -0.481284529    
  0.10131835937500000      -0.480873883    
  0.10375976562500000      -0.480465502    
  0.10620117187500000      -0.480059326    
  0.10864257812500000      -0.479655385    
  0.11108398437500000      -0.479253650    
  0.11352539062500000      -0.478854090    
  0.11596679687500000      -0.478456736    
  0.11840820312500000      -0.478061527    
  0.12084960937500000      -0.477668464    
  0.12329101562500000      -0.477277547    
  0.12573242187500000      -0.476888746    
  0.12817382812500000      -0.476502061    
  0.13061523437500000      -0.476117462    
  0.13305664062500000      -0.475734949    
  0.13549804687500000      -0.475354493    
  0.13793945312500000      -0.474976093    
  0.14038085937500000      -0.474599719    
  0.14282226562500000      -0.474225372    
  0.14526367187500000      -0.473853052    
  0.14770507812500000      -0.473482728    
  0.15014648437500000      -0.473114371    
  0.15258789062500000      -0.472748011    
  0.15502929687500000      -0.472383589    
  0.15747070312500000      -0.472021133    
  0.15991210937500000      -0.471660614    
  0.16235351562500000      -0.471302003    
  0.16479492187500000      -0.470945328    
  0.16723632812500000      -0.470590532    
  0.16967773437500000      -0.470237613    
  0.17211914062500000      -0.469886571    
  0.17456054687500000      -0.469537407    
  0.17700195312500000      -0.469190061    
  0.17944335937500000      -0.468844593    
  0.18188476562500000      -0.468500912    
  0.18432617187500000      -0.468159080    
  0.18676757812500000      -0.467819035    
  0.18920898437500000      -0.467480779    
  0.19165039062500000      -0.467144281    
  0.19409179687500000      -0.466809571    
  0.19653320312500000      -0.466476619    
  0.19897460937500000      -0.466145426    
  0.20141601562500000      -0.465815961    
  0.20385742187500000      -0.465488195    
  0.20629882812500000      -0.465162158    
  0.20874023437500000      -0.464837819    
  0.21118164062500000      -0.464515179    
  0.21362304687500000      -0.464194208    
  0.21606445312500000      -0.463874906    
  0.21850585937500000      -0.463557273    
  0.22094726562500000      -0.463241279    
  0.22338867187500000      -0.462926924    
  0.22583007812500000      -0.462614208    
  0.22827148437500000      -0.462303102    
  0.23071289062500000      -0.461993605    
  0.23315429687500000      -0.461685717    
  0.23559570312500000      -0.461379379    
  0.23803710937500000      -0.461074650    
  0.24047851562500000      -0.460771471    
  0.24291992187500000      -0.460469872    
  0.24536132812500000      -0.460169792    
  0.24780273437500000      -0.459871262    
  0.25024414062500000      -0.459574252    
  0.25268554687500000      -0.459278762    
  0.25512695312500000      -0.458984792    
  0.25756835937500000      -0.458692312    
  0.26000976562500000      -0.458401352    
  0.26245117187500000      -0.458111823    
  0.26489257812500000      -0.457823813    
  0.26733398437500000      -0.457537234    
  0.26977539062500000      -0.457252115    
  0.27221679687500000      -0.456968457    
  0.27465820312500000      -0.456686229    
  0.27709960937500000      -0.456405401    
  0.27954101562500000      -0.456126004    
  0.28198242187500000      -0.455848038    
  0.28442382812500000      -0.455571443    
  0.28686523437500000      -0.455296278    
  0.28930664062500000      -0.455022454    
  0.29174804687500000      -0.454750031    
  0.29418945312500000      -0.454478979    
  0.29663085937500000      -0.454209268    
  0.29907226562500000      -0.453940898    
  0.30151367187500000      -0.453673899    
  0.30395507812500000      -0.453408211    
  0.30639648437500000      -0.453143835    
  0.30883789062500000      -0.452880800    
  0.31127929687500000      -0.452619076    
  0.31372070312500000      -0.452358633    
  0.31616210937500000      -0.452099502    
  0.31860351562500000      -0.451841652    
  0.32104492187500000      -0.451585084    
  0.32348632812500000      -0.451329768    
  0.32592773437500000      -0.451075733    
  0.32836914062500000      -0.450822949    
  0.33081054687500000      -0.450571418    
  0.33325195312500000      -0.450321108    
  0.33569335937500000      -0.450072020    
  0.33813476562500000      -0.449824184    
  0.34057617187500000      -0.449577570    
  0.34301757812500000      -0.449332148    
  0.34545898437500000      -0.449087918    
  0.34790039062500000      -0.448844880    
  0.35034179687500000      -0.448603064    
  0.35278320312500000      -0.448362410    
  0.35522460937500000      -0.448122919    
  0.35766601562500000      -0.447884619    
  0.36010742187500000      -0.447647452    
  0.36254882812500000      -0.447411448    
  0.36499023437500000      -0.447176605    
  0.36743164062500000      -0.446942896    
  0.36987304687500000      -0.446710289    
  0.37231445312500000      -0.446478844    
  0.37475585937500000      -0.446248502    
  0.37719726562500000      -0.446019262    
  0.37963867187500000      -0.445791155    
  0.38208007812500000      -0.445564121    
  0.38452148437500000      -0.445338190    
  0.38696289062500000      -0.445113361    
  0.38940429687500000      -0.444889605    
  0.39184570312500000      -0.444666892    
  0.39428710937500000      -0.444445282    
  0.39672851562500000      -0.444224715    
  0.39916992187500000      -0.444005191    
  0.40161132812500000      -0.443786740    
  0.40405273437500000      -0.443569332    
  0.40649414062500000      -0.443352938    
  0.40893554687500000      -0.443137586    
  0.41137695312500000      -0.442923248    
  0.41381835937500000      -0.442709953    
  0.41625976562500000      -0.442497671    
  0.41870117187500000      -0.442286372    
  0.42114257812500000      -0.442076087    
  0.42358398437500000      -0.441866785    
  0.42602539062500000      -0.441658467    
  0.42846679687500000      -0.441451132    
  0.43090820312500000      -0.441244781    
  0.43334960937500000      -0.441039413    
  0.43579101562500000      -0.440834999    
  0.43823242187500000      -0.440631568    
  0.44067382812500000      -0.440429062    
  0.44311523437500000      -0.440227509    
  0.44555664062500000      -0.440026909    
  0.44799804687500000      -0.439827234    
  0.45043945312500000      -0.439628512    
  0.45288085937500000      -0.439430714    
  0.45532226562500000      -0.439233840    
  0.45776367187500000      -0.439037859    
  0.46020507812500000      -0.438842803    
  0.46264648437500000      -0.438648671    
  0.46508789062500000      -0.438455403    
  0.46752929687500000      -0.438263059    
  0.46997070312500000      -0.438071609    
  0.47241210937500000      -0.437881052    
  0.47485351562500000      -0.437691361    
  0.47729492187500000      -0.437502533    
  0.47973632812500000      -0.437314600    
  0.48217773437500000      -0.437127531    
  0.48461914062500000      -0.436941296    
  0.48706054687500000      -0.436755955    
  0.48950195312500000      -0.436571449    
  0.49194335937500000      -0.436387777    
  0.49438476562500000      -0.436204940    
  0.49682617187500000      -0.436022967    
  0.49926757812500000      -0.435841829    
  0.50170898437500000      -0.435661495    
  0.50415039062500000      -0.435481995    
  0.50659179687500000      -0.435303330    
  0.50903320312500000      -0.435125440    
  0.51147460937500000      -0.434948385    
  0.51391601562500000      -0.434772134    
  0.51635742187500000      -0.434596688    
  0.51879882812500000      -0.434422016    
  0.52124023437500000      -0.434248149    
  0.52368164062500000      -0.434075087    
  0.52612304687500000      -0.433902770    
  0.52856445312500000      -0.433731258    
  0.53100585937500000      -0.433560520    
  0.53344726562500000      -0.433390558    
  0.53588867187500000      -0.433221340    
  0.53833007812500000      -0.433052897    
  0.54077148437500000      -0.432885200    
  0.54321289062500000      -0.432718247    
  0.54565429687500000      -0.432552069    
  0.54809570312500000      -0.432386607    
  0.55053710937500000      -0.432221919    
  0.55297851562500000      -0.432057947    
  0.55541992187500000      -0.431894720    
  0.55786132812500000      -0.431732178    
  0.56030273437500000      -0.431570411    
  0.56274414062500000      -0.431409359    
  0.56518554687500000      -0.431248993    
  0.56762695312500000      -0.431089371    
  0.57006835937500000      -0.430930436    
  0.57250976562500000      -0.430772215    
  0.57495117187500000      -0.430614680    
  0.57739257812500000      -0.430457860    
  0.57983398437500000      -0.430301726    
  0.58227539062500000      -0.430146307    
  0.58471679687500000      -0.429991543    
  0.58715820312500000      -0.429837465    
  0.58959960937500000      -0.429684073    
  0.59204101562500000      -0.429531336    
  0.59448242187500000      -0.429379284    
  0.59692382812500000      -0.429227889    
  0.59936523437500000      -0.429077178    
  0.60180664062500000      -0.428927124    
  0.60424804687500000      -0.428777725    
  0.60668945312500000      -0.428628981    
  0.60913085937500000      -0.428480864    
  0.61157226562500000      -0.428333431    
  0.61401367187500000      -0.428186595    
  0.61645507812500000      -0.428040445    
  0.61889648437500000      -0.427894890    
  0.62133789062500000      -0.427749991    
  0.62377929687500000      -0.427605718    
  0.62622070312500000      -0.427462071    
  0.62866210937500000      -0.427319050    
  0.63110351562500000      -0.427176625    
  0.63354492187500000      -0.427034855    
  0.63598632812500000      -0.426893651    
  0.63842773437500000      -0.426753104    
  0.64086914062500000      -0.426613122    
  0.64331054687500000      -0.426473767    
  0.64575195312500000      -0.426335007    
  0.64819335937500000      -0.426196843    
  0.65063476562500000      -0.426059276    
  0.65307617187500000      -0.425922275    
  0.65551757812500000      -0.425785899    
  0.65795898437500000      -0.425650090    
  0.66040039062500000      -0.425514847    
  0.66284179687500000      -0.425380200    
  0.66528320312500000      -0.425246119    
  0.66772460937500000      -0.425112605    
  0.67016601562500000      -0.424979687    
  0.67260742187500000      -0.424847305    
  0.67504882812500000      -0.424715519    
  0.67749023437500000      -0.424584270    
  0.67993164062500000      -0.424453586    
  0.68237304687500000      -0.424323440    
  0.68481445312500000      -0.424193859    
  0.68725585937500000      -0.424064845    
  0.68969726562500000      -0.423936337    
  0.69213867187500000      -0.423808396    
  0.69458007812500000      -0.423680991    
  0.69702148437500000      -0.423554122    
  0.69946289062500000      -0.423427790    
  0.70190429687500000      -0.423301995    
  0.70434570312500000      -0.423176736    
  0.70678710937500000      -0.423051983    
  0.70922851562500000      -0.422927767    
  0.71166992187500000      -0.422804058    
  0.71411132812500000      -0.422680885    
  0.71655273437500000      -0.422558218    
  0.71899414062500000      -0.422436059    
  0.72143554687500000      -0.422314405    
  0.72387695312500000      -0.422193289    
  0.72631835937500000      -0.422072649    
  0.72875976562500000      -0.421952546    
  0.73120117187500000      -0.421832919    
  0.73364257812500000      -0.421713769    
  0.73608398437500000      -0.421595156    
  0.73852539062500000      -0.421477020    
  0.74096679687500000      -0.421359360    
  0.74340820312500000      -0.421242177    
  0.74584960937500000      -0.421125531    
  0.74829101562500000      -0.421009332    
  0.75073242187500000      -0.420893610    
  0.75317382812500000      -0.420778394    
  0.75561523437500000      -0.420663625    
  0.75805664062500000      -0.420549333    
  0.76049804687500000      -0.420435518    
  0.76293945312500000      -0.420322180    
  0.76538085937500000      -0.420209289    
  0.76782226562500000      -0.420096874    
  0.77026367187500000      -0.419984937    
  0.77270507812500000      -0.419873446    
  0.77514648437500000      -0.419762373    
  0.77758789062500000      -0.419651806    
  0.78002929687500000      -0.419541687    
  0.78247070312500000      -0.419431984    
  0.78491210937500000      -0.419322759    
  0.78735351562500000      -0.419213980    
  0.78979492187500000      -0.419105649    
  0.79223632812500000      -0.418997735    
  0.79467773437500000      -0.418890268    
  0.79711914062500000      -0.418783247    
  0.79956054687500000      -0.418676674    
  0.80200195312500000      -0.418570518    
  0.80444335937500000      -0.418464780    
  0.80688476562500000      -0.418359488    
  0.80932617187500000      -0.418254614    
  0.81176757812500000      -0.418150157    
  0.81420898437500000      -0.418046147    
  0.81665039062500000      -0.417942524    
  0.81909179687500000      -0.417839348    
  0.82153320312500000      -0.417736590    
  0.82397460937500000      -0.417634219    
  0.82641601562500000      -0.417532295    
  0.82885742187500000      -0.417430758    
  0.83129882812500000      -0.417329639    
  0.83374023437500000      -0.417228907    
  0.83618164062500000      -0.417128593    
  0.83862304687500000      -0.417028695    
  0.84106445312500000      -0.416929185    
  0.84350585937500000      -0.416830063    
  0.84594726562500000      -0.416731358    
  0.84838867187500000      -0.416633040    
  0.85083007812500000      -0.416535109    
  0.85327148437500000      -0.416437566    
  0.85571289062500000      -0.416340441    
  0.85815429687500000      -0.416243672    
  0.86059570312500000      -0.416147292    
  0.86303710937500000      -0.416051298    
  0.86547851562500000      -0.415955693    
  0.86791992187500000      -0.415860474    
  0.87036132812500000      -0.415765613    
  0.87280273437500000      -0.415671140    
  0.87524414062500000      -0.415577054    
  0.87768554687500000      -0.415483326    
  0.88012695312500000      -0.415389985    
  0.88256835937500000      -0.415297002    
  0.88500976562500000      -0.415204376    
  0.88745117187500000      -0.415112108    
  0.88989257812500000      -0.415020227    
  0.89233398437500000      -0.414928705    
  0.89477539062500000      -0.414837539    
  0.89721679687500000      -0.414746732    
  0.89965820312500000      -0.414656281    
  0.90209960937500000      -0.414566189    
  0.90454101562500000      -0.414476454    
  0.90698242187500000      -0.414387077    
  0.90942382812500000      -0.414298058    
  0.91186523437500000      -0.414209366    
  0.91430664062500000      -0.414121032    
  0.91674804687500000      -0.414033026    
  0.91918945312500000      -0.413945377    
  0.92163085937500000      -0.413858086    
  0.92407226562500000      -0.413771123    
  0.92651367187500000      -0.413684487    
  0.92895507812500000      -0.413598210    
  0.93139648437500000      -0.413512260    
  0.93383789062500000      -0.413426667    
  0.93627929687500000      -0.413341373    
  0.93872070312500000      -0.413256437    
  0.94116210937500000      -0.413171828    
  0.94360351562500000      -0.413087517    
  0.94604492187500000      -0.413003564    
  0.94848632812500000      -0.412919939    
  0.95092773437500000      -0.412836611    
  0.95336914062500000      -0.412753642    
  0.95581054687500000      -0.412670970    
  0.95825195312500000      -0.412588626    
  0.96069335937500000      -0.412506610    
  0.96313476562500000      -0.412424892    
  0.96557617187500000      -0.412343502    
  0.96801757812500000      -0.412262440    
  0.97045898437500000      -0.412181646    
  0.97290039062500000      -0.412101209    
  0.97534179687500000      -0.412021071    
  0.97778320312500000      -0.411941230    
  0.98022460937500000      -0.411861688    
  0.98266601562500000      -0.411782473    
  0.98510742187500000      -0.411703557    
  0.98754882812500000      -0.411624938    
  0.98999023437500000      -0.411546648    
  0.99243164062500000      -0.411468625    
  0.99487304687500000      -0.411390901    
  0.99731445312500000      -0.411313504    
  0.99975585937500000      -0.411236376    
   1.0021972656250000      -0.411159575    
   1.0046386718750000      -0.411083043    
   1.0070800781250000      -0.411006808    
   1.0095214843750000      -0.410930872    
   1.0119628906250000      -0.410855204    
   1.0144042968750000      -0.410779834    
   1.0168457031250000      -0.410704762    
   1.0192871093750000      -0.410629988    
   1.0217285156250000      -0.410555482    
   1.0241699218750000      -0.410481244    
   1.0266113281250000      -0.410407335    
   1.0290527343750000      -0.410333663    
   1.0314941406250000      -0.410260290    
   1.0339355468750000      -0.410187185    
   1.0363769531250000      -0.410114378    
   1.0388183593750000      -0.410041809    
   1.0412597656250000      -0.409969568    
   1.0437011718750000      -0.409897566    
   1.0461425781250000      -0.409825861    
   1.0485839843750000      -0.409754395    
   1.0510253906250000      -0.409683228    
   1.0534667968750000      -0.409612298    
   1.0559082031250000      -0.409541667    
   1.0583496093750000      -0.409471303    
   1.0607910156250000      -0.409401208    
   1.0632324218750000      -0.409331352    
   1.0656738281250000      -0.409261793    
   1.0681152343750000      -0.409192473    
   1.0705566406250000      -0.409123421    
   1.0729980468750000      -0.409054607    
   1.0754394531250000      -0.408986092    
   1.0778808593750000      -0.408917814    
   1.0803222656250000      -0.408849776    
   1.0827636718750000      -0.408782035    
   1.0852050781250000      -0.408714533    
   1.0876464843750000      -0.408647269    
   1.0900878906250000      -0.408580273    
   1.0925292968750000      -0.408513516    
   1.0949707031250000      -0.408447027    
   1.0974121093750000      -0.408380777    
   1.0998535156250000      -0.408314764    
   1.1022949218750000      -0.408249021    
   1.1047363281250000      -0.408183515    
   1.1071777343750000      -0.408118278    
   1.1096191406250000      -0.408053249    
   1.1120605468750000      -0.407988489    
   1.1145019531250000      -0.407923967    
   1.1169433593750000      -0.407859653    
   1.1193847656250000      -0.407795608    
   1.1218261718750000      -0.407731801    
   1.1242675781250000      -0.407668233    
   1.1267089843750000      -0.407604903    
   1.1291503906250000      -0.407541811    
   1.1315917968750000      -0.407478958    
   1.1340332031250000      -0.407416344    
   1.1364746093750000      -0.407353938    
   1.1389160156250000      -0.407291800    
   1.1413574218750000      -0.407229871    
   1.1437988281250000      -0.407168180    
   1.1462402343750000      -0.407106698    
   1.1486816406250000      -0.407045454    
   1.1511230468750000      -0.406984448    
   1.1535644531250000      -0.406923681    
   1.1560058593750000      -0.406863123    
   1.1584472656250000      -0.406802803    
   1.1608886718750000      -0.406742692    
   1.1633300781250000      -0.406682789    
   1.1657714843750000      -0.406623125    
   1.1682128906250000      -0.406563699    
   1.1706542968750000      -0.406504482    
   1.1730957031250000      -0.406445503    
   1.1755371093750000      -0.406386703    
   1.1779785156250000      -0.406328142    
   1.1804199218750000      -0.406269819    
   1.1828613281250000      -0.406211674    
   1.1853027343750000      -0.406153768    
   1.1877441406250000      -0.406096071    
   1.1901855468750000      -0.406038612    
   1.1926269531250000      -0.405981332    
   1.1950683593750000      -0.405924261    
   1.1975097656250000      -0.405867428    
   1.1999511718750000      -0.405810773    
   1.2023925781250000      -0.405754358    
   1.2048339843750000      -0.405698150    
   1.2072753906250000      -0.405642152    
   1.2097167968750000      -0.405586332    
   1.2121582031250000      -0.405530751    
   1.2145996093750000      -0.405475348    
   1.2170410156250000      -0.405420154    
   1.2194824218750000      -0.405365169    
   1.2219238281250000      -0.405310392    
   1.2243652343750000      -0.405255824    
   1.2268066406250000      -0.405201465    
   1.2292480468750000      -0.405147284    
   1.2316894531250000      -0.405093312    
   1.2341308593750000      -0.405039549    
   1.2365722656250000      -0.404985964    
   1.2390136718750000      -0.404932588    
   1.2414550781250000      -0.404879391    
   1.2438964843750000      -0.404826403    
   1.2463378906250000      -0.404773623    
   1.2487792968750000      -0.404721051    
   1.2512207031250000      -0.404668629    
   1.2536621093750000      -0.404616445    
   1.2561035156250000      -0.404564410    
   1.2585449218750000      -0.404512584    
   1.2609863281250000      -0.404460967    
   1.2634277343750000      -0.404409528    
   1.2658691406250000      -0.404358268    
   1.2683105468750000      -0.404307216    
   1.2707519531250000      -0.404256344    
   1.2731933593750000      -0.404205650    
   1.2756347656250000      -0.404155135    
   1.2780761718750000      -0.404104829    
   1.2805175781250000      -0.404054701    
   1.2829589843750000      -0.404004753    
   1.2854003906250000      -0.403954983    
   1.2878417968750000      -0.403905421    
   1.2902832031250000      -0.403856039    
   1.2927246093750000      -0.403806806    
   1.2951660156250000      -0.403757781    
   1.2976074218750000      -0.403708935    
   1.3000488281250000      -0.403660268    
   1.3024902343750000      -0.403611779    
   1.3049316406250000      -0.403563440    
   1.3073730468750000      -0.403515339    
   1.3098144531250000      -0.403467357    
   1.3122558593750000      -0.403419584    
   1.3146972656250000      -0.403371990    
   1.3171386718750000      -0.403324544    
   1.3195800781250000      -0.403277278    
   1.3220214843750000      -0.403230220    
   1.3244628906250000      -0.403183311    
   1.3269042968750000      -0.403136581    
   1.3293457031250000      -0.403090000    
   1.3317871093750000      -0.403043628    
   1.3342285156250000      -0.402997404    
   1.3366699218750000      -0.402951360    
   1.3391113281250000      -0.402905464    
   1.3415527343750000      -0.402859747    
   1.3439941406250000      -0.402814209    
   1.3464355468750000      -0.402768850    
   1.3488769531250000      -0.402723640    
   1.3513183593750000      -0.402678609    
   1.3537597656250000      -0.402633727    
   1.3562011718750000      -0.402589023    
   1.3586425781250000      -0.402544469    
   1.3610839843750000      -0.402500093    
   1.3635253906250000      -0.402455866    
   1.3659667968750000      -0.402411819    
   1.3684082031250000      -0.402367920    
   1.3708496093750000      -0.402324200    
   1.3732910156250000      -0.402280629    
   1.3757324218750000      -0.402237236    
   1.3781738281250000      -0.402193993    
   1.3806152343750000      -0.402150899    
   1.3830566406250000      -0.402107984    
   1.3854980468750000      -0.402065217    
   1.3879394531250000      -0.402022600    
   1.3903808593750000      -0.401980132    
   1.3928222656250000      -0.401937842    
   1.3952636718750000      -0.401895702    
   1.3977050781250000      -0.401853740    
   1.4001464843750000      -0.401811898    
   1.4025878906250000      -0.401770234    
   1.4050292968750000      -0.401728690    
   1.4074707031250000      -0.401687324    
   1.4099121093750000      -0.401646137    
   1.4123535156250000      -0.401605070    
   1.4147949218750000      -0.401564181    
   1.4172363281250000      -0.401523411    
   1.4196777343750000      -0.401482821    
   1.4221191406250000      -0.401442349    
   1.4245605468750000      -0.401402056    
   1.4270019531250000      -0.401361883    
   1.4294433593750000      -0.401321888    
   1.4318847656250000      -0.401282042    
   1.4343261718750000      -0.401242316    
   1.4367675781250000      -0.401202768    
   1.4392089843750000      -0.401163340    
   1.4416503906250000      -0.401124090    
   1.4440917968750000      -0.401084960    
   1.4465332031250000      -0.401046008    
   1.4489746093750000      -0.401007175    
   1.4514160156250000      -0.400968492    
   1.4538574218750000      -0.400929958    
   1.4562988281250000      -0.400891542    
   1.4587402343750000      -0.400853306    
   1.4611816406250000      -0.400815189    
   1.4636230468750000      -0.400777221    
   1.4660644531250000      -0.400739372    
   1.4685058593750000      -0.400701702    
   1.4709472656250000      -0.400664151    
   1.4733886718750000      -0.400626749    
   1.4758300781250000      -0.400589496    
   1.4782714843750000      -0.400552362    
   1.4807128906250000      -0.400515378    
   1.4831542968750000      -0.400478542    
   1.4855957031250000      -0.400441825    
   1.4880371093750000      -0.400405258    
   1.4904785156250000      -0.400368810    
   1.4929199218750000      -0.400332540    
   1.4953613281250000      -0.400296360    
   1.4978027343750000      -0.400260329    
   1.5002441406250000      -0.400224447    
   1.5026855468750000      -0.400188714    
   1.5051269531250000      -0.400153100    
   1.5075683593750000      -0.400117606    
   1.5100097656250000      -0.400082260    
   1.5124511718750000      -0.400047034    
   1.5148925781250000      -0.400011957    
   1.5173339843750000      -0.399976999    
   1.5197753906250000      -0.399942189    
   1.5222167968750000      -0.399907500    
   1.5246582031250000      -0.399872929    
   1.5270996093750000      -0.399838507    
   1.5295410156250000      -0.399804235    
   1.5319824218750000      -0.399770051    
   1.5344238281250000      -0.399736017    
   1.5368652343750000      -0.399702102    
   1.5393066406250000      -0.399668336    
   1.5417480468750000      -0.399634689    
   1.5441894531250000      -0.399601161    
   1.5466308593750000      -0.399567783    
   1.5490722656250000      -0.399534523    
   1.5515136718750000      -0.399501383    
   1.5539550781250000      -0.399468362    
   1.5563964843750000      -0.399435461    
   1.5588378906250000      -0.399402708    
   1.5612792968750000      -0.399370074    
   1.5637207031250000      -0.399337560    
   1.5661621093750000      -0.399305165    
   1.5686035156250000      -0.399272919    
   1.5710449218750000      -0.399240792    
   1.5734863281250000      -0.399208784    
   1.5759277343750000      -0.399176896    
   1.5783691406250000      -0.399145126    
   1.5808105468750000      -0.399113476    
   1.5832519531250000      -0.399081945    
   1.5856933593750000      -0.399050534    
   1.5881347656250000      -0.399019271    
   1.5905761718750000      -0.398988098    
   1.5930175781250000      -0.398957074    
   1.5954589843750000      -0.398926139    
   1.5979003906250000      -0.398895353    
   1.6003417968750000      -0.398864686    
   1.6027832031250000      -0.398834109    
   1.6052246093750000      -0.398803651    
   1.6076660156250000      -0.398773342    
   1.6101074218750000      -0.398743153    
   1.6125488281250000      -0.398713052    
   1.6149902343750000      -0.398683101    
   1.6174316406250000      -0.398653239    
   1.6198730468750000      -0.398623496    
   1.6223144531250000      -0.398593873    
   1.6247558593750000      -0.398564368    
   1.6271972656250000      -0.398534983    
   1.6296386718750000      -0.398505718    
   1.6320800781250000      -0.398476571    
   1.6345214843750000      -0.398447514    
   1.6369628906250000      -0.398418605    
   1.6394042968750000      -0.398389786    
   1.6418457031250000      -0.398361087    
   1.6442871093750000      -0.398332477    
   1.6467285156250000      -0.398304015    
   1.6491699218750000      -0.398275673    
   1.6516113281250000      -0.398247421    
   1.6540527343750000      -0.398219287    
   1.6564941406250000      -0.398191273    
   1.6589355468750000      -0.398163348    
   1.6613769531250000      -0.398135543    
   1.6638183593750000      -0.398107857    
   1.6662597656250000      -0.398080289    
   1.6687011718750000      -0.398052812    
   1.6711425781250000      -0.398025453    
   1.6735839843750000      -0.397998214    
   1.6760253906250000      -0.397971064    
   1.6784667968750000      -0.397944033    
   1.6809082031250000      -0.397917092    
   1.6833496093750000      -0.397890300    
   1.6857910156250000      -0.397863597    
   1.6882324218750000      -0.397837013    
   1.6906738281250000      -0.397810519    
   1.6931152343750000      -0.397784114    
   1.6955566406250000      -0.397757858    
   1.6979980468750000      -0.397731692    
   1.7004394531250000      -0.397705615    
   1.7028808593750000      -0.397679687    
   1.7053222656250000      -0.397653818    
   1.7077636718750000      -0.397628069    
   1.7102050781250000      -0.397602439    
   1.7126464843750000      -0.397576898    
   1.7150878906250000      -0.397551477    
   1.7175292968750000      -0.397526175    
   1.7199707031250000      -0.397500932    
   1.7224121093750000      -0.397475839    
   1.7248535156250000      -0.397450805    
   1.7272949218750000      -0.397425890    
   1.7297363281250000      -0.397401094    
   1.7321777343750000      -0.397376418    
   1.7346191406250000      -0.397351801    
   1.7370605468750000      -0.397327304    
   1.7395019531250000      -0.397302926    
   1.7419433593750000      -0.397278607    
   1.7443847656250000      -0.397254437    
   1.7468261718750000      -0.397230357    
   1.7492675781250000      -0.397206366    
   1.7517089843750000      -0.397182465    
   1.7541503906250000      -0.397158682    
   1.7565917968750000      -0.397135019    
   1.7590332031250000      -0.397111416    
   1.7614746093750000      -0.397087932    
   1.7639160156250000      -0.397064537    
   1.7663574218750000      -0.397041261    
   1.7687988281250000      -0.397018075    
   1.7712402343750000      -0.396994978    
   1.7736816406250000      -0.396972001    
   1.7761230468750000      -0.396949112    
   1.7785644531250000      -0.396926314    
   1.7810058593750000      -0.396903634    
   1.7834472656250000      -0.396881014    
   1.7858886718750000      -0.396858513    
   1.7883300781250000      -0.396836102    
   1.7907714843750000      -0.396813810    
   1.7932128906250000      -0.396791607    
   1.7956542968750000      -0.396769494    
   1.7980957031250000      -0.396747470    
   1.8005371093750000      -0.396725535    
   1.8029785156250000      -0.396703720    
   1.8054199218750000      -0.396681994    
   1.8078613281250000      -0.396660358    
   1.8103027343750000      -0.396638840    
   1.8127441406250000      -0.396617383    
   1.8151855468750000      -0.396596044    
   1.8176269531250000      -0.396574795    
   1.8200683593750000      -0.396553636    
   1.8225097656250000      -0.396532565    
   1.8249511718750000      -0.396511585    
   1.8273925781250000      -0.396490723    
   1.8298339843750000      -0.396469921    
   1.8322753906250000      -0.396449238    
   1.8347167968750000      -0.396428645    
   1.8371582031250000      -0.396408141    
   1.8395996093750000      -0.396387726    
   1.8420410156250000      -0.396367401    
   1.8444824218750000      -0.396347165    
   1.8469238281250000      -0.396327019    
   1.8493652343750000      -0.396306992    
   1.8518066406250000      -0.396287054    
   1.8542480468750000      -0.396267176    
   1.8566894531250000      -0.396247417    
   1.8591308593750000      -0.396227717    
   1.8615722656250000      -0.396208137    
   1.8640136718750000      -0.396188647    
   1.8664550781250000      -0.396169245    
   1.8688964843750000      -0.396149933    
   1.8713378906250000      -0.396130681    
   1.8737792968750000      -0.396111548    
   1.8762207031250000      -0.396092504    
   1.8786621093750000      -0.396073550    
   1.8811035156250000      -0.396054685    
   1.8835449218750000      -0.396035880    
   1.8859863281250000      -0.396017194    
   1.8884277343750000      -0.395998597    
   1.8908691406250000      -0.395980090    
   1.8933105468750000      -0.395961642    
   1.8957519531250000      -0.395943314    
   1.8981933593750000      -0.395925075    
   1.9006347656250000      -0.395906895    
   1.9030761718750000      -0.395888835    
   1.9055175781250000      -0.395870835    
   1.9079589843750000      -0.395852923    
   1.9104003906250000      -0.395835131    
   1.9128417968750000      -0.395817399    
   1.9152832031250000      -0.395799756    
   1.9177246093750000      -0.395782202    
   1.9201660156250000      -0.395764738    
   1.9226074218750000      -0.395747364    
   1.9250488281250000      -0.395730048    
   1.9274902343750000      -0.395712852    
   1.9299316406250000      -0.395695716    
   1.9323730468750000      -0.395678669    
   1.9348144531250000      -0.395661741    
   1.9372558593750000      -0.395644844    
   1.9396972656250000      -0.395628065    
   1.9421386718750000      -0.395611376    
   1.9445800781250000      -0.395594746    
   1.9470214843750000      -0.395578235    
   1.9494628906250000      -0.395561785    
   1.9519042968750000      -0.395545423    
   1.9543457031250000      -0.395529151    
   1.9567871093750000      -0.395512938    
   1.9592285156250000      -0.395496845    
   1.9616699218750000      -0.395480812    
   1.9641113281250000      -0.395464867    
   1.9665527343750000      -0.395449013    
   1.9689941406250000      -0.395433217    
   1.9714355468750000      -0.395417511    
   1.9738769531250000      -0.395401925    
   1.9763183593750000      -0.395386398    
   1.9787597656250000      -0.395370930    
   1.9812011718750000      -0.395355582    
   1.9836425781250000      -0.395340294    
   1.9860839843750000      -0.395325094    
   1.9885253906250000      -0.395309985    
   1.9909667968750000      -0.395294935    
   1.9934082031250000      -0.395279974    
   1.9958496093750000      -0.395265102    
   1.9982910156250000      -0.395250320    
   2.0007324218750000      -0.395235598    
   2.0031738281250000      -0.395220965    
   2.0056152343750000      -0.395206422    
   2.0080566406250000      -0.395191938    
   2.0104980468750000      -0.395177543    
   2.0129394531250000      -0.395163238    
   2.0153808593750000      -0.395148993    
   2.0178222656250000      -0.395134866    
   2.0202636718750000      -0.395120800    
   2.0227050781250000      -0.395106792    
   2.0251464843750000      -0.395092905    
   2.0275878906250000      -0.395079076    
   2.0300292968750000      -0.395065308    
   2.0324707031250000      -0.395051628    
   2.0349121093750000      -0.395038038    
   2.0373535156250000      -0.395024538    
   2.0397949218750000      -0.395011097    
   2.0422363281250000      -0.394997746    
   2.0446777343750000      -0.394984454    
   2.0471191406250000      -0.394971281    
   2.0495605468750000      -0.394958138    
   2.0520019531250000      -0.394945085    
   2.0544433593750000      -0.394932151    
   2.0568847656250000      -0.394919246    
   2.0593261718750000      -0.394906461    
   2.0617675781250000      -0.394893706    
   2.0642089843750000      -0.394881070    
   2.0666503906250000      -0.394868493    
   2.0690917968750000      -0.394855976    
   2.0715332031250000      -0.394843578    
   2.0739746093750000      -0.394831240    
   2.0764160156250000      -0.394818962    
   2.0788574218750000      -0.394806772    
   2.0812988281250000      -0.394794643    
   2.0837402343750000      -0.394782633    
   2.0861816406250000      -0.394770652    
   2.0886230468750000      -0.394758791    
   2.0910644531250000      -0.394746959    
   2.0935058593750000      -0.394735247    
   2.0959472656250000      -0.394723594    
   2.0983886718750000      -0.394712001    
   2.1008300781250000      -0.394700497    
   2.1032714843750000      -0.394689083    
   2.1057128906250000      -0.394677728    
   2.1081542968750000      -0.394666433    
   2.1105957031250000      -0.394655257    
   2.1130371093750000      -0.394644141    
   2.1154785156250000      -0.394633085    
   2.1179199218750000      -0.394622087    
   2.1203613281250000      -0.394611210    
   2.1228027343750000      -0.394600391    
   2.1252441406250000      -0.394589633    
   2.1276855468750000      -0.394578964    
   2.1301269531250000      -0.394568354    
   2.1325683593750000      -0.394557834    
   2.1350097656250000      -0.394547373    
   2.1374511718750000      -0.394537002    
   2.1398925781250000      -0.394526690    
   2.1423339843750000      -0.394516468    
   2.1447753906250000      -0.394506305    
   2.1472167968750000      -0.394496232    
   2.1496582031250000      -0.394486248    
   2.1520996093750000      -0.394476295    
   2.1545410156250000      -0.394466430    
   2.1569824218750000      -0.394456655    
   2.1594238281250000      -0.394446939    
   2.1618652343750000      -0.394437313    
   2.1643066406250000      -0.394427747    
   2.1667480468750000      -0.394418240    
   2.1691894531250000      -0.394408822    
   2.1716308593750000      -0.394399494    
   2.1740722656250000      -0.394390225    
   2.1765136718750000      -0.394381016    
   2.1789550781250000      -0.394371897    
   2.1813964843750000      -0.394362837    
   2.1838378906250000      -0.394353867    
   2.1862792968750000      -0.394344926    
   2.1887207031250000      -0.394336104    
   2.1911621093750000      -0.394327343    
   2.1936035156250000      -0.394318640    
   2.1960449218750000      -0.394310027    
   2.1984863281250000      -0.394301474    
   2.2009277343750000      -0.394293010    
   2.2033691406250000      -0.394284606    
   2.2058105468750000      -0.394276291    
   2.2082519531250000      -0.394268036    
   2.2106933593750000      -0.394259840    
   2.2131347656250000      -0.394251704    
   2.2155761718750000      -0.394243658    
   2.2180175781250000      -0.394235700    
   2.2204589843750000      -0.394227803    
   2.2229003906250000      -0.394219965    
   2.2253417968750000      -0.394212216    
   2.2277832031250000      -0.394204527    
   2.2302246093750000      -0.394196898    
   2.2326660156250000      -0.394189358    
   2.2351074218750000      -0.394181907    
   2.2375488281250000      -0.394174486    
   2.2399902343750000      -0.394167155    
   2.2424316406250000      -0.394159883    
   2.2448730468750000      -0.394152701    
   2.2473144531250000      -0.394145578    
   2.2497558593750000      -0.394138545    
   2.2521972656250000      -0.394131541    
   2.2546386718750000      -0.394124657    
   2.2570800781250000      -0.394117802    
   2.2595214843750000      -0.394111037    
   2.2619628906250000      -0.394104362    
   2.2644042968750000      -0.394097716    
   2.2668457031250000      -0.394091159    
   2.2692871093750000      -0.394084692    
   2.2717285156250000      -0.394078255    
   2.2741699218750000      -0.394071937    
   2.2766113281250000      -0.394065648    
   2.2790527343750000      -0.394059449    
   2.2814941406250000      -0.394053310    
   2.2839355468750000      -0.394047230    
   2.2863769531250000      -0.394041240    
   2.2888183593750000      -0.394035310    
   2.2912597656250000      -0.394029468    
   2.2937011718750000      -0.394023657    
   2.2961425781250000      -0.394017935    
   2.2985839843750000      -0.394012302    
   2.3010253906250000      -0.394006729    
   2.3034667968750000      -0.394001216    
   2.3059082031250000      -0.393995792    
   2.3083496093750000      -0.393990397    
   2.3107910156250000      -0.393985093    
   2.3132324218750000      -0.393979877    
   2.3156738281250000      -0.393974721    
   2.3181152343750000      -0.393969625    
   2.3205566406250000      -0.393964589    
   2.3229980468750000      -0.393959641    
   2.3254394531250000      -0.393954754    
   2.3278808593750000      -0.393949926    
   2.3303222656250000      -0.393945187    
   2.3327636718750000      -0.393940508    
   2.3352050781250000      -0.393935889    
   2.3376464843750000      -0.393931329    
   2.3400878906250000      -0.393926859    
   2.3425292968750000      -0.393922448    
   2.3449707031250000      -0.393918127    
   2.3474121093750000      -0.393913865    
   2.3498535156250000      -0.393909663    
   2.3522949218750000      -0.393905520    
   2.3547363281250000      -0.393901467    
   2.3571777343750000      -0.393897474    
   2.3596191406250000      -0.393893540    
   2.3620605468750000      -0.393889695    
   2.3645019531250000      -0.393885881    
   2.3669433593750000      -0.393882155    
   2.3693847656250000      -0.393878520    
   2.3718261718750000      -0.393874943    
   2.3742675781250000      -0.393871427    
   2.3767089843750000      -0.393867970    
   2.3791503906250000      -0.393864572    
   2.3815917968750000      -0.393861264    
   2.3840332031250000      -0.393858016    
   2.3864746093750000      -0.393854856    
   2.3889160156250000      -0.393851757    
   2.3913574218750000      -0.393848717    
   2.3937988281250000      -0.393845737    
   2.3962402343750000      -0.393842816    
   2.3986816406250000      -0.393839985    
   2.4011230468750000      -0.393837214    
   2.4035644531250000      -0.393834531    
   2.4060058593750000      -0.393831879    
   2.4084472656250000      -0.393829316    
   2.4108886718750000      -0.393826842    
   2.4133300781250000      -0.393824399    
   2.4157714843750000      -0.393822044    
   2.4182128906250000      -0.393819749    
   2.4206542968750000      -0.393817514    
   2.4230957031250000      -0.393815368    
   2.4255371093750000      -0.393813252    
   2.4279785156250000      -0.393811226    
   2.4304199218750000      -0.393809289    
   2.4328613281250000      -0.393807411    
   2.4353027343750000      -0.393805563    
   2.4377441406250000      -0.393803835    
   2.4401855468750000      -0.393802136    
   2.4426269531250000      -0.393800527    
   2.4450683593750000      -0.393798977    
   2.4475097656250000      -0.393797487    
   2.4499511718750000      -0.393796086    
   2.4523925781250000      -0.393794715    
   2.4548339843750000      -0.393793464    
   2.4572753906250000      -0.393792242    
   2.4597167968750000      -0.393791080    
   2.4621582031250000      -0.393790007    
   2.4645996093750000      -0.393788993    
   2.4670410156250000      -0.393788069    
   2.4694824218750000      -0.393787175    
   2.4719238281250000      -0.393786371    
   2.4743652343750000      -0.393785626    
   2.4768066406250000      -0.393784940    
   2.4792480468750000      -0.393784344    
   2.4816894531250000      -0.393783808    
   2.4841308593750000      -0.393783331    
   2.4865722656250000      -0.393782943    
   2.4890136718750000      -0.393782616    
   2.4914550781250000      -0.393782318    
   2.4938964843750000      -0.393782139    
   2.4963378906250000      -0.393781990    
   2.4987792968750000      -0.393781930    
   2.5012207031250000      -0.393781930    
   2.5036621093750000      -0.393781990    
   2.5061035156250000      -0.393782139    
   2.5085449218750000      -0.393782318    
   2.5109863281250000      -0.393782616    
   2.5134277343750000      -0.393782943    
   2.5158691406250000      -0.393783331    
   2.5183105468750000      -0.393783808    
   2.5207519531250000      -0.393784344    
   2.5231933593750000      -0.393784940    
   2.5256347656250000      -0.393785626    
   2.5280761718750000      -0.393786371    
   2.5305175781250000      -0.393787175    
   2.5329589843750000      -0.393788069    
   2.5354003906250000      -0.393788993    
   2.5378417968750000      -0.393790007    
   2.5402832031250000      -0.393791080    
   2.5427246093750000      -0.393792242    
   2.5451660156250000      -0.393793464    
   2.5476074218750000      -0.393794715    
   2.5500488281250000      -0.393796086    
   2.5524902343750000      -0.393797487    
   2.5549316406250000      -0.393798977    
   2.5573730468750000      -0.393800527    
   2.5598144531250000      -0.393802136    
   2.5622558593750000      -0.393803835    
   2.5646972656250000      -0.393805563    
   2.5671386718750000      -0.393807411    
   2.5695800781250000      -0.393809289    
   2.5720214843750000      -0.393811226    
   2.5744628906250000      -0.393813252    
   2.5769042968750000      -0.393815368    
   2.5793457031250000      -0.393817514    
   2.5817871093750000      -0.393819749    
   2.5842285156250000      -0.393822044    
   2.5866699218750000      -0.393824399    
   2.5891113281250000      -0.393826842    
   2.5915527343750000      -0.393829316    
   2.5939941406250000      -0.393831879    
   2.5964355468750000      -0.393834531    
   2.5988769531250000      -0.393837214    
   2.6013183593750000      -0.393839985    
   2.6037597656250000      -0.393842816    
   2.6062011718750000      -0.393845737    
   2.6086425781250000      -0.393848717    
   2.6110839843750000      -0.393851757    
   2.6135253906250000      -0.393854856    
   2.6159667968750000      -0.393858016    
   2.6184082031250000      -0.393861264    
   2.6208496093750000      -0.393864572    
   2.6232910156250000      -0.393867970    
   2.6257324218750000      -0.393871427    
   2.6281738281250000      -0.393874943    
   2.6306152343750000      -0.393878520    
   2.6330566406250000      -0.393882155    
   2.6354980468750000      -0.393885881    
   2.6379394531250000      -0.393889695    
   2.6403808593750000      -0.393893540    
   2.6428222656250000      -0.393897474    
   2.6452636718750000      -0.393901467    
   2.6477050781250000      -0.393905520    
   2.6501464843750000      -0.393909663    
   2.6525878906250000      -0.393913865    
   2.6550292968750000      -0.393918127    
   2.6574707031250000      -0.393922448    
   2.6599121093750000      -0.393926859    
   2.6623535156250000      -0.393931329    
   2.6647949218750000      -0.393935889    
   2.6672363281250000      -0.393940508    
   2.6696777343750000      -0.393945187    
   2.6721191406250000      -0.393949926    
   2.6745605468750000      -0.393954754    
   2.6770019531250000      -0.393959641    
   2.6794433593750000      -0.393964589    
   2.6818847656250000      -0.393969625    
   2.6843261718750000      -0.393974721    
   2.6867675781250000      -0.393979877    
   2.6892089843750000      -0.393985093    
   2.6916503906250000      -0.393990397    
   2.6940917968750000      -0.393995792    
   2.6965332031250000      -0.394001216    
   2.6989746093750000      -0.394006729    
   2.7014160156250000      -0.394012302    
   2.7038574218750000      -0.394017935    
   2.7062988281250000      -0.394023657    
   2.7087402343750000      -0.394029468    
   2.7111816406250000      -0.394035310    
   2.7136230468750000      -0.394041240    
   2.7160644531250000      -0.394047230    
   2.7185058593750000      -0.394053310    
   2.7209472656250000      -0.394059449    
   2.7233886718750000      -0.394065648    
   2.7258300781250000      -0.394071937    
   2.7282714843750000      -0.394078255    
   2.7307128906250000      -0.394084692    
   2.7331542968750000      -0.394091159    
   2.7355957031250000      -0.394097716    
   2.7380371093750000      -0.394104362    
   2.7404785156250000      -0.394111037    
   2.7429199218750000      -0.394117802    
   2.7453613281250000      -0.394124657    
   2.7478027343750000      -0.394131541    
   2.7502441406250000      -0.394138545    
   2.7526855468750000      -0.394145578    
   2.7551269531250000      -0.394152701    
   2.7575683593750000      -0.394159883    
   2.7600097656250000      -0.394167155    
   2.7624511718750000      -0.394174486    
   2.7648925781250000      -0.394181907    
   2.7673339843750000      -0.394189358    
   2.7697753906250000      -0.394196898    
   2.7722167968750000      -0.394204527    
   2.7746582031250000      -0.394212216    
   2.7770996093750000      -0.394219965    
   2.7795410156250000      -0.394227803    
   2.7819824218750000      -0.394235700    
   2.7844238281250000      -0.394243658    
   2.7868652343750000      -0.394251704    
   2.7893066406250000      -0.394259840    
   2.7917480468750000      -0.394268036    
   2.7941894531250000      -0.394276291    
   2.7966308593750000      -0.394284606    
   2.7990722656250000      -0.394293010    
   2.8015136718750000      -0.394301474    
   2.8039550781250000      -0.394310027    
   2.8063964843750000      -0.394318640    
   2.8088378906250000      -0.394327343    
   2.8112792968750000      -0.394336104    
   2.8137207031250000      -0.394344926    
   2.8161621093750000      -0.394353867    
   2.8186035156250000      -0.394362837    
   2.8210449218750000      -0.394371897    
   2.8234863281250000      -0.394381016    
   2.8259277343750000      -0.394390225    
   2.8283691406250000      -0.394399494    
   2.8308105468750000      -0.394408822    
   2.8332519531250000      -0.394418240    
   2.8356933593750000      -0.394427747    
   2.8381347656250000      -0.394437313    
   2.8405761718750000      -0.394446939    
   2.8430175781250000      -0.394456655    
   2.8454589843750000      -0.394466430    
   2.8479003906250000      -0.394476295    
   2.8503417968750000      -0.394486248    
   2.8527832031250000      -0.394496232    
   2.8552246093750000      -0.394506305    
   2.8576660156250000      -0.394516468    
   2.8601074218750000      -0.394526690    
   2.8625488281250000      -0.394537002    
   2.8649902343750000      -0.394547373    
   2.8674316406250000      -0.394557834    
   2.8698730468750000      -0.394568354    
   2.8723144531250000      -0.394578964    
   2.8747558593750000      -0.394589633    
   2.8771972656250000      -0.394600391    
   2.8796386718750000      -0.394611210    
   2.8820800781250000      -0.394622087    
   2.8845214843750000      -0.394633085    
   2.8869628906250000      -0.394644141    
   2.8894042968750000      -0.394655257    
   2.8918457031250000      -0.394666433    
   2.8942871093750000      -0.394677728    
   2.8967285156250000      -0.394689083    
   2.8991699218750000      -0.394700497    
   2.9016113281250000      -0.394712001    
   2.9040527343750000      -0.394723594    
   2.9064941406250000      -0.394735247    
   2.9089355468750000      -0.394746959    
   2.9113769531250000      -0.394758791    
   2.9138183593750000      -0.394770652    
   2.9162597656250000      -0.394782633    
   2.9187011718750000      -0.394794643    
   2.9211425781250000      -0.394806772    
   2.9235839843750000      -0.394818962    
   2.9260253906250000      -0.394831240    
   2.9284667968750000      -0.394843578    
   2.9309082031250000      -0.394855976    
   2.9333496093750000      -0.394868493    
   2.9357910156250000      -0.394881070    
   2.9382324218750000      -0.394893706    
   2.9406738281250000      -0.394906461    
   2.9431152343750000      -0.394919246    
   2.9455566406250000      -0.394932151    
   2.9479980468750000      -0.394945085    
   2.9504394531250000      -0.394958138    
   2.9528808593750000      -0.394971281    
   2.9553222656250000      -0.394984454    
   2.9577636718750000      -0.394997746    
   2.9602050781250000      -0.395011097    
   2.9626464843750000      -0.395024538    
   2.9650878906250000      -0.395038038    
   2.9675292968750000      -0.395051628    
   2.9699707031250000      -0.395065308    
   2.9724121093750000      -0.395079076    
   2.9748535156250000      -0.395092905    
   2.9772949218750000      -0.395106792    
   2.9797363281250000      -0.395120800    
   2.9821777343750000      -0.395134866    
   2.9846191406250000      -0.395148993    
   2.9870605468750000      -0.395163238    
   2.9895019531250000      -0.395177543    
   2.9919433593750000      -0.395191938    
   2.9943847656250000      -0.395206422    
   2.9968261718750000      -0.395220965    
   2.9992675781250000      -0.395235598    
   3.0017089843750000      -0.395250320    
   3.0041503906250000      -0.395265102    
   3.0065917968750000      -0.395279974    
   3.0090332031250000      -0.395294935    
   3.0114746093750000      -0.395309985    
   3.0139160156250000      -0.395325094    
   3.0163574218750000      -0.395340294    
   3.0187988281250000      -0.395355582    
   3.0212402343750000      -0.395370930    
   3.0236816406250000      -0.395386398    
   3.0261230468750000      -0.395401925    
   3.0285644531250000      -0.395417511    
   3.0310058593750000      -0.395433217    
   3.0334472656250000      -0.395449013    
   3.0358886718750000      -0.395464867    
   3.0383300781250000      -0.395480812    
   3.0407714843750000      -0.395496845    
   3.0432128906250000      -0.395512938    
   3.0456542968750000      -0.395529151    
   3.0480957031250000      -0.395545423    
   3.0505371093750000      -0.395561785    
   3.0529785156250000      -0.395578235    
   3.0554199218750000      -0.395594746    
   3.0578613281250000      -0.395611376    
   3.0603027343750000      -0.395628065    
   3.0627441406250000      -0.395644844    
   3.0651855468750000      -0.395661741    
   3.0676269531250000      -0.395678669    
   3.0700683593750000      -0.395695716    
   3.0725097656250000      -0.395712852    
   3.0749511718750000      -0.395730048    
   3.0773925781250000      -0.395747364    
   3.0798339843750000      -0.395764738    
   3.0822753906250000      -0.395782202    
   3.0847167968750000      -0.395799756    
   3.0871582031250000      -0.395817399    
   3.0895996093750000      -0.395835131    
   3.0920410156250000      -0.395852923    
   3.0944824218750000      -0.395870835    
   3.0969238281250000      -0.395888835    
   3.0993652343750000      -0.395906895    
   3.1018066406250000      -0.395925075    
   3.1042480468750000      -0.395943314    
   3.1066894531250000      -0.395961642    
   3.1091308593750000      -0.395980090    
   3.1115722656250000      -0.395998597    
   3.1140136718750000      -0.396017194    
   3.1164550781250000      -0.396035880    
   3.1188964843750000      -0.396054685    
   3.1213378906250000      -0.396073550    
   3.1237792968750000      -0.396092504    
   3.1262207031250000      -0.396111548    
   3.1286621093750000      -0.396130681    
   3.1311035156250000      -0.396149933    
   3.1335449218750000      -0.396169245    
   3.1359863281250000      -0.396188647    
   3.1384277343750000      -0.396208137    
   3.1408691406250000      -0.396227717    
   3.1433105468750000      -0.396247417    
   3.1457519531250000      -0.396267176    
   3.1481933593750000      -0.396287054    
   3.1506347656250000      -0.396306992    
   3.1530761718750000      -0.396327019    
   3.1555175781250000      -0.396347165    
   3.1579589843750000      -0.396367401    
   3.1604003906250000      -0.396387726    
   3.1628417968750000      -0.396408141    
   3.1652832031250000      -0.396428645    
   3.1677246093750000      -0.396449238    
   3.1701660156250000      -0.396469921    
   3.1726074218750000      -0.396490723    
   3.1750488281250000      -0.396511585    
   3.1774902343750000      -0.396532565    
   3.1799316406250000      -0.396553636    
   3.1823730468750000      -0.396574795    
   3.1848144531250000      -0.396596044    
   3.1872558593750000      -0.396617383    
   3.1896972656250000      -0.396638840    
   3.1921386718750000      -0.396660358    
   3.1945800781250000      -0.396681994    
   3.1970214843750000      -0.396703720    
   3.1994628906250000      -0.396725535    
   3.2019042968750000      -0.396747470    
   3.2043457031250000      -0.396769494    
   3.2067871093750000      -0.396791607    
   3.2092285156250000      -0.396813810    
   3.2116699218750000      -0.396836102    
   3.2141113281250000      -0.396858513    
   3.2165527343750000      -0.396881014    
   3.2189941406250000      -0.396903634    
   3.2214355468750000      -0.396926314    
   3.2238769531250000      -0.396949112    
   3.2263183593750000      -0.396972001    
   3.2287597656250000      -0.396994978    
   3.2312011718750000      -0.397018075    
   3.2336425781250000      -0.397041261    
   3.2360839843750000      -0.397064537    
   3.2385253906250000      -0.397087932    
   3.2409667968750000      -0.397111416    
   3.2434082031250000      -0.397135019    
   3.2458496093750000      -0.397158682    
   3.2482910156250000      -0.397182465    
   3.2507324218750000      -0.397206366    
   3.2531738281250000      -0.397230357    
   3.2556152343750000      -0.397254437    
   3.2580566406250000      -0.397278607    
   3.2604980468750000      -0.397302926    
   3.2629394531250000      -0.397327304    
   3.2653808593750000      -0.397351801    
   3.2678222656250000      -0.397376418    
   3.2702636718750000      -0.397401094    
   3.2727050781250000      -0.397425890    
   3.2751464843750000      -0.397450805    
   3.2775878906250000      -0.397475839    
   3.2800292968750000      -0.397500932    
   3.2824707031250000      -0.397526175    
   3.2849121093750000      -0.397551477    
   3.2873535156250000      -0.397576898    
   3.2897949218750000      -0.397602439    
   3.2922363281250000      -0.397628069    
   3.2946777343750000      -0.397653818    
   3.2971191406250000      -0.397679687    
   3.2995605468750000      -0.397705615    
   3.3020019531250000      -0.397731692    
   3.3044433593750000      -0.397757858    
   3.3068847656250000      -0.397784114    
   3.3093261718750000      -0.397810519    
   3.3117675781250000      -0.397837013    
   3.3142089843750000      -0.397863597    
   3.3166503906250000      -0.397890300    
   3.3190917968750000      -0.397917092    
   3.3215332031250000      -0.397944033    
   3.3239746093750000      -0.397971064    
   3.3264160156250000      -0.397998214    
   3.3288574218750000      -0.398025453    
   3.3312988281250000      -0.398052812    
   3.3337402343750000      -0.398080289    
   3.3361816406250000      -0.398107857    
   3.3386230468750000      -0.398135543    
   3.3410644531250000      -0.398163348    
   3.3435058593750000      -0.398191273    
   3.3459472656250000      -0.398219287    
   3.3483886718750000      -0.398247421    
   3.3508300781250000      -0.398275673    
   3.3532714843750000      -0.398304015    
   3.3557128906250000      -0.398332477    
   3.3581542968750000      -0.398361087    
   3.3605957031250000      -0.398389786    
   3.3630371093750000      -0.398418605    
   3.3654785156250000      -0.398447514    
   3.3679199218750000      -0.398476571    
   3.3703613281250000      -0.398505718    
   3.3728027343750000      -0.398534983    
   3.3752441406250000      -0.398564368    
   3.3776855468750000      -0.398593873    
   3.3801269531250000      -0.398623496    
   3.3825683593750000      -0.398653239    
   3.3850097656250000      -0.398683101    
   3.3874511718750000      -0.398713052    
   3.3898925781250000      -0.398743153    
   3.3923339843750000      -0.398773342    
   3.3947753906250000      -0.398803651    
   3.3972167968750000      -0.398834109    
   3.3996582031250000      -0.398864686    
   3.4020996093750000      -0.398895353    
   3.4045410156250000      -0.398926139    
   3.4069824218750000      -0.398957074    
   3.4094238281250000      -0.398988098    
   3.4118652343750000      -0.399019271    
   3.4143066406250000      -0.399050534    
   3.4167480468750000      -0.399081945    
   3.4191894531250000      -0.399113476    
   3.4216308593750000      -0.399145126    
   3.4240722656250000      -0.399176896    
   3.4265136718750000      -0.399208784    
   3.4289550781250000      -0.399240792    
   3.4313964843750000      -0.399272919    
   3.4338378906250000      -0.399305165    
   3.4362792968750000      -0.399337560    
   3.4387207031250000      -0.399370074    
   3.4411621093750000      -0.399402708    
   3.4436035156250000      -0.399435461    
   3.4460449218750000      -0.399468362    
   3.4484863281250000      -0.399501383    
   3.4509277343750000      -0.399534523    
   3.4533691406250000      -0.399567783    
   3.4558105468750000      -0.399601161    
   3.4582519531250000      -0.399634689    
   3.4606933593750000      -0.399668336    
   3.4631347656250000      -0.399702102    
   3.4655761718750000      -0.399736017    
   3.4680175781250000      -0.399770051    
   3.4704589843750000      -0.399804235    
   3.4729003906250000      -0.399838507    
   3.4753417968750000      -0.399872929    
   3.4777832031250000      -0.399907500    
   3.4802246093750000      -0.399942189    
   3.4826660156250000      -0.399976999    
   3.4851074218750000      -0.400011957    
   3.4875488281250000      -0.400047034    
   3.4899902343750000      -0.400082260    
   3.4924316406250000      -0.400117606    
   3.4948730468750000      -0.400153100    
   3.4973144531250000      -0.400188714    
   3.4997558593750000      -0.400224447    
   3.5021972656250000      -0.400260329    
   3.5046386718750000      -0.400296360    
   3.5070800781250000      -0.400332540    
   3.5095214843750000      -0.400368810    
   3.5119628906250000      -0.400405258    
   3.5144042968750000      -0.400441825    
   3.5168457031250000      -0.400478542    
   3.5192871093750000      -0.400515378    
   3.5217285156250000      -0.400552362    
   3.5241699218750000      -0.400589496    
   3.5266113281250000      -0.400626749    
   3.5290527343750000      -0.400664151    
   3.5314941406250000      -0.400701702    
   3.5339355468750000      -0.400739372    
   3.5363769531250000      -0.400777221    
   3.5388183593750000      -0.400815189    
   3.5412597656250000      -0.400853306    
   3.5437011718750000      -0.400891542    
   3.5461425781250000      -0.400929958    
   3.5485839843750000      -0.400968492    
   3.5510253906250000      -0.401007175    
   3.5534667968750000      -0.401046008    
   3.5559082031250000      -0.401084960    
   3.5583496093750000      -0.401124090    
   3.5607910156250000      -0.401163340    
   3.5632324218750000      -0.401202768    
   3.5656738281250000      -0.401242316    
   3.5681152343750000      -0.401282042    
   3.5705566406250000      -0.401321888    
   3.5729980468750000      -0.401361883    
   3.5754394531250000      -0.401402056    
   3.5778808593750000      -0.401442349    
   3.5803222656250000      -0.401482821    
   3.5827636718750000      -0.401523411    
   3.5852050781250000      -0.401564181    
   3.5876464843750000      -0.401605070    
   3.5900878906250000      -0.401646137    
   3.5925292968750000      -0.401687324    
   3.5949707031250000      -0.401728690    
   3.5974121093750000      -0.401770234    
   3.5998535156250000      -0.401811898    
   3.6022949218750000      -0.401853740    
   3.6047363281250000      -0.401895702    
   3.6071777343750000      -0.401937842    
   3.6096191406250000      -0.401980132    
   3.6120605468750000      -0.402022600    
   3.6145019531250000      -0.402065217    
   3.6169433593750000      -0.402107984    
   3.6193847656250000      -0.402150899    
   3.6218261718750000      -0.402193993    
   3.6242675781250000      -0.402237236    
   3.6267089843750000      -0.402280629    
   3.6291503906250000      -0.402324200    
   3.6315917968750000      -0.402367920    
   3.6340332031250000      -0.402411819    
   3.6364746093750000      -0.402455866    
   3.6389160156250000      -0.402500093    
   3.6413574218750000      -0.402544469    
   3.6437988281250000      -0.402589023    
   3.6462402343750000      -0.402633727    
   3.6486816406250000      -0.402678609    
   3.6511230468750000      -0.402723640    
   3.6535644531250000      -0.402768850    
   3.6560058593750000      -0.402814209    
   3.6584472656250000      -0.402859747    
   3.6608886718750000      -0.402905464    
   3.6633300781250000      -0.402951360    
   3.6657714843750000      -0.402997404    
   3.6682128906250000      -0.403043628    
   3.6706542968750000      -0.403090000    
   3.6730957031250000      -0.403136581    
   3.6755371093750000      -0.403183311    
   3.6779785156250000      -0.403230220    
   3.6804199218750000      -0.403277278    
   3.6828613281250000      -0.403324544    
   3.6853027343750000      -0.403371990    
   3.6877441406250000      -0.403419584    
   3.6901855468750000      -0.403467357    
   3.6926269531250000      -0.403515339    
   3.6950683593750000      -0.403563440    
   3.6975097656250000      -0.403611779    
   3.6999511718750000      -0.403660268    
   3.7023925781250000      -0.403708935    
   3.7048339843750000      -0.403757781    
   3.7072753906250000      -0.403806806    
   3.7097167968750000      -0.403856039    
   3.7121582031250000      -0.403905421    
   3.7145996093750000      -0.403954983    
   3.7170410156250000      -0.404004753    
   3.7194824218750000      -0.404054701    
   3.7219238281250000      -0.404104829    
   3.7243652343750000      -0.404155135    
   3.7268066406250000      -0.404205650    
   3.7292480468750000      -0.404256344    
   3.7316894531250000      -0.404307216    
   3.7341308593750000      -0.404358268    
   3.7365722656250000      -0.404409528    
   3.7390136718750000      -0.404460967    
   3.7414550781250000      -0.404512584    
   3.7438964843750000      -0.404564410    
   3.7463378906250000      -0.404616445    
   3.7487792968750000      -0.404668629    
   3.7512207031250000      -0.404721051    
   3.7536621093750000      -0.404773623    
   3.7561035156250000      -0.404826403    
   3.7585449218750000      -0.404879391    
   3.7609863281250000      -0.404932588    
   3.7634277343750000      -0.404985964    
   3.7658691406250000      -0.405039549    
   3.7683105468750000      -0.405093312    
   3.7707519531250000      -0.405147284    
   3.7731933593750000      -0.405201465    
   3.7756347656250000      -0.405255824    
   3.7780761718750000      -0.405310392    
   3.7805175781250000      -0.405365169    
   3.7829589843750000      -0.405420154    
   3.7854003906250000      -0.405475348    
   3.7878417968750000      -0.405530751    
   3.7902832031250000      -0.405586332    
   3.7927246093750000      -0.405642152    
   3.7951660156250000      -0.405698150    
   3.7976074218750000      -0.405754358    
   3.8000488281250000      -0.405810773    
   3.8024902343750000      -0.405867428    
   3.8049316406250000      -0.405924261    
   3.8073730468750000      -0.405981332    
   3.8098144531250000      -0.406038612    
   3.8122558593750000      -0.406096071    
   3.8146972656250000      -0.406153768    
   3.8171386718750000      -0.406211674    
   3.8195800781250000      -0.406269819    
   3.8220214843750000      -0.406328142    
   3.8244628906250000      -0.406386703    
   3.8269042968750000      -0.406445503    
   3.8293457031250000      -0.406504482    
   3.8317871093750000      -0.406563699    
   3.8342285156250000      -0.406623125    
   3.8366699218750000      -0.406682789    
   3.8391113281250000      -0.406742692    
   3.8415527343750000      -0.406802803    
   3.8439941406250000      -0.406863123    
   3.8464355468750000      -0.406923681    
   3.8488769531250000      -0.406984448    
   3.8513183593750000      -0.407045454    
   3.8537597656250000      -0.407106698    
   3.8562011718750000      -0.407168180    
   3.8586425781250000      -0.407229871    
   3.8610839843750000      -0.407291800    
   3.8635253906250000      -0.407353938    
   3.8659667968750000      -0.407416344    
   3.8684082031250000      -0.407478958    
   3.8708496093750000      -0.407541811    
   3.8732910156250000      -0.407604903    
   3.8757324218750000      -0.407668233    
   3.8781738281250000      -0.407731801    
   3.8806152343750000      -0.407795608    
   3.8830566406250000      -0.407859653    
   3.8854980468750000      -0.407923967    
   3.8879394531250000      -0.407988489    
   3.8903808593750000      -0.408053249    
   3.8928222656250000      -0.408118278    
   3.8952636718750000      -0.408183515    
   3.8977050781250000      -0.408249021    
   3.9001464843750000      -0.408314764    
   3.9025878906250000      -0.408380777    
   3.9050292968750000      -0.408447027    
   3.9074707031250000      -0.408513516    
   3.9099121093750000      -0.408580273    
   3.9123535156250000      -0.408647269    
   3.9147949218750000      -0.408714533    
   3.9172363281250000      -0.408782035    
   3.9196777343750000      -0.408849776    
   3.9221191406250000      -0.408917814    
   3.9245605468750000      -0.408986092    
   3.9270019531250000      -0.409054607    
   3.9294433593750000      -0.409123421    
   3.9318847656250000      -0.409192473    
   3.9343261718750000      -0.409261793    
   3.9367675781250000      -0.409331352    
   3.9392089843750000      -0.409401208    
   3.9416503906250000      -0.409471303    
   3.9440917968750000      -0.409541667    
   3.9465332031250000      -0.409612298    
   3.9489746093750000      -0.409683228    
   3.9514160156250000      -0.409754395    
   3.9538574218750000      -0.409825861    
   3.9562988281250000      -0.409897566    
   3.9587402343750000      -0.409969568    
   3.9611816406250000      -0.410041809    
   3.9636230468750000      -0.410114378    
   3.9660644531250000      -0.410187185    
   3.9685058593750000      -0.410260290    
   3.9709472656250000      -0.410333663    
   3.9733886718750000      -0.410407335    
   3.9758300781250000      -0.410481244    
   3.9782714843750000      -0.410555482    
   3.9807128906250000      -0.410629988    
   3.9831542968750000      -0.410704762    
   3.9855957031250000      -0.410779834    
   3.9880371093750000      -0.410855204    
   3.9904785156250000      -0.410930872    
   3.9929199218750000      -0.411006808    
   3.9953613281250000      -0.411083043    
   3.9978027343750000      -0.411159575    
   4.0002441406250000      -0.411236376    
   4.0026855468750000      -0.411313504    
   4.0051269531250000      -0.411390901    
   4.0075683593750000      -0.411468625    
   4.0100097656250000      -0.411546648    
   4.0124511718750000      -0.411624938    
   4.0148925781250000      -0.411703557    
   4.0173339843750000      -0.411782473    
   4.0197753906250000      -0.411861688    
   4.0222167968750000      -0.411941230    
   4.0246582031250000      -0.412021071    
   4.0270996093750000      -0.412101209    
   4.0295410156250000      -0.412181646    
   4.0319824218750000      -0.412262440    
   4.0344238281250000      -0.412343502    
   4.0368652343750000      -0.412424892    
   4.0393066406250000      -0.412506610    
   4.0417480468750000      -0.412588626    
   4.0441894531250000      -0.412670970    
   4.0466308593750000      -0.412753642    
   4.0490722656250000      -0.412836611    
   4.0515136718750000      -0.412919939    
   4.0539550781250000      -0.413003564    
   4.0563964843750000      -0.413087517    
   4.0588378906250000      -0.413171828    
   4.0612792968750000      -0.413256437    
   4.0637207031250000      -0.413341373    
   4.0661621093750000      -0.413426667    
   4.0686035156250000      -0.413512260    
   4.0710449218750000      -0.413598210    
   4.0734863281250000      -0.413684487    
   4.0759277343750000      -0.413771123    
   4.0783691406250000      -0.413858086    
   4.0808105468750000      -0.413945377    
   4.0832519531250000      -0.414033026    
   4.0856933593750000      -0.414121032    
   4.0881347656250000      -0.414209366    
   4.0905761718750000      -0.414298058    
   4.0930175781250000      -0.414387077    
   4.0954589843750000      -0.414476454    
   4.0979003906250000      -0.414566189    
   4.1003417968750000      -0.414656281    
   4.1027832031250000      -0.414746732    
   4.1052246093750000      -0.414837539    
   4.1076660156250000      -0.414928705    
   4.1101074218750000      -0.415020227    
   4.1125488281250000      -0.415112108    
   4.1149902343750000      -0.415204376    
   4.1174316406250000      -0.415297002    
   4.1198730468750000      -0.415389985    
   4.1223144531250000      -0.415483326    
   4.1247558593750000      -0.415577054    
   4.1271972656250000      -0.415671140    
   4.1296386718750000      -0.415765613    
   4.1320800781250000      -0.415860474    
   4.1345214843750000      -0.415955693    
   4.1369628906250000      -0.416051298    
   4.1394042968750000      -0.416147292    
   4.1418457031250000      -0.416243672    
   4.1442871093750000      -0.416340441    
   4.1467285156250000      -0.416437566    
   4.1491699218750000      -0.416535109    
   4.1516113281250000      -0.416633040    
   4.1540527343750000      -0.416731358    
   4.1564941406250000      -0.416830063    
   4.1589355468750000      -0.416929185    
   4.1613769531250000      -0.417028695    
   4.1638183593750000      -0.417128593    
   4.1662597656250000      -0.417228907    
   4.1687011718750000      -0.417329639    
   4.1711425781250000      -0.417430758    
   4.1735839843750000      -0.417532295    
   4.1760253906250000      -0.417634219    
   4.1784667968750000      -0.417736590    
   4.1809082031250000      -0.417839348    
   4.1833496093750000      -0.417942524    
   4.1857910156250000      -0.418046147    
   4.1882324218750000      -0.418150157    
   4.1906738281250000      -0.418254614    
   4.1931152343750000      -0.418359488    
   4.1955566406250000      -0.418464780    
   4.1979980468750000      -0.418570518    
   4.2004394531250000      -0.418676674    
   4.2028808593750000      -0.418783247    
   4.2053222656250000      -0.418890268    
   4.2077636718750000      -0.418997735    
   4.2102050781250000      -0.419105649    
   4.2126464843750000      -0.419213980    
   4.2150878906250000      -0.419322759    
   4.2175292968750000      -0.419431984    
   4.2199707031250000      -0.419541687    
   4.2224121093750000      -0.419651806    
   4.2248535156250000      -0.419762373    
   4.2272949218750000      -0.419873446    
   4.2297363281250000      -0.419984937    
   4.2321777343750000      -0.420096874    
   4.2346191406250000      -0.420209289    
   4.2370605468750000      -0.420322180    
   4.2395019531250000      -0.420435518    
   4.2419433593750000      -0.420549333    
   4.2443847656250000      -0.420663625    
   4.2468261718750000      -0.420778394    
   4.2492675781250000      -0.420893610    
   4.2517089843750000      -0.421009332    
   4.2541503906250000      -0.421125531    
   4.2565917968750000      -0.421242177    
   4.2590332031250000      -0.421359360    
   4.2614746093750000      -0.421477020    
   4.2639160156250000      -0.421595156    
   4.2663574218750000      -0.421713769    
   4.2687988281250000      -0.421832919    
   4.2712402343750000      -0.421952546    
   4.2736816406250000      -0.422072649    
   4.2761230468750000      -0.422193289    
   4.2785644531250000      -0.422314405    
   4.2810058593750000      -0.422436059    
   4.2834472656250000      -0.422558218    
   4.2858886718750000      -0.422680885    
   4.2883300781250000      -0.422804058    
   4.2907714843750000      -0.422927767    
   4.2932128906250000      -0.423051983    
   4.2956542968750000      -0.423176736    
   4.2980957031250000      -0.423301995    
   4.3005371093750000      -0.423427790    
   4.3029785156250000      -0.423554122    
   4.3054199218750000      -0.423680991    
   4.3078613281250000      -0.423808396    
   4.3103027343750000      -0.423936337    
   4.3127441406250000      -0.424064845    
   4.3151855468750000      -0.424193859    
   4.3176269531250000      -0.424323440    
   4.3200683593750000      -0.424453586    
   4.3225097656250000      -0.424584270    
   4.3249511718750000      -0.424715519    
   4.3273925781250000      -0.424847305    
   4.3298339843750000      -0.424979687    
   4.3322753906250000      -0.425112605    
   4.3347167968750000      -0.425246119    
   4.3371582031250000      -0.425380200    
   4.3395996093750000      -0.425514847    
   4.3420410156250000      -0.425650090    
   4.3444824218750000      -0.425785899    
   4.3469238281250000      -0.425922275    
   4.3493652343750000      -0.426059276    
   4.3518066406250000      -0.426196843    
   4.3542480468750000      -0.426335007    
   4.3566894531250000      -0.426473767    
   4.3591308593750000      -0.426613122    
   4.3615722656250000      -0.426753104    
   4.3640136718750000      -0.426893651    
   4.3664550781250000      -0.427034855    
   4.3688964843750000      -0.427176625    
   4.3713378906250000      -0.427319050    
   4.3737792968750000      -0.427462071    
   4.3762207031250000      -0.427605718    
   4.3786621093750000      -0.427749991    
   4.3811035156250000      -0.427894890    
   4.3835449218750000      -0.428040445    
   4.3859863281250000      -0.428186595    
   4.3884277343750000      -0.428333431    
   4.3908691406250000      -0.428480864    
   4.3933105468750000      -0.428628981    
   4.3957519531250000      -0.428777725    
   4.3981933593750000      -0.428927124    
   4.4006347656250000      -0.429077178    
   4.4030761718750000      -0.429227889    
   4.4055175781250000      -0.429379284    
   4.4079589843750000      -0.429531336    
   4.4104003906250000      -0.429684073    
   4.4128417968750000      -0.429837465    
   4.4152832031250000      -0.429991543    
   4.4177246093750000      -0.430146307    
   4.4201660156250000      -0.430301726    
   4.4226074218750000      -0.430457860    
   4.4250488281250000      -0.430614680    
   4.4274902343750000      -0.430772215    
   4.4299316406250000      -0.430930436    
   4.4323730468750000      -0.431089371    
   4.4348144531250000      -0.431248993    
   4.4372558593750000      -0.431409359    
   4.4396972656250000      -0.431570411    
   4.4421386718750000      -0.431732178    
   4.4445800781250000      -0.431894720    
   4.4470214843750000      -0.432057947    
   4.4494628906250000      -0.432221919    
   4.4519042968750000      -0.432386607    
   4.4543457031250000      -0.432552069    
   4.4567871093750000      -0.432718247    
   4.4592285156250000      -0.432885200    
   4.4616699218750000      -0.433052897    
   4.4641113281250000      -0.433221340    
   4.4665527343750000      -0.433390558    
   4.4689941406250000      -0.433560520    
   4.4714355468750000      -0.433731258    
   4.4738769531250000      -0.433902770    
   4.4763183593750000      -0.434075087    
   4.4787597656250000      -0.434248149    
   4.4812011718750000      -0.434422016    
   4.4836425781250000      -0.434596688    
   4.4860839843750000      -0.434772134    
   4.4885253906250000      -0.434948385    
   4.4909667968750000      -0.435125440    
   4.4934082031250000      -0.435303330    
   4.4958496093750000      -0.435481995    
   4.4982910156250000      -0.435661495    
   4.5007324218750000      -0.435841829    
   4.5031738281250000      -0.436022967    
   4.5056152343750000      -0.436204940    
   4.5080566406250000      -0.436387777    
   4.5104980468750000      -0.436571449    
   4.5129394531250000      -0.436755955    
   4.5153808593750000      -0.436941296    
   4.5178222656250000      -0.437127531    
   4.5202636718750000      -0.437314600    
   4.5227050781250000      -0.437502533    
   4.5251464843750000      -0.437691361    
   4.5275878906250000      -0.437881052    
   4.5300292968750000      -0.438071609    
   4.5324707031250000      -0.438263059    
   4.5349121093750000      -0.438455403    
   4.5373535156250000      -0.438648671    
   4.5397949218750000      -0.438842803    
   4.5422363281250000      -0.439037859    
   4.5446777343750000      -0.439233840    
   4.5471191406250000      -0.439430714    
   4.5495605468750000      -0.439628512    
   4.5520019531250000      -0.439827234    
   4.5544433593750000      -0.440026909    
   4.5568847656250000      -0.440227509    
   4.5593261718750000      -0.440429062    
   4.5617675781250000      -0.440631568    
   4.5642089843750000      -0.440834999    
   4.5666503906250000      -0.441039413    
   4.5690917968750000      -0.441244781    
   4.5715332031250000      -0.441451132    
   4.5739746093750000      -0.441658467    
   4.5764160156250000      -0.441866785    
   4.5788574218750000      -0.442076087    
   4.5812988281250000      -0.442286372    
   4.5837402343750000      -0.442497671    
   4.5861816406250000      -0.442709953    
   4.5886230468750000      -0.442923248    
   4.5910644531250000      -0.443137586    
   4.5935058593750000      -0.443352938    
   4.5959472656250000      -0.443569332    
   4.5983886718750000      -0.443786740    
   4.6008300781250000      -0.444005191    
   4.6032714843750000      -0.444224715    
   4.6057128906250000      -0.444445282    
   4.6081542968750000      -0.444666892    
   4.6105957031250000      -0.444889605    
   4.6130371093750000      -0.445113361    
   4.6154785156250000      -0.445338190    
   4.6179199218750000      -0.445564121    
   4.6203613281250000      -0.445791155    
   4.6228027343750000      -0.446019262    
   4.6252441406250000      -0.446248502    
   4.6276855468750000      -0.446478844    
   4.6301269531250000      -0.446710289    
   4.6325683593750000      -0.446942896    
   4.6350097656250000      -0.447176605    
   4.6374511718750000      -0.447411448    
   4.6398925781250000      -0.447647452    
   4.6423339843750000      -0.447884619    
   4.6447753906250000      -0.448122919    
   4.6472167968750000      -0.448362410    
   4.6496582031250000      -0.448603064    
   4.6520996093750000      -0.448844880    
   4.6545410156250000      -0.449087918    
   4.6569824218750000      -0.449332148    
   4.6594238281250000      -0.449577570    
   4.6618652343750000      -0.449824184    
   4.6643066406250000      -0.450072020    
   4.6667480468750000      -0.450321108    
   4.6691894531250000      -0.450571418    
   4.6716308593750000      -0.450822949    
   4.6740722656250000      -0.451075733    
   4.6765136718750000      -0.451329768    
   4.6789550781250000      -0.451585084    
   4.6813964843750000      -0.451841652    
   4.6838378906250000      -0.452099502    
   4.6862792968750000      -0.452358633    
   4.6887207031250000      -0.452619076    
   4.6911621093750000      -0.452880800    
   4.6936035156250000      -0.453143835    
   4.6960449218750000      -0.453408211    
   4.6984863281250000      -0.453673899    
   4.7009277343750000      -0.453940898    
   4.7033691406250000      -0.454209268    
   4.7058105468750000      -0.454478979    
   4.7082519531250000      -0.454750031    
   4.7106933593750000      -0.455022454    
   4.7131347656250000      -0.455296278    
   4.7155761718750000      -0.455571443    
   4.7180175781250000      -0.455848038    
   4.7204589843750000      -0.456126004    
   4.7229003906250000      -0.456405401    
   4.7253417968750000      -0.456686229    
   4.7277832031250000      -0.456968457    
   4.7302246093750000      -0.457252115    
   4.7326660156250000      -0.457537234    
   4.7351074218750000      -0.457823813    
   4.7375488281250000      -0.458111823    
   4.7399902343750000      -0.458401352    
   4.7424316406250000      -0.458692312    
   4.7448730468750000      -0.458984792    
   4.7473144531250000      -0.459278762    
   4.7497558593750000      -0.459574252    
   4.7521972656250000      -0.459871262    
   4.7546386718750000      -0.460169792    
   4.7570800781250000      -0.460469872    
   4.7595214843750000      -0.460771471    
   4.7619628906250000      -0.461074650    
   4.7644042968750000      -0.461379379    
   4.7668457031250000      -0.461685717    
   4.7692871093750000      -0.461993605    
   4.7717285156250000      -0.462303102    
   4.7741699218750000      -0.462614208    
   4.7766113281250000      -0.462926924    
   4.7790527343750000      -0.463241279    
   4.7814941406250000      -0.463557273    
   4.7839355468750000      -0.463874906    
   4.7863769531250000      -0.464194208    
   4.7888183593750000      -0.464515179    
   4.7912597656250000      -0.464837819    
   4.7937011718750000      -0.465162158    
   4.7961425781250000      -0.465488195    
   4.7985839843750000      -0.465815961    
   4.8010253906250000      -0.466145426    
   4.8034667968750000      -0.466476619    
   4.8059082031250000      -0.466809571    
   4.8083496093750000      -0.467144281    
   4.8107910156250000      -0.467480779    
   4.8132324218750000      -0.467819035    
   4.8156738281250000      -0.468159080    
   4.8181152343750000      -0.468500912    
   4.8205566406250000      -0.468844593    
   4.8229980468750000      -0.469190061    
   4.8254394531250000      -0.469537407    
   4.8278808593750000      -0.469886571    
   4.8303222656250000      -0.470237613    
   4.8327636718750000      -0.470590532    
   4.8352050781250000      -0.470945328    
   4.8376464843750000      -0.471302003    
   4.8400878906250000      -0.471660614    
   4.8425292968750000      -0.472021133    
   4.8449707031250000      -0.472383589    
   4.8474121093750000      -0.472748011    
   4.8498535156250000      -0.473114371    
   4.8522949218750000      -0.473482728    
   4.8547363281250000      -0.473853052    
   4.8571777343750000      -0.474225372    
   4.8596191406250000      -0.474599719    
   4.8620605468750000      -0.474976093    
   4.8645019531250000      -0.475354493    
   4.8669433593750000      -0.475734949    
   4.8693847656250000      -0.476117462    
   4.8718261718750000      -0.476502061    
   4.8742675781250000      -0.476888746    
   4.8767089843750000      -0.477277547    
   4.8791503906250000      -0.477668464    
   4.8815917968750000      -0.478061527    
   4.8840332031250000      -0.478456736    
   4.8864746093750000      -0.478854090    
   4.8889160156250000      -0.479253650    
   4.8913574218750000      -0.479655385    
   4.8937988281250000      -0.480059326    
   4.8962402343750000      -0.480465502    
   4.8986816406250000      -0.480873883    
   4.9011230468750000      -0.481284529    
   4.9035644531250000      -0.481697440    
   4.9060058593750000      -0.482112646    
   4.9084472656250000      -0.482530147    
   4.9108886718750000      -0.482949942    
   4.9133300781250000      -0.483372062    
   4.9157714843750000      -0.483796537    
   4.9182128906250000      -0.484223366    
   4.9206542968750000      -0.484652579    
   4.9230957031250000      -0.485084176    
   4.9255371093750000      -0.485518157    
   4.9279785156250000      -0.485954583    
   4.9304199218750000      -0.486393452    
   4.9328613281250000      -0.486834764    
   4.9353027343750000      -0.487278551    
   4.9377441406250000      -0.487724811    
   4.9401855468750000      -0.488173604    
   4.9426269531250000      -0.488624901    
   4.9450683593750000      -0.489078730    
   4.9475097656250000      -0.489535123    
   4.9499511718750000      -0.489994109    
   4.9523925781250000      -0.490455657    
   4.9548339843750000      -0.490919828    
   4.9572753906250000      -0.491386622    
   4.9597167968750000      -0.491856039    
   4.9621582031250000      -0.492328137    
   4.9645996093750000      -0.492802918    
   4.9670410156250000      -0.493280411    
   4.9694824218750000      -0.493760586    
   4.9719238281250000      -0.494243532    
   4.9743652343750000      -0.494729221    
   4.9768066406250000      -0.495217651    
   4.9792480468750000      -0.495708913    
   4.9816894531250000      -0.496202976    
   4.9841308593750000      -0.496699870    
   4.9865722656250000      -0.497199595    
   4.9890136718750000      -0.497702211    
   4.9914550781250000      -0.498207718    
   4.9938964843750000      -0.498716116    
   4.9963378906250000      -0.499227434    
   4.9987792968750000      -0.499741793    
