   1.2207031250000000E-003 -0.498025924    
   3.6621093750000000E-003 -0.494104028    
   6.1035156250000000E-003 -0.490217179    
   8.5449218750000000E-003 -0.486363590    
   1.0986328125000000E-002 -0.482543558    
   1.3427734375000000E-002 -0.478756428    
   1.5869140625000000E-002 -0.475002110    
   1.8310546875000000E-002 -0.471280128    
   2.0751953125000000E-002 -0.467590332    
   2.3193359375000000E-002 -0.463932306    
   2.5634765625000000E-002 -0.460305840    
   2.8076171875000000E-002 -0.456710577    
   3.0517578125000000E-002 -0.453146249    
   3.2958984375000000E-002 -0.449612558    
   3.5400390625000000E-002 -0.446109265    
   3.7841796875000000E-002 -0.442636043    
   4.0283203125000000E-002 -0.439192623    
   4.2724609375000000E-002 -0.435778707    
   4.5166015625000000E-002 -0.432394058    
   4.7607421875000000E-002 -0.429038405    
   5.0048828125000000E-002 -0.425711453    
   5.2490234375000000E-002 -0.422412932    
   5.4931640625000000E-002 -0.419142604    
   5.7373046875000000E-002 -0.415900230    
   5.9814453125000000E-002 -0.412685513    
   6.2255859375000000E-002 -0.409498185    
   6.4697265625000000E-002 -0.406338036    
   6.7138671875000000E-002 -0.403204769    
   6.9580078125000000E-002 -0.400098205    
   7.2021484375000000E-002 -0.397018015    
   7.4462890625000000E-002 -0.393964022    
   7.6904296875000000E-002 -0.390935957    
   7.9345703125000000E-002 -0.387933582    
   8.1787109375000000E-002 -0.384956658    
   8.4228515625000000E-002 -0.382004976    
   8.6669921875000000E-002 -0.379078269    
   8.9111328125000000E-002 -0.376176357    
   9.1552734375000000E-002 -0.373298943    
   9.3994140625000000E-002 -0.370445877    
   9.6435546875000000E-002 -0.367616892    
   9.8876953125000000E-002 -0.364811778    
  0.10131835937500000      -0.362030327    
  0.10375976562500000      -0.359272271    
  0.10620117187500000      -0.356537461    
  0.10864257812500000      -0.353825688    
  0.11108398437500000      -0.351136684    
  0.11352539062500000      -0.348470271    
  0.11596679687500000      -0.345826268    
  0.11840820312500000      -0.343204439    
  0.12084960937500000      -0.340604603    
  0.12329101562500000      -0.338026553    
  0.12573242187500000      -0.335470080    
  0.12817382812500000      -0.332935005    
  0.13061523437500000      -0.330421120    
  0.13305664062500000      -0.327928245    
  0.13549804687500000      -0.325456172    
  0.13793945312500000      -0.323004723    
  0.14038085937500000      -0.320573747    
  0.14282226562500000      -0.318162978    
  0.14526367187500000      -0.315772295    
  0.14770507812500000      -0.313401520    
  0.15014648437500000      -0.311050475    
  0.15258789062500000      -0.308718920    
  0.15502929687500000      -0.306406736    
  0.15747070312500000      -0.304113746    
  0.15991210937500000      -0.301839769    
  0.16235351562500000      -0.299584627    
  0.16479492187500000      -0.297348142    
  0.16723632812500000      -0.295130193    
  0.16967773437500000      -0.292930543    
  0.17211914062500000      -0.290749073    
  0.17456054687500000      -0.288585663    
  0.17700195312500000      -0.286440045    
  0.17944335937500000      -0.284312129    
  0.18188476562500000      -0.282201767    
  0.18432617187500000      -0.280108750    
  0.18676757812500000      -0.278032959    
  0.18920898437500000      -0.275974214    
  0.19165039062500000      -0.273932427    
  0.19409179687500000      -0.271907389    
  0.19653320312500000      -0.269898951    
  0.19897460937500000      -0.267906964    
  0.20141601562500000      -0.265931308    
  0.20385742187500000      -0.263971835    
  0.20629882812500000      -0.262028396    
  0.20874023437500000      -0.260100812    
  0.21118164062500000      -0.258189023    
  0.21362304687500000      -0.256292790    
  0.21606445312500000      -0.254412055    
  0.21850585937500000      -0.252546608    
  0.22094726562500000      -0.250696421    
  0.22338867187500000      -0.248861253    
  0.22583007812500000      -0.247041017    
  0.22827148437500000      -0.245235592    
  0.23071289062500000      -0.243444800    
  0.23315429687500000      -0.241668582    
  0.23559570312500000      -0.239906758    
  0.23803710937500000      -0.238159209    
  0.24047851562500000      -0.236425817    
  0.24291992187500000      -0.234706432    
  0.24536132812500000      -0.233000964    
  0.24780273437500000      -0.231309295    
  0.25024414062500000      -0.229631275    
  0.25268554687500000      -0.227966815    
  0.25512695312500000      -0.226315767    
  0.25756835937500000      -0.224678010    
  0.26000976562500000      -0.223053485    
  0.26245117187500000      -0.221441984    
  0.26489257812500000      -0.219843477    
  0.26733398437500000      -0.218257785    
  0.26977539062500000      -0.216684848    
  0.27221679687500000      -0.215124547    
  0.27465820312500000      -0.213576734    
  0.27709960937500000      -0.212041318    
  0.27954101562500000      -0.210518211    
  0.28198242187500000      -0.209007293    
  0.28442382812500000      -0.207508445    
  0.28686523437500000      -0.206021577    
  0.28930664062500000      -0.204546601    
  0.29174804687500000      -0.203083366    
  0.29418945312500000      -0.201631814    
  0.29663085937500000      -0.200191826    
  0.29907226562500000      -0.198763281    
  0.30151367187500000      -0.197346121    
  0.30395507812500000      -0.195940226    
  0.30639648437500000      -0.194545478    
  0.30883789062500000      -0.193161845    
  0.31127929687500000      -0.191789150    
  0.31372070312500000      -0.190427363    
  0.31616210937500000      -0.189076334    
  0.31860351562500000      -0.187736034    
  0.32104492187500000      -0.186406314    
  0.32348632812500000      -0.185087115    
  0.32592773437500000      -0.183778316    
  0.32836914062500000      -0.182479858    
  0.33081054687500000      -0.181191653    
  0.33325195312500000      -0.179913580    
  0.33569335937500000      -0.178645611    
  0.33813476562500000      -0.177387595    
  0.34057617187500000      -0.176139474    
  0.34301757812500000      -0.174901158    
  0.34545898437500000      -0.173672557    
  0.34790039062500000      -0.172453612    
  0.35034179687500000      -0.171244234    
  0.35278320312500000      -0.170044333    
  0.35522460937500000      -0.168853819    
  0.35766601562500000      -0.167672604    
  0.36010742187500000      -0.166500658    
  0.36254882812500000      -0.165337861    
  0.36499023437500000      -0.164184123    
  0.36743164062500000      -0.163039416    
  0.36987304687500000      -0.161903590    
  0.37231445312500000      -0.160776645    
  0.37475585937500000      -0.159658492    
  0.37719726562500000      -0.158549011    
  0.37963867187500000      -0.157448143    
  0.38208007812500000      -0.156355858    
  0.38452148437500000      -0.155272037    
  0.38696289062500000      -0.154196620    
  0.38940429687500000      -0.153129548    
  0.39184570312500000      -0.152070731    
  0.39428710937500000      -0.151020110    
  0.39672851562500000      -0.149977624    
  0.39916992187500000      -0.148943186    
  0.40161132812500000      -0.147916734    
  0.40405273437500000      -0.146898210    
  0.40649414062500000      -0.145887554    
  0.40893554687500000      -0.144884676    
  0.41137695312500000      -0.143889517    
  0.41381835937500000      -0.142902017    
  0.41625976562500000      -0.141922116    
  0.41870117187500000      -0.140949726    
  0.42114257812500000      -0.139984816    
  0.42358398437500000      -0.139027297    
  0.42602539062500000      -0.138077140    
  0.42846679687500000      -0.137134254    
  0.43090820312500000      -0.136198580    
  0.43334960937500000      -0.135270089    
  0.43579101562500000      -0.134348691    
  0.43823242187500000      -0.133434296    
  0.44067382812500000      -0.132526904    
  0.44311523437500000      -0.131626457    
  0.44555664062500000      -0.130732834    
  0.44799804687500000      -0.129846036    
  0.45043945312500000      -0.128965974    
  0.45288085937500000      -0.128092617    
  0.45532226562500000      -0.127225906    
  0.45776367187500000      -0.126365781    
  0.46020507812500000      -0.125512153    
  0.46264648437500000      -0.124665022    
  0.46508789062500000      -0.123824298    
  0.46752929687500000      -0.122989953    
  0.46997070312500000      -0.122161925    
  0.47241210937500000      -0.121340156    
  0.47485351562500000      -0.120524585    
  0.47729492187500000      -0.119715184    
  0.47973632812500000      -0.118911862    
  0.48217773437500000      -0.118114620    
  0.48461914062500000      -0.117323369    
  0.48706054687500000      -0.116538107    
  0.48950195312500000      -0.115758717    
  0.49194335937500000      -0.114985198    
  0.49438476562500000      -0.114217490    
  0.49682617187500000      -0.113455534    
  0.49926757812500000      -0.112699300    
  0.50170898437500000      -0.111948758    
  0.50415039062500000      -0.111203790    
  0.50659179687500000      -0.110464424    
  0.50903320312500000      -0.109730601    
  0.51147460937500000      -0.109002233    
  0.51391601562500000      -0.108279318    
  0.51635742187500000      -0.107561797    
  0.51879882812500000      -0.106849641    
  0.52124023437500000      -0.106142759    
  0.52368164062500000      -0.105441153    
  0.52612304687500000      -0.104744762    
  0.52856445312500000      -0.104053557    
  0.53100585937500000      -0.103367478    
  0.53344726562500000      -0.102686524    
  0.53588867187500000      -0.102010578    
  0.53833007812500000      -0.101339668    
  0.54077148437500000      -0.100673705    
  0.54321289062500000      -0.100012690    
  0.54565429687500000       -9.93565619E-02
  0.54809570312500000       -9.87052917E-02
  0.55053710937500000       -9.80588198E-02
  0.55297851562500000       -9.74171162E-02
  0.55541992187500000       -9.67801511E-02
  0.55786132812500000       -9.61478651E-02
  0.56030273437500000       -9.55202579E-02
  0.56274414062500000       -9.48972404E-02
  0.56518554687500000       -9.42788124E-02
  0.56762695312500000       -9.36649442E-02
  0.57006835937500000       -9.30555761E-02
  0.57250976562500000       -9.24506485E-02
  0.57495117187500000       -9.18501914E-02
  0.57739257812500000       -9.12541151E-02
  0.57983398437500000       -9.06624198E-02
  0.58227539062500000       -9.00750458E-02
  0.58471679687500000       -8.94919634E-02
  0.58715820312500000       -8.89131129E-02
  0.58959960937500000       -8.83385241E-02
  0.59204101562500000       -8.77681077E-02
  0.59448242187500000       -8.72018635E-02
  0.59692382812500000       -8.66397321E-02
  0.59936523437500000       -8.60816836E-02
  0.60180664062500000       -8.55276883E-02
  0.60424804687500000       -8.49777460E-02
  0.60668945312500000       -8.44317675E-02
  0.60913085937500000       -8.38897526E-02
  0.61157226562500000       -8.33516717E-02
  0.61401367187500000       -8.28174949E-02
  0.61645507812500000       -8.22871923E-02
  0.61889648437500000       -8.17607045E-02
  0.62133789062500000       -8.12380314E-02
  0.62377929687500000       -8.07191432E-02
  0.62622070312500000       -8.02040100E-02
  0.62866210937500000       -7.96925724E-02
  0.63110351562500000       -7.91848004E-02
  0.63354492187500000       -7.86807239E-02
  0.63598632812500000       -7.81802535E-02
  0.63842773437500000       -7.76833892E-02
  0.64086914062500000       -7.71900713E-02
  0.64331054687500000       -7.67003298E-02
  0.64575195312500000       -7.62140751E-02
  0.64819335937500000       -7.57313371E-02
  0.65063476562500000       -7.52520263E-02
  0.65307617187500000       -7.47761726E-02
  0.65551757812500000       -7.43037164E-02
  0.65795898437500000       -7.38346279E-02
  0.66040039062500000       -7.33688772E-02
  0.66284179687500000       -7.29064643E-02
  0.66528320312500000       -7.24473596E-02
  0.66772460937500000       -7.19915032E-02
  0.67016601562500000       -7.15389252E-02
  0.67260742187500000       -7.10895360E-02
  0.67504882812500000       -7.06433654E-02
  0.67749023437500000       -7.02003539E-02
  0.67993164062500000       -6.97605014E-02
  0.68237304687500000       -6.93237484E-02
  0.68481445312500000       -6.88901246E-02
  0.68725585937500000       -6.84595406E-02
  0.68969726562500000       -6.80320263E-02
  0.69213867187500000       -6.76075220E-02
  0.69458007812500000       -6.71859980E-02
  0.69702148437500000       -6.67674839E-02
  0.69946289062500000       -6.63519204E-02
  0.70190429687500000       -6.59392774E-02
  0.70434570312500000       -6.55295551E-02
  0.70678710937500000       -6.51227236E-02
  0.70922851562500000       -6.47187233E-02
  0.71166992187500000       -6.43175840E-02
  0.71411132812500000       -6.39192760E-02
  0.71655273437500000       -6.35237396E-02
  0.71899414062500000       -6.31310046E-02
  0.72143554687500000       -6.27410114E-02
  0.72387695312500000       -6.23537302E-02
  0.72631835937500000       -6.19691908E-02
  0.72875976562500000       -6.15873337E-02
  0.73120117187500000       -6.12081289E-02
  0.73364257812500000       -6.08316064E-02
  0.73608398437500000       -6.04576766E-02
  0.73852539062500000       -6.00863695E-02
  0.74096679687500000       -5.97176552E-02
  0.74340820312500000       -5.93515038E-02
  0.74584960937500000       -5.89879155E-02
  0.74829101562500000       -5.86268306E-02
  0.75073242187500000       -5.82682788E-02
  0.75317382812500000       -5.79122007E-02
  0.75561523437500000       -5.75585961E-02
  0.75805664062500000       -5.72074354E-02
  0.76049804687500000       -5.68587184E-02
  0.76293945312500000       -5.65124154E-02
  0.76538085937500000       -5.61685264E-02
  0.76782226562500000       -5.58269918E-02
  0.77026367187500000       -5.54878116E-02
  0.77270507812500000       -5.51509857E-02
  0.77514648437500000       -5.48164845E-02
  0.77758789062500000       -5.44842780E-02
  0.78002929687500000       -5.41543663E-02
  0.78247070312500000       -5.38267195E-02
  0.78491210937500000       -5.35013378E-02
  0.78735351562500000       -5.31781912E-02
  0.78979492187500000       -5.28572798E-02
  0.79223632812500000       -5.25385439E-02
  0.79467773437500000       -5.22219837E-02
  0.79711914062500000       -5.19076288E-02
  0.79956054687500000       -5.15953898E-02
  0.80200195312500000       -5.12853265E-02
  0.80444335937500000       -5.09773493E-02
  0.80688476562500000       -5.06714880E-02
  0.80932617187500000       -5.03677130E-02
  0.81176757812500000       -5.00660241E-02
  0.81420898437500000       -4.97663915E-02
  0.81665039062500000       -4.94687855E-02
  0.81909179687500000       -4.91732061E-02
  0.82153320312500000       -4.88796532E-02
  0.82397460937500000       -4.85880673E-02
  0.82641601562500000       -4.82984781E-02
  0.82885742187500000       -4.80108559E-02
  0.83129882812500000       -4.77252007E-02
  0.83374023437500000       -4.74414527E-02
  0.83618164062500000       -4.71596420E-02
  0.83862304687500000       -4.68797386E-02
  0.84106445312500000       -4.66017127E-02
  0.84350585937500000       -4.63255942E-02
  0.84594726562500000       -4.60513234E-02
  0.84838867187500000       -4.57789004E-02
  0.85083007812500000       -4.55083251E-02
  0.85327148437500000       -4.52395678E-02
  0.85571289062500000       -4.49725986E-02
  0.85815429687500000       -4.47074473E-02
  0.86059570312500000       -4.44440842E-02
  0.86303710937500000       -4.41824794E-02
  0.86547851562500000       -4.39226329E-02
  0.86791992187500000       -4.36645448E-02
  0.87036132812500000       -4.34081852E-02
  0.87280273437500000       -4.31535244E-02
  0.87524414062500000       -4.29005623E-02
  0.87768554687500000       -4.26493287E-02
  0.88012695312500000       -4.23997343E-02
  0.88256835937500000       -4.21518385E-02
  0.88500976562500000       -4.19055820E-02
  0.88745117187500000       -4.16609645E-02
  0.88989257812500000       -4.14179862E-02
  0.89233398437500000       -4.11766171E-02
  0.89477539062500000       -4.09368575E-02
  0.89721679687500000       -4.06987071E-02
  0.89965820312500000       -4.04621363E-02
  0.90209960937500000       -4.02271152E-02
  0.90454101562500000       -3.99936736E-02
  0.90698242187500000       -3.97617817E-02
  0.90942382812500000       -3.95314097E-02
  0.91186523437500000       -3.93025577E-02
  0.91430664062500000       -3.90752554E-02
  0.91674804687500000       -3.88494134E-02
  0.91918945312500000       -3.86250913E-02
  0.92163085937500000       -3.84022593E-02
  0.92407226562500000       -3.81808579E-02
  0.92651367187500000       -3.79609466E-02
  0.92895507812500000       -3.77424955E-02
  0.93139648437500000       -3.75254452E-02
  0.93383789062500000       -3.73098552E-02
  0.93627929687500000       -3.70956659E-02
  0.93872070312500000       -3.68829072E-02
  0.94116210937500000       -3.66715193E-02
  0.94360351562500000       -3.64615321E-02
  0.94604492187500000       -3.62529159E-02
  0.94848632812500000       -3.60456705E-02
  0.95092773437500000       -3.58397663E-02
  0.95336914062500000       -3.56352329E-02
  0.95581054687500000       -3.54320109E-02
  0.95825195312500000       -3.52301300E-02
  0.96069335937500000       -3.50295603E-02
  0.96313476562500000       -3.48303318E-02
  0.96557617187500000       -3.46323550E-02
  0.96801757812500000       -3.44356894E-02
  0.97045898437500000       -3.42403054E-02
  0.97290039062500000       -3.40462029E-02
  0.97534179687500000       -3.38533521E-02
  0.97778320312500000       -3.36617529E-02
  0.98022460937500000       -3.34714055E-02
  0.98266601562500000       -3.32822800E-02
  0.98510742187500000       -3.30943763E-02
  0.98754882812500000       -3.29076946E-02
  0.98999023437500000       -3.27222347E-02
  0.99243164062500000       -3.25379670E-02
  0.99487304687500000       -3.23548913E-02
  0.99731445312500000       -3.21729779E-02
  0.99975585937500000       -3.19922566E-02
   1.0021972656250000       -3.18127275E-02
   1.0046386718750000       -3.16343009E-02
   1.0070800781250000       -3.14570665E-02
   1.0095214843750000       -3.12809646E-02
   1.0119628906250000       -3.11059952E-02
   1.0144042968750000       -3.09321284E-02
   1.0168457031250000       -3.07593942E-02
   1.0192871093750000       -3.05877924E-02
   1.0217285156250000       -3.04172635E-02
   1.0241699218750000       -3.02478373E-02
   1.0266113281250000       -3.00794840E-02
   1.0290527343750000       -2.99122036E-02
   1.0314941406250000       -2.97460258E-02
   1.0339355468750000       -2.95808911E-02
   1.0363769531250000       -2.94167995E-02
   1.0388183593750000       -2.92537808E-02
   1.0412597656250000       -2.90917754E-02
   1.0437011718750000       -2.89308131E-02
   1.0461425781250000       -2.87708938E-02
   1.0485839843750000       -2.86119878E-02
   1.0510253906250000       -2.84540653E-02
   1.0534667968750000       -2.82971859E-02
   1.0559082031250000       -2.81412601E-02
   1.0583496093750000       -2.79863477E-02
   1.0607910156250000       -2.78324187E-02
   1.0632324218750000       -2.76794732E-02
   1.0656738281250000       -2.75274813E-02
   1.0681152343750000       -2.73764729E-02
   1.0705566406250000       -2.72264183E-02
   1.0729980468750000       -2.70772874E-02
   1.0754394531250000       -2.69291103E-02
   1.0778808593750000       -2.67818868E-02
   1.0803222656250000       -2.66355574E-02
   1.0827636718750000       -2.64901817E-02
   1.0852050781250000       -2.63457000E-02
   1.0876464843750000       -2.62021422E-02
   1.0900878906250000       -2.60594785E-02
   1.0925292968750000       -2.59177387E-02
   1.0949707031250000       -2.57768631E-02
   1.0974121093750000       -2.56368816E-02
   1.0998535156250000       -2.54977643E-02
   1.1022949218750000       -2.53595412E-02
   1.1047363281250000       -2.52221823E-02
   1.1071777343750000       -2.50856876E-02
   1.1096191406250000       -2.49500275E-02
   1.1120605468750000       -2.48152316E-02
   1.1145019531250000       -2.46812701E-02
   1.1169433593750000       -2.45481431E-02
   1.1193847656250000       -2.44158506E-02
   1.1218261718750000       -2.42843926E-02
   1.1242675781250000       -2.41537392E-02
   1.1267089843750000       -2.40239203E-02
   1.1291503906250000       -2.38949060E-02
   1.1315917968750000       -2.37666965E-02
   1.1340332031250000       -2.36392617E-02
   1.1364746093750000       -2.35126317E-02
   1.1389160156250000       -2.33868062E-02
   1.1413574218750000       -2.32617259E-02
   1.1437988281250000       -2.31374502E-02
   1.1462402343750000       -2.30139494E-02
   1.1486816406250000       -2.28911936E-02
   1.1511230468750000       -2.27692127E-02
   1.1535644531250000       -2.26479769E-02
   1.1560058593750000       -2.25274861E-02
   1.1584472656250000       -2.24077404E-02
   1.1608886718750000       -2.22887695E-02
   1.1633300781250000       -2.21704841E-02
   1.1657714843750000       -2.20529735E-02
   1.1682128906250000       -2.19361484E-02
   1.1706542968750000       -2.18200684E-02
   1.1730957031250000       -2.17046738E-02
   1.1755371093750000       -2.15900242E-02
   1.1779785156250000       -2.14760602E-02
   1.1804199218750000       -2.13628113E-02
   1.1828613281250000       -2.12502480E-02
   1.1853027343750000       -2.11383700E-02
   1.1877441406250000       -2.10271776E-02
   1.1901855468750000       -2.09166706E-02
   1.1926269531250000       -2.08068490E-02
   1.1950683593750000       -2.06977129E-02
   1.1975097656250000       -2.05892026E-02
   1.1999511718750000       -2.04814076E-02
   1.2023925781250000       -2.03742385E-02
   1.2048339843750000       -2.02677250E-02
   1.2072753906250000       -2.01618671E-02
   1.2097167968750000       -2.00566649E-02
   1.2121582031250000       -1.99520886E-02
   1.2145996093750000       -1.98481381E-02
   1.2170410156250000       -1.97448432E-02
   1.2194824218750000       -1.96421742E-02
   1.2219238281250000       -1.95401311E-02
   1.2243652343750000       -1.94387138E-02
   1.2268066406250000       -1.93378925E-02
   1.2292480468750000       -1.92376971E-02
   1.2316894531250000       -1.91380978E-02
   1.2341308593750000       -1.90391243E-02
   1.2365722656250000       -1.89407468E-02
   1.2390136718750000       -1.88429654E-02
   1.2414550781250000       -1.87457502E-02
   1.2438964843750000       -1.86491609E-02
   1.2463378906250000       -1.85531378E-02
   1.2487792968750000       -1.84576809E-02
   1.2512207031250000       -1.83628201E-02
   1.2536621093750000       -1.82685256E-02
   1.2561035156250000       -1.81747973E-02
   1.2585449218750000       -1.80816352E-02
   1.2609863281250000       -1.79890394E-02
   1.2634277343750000       -1.78969800E-02
   1.2658691406250000       -1.78055167E-02
   1.2683105468750000       -1.77145600E-02
   1.2707519531250000       -1.76241696E-02
   1.2731933593750000       -1.75343454E-02
   1.2756347656250000       -1.74450278E-02
   1.2780761718750000       -1.73562765E-02
   1.2805175781250000       -1.72680318E-02
   1.2829589843750000       -1.71803236E-02
   1.2854003906250000       -1.70931518E-02
   1.2878417968750000       -1.70064867E-02
   1.2902832031250000       -1.69203281E-02
   1.2927246093750000       -1.68347061E-02
   1.2951660156250000       -1.67495906E-02
   1.2976074218750000       -1.66650116E-02
   1.3000488281250000       -1.65809095E-02
   1.3024902343750000       -1.64973140E-02
   1.3049316406250000       -1.64141953E-02
   1.3073730468750000       -1.63316131E-02
   1.3098144531250000       -1.62495077E-02
   1.3122558593750000       -1.61678791E-02
   1.3146972656250000       -1.60867572E-02
   1.3171386718750000       -1.60060823E-02
   1.3195800781250000       -1.59259140E-02
   1.3220214843750000       -1.58462226E-02
   1.3244628906250000       -1.57670081E-02
   1.3269042968750000       -1.56882703E-02
   1.3293457031250000       -1.56099796E-02
   1.3317871093750000       -1.55321658E-02
   1.3342285156250000       -1.54547989E-02
   1.3366699218750000       -1.53779089E-02
   1.3391113281250000       -1.53014660E-02
   1.3415527343750000       -1.52254999E-02
   1.3439941406250000       -1.51499510E-02
   1.3464355468750000       -1.50748491E-02
   1.3488769531250000       -1.50002241E-02
   1.3513183593750000       -1.49260163E-02
   1.3537597656250000       -1.48522556E-02
   1.3562011718750000       -1.47789121E-02
   1.3586425781250000       -1.47060156E-02
   1.3610839843750000       -1.46335363E-02
   1.3635253906250000       -1.45615041E-02
   1.3659667968750000       -1.44898891E-02
   1.3684082031250000       -1.44186914E-02
   1.3708496093750000       -1.43479407E-02
   1.3732910156250000       -1.42775774E-02
   1.3757324218750000       -1.42076313E-02
   1.3781738281250000       -1.41381025E-02
   1.3806152343750000       -1.40689611E-02
   1.3830566406250000       -1.40002668E-02
   1.3854980468750000       -1.39319301E-02
   1.3879394531250000       -1.38640404E-02
   1.3903808593750000       -1.37965083E-02
   1.3928222656250000       -1.37293935E-02
   1.3952636718750000       -1.36626661E-02
   1.3977050781250000       -1.35963559E-02
   1.4001464843750000       -1.35304034E-02
   1.4025878906250000       -1.34648383E-02
   1.4050292968750000       -1.33996606E-02
   1.4074707031250000       -1.33348703E-02
   1.4099121093750000       -1.32704675E-02
   1.4123535156250000       -1.32064223E-02
   1.4147949218750000       -1.31427646E-02
   1.4172363281250000       -1.30794942E-02
   1.4196777343750000       -1.30165517E-02
   1.4221191406250000       -1.29539967E-02
   1.4245605468750000       -1.28918290E-02
   1.4270019531250000       -1.28299892E-02
   1.4294433593750000       -1.27685368E-02
   1.4318847656250000       -1.27074122E-02
   1.4343261718750000       -1.26466751E-02
   1.4367675781250000       -1.25862658E-02
   1.4392089843750000       -1.25262439E-02
   1.4416503906250000       -1.24665499E-02
   1.4440917968750000       -1.24071836E-02
   1.4465332031250000       -1.23481750E-02
   1.4489746093750000       -1.22895241E-02
   1.4514160156250000       -1.22312009E-02
   1.4538574218750000       -1.21732354E-02
   1.4562988281250000       -1.21155977E-02
   1.4587402343750000       -1.20582879E-02
   1.4611816406250000       -1.20013058E-02
   1.4636230468750000       -1.19446516E-02
   1.4660644531250000       -1.18883550E-02
   1.4685058593750000       -1.18323565E-02
   1.4709472656250000       -1.17766857E-02
   1.4733886718750000       -1.17213428E-02
   1.4758300781250000       -1.16663277E-02
   1.4782714843750000       -1.16116107E-02
   1.4807128906250000       -1.15572214E-02
   1.4831542968750000       -1.15031600E-02
   1.4855957031250000       -1.14493966E-02
   1.4880371093750000       -1.13959610E-02
   1.4904785156250000       -1.13428235E-02
   1.4929199218750000       -1.12899840E-02
   1.4953613281250000       -1.12374723E-02
   1.4978027343750000       -1.11852288E-02
   1.5002441406250000       -1.11333132E-02
   1.5026855468750000       -1.10816956E-02
   1.5051269531250000       -1.10303760E-02
   1.5075683593750000       -1.09793544E-02
   1.5100097656250000       -1.09286010E-02
   1.5124511718750000       -1.08781755E-02
   1.5148925781250000       -1.08280182E-02
   1.5173339843750000       -1.07781589E-02
   1.5197753906250000       -1.07285976E-02
   1.5222167968750000       -1.06793046E-02
   1.5246582031250000       -1.06303096E-02
   1.5270996093750000       -1.05815828E-02
   1.5295410156250000       -1.05331540E-02
   1.5319824218750000       -1.04849935E-02
   1.5344238281250000       -1.04371011E-02
   1.5368652343750000       -1.03895068E-02
   1.5393066406250000       -1.03421509E-02
   1.5417480468750000       -1.02950931E-02
   1.5441894531250000       -1.02483034E-02
   1.5466308593750000       -1.02017820E-02
   1.5490722656250000       -1.01555288E-02
   1.5515136718750000       -1.01095438E-02
   1.5539550781250000       -1.00638270E-02
   1.5563964843750000       -1.00183785E-02
   1.5588378906250000       -9.97316837E-03
   1.5612792968750000       -9.92822647E-03
   1.5637207031250000       -9.88355279E-03
   1.5661621093750000       -9.83911753E-03
   1.5686035156250000       -9.79495049E-03
   1.5710449218750000       -9.75105166E-03
   1.5734863281250000       -9.70736146E-03
   1.5759277343750000       -9.66396928E-03
   1.5783691406250000       -9.62078571E-03
   1.5808105468750000       -9.57787037E-03
   1.5832519531250000       -9.53522325E-03
   1.5856933593750000       -9.49278474E-03
   1.5881347656250000       -9.45061445E-03
   1.5905761718750000       -9.40868258E-03
   1.5930175781250000       -9.36695933E-03
   1.5954589843750000       -9.32550430E-03
   1.5979003906250000       -9.28428769E-03
   1.6003417968750000       -9.24330950E-03
   1.6027832031250000       -9.20256972E-03
   1.6052246093750000       -9.16203856E-03
   1.6076660156250000       -9.12177563E-03
   1.6101074218750000       -9.08172131E-03
   1.6125488281250000       -9.04190540E-03
   1.6149902343750000       -9.00229812E-03
   1.6174316406250000       -8.96292925E-03
   1.6198730468750000       -8.92379880E-03
   1.6223144531250000       -8.88487697E-03
   1.6247558593750000       -8.84619355E-03
   1.6271972656250000       -8.80771875E-03
   1.6296386718750000       -8.76945257E-03
   1.6320800781250000       -8.73142481E-03
   1.6345214843750000       -8.69363546E-03
   1.6369628906250000       -8.65602493E-03
   1.6394042968750000       -8.61865282E-03
   1.6418457031250000       -8.58148932E-03
   1.6442871093750000       -8.54453444E-03
   1.6467285156250000       -8.50778818E-03
   1.6491699218750000       -8.47125053E-03
   1.6516113281250000       -8.43495131E-03
   1.6540527343750000       -8.39883089E-03
   1.6564941406250000       -8.36291909E-03
   1.6589355468750000       -8.32724571E-03
   1.6613769531250000       -8.29175115E-03
   1.6638183593750000       -8.25646520E-03
   1.6662597656250000       -8.22135806E-03
   1.6687011718750000       -8.18648934E-03
   1.6711425781250000       -8.15179944E-03
   1.6735839843750000       -8.11731815E-03
   1.6760253906250000       -8.08304548E-03
   1.6784667968750000       -8.04895163E-03
   1.6809082031250000       -8.01506639E-03
   1.6833496093750000       -7.98135996E-03
   1.6857910156250000       -7.94786215E-03
   1.6882324218750000       -7.91454315E-03
   1.6906738281250000       -7.88143277E-03
   1.6931152343750000       -7.84850121E-03
   1.6955566406250000       -7.81574845E-03
   1.6979980468750000       -7.78320432E-03
   1.7004394531250000       -7.75083899E-03
   1.7028808593750000       -7.71865249E-03
   1.7053222656250000       -7.68667459E-03
   1.7077636718750000       -7.65487552E-03
   1.7102050781250000       -7.62325525E-03
   1.7126464843750000       -7.59181380E-03
   1.7150878906250000       -7.56055117E-03
   1.7175292968750000       -7.52946734E-03
   1.7199707031250000       -7.49856234E-03
   1.7224121093750000       -7.46783614E-03
   1.7248535156250000       -7.43731856E-03
   1.7272949218750000       -7.40695000E-03
   1.7297363281250000       -7.37676024E-03
   1.7321777343750000       -7.34671950E-03
   1.7346191406250000       -7.31688738E-03
   1.7370605468750000       -7.28723407E-03
   1.7395019531250000       -7.25772977E-03
   1.7419433593750000       -7.22840428E-03
   1.7443847656250000       -7.19922781E-03
   1.7468261718750000       -7.17025995E-03
   1.7492675781250000       -7.14144111E-03
   1.7517089843750000       -7.11277127E-03
   1.7541503906250000       -7.08428025E-03
   1.7565917968750000       -7.05596805E-03
   1.7590332031250000       -7.02780485E-03
   1.7614746093750000       -6.99982047E-03
   1.7639160156250000       -6.97198510E-03
   1.7663574218750000       -6.94432855E-03
   1.7687988281250000       -6.91682100E-03
   1.7712402343750000       -6.88949227E-03
   1.7736816406250000       -6.86228275E-03
   1.7761230468750000       -6.83528185E-03
   1.7785644531250000       -6.80840015E-03
   1.7810058593750000       -6.78169727E-03
   1.7834472656250000       -6.75514340E-03
   1.7858886718750000       -6.72873855E-03
   1.7883300781250000       -6.70248270E-03
   1.7907714843750000       -6.67640567E-03
   1.7932128906250000       -6.65044785E-03
   1.7956542968750000       -6.62466884E-03
   1.7980957031250000       -6.59903884E-03
   1.8005371093750000       -6.57352805E-03
   1.8029785156250000       -6.54819608E-03
   1.8054199218750000       -6.52301311E-03
   1.8078613281250000       -6.49797916E-03
   1.8103027343750000       -6.47309422E-03
   1.8127441406250000       -6.44835830E-03
   1.8151855468750000       -6.42374158E-03
   1.8176269531250000       -6.39930367E-03
   1.8200683593750000       -6.37498498E-03
   1.8225097656250000       -6.35081530E-03
   1.8249511718750000       -6.32679462E-03
   1.8273925781250000       -6.30292296E-03
   1.8298339843750000       -6.27920032E-03
   1.8322753906250000       -6.25559688E-03
   1.8347167968750000       -6.23214245E-03
   1.8371582031250000       -6.20880723E-03
   1.8395996093750000       -6.18565083E-03
   1.8420410156250000       -6.16258383E-03
   1.8444824218750000       -6.13969564E-03
   1.8469238281250000       -6.11692667E-03
   1.8493652343750000       -6.09430671E-03
   1.8518066406250000       -6.07180595E-03
   1.8542480468750000       -6.04945421E-03
   1.8566894531250000       -6.02722168E-03
   1.8591308593750000       -6.00513816E-03
   1.8615722656250000       -5.98317385E-03
   1.8640136718750000       -5.96132874E-03
   1.8664550781250000       -5.93963265E-03
   1.8688964843750000       -5.91808558E-03
   1.8713378906250000       -5.89662790E-03
   1.8737792968750000       -5.87534904E-03
   1.8762207031250000       -5.85415959E-03
   1.8786621093750000       -5.83311915E-03
   1.8811035156250000       -5.81219792E-03
   1.8835449218750000       -5.79139590E-03
   1.8859863281250000       -5.77071309E-03
   1.8884277343750000       -5.75017929E-03
   1.8908691406250000       -5.72976470E-03
   1.8933105468750000       -5.70946932E-03
   1.8957519531250000       -5.68929315E-03
   1.8981933593750000       -5.66926599E-03
   1.9006347656250000       -5.64932823E-03
   1.9030761718750000       -5.62953949E-03
   1.9055175781250000       -5.60984015E-03
   1.9079589843750000       -5.59028983E-03
   1.9104003906250000       -5.57085872E-03
   1.9128417968750000       -5.55154681E-03
   1.9152832031250000       -5.53235412E-03
   1.9177246093750000       -5.51325083E-03
   1.9201660156250000       -5.49429655E-03
   1.9226074218750000       -5.47546148E-03
   1.9250488281250000       -5.45671582E-03
   1.9274902343750000       -5.43811917E-03
   1.9299316406250000       -5.41961193E-03
   1.9323730468750000       -5.40125370E-03
   1.9348144531250000       -5.38298488E-03
   1.9372558593750000       -5.36483526E-03
   1.9396972656250000       -5.34680486E-03
   1.9421386718750000       -5.32886386E-03
   1.9445800781250000       -5.31107187E-03
   1.9470214843750000       -5.29336929E-03
   1.9494628906250000       -5.27578592E-03
   1.9519042968750000       -5.25832176E-03
   1.9543457031250000       -5.24094701E-03
   1.9567871093750000       -5.22369146E-03
   1.9592285156250000       -5.20655513E-03
   1.9616699218750000       -5.18950820E-03
   1.9641113281250000       -5.17258048E-03
   1.9665527343750000       -5.15577197E-03
   1.9689941406250000       -5.13908267E-03
   1.9714355468750000       -5.12245297E-03
   1.9738769531250000       -5.10597229E-03
   1.9763183593750000       -5.08958101E-03
   1.9787597656250000       -5.07330894E-03
   1.9812011718750000       -5.05712628E-03
   1.9836425781250000       -5.04106283E-03
   1.9860839843750000       -5.02508879E-03
   1.9885253906250000       -5.00923395E-03
   1.9909667968750000       -4.99346852E-03
   1.9934082031250000       -4.97782230E-03
   1.9958496093750000       -4.96226549E-03
   1.9982910156250000       -4.94679809E-03
   2.0007324218750000       -4.93144989E-03
   2.0031738281250000       -4.91622090E-03
   2.0056152343750000       -4.90108132E-03
   2.0080566406250000       -4.88603115E-03
   2.0104980468750000       -4.87107038E-03
   2.0129394531250000       -4.85622883E-03
   2.0153808593750000       -4.84147668E-03
   2.0178222656250000       -4.82684374E-03
   2.0202636718750000       -4.81230021E-03
   2.0227050781250000       -4.79784608E-03
   2.0251464843750000       -4.78348136E-03
   2.0275878906250000       -4.76923585E-03
   2.0300292968750000       -4.75507975E-03
   2.0324707031250000       -4.74101305E-03
   2.0349121093750000       -4.72703576E-03
   2.0373535156250000       -4.71317768E-03
   2.0397949218750000       -4.69940901E-03
   2.0422363281250000       -4.68572974E-03
   2.0446777343750000       -4.67213988E-03
   2.0471191406250000       -4.65863943E-03
   2.0495605468750000       -4.64525819E-03
   2.0520019531250000       -4.63193655E-03
   2.0544433593750000       -4.61873412E-03
   2.0568847656250000       -4.60562110E-03
   2.0593261718750000       -4.59259748E-03
   2.0617675781250000       -4.57966328E-03
   2.0642089843750000       -4.56681848E-03
   2.0666503906250000       -4.55406308E-03
   2.0690917968750000       -4.54139709E-03
   2.0715332031250000       -4.52882051E-03
   2.0739746093750000       -4.51636314E-03
   2.0764160156250000       -4.50396538E-03
   2.0788574218750000       -4.49165702E-03
   2.0812988281250000       -4.47946787E-03
   2.0837402343750000       -4.46733832E-03
   2.0861816406250000       -4.45529819E-03
   2.0886230468750000       -4.44334745E-03
   2.0910644531250000       -4.43148613E-03
   2.0935058593750000       -4.41971421E-03
   2.0959472656250000       -4.40803170E-03
   2.0983886718750000       -4.39643860E-03
   2.1008300781250000       -4.38493490E-03
   2.1032714843750000       -4.37352061E-03
   2.1057128906250000       -4.36216593E-03
   2.1081542968750000       -4.35093045E-03
   2.1105957031250000       -4.33975458E-03
   2.1130371093750000       -4.32866812E-03
   2.1154785156250000       -4.31767106E-03
   2.1179199218750000       -4.30676341E-03
   2.1203613281250000       -4.29594517E-03
   2.1228027343750000       -4.28518653E-03
   2.1252441406250000       -4.27454710E-03
   2.1276855468750000       -4.26396728E-03
   2.1301269531250000       -4.25347686E-03
   2.1325683593750000       -4.24304605E-03
   2.1350097656250000       -4.23273444E-03
   2.1374511718750000       -4.22248244E-03
   2.1398925781250000       -4.21231985E-03
   2.1423339843750000       -4.20221686E-03
   2.1447753906250000       -4.19220328E-03
   2.1472167968750000       -4.18230891E-03
   2.1496582031250000       -4.17244434E-03
   2.1520996093750000       -4.16269898E-03
   2.1545410156250000       -4.15301323E-03
   2.1569824218750000       -4.14341688E-03
   2.1594238281250000       -4.13388014E-03
   2.1618652343750000       -4.12443280E-03
   2.1643066406250000       -4.11507487E-03
   2.1667480468750000       -4.10580635E-03
   2.1691894531250000       -4.09659743E-03
   2.1716308593750000       -4.08747792E-03
   2.1740722656250000       -4.07841802E-03
   2.1765136718750000       -4.06944752E-03
   2.1789550781250000       -4.06053662E-03
   2.1813964843750000       -4.05174494E-03
   2.1838378906250000       -4.04298306E-03
   2.1862792968750000       -4.03434038E-03
   2.1887207031250000       -4.02575731E-03
   2.1911621093750000       -4.01723385E-03
   2.1936035156250000       -4.00879979E-03
   2.1960449218750000       -4.00045514E-03
   2.1984863281250000       -3.99217010E-03
   2.2009277343750000       -3.98394465E-03
   2.2033691406250000       -3.97583842E-03
   2.2058105468750000       -3.96776199E-03
   2.2082519531250000       -3.95980477E-03
   2.2106933593750000       -3.95187736E-03
   2.2131347656250000       -3.94403934E-03
   2.2155761718750000       -3.93629074E-03
   2.2180175781250000       -3.92860174E-03
   2.2204589843750000       -3.92100215E-03
   2.2229003906250000       -3.91346216E-03
   2.2253417968750000       -3.90601158E-03
   2.2277832031250000       -3.89862061E-03
   2.2302246093750000       -3.89128923E-03
   2.2326660156250000       -3.88404727E-03
   2.2351074218750000       -3.87689471E-03
   2.2375488281250000       -3.86980176E-03
   2.2399902343750000       -3.86276841E-03
   2.2424316406250000       -3.85579467E-03
   2.2448730468750000       -3.84894013E-03
   2.2473144531250000       -3.84211540E-03
   2.2497558593750000       -3.83538008E-03
   2.2521972656250000       -3.82870436E-03
   2.2546386718750000       -3.82211804E-03
   2.2570800781250000       -3.81559134E-03
   2.2595214843750000       -3.80912423E-03
   2.2619628906250000       -3.80274653E-03
   2.2644042968750000       -3.79642844E-03
   2.2668457031250000       -3.79019976E-03
   2.2692871093750000       -3.78403068E-03
   2.2717285156250000       -3.77792120E-03
   2.2741699218750000       -3.77187133E-03
   2.2766113281250000       -3.76591086E-03
   2.2790527343750000       -3.76003981E-03
   2.2814941406250000       -3.75419855E-03
   2.2839355468750000       -3.74844670E-03
   2.2863769531250000       -3.74275446E-03
   2.2888183593750000       -3.73715162E-03
   2.2912597656250000       -3.73160839E-03
   2.2937011718750000       -3.72612476E-03
   2.2961425781250000       -3.72070074E-03
   2.2985839843750000       -3.71536613E-03
   2.3010253906250000       -3.71009111E-03
   2.3034667968750000       -3.70487571E-03
   2.3059082031250000       -3.69974971E-03
   2.3083496093750000       -3.69465351E-03
   2.3107910156250000       -3.68967652E-03
   2.3132324218750000       -3.68472934E-03
   2.3156738281250000       -3.67984176E-03
   2.3181152343750000       -3.67504358E-03
   2.3205566406250000       -3.67030501E-03
   2.3229980468750000       -3.66565585E-03
   2.3254394531250000       -3.66103649E-03
   2.3278808593750000       -3.65650654E-03
   2.3303222656250000       -3.65203619E-03
   2.3327636718750000       -3.64765525E-03
   2.3352050781250000       -3.64330411E-03
   2.3376464843750000       -3.63904238E-03
   2.3400878906250000       -3.63484025E-03
   2.3425292968750000       -3.63069773E-03
   2.3449707031250000       -3.62664461E-03
   2.3474121093750000       -3.62262130E-03
   2.3498535156250000       -3.61868739E-03
   2.3522949218750000       -3.61481309E-03
   2.3547363281250000       -3.61099839E-03
   2.3571777343750000       -3.60727310E-03
   2.3596191406250000       -3.60357761E-03
   2.3620605468750000       -3.59997153E-03
   2.3645019531250000       -3.59642506E-03
   2.3669433593750000       -3.59293818E-03
   2.3693847656250000       -3.58954072E-03
   2.3718261718750000       -3.58617306E-03
   2.3742675781250000       -3.58289480E-03
   2.3767089843750000       -3.57967615E-03
   2.3791503906250000       -3.57651711E-03
   2.3815917968750000       -3.57341766E-03
   2.3840332031250000       -3.57037783E-03
   2.3864746093750000       -3.56742740E-03
   2.3889160156250000       -3.56450677E-03
   2.3913574218750000       -3.56167555E-03
   2.3937988281250000       -3.55890393E-03
   2.3962402343750000       -3.55619192E-03
   2.3986816406250000       -3.55356932E-03
   2.4011230468750000       -3.55097651E-03
   2.4035644531250000       -3.54844332E-03
   2.4060058593750000       -3.54599953E-03
   2.4084472656250000       -3.54361534E-03
   2.4108886718750000       -3.54129076E-03
   2.4133300781250000       -3.53902578E-03
   2.4157714843750000       -3.53682041E-03
   2.4182128906250000       -3.53470445E-03
   2.4206542968750000       -3.53261828E-03
   2.4230957031250000       -3.53062153E-03
   2.4255371093750000       -3.52865458E-03
   2.4279785156250000       -3.52677703E-03
   2.4304199218750000       -3.52495909E-03
   2.4328613281250000       -3.52320075E-03
   2.4353027343750000       -3.52153182E-03
   2.4377441406250000       -3.51989269E-03
   2.4401855468750000       -3.51831317E-03
   2.4426269531250000       -3.51682305E-03
   2.4450683593750000       -3.51539254E-03
   2.4475097656250000       -3.51399183E-03
   2.4499511718750000       -3.51268053E-03
   2.4523925781250000       -3.51142883E-03
   2.4548339843750000       -3.51023674E-03
   2.4572753906250000       -3.50913405E-03
   2.4597167968750000       -3.50806117E-03
   2.4621582031250000       -3.50704789E-03
   2.4645996093750000       -3.50612402E-03
   2.4670410156250000       -3.50522995E-03
   2.4694824218750000       -3.50442529E-03
   2.4719238281250000       -3.50368023E-03
   2.4743652343750000       -3.50299478E-03
   2.4768066406250000       -3.50236893E-03
   2.4792480468750000       -3.50180268E-03
   2.4816894531250000       -3.50129604E-03
   2.4841308593750000       -3.50087881E-03
   2.4865722656250000       -3.50049138E-03
   2.4890136718750000       -3.50019336E-03
   2.4914550781250000       -3.49992514E-03
   2.4938964843750000       -3.49974632E-03
   2.4963378906250000       -3.49962711E-03
   2.4987792968750000       -3.49956751E-03
   2.5012207031250000       -3.49956751E-03
   2.5036621093750000       -3.49962711E-03
   2.5061035156250000       -3.49974632E-03
   2.5085449218750000       -3.49992514E-03
   2.5109863281250000       -3.50019336E-03
   2.5134277343750000       -3.50049138E-03
   2.5158691406250000       -3.50087881E-03
   2.5183105468750000       -3.50129604E-03
   2.5207519531250000       -3.50180268E-03
   2.5231933593750000       -3.50236893E-03
   2.5256347656250000       -3.50299478E-03
   2.5280761718750000       -3.50368023E-03
   2.5305175781250000       -3.50442529E-03
   2.5329589843750000       -3.50522995E-03
   2.5354003906250000       -3.50612402E-03
   2.5378417968750000       -3.50704789E-03
   2.5402832031250000       -3.50806117E-03
   2.5427246093750000       -3.50913405E-03
   2.5451660156250000       -3.51023674E-03
   2.5476074218750000       -3.51142883E-03
   2.5500488281250000       -3.51268053E-03
   2.5524902343750000       -3.51399183E-03
   2.5549316406250000       -3.51539254E-03
   2.5573730468750000       -3.51682305E-03
   2.5598144531250000       -3.51831317E-03
   2.5622558593750000       -3.51989269E-03
   2.5646972656250000       -3.52153182E-03
   2.5671386718750000       -3.52320075E-03
   2.5695800781250000       -3.52495909E-03
   2.5720214843750000       -3.52677703E-03
   2.5744628906250000       -3.52865458E-03
   2.5769042968750000       -3.53062153E-03
   2.5793457031250000       -3.53261828E-03
   2.5817871093750000       -3.53470445E-03
   2.5842285156250000       -3.53682041E-03
   2.5866699218750000       -3.53902578E-03
   2.5891113281250000       -3.54129076E-03
   2.5915527343750000       -3.54361534E-03
   2.5939941406250000       -3.54599953E-03
   2.5964355468750000       -3.54844332E-03
   2.5988769531250000       -3.55097651E-03
   2.6013183593750000       -3.55356932E-03
   2.6037597656250000       -3.55619192E-03
   2.6062011718750000       -3.55890393E-03
   2.6086425781250000       -3.56167555E-03
   2.6110839843750000       -3.56450677E-03
   2.6135253906250000       -3.56742740E-03
   2.6159667968750000       -3.57037783E-03
   2.6184082031250000       -3.57341766E-03
   2.6208496093750000       -3.57651711E-03
   2.6232910156250000       -3.57967615E-03
   2.6257324218750000       -3.58289480E-03
   2.6281738281250000       -3.58617306E-03
   2.6306152343750000       -3.58954072E-03
   2.6330566406250000       -3.59293818E-03
   2.6354980468750000       -3.59642506E-03
   2.6379394531250000       -3.59997153E-03
   2.6403808593750000       -3.60357761E-03
   2.6428222656250000       -3.60727310E-03
   2.6452636718750000       -3.61099839E-03
   2.6477050781250000       -3.61481309E-03
   2.6501464843750000       -3.61868739E-03
   2.6525878906250000       -3.62262130E-03
   2.6550292968750000       -3.62664461E-03
   2.6574707031250000       -3.63069773E-03
   2.6599121093750000       -3.63484025E-03
   2.6623535156250000       -3.63904238E-03
   2.6647949218750000       -3.64330411E-03
   2.6672363281250000       -3.64765525E-03
   2.6696777343750000       -3.65203619E-03
   2.6721191406250000       -3.65650654E-03
   2.6745605468750000       -3.66103649E-03
   2.6770019531250000       -3.66565585E-03
   2.6794433593750000       -3.67030501E-03
   2.6818847656250000       -3.67504358E-03
   2.6843261718750000       -3.67984176E-03
   2.6867675781250000       -3.68472934E-03
   2.6892089843750000       -3.68967652E-03
   2.6916503906250000       -3.69465351E-03
   2.6940917968750000       -3.69974971E-03
   2.6965332031250000       -3.70487571E-03
   2.6989746093750000       -3.71009111E-03
   2.7014160156250000       -3.71536613E-03
   2.7038574218750000       -3.72070074E-03
   2.7062988281250000       -3.72612476E-03
   2.7087402343750000       -3.73160839E-03
   2.7111816406250000       -3.73715162E-03
   2.7136230468750000       -3.74275446E-03
   2.7160644531250000       -3.74844670E-03
   2.7185058593750000       -3.75419855E-03
   2.7209472656250000       -3.76003981E-03
   2.7233886718750000       -3.76591086E-03
   2.7258300781250000       -3.77187133E-03
   2.7282714843750000       -3.77792120E-03
   2.7307128906250000       -3.78403068E-03
   2.7331542968750000       -3.79019976E-03
   2.7355957031250000       -3.79642844E-03
   2.7380371093750000       -3.80274653E-03
   2.7404785156250000       -3.80912423E-03
   2.7429199218750000       -3.81559134E-03
   2.7453613281250000       -3.82211804E-03
   2.7478027343750000       -3.82870436E-03
   2.7502441406250000       -3.83538008E-03
   2.7526855468750000       -3.84211540E-03
   2.7551269531250000       -3.84894013E-03
   2.7575683593750000       -3.85579467E-03
   2.7600097656250000       -3.86276841E-03
   2.7624511718750000       -3.86980176E-03
   2.7648925781250000       -3.87689471E-03
   2.7673339843750000       -3.88404727E-03
   2.7697753906250000       -3.89128923E-03
   2.7722167968750000       -3.89862061E-03
   2.7746582031250000       -3.90601158E-03
   2.7770996093750000       -3.91346216E-03
   2.7795410156250000       -3.92100215E-03
   2.7819824218750000       -3.92860174E-03
   2.7844238281250000       -3.93629074E-03
   2.7868652343750000       -3.94403934E-03
   2.7893066406250000       -3.95187736E-03
   2.7917480468750000       -3.95980477E-03
   2.7941894531250000       -3.96776199E-03
   2.7966308593750000       -3.97583842E-03
   2.7990722656250000       -3.98394465E-03
   2.8015136718750000       -3.99217010E-03
   2.8039550781250000       -4.00045514E-03
   2.8063964843750000       -4.00879979E-03
   2.8088378906250000       -4.01723385E-03
   2.8112792968750000       -4.02575731E-03
   2.8137207031250000       -4.03434038E-03
   2.8161621093750000       -4.04298306E-03
   2.8186035156250000       -4.05174494E-03
   2.8210449218750000       -4.06053662E-03
   2.8234863281250000       -4.06944752E-03
   2.8259277343750000       -4.07841802E-03
   2.8283691406250000       -4.08747792E-03
   2.8308105468750000       -4.09659743E-03
   2.8332519531250000       -4.10580635E-03
   2.8356933593750000       -4.11507487E-03
   2.8381347656250000       -4.12443280E-03
   2.8405761718750000       -4.13388014E-03
   2.8430175781250000       -4.14341688E-03
   2.8454589843750000       -4.15301323E-03
   2.8479003906250000       -4.16269898E-03
   2.8503417968750000       -4.17244434E-03
   2.8527832031250000       -4.18230891E-03
   2.8552246093750000       -4.19220328E-03
   2.8576660156250000       -4.20221686E-03
   2.8601074218750000       -4.21231985E-03
   2.8625488281250000       -4.22248244E-03
   2.8649902343750000       -4.23273444E-03
   2.8674316406250000       -4.24304605E-03
   2.8698730468750000       -4.25347686E-03
   2.8723144531250000       -4.26396728E-03
   2.8747558593750000       -4.27454710E-03
   2.8771972656250000       -4.28518653E-03
   2.8796386718750000       -4.29594517E-03
   2.8820800781250000       -4.30676341E-03
   2.8845214843750000       -4.31767106E-03
   2.8869628906250000       -4.32866812E-03
   2.8894042968750000       -4.33975458E-03
   2.8918457031250000       -4.35093045E-03
   2.8942871093750000       -4.36216593E-03
   2.8967285156250000       -4.37352061E-03
   2.8991699218750000       -4.38493490E-03
   2.9016113281250000       -4.39643860E-03
   2.9040527343750000       -4.40803170E-03
   2.9064941406250000       -4.41971421E-03
   2.9089355468750000       -4.43148613E-03
   2.9113769531250000       -4.44334745E-03
   2.9138183593750000       -4.45529819E-03
   2.9162597656250000       -4.46733832E-03
   2.9187011718750000       -4.47946787E-03
   2.9211425781250000       -4.49165702E-03
   2.9235839843750000       -4.50396538E-03
   2.9260253906250000       -4.51636314E-03
   2.9284667968750000       -4.52882051E-03
   2.9309082031250000       -4.54139709E-03
   2.9333496093750000       -4.55406308E-03
   2.9357910156250000       -4.56681848E-03
   2.9382324218750000       -4.57966328E-03
   2.9406738281250000       -4.59259748E-03
   2.9431152343750000       -4.60562110E-03
   2.9455566406250000       -4.61873412E-03
   2.9479980468750000       -4.63193655E-03
   2.9504394531250000       -4.64525819E-03
   2.9528808593750000       -4.65863943E-03
   2.9553222656250000       -4.67213988E-03
   2.9577636718750000       -4.68572974E-03
   2.9602050781250000       -4.69940901E-03
   2.9626464843750000       -4.71317768E-03
   2.9650878906250000       -4.72703576E-03
   2.9675292968750000       -4.74101305E-03
   2.9699707031250000       -4.75507975E-03
   2.9724121093750000       -4.76923585E-03
   2.9748535156250000       -4.78348136E-03
   2.9772949218750000       -4.79784608E-03
   2.9797363281250000       -4.81230021E-03
   2.9821777343750000       -4.82684374E-03
   2.9846191406250000       -4.84147668E-03
   2.9870605468750000       -4.85622883E-03
   2.9895019531250000       -4.87107038E-03
   2.9919433593750000       -4.88603115E-03
   2.9943847656250000       -4.90108132E-03
   2.9968261718750000       -4.91622090E-03
   2.9992675781250000       -4.93144989E-03
   3.0017089843750000       -4.94679809E-03
   3.0041503906250000       -4.96226549E-03
   3.0065917968750000       -4.97782230E-03
   3.0090332031250000       -4.99346852E-03
   3.0114746093750000       -5.00923395E-03
   3.0139160156250000       -5.02508879E-03
   3.0163574218750000       -5.04106283E-03
   3.0187988281250000       -5.05712628E-03
   3.0212402343750000       -5.07330894E-03
   3.0236816406250000       -5.08958101E-03
   3.0261230468750000       -5.10597229E-03
   3.0285644531250000       -5.12245297E-03
   3.0310058593750000       -5.13908267E-03
   3.0334472656250000       -5.15577197E-03
   3.0358886718750000       -5.17258048E-03
   3.0383300781250000       -5.18950820E-03
   3.0407714843750000       -5.20655513E-03
   3.0432128906250000       -5.22369146E-03
   3.0456542968750000       -5.24094701E-03
   3.0480957031250000       -5.25832176E-03
   3.0505371093750000       -5.27578592E-03
   3.0529785156250000       -5.29336929E-03
   3.0554199218750000       -5.31107187E-03
   3.0578613281250000       -5.32886386E-03
   3.0603027343750000       -5.34680486E-03
   3.0627441406250000       -5.36483526E-03
   3.0651855468750000       -5.38298488E-03
   3.0676269531250000       -5.40125370E-03
   3.0700683593750000       -5.41961193E-03
   3.0725097656250000       -5.43811917E-03
   3.0749511718750000       -5.45671582E-03
   3.0773925781250000       -5.47546148E-03
   3.0798339843750000       -5.49429655E-03
   3.0822753906250000       -5.51325083E-03
   3.0847167968750000       -5.53235412E-03
   3.0871582031250000       -5.55154681E-03
   3.0895996093750000       -5.57085872E-03
   3.0920410156250000       -5.59028983E-03
   3.0944824218750000       -5.60984015E-03
   3.0969238281250000       -5.62953949E-03
   3.0993652343750000       -5.64932823E-03
   3.1018066406250000       -5.66926599E-03
   3.1042480468750000       -5.68929315E-03
   3.1066894531250000       -5.70946932E-03
   3.1091308593750000       -5.72976470E-03
   3.1115722656250000       -5.75017929E-03
   3.1140136718750000       -5.77071309E-03
   3.1164550781250000       -5.79139590E-03
   3.1188964843750000       -5.81219792E-03
   3.1213378906250000       -5.83311915E-03
   3.1237792968750000       -5.85415959E-03
   3.1262207031250000       -5.87534904E-03
   3.1286621093750000       -5.89662790E-03
   3.1311035156250000       -5.91808558E-03
   3.1335449218750000       -5.93963265E-03
   3.1359863281250000       -5.96132874E-03
   3.1384277343750000       -5.98317385E-03
   3.1408691406250000       -6.00513816E-03
   3.1433105468750000       -6.02722168E-03
   3.1457519531250000       -6.04945421E-03
   3.1481933593750000       -6.07180595E-03
   3.1506347656250000       -6.09430671E-03
   3.1530761718750000       -6.11692667E-03
   3.1555175781250000       -6.13969564E-03
   3.1579589843750000       -6.16258383E-03
   3.1604003906250000       -6.18565083E-03
   3.1628417968750000       -6.20880723E-03
   3.1652832031250000       -6.23214245E-03
   3.1677246093750000       -6.25559688E-03
   3.1701660156250000       -6.27920032E-03
   3.1726074218750000       -6.30292296E-03
   3.1750488281250000       -6.32679462E-03
   3.1774902343750000       -6.35081530E-03
   3.1799316406250000       -6.37498498E-03
   3.1823730468750000       -6.39930367E-03
   3.1848144531250000       -6.42374158E-03
   3.1872558593750000       -6.44835830E-03
   3.1896972656250000       -6.47309422E-03
   3.1921386718750000       -6.49797916E-03
   3.1945800781250000       -6.52301311E-03
   3.1970214843750000       -6.54819608E-03
   3.1994628906250000       -6.57352805E-03
   3.2019042968750000       -6.59903884E-03
   3.2043457031250000       -6.62466884E-03
   3.2067871093750000       -6.65044785E-03
   3.2092285156250000       -6.67640567E-03
   3.2116699218750000       -6.70248270E-03
   3.2141113281250000       -6.72873855E-03
   3.2165527343750000       -6.75514340E-03
   3.2189941406250000       -6.78169727E-03
   3.2214355468750000       -6.80840015E-03
   3.2238769531250000       -6.83528185E-03
   3.2263183593750000       -6.86228275E-03
   3.2287597656250000       -6.88949227E-03
   3.2312011718750000       -6.91682100E-03
   3.2336425781250000       -6.94432855E-03
   3.2360839843750000       -6.97198510E-03
   3.2385253906250000       -6.99982047E-03
   3.2409667968750000       -7.02780485E-03
   3.2434082031250000       -7.05596805E-03
   3.2458496093750000       -7.08428025E-03
   3.2482910156250000       -7.11277127E-03
   3.2507324218750000       -7.14144111E-03
   3.2531738281250000       -7.17025995E-03
   3.2556152343750000       -7.19922781E-03
   3.2580566406250000       -7.22840428E-03
   3.2604980468750000       -7.25772977E-03
   3.2629394531250000       -7.28723407E-03
   3.2653808593750000       -7.31688738E-03
   3.2678222656250000       -7.34671950E-03
   3.2702636718750000       -7.37676024E-03
   3.2727050781250000       -7.40695000E-03
   3.2751464843750000       -7.43731856E-03
   3.2775878906250000       -7.46783614E-03
   3.2800292968750000       -7.49856234E-03
   3.2824707031250000       -7.52946734E-03
   3.2849121093750000       -7.56055117E-03
   3.2873535156250000       -7.59181380E-03
   3.2897949218750000       -7.62325525E-03
   3.2922363281250000       -7.65487552E-03
   3.2946777343750000       -7.68667459E-03
   3.2971191406250000       -7.71865249E-03
   3.2995605468750000       -7.75083899E-03
   3.3020019531250000       -7.78320432E-03
   3.3044433593750000       -7.81574845E-03
   3.3068847656250000       -7.84850121E-03
   3.3093261718750000       -7.88143277E-03
   3.3117675781250000       -7.91454315E-03
   3.3142089843750000       -7.94786215E-03
   3.3166503906250000       -7.98135996E-03
   3.3190917968750000       -8.01506639E-03
   3.3215332031250000       -8.04895163E-03
   3.3239746093750000       -8.08304548E-03
   3.3264160156250000       -8.11731815E-03
   3.3288574218750000       -8.15179944E-03
   3.3312988281250000       -8.18648934E-03
   3.3337402343750000       -8.22135806E-03
   3.3361816406250000       -8.25646520E-03
   3.3386230468750000       -8.29175115E-03
   3.3410644531250000       -8.32724571E-03
   3.3435058593750000       -8.36291909E-03
   3.3459472656250000       -8.39883089E-03
   3.3483886718750000       -8.43495131E-03
   3.3508300781250000       -8.47125053E-03
   3.3532714843750000       -8.50778818E-03
   3.3557128906250000       -8.54453444E-03
   3.3581542968750000       -8.58148932E-03
   3.3605957031250000       -8.61865282E-03
   3.3630371093750000       -8.65602493E-03
   3.3654785156250000       -8.69363546E-03
   3.3679199218750000       -8.73142481E-03
   3.3703613281250000       -8.76945257E-03
   3.3728027343750000       -8.80771875E-03
   3.3752441406250000       -8.84619355E-03
   3.3776855468750000       -8.88487697E-03
   3.3801269531250000       -8.92379880E-03
   3.3825683593750000       -8.96292925E-03
   3.3850097656250000       -9.00229812E-03
   3.3874511718750000       -9.04190540E-03
   3.3898925781250000       -9.08172131E-03
   3.3923339843750000       -9.12177563E-03
   3.3947753906250000       -9.16203856E-03
   3.3972167968750000       -9.20256972E-03
   3.3996582031250000       -9.24330950E-03
   3.4020996093750000       -9.28428769E-03
   3.4045410156250000       -9.32550430E-03
   3.4069824218750000       -9.36695933E-03
   3.4094238281250000       -9.40868258E-03
   3.4118652343750000       -9.45061445E-03
   3.4143066406250000       -9.49278474E-03
   3.4167480468750000       -9.53522325E-03
   3.4191894531250000       -9.57787037E-03
   3.4216308593750000       -9.62078571E-03
   3.4240722656250000       -9.66396928E-03
   3.4265136718750000       -9.70736146E-03
   3.4289550781250000       -9.75105166E-03
   3.4313964843750000       -9.79495049E-03
   3.4338378906250000       -9.83911753E-03
   3.4362792968750000       -9.88355279E-03
   3.4387207031250000       -9.92822647E-03
   3.4411621093750000       -9.97316837E-03
   3.4436035156250000       -1.00183785E-02
   3.4460449218750000       -1.00638270E-02
   3.4484863281250000       -1.01095438E-02
   3.4509277343750000       -1.01555288E-02
   3.4533691406250000       -1.02017820E-02
   3.4558105468750000       -1.02483034E-02
   3.4582519531250000       -1.02950931E-02
   3.4606933593750000       -1.03421509E-02
   3.4631347656250000       -1.03895068E-02
   3.4655761718750000       -1.04371011E-02
   3.4680175781250000       -1.04849935E-02
   3.4704589843750000       -1.05331540E-02
   3.4729003906250000       -1.05815828E-02
   3.4753417968750000       -1.06303096E-02
   3.4777832031250000       -1.06793046E-02
   3.4802246093750000       -1.07285976E-02
   3.4826660156250000       -1.07781589E-02
   3.4851074218750000       -1.08280182E-02
   3.4875488281250000       -1.08781755E-02
   3.4899902343750000       -1.09286010E-02
   3.4924316406250000       -1.09793544E-02
   3.4948730468750000       -1.10303760E-02
   3.4973144531250000       -1.10816956E-02
   3.4997558593750000       -1.11333132E-02
   3.5021972656250000       -1.11852288E-02
   3.5046386718750000       -1.12374723E-02
   3.5070800781250000       -1.12899840E-02
   3.5095214843750000       -1.13428235E-02
   3.5119628906250000       -1.13959610E-02
   3.5144042968750000       -1.14493966E-02
   3.5168457031250000       -1.15031600E-02
   3.5192871093750000       -1.15572214E-02
   3.5217285156250000       -1.16116107E-02
   3.5241699218750000       -1.16663277E-02
   3.5266113281250000       -1.17213428E-02
   3.5290527343750000       -1.17766857E-02
   3.5314941406250000       -1.18323565E-02
   3.5339355468750000       -1.18883550E-02
   3.5363769531250000       -1.19446516E-02
   3.5388183593750000       -1.20013058E-02
   3.5412597656250000       -1.20582879E-02
   3.5437011718750000       -1.21155977E-02
   3.5461425781250000       -1.21732354E-02
   3.5485839843750000       -1.22312009E-02
   3.5510253906250000       -1.22895241E-02
   3.5534667968750000       -1.23481750E-02
   3.5559082031250000       -1.24071836E-02
   3.5583496093750000       -1.24665499E-02
   3.5607910156250000       -1.25262439E-02
   3.5632324218750000       -1.25862658E-02
   3.5656738281250000       -1.26466751E-02
   3.5681152343750000       -1.27074122E-02
   3.5705566406250000       -1.27685368E-02
   3.5729980468750000       -1.28299892E-02
   3.5754394531250000       -1.28918290E-02
   3.5778808593750000       -1.29539967E-02
   3.5803222656250000       -1.30165517E-02
   3.5827636718750000       -1.30794942E-02
   3.5852050781250000       -1.31427646E-02
   3.5876464843750000       -1.32064223E-02
   3.5900878906250000       -1.32704675E-02
   3.5925292968750000       -1.33348703E-02
   3.5949707031250000       -1.33996606E-02
   3.5974121093750000       -1.34648383E-02
   3.5998535156250000       -1.35304034E-02
   3.6022949218750000       -1.35963559E-02
   3.6047363281250000       -1.36626661E-02
   3.6071777343750000       -1.37293935E-02
   3.6096191406250000       -1.37965083E-02
   3.6120605468750000       -1.38640404E-02
   3.6145019531250000       -1.39319301E-02
   3.6169433593750000       -1.40002668E-02
   3.6193847656250000       -1.40689611E-02
   3.6218261718750000       -1.41381025E-02
   3.6242675781250000       -1.42076313E-02
   3.6267089843750000       -1.42775774E-02
   3.6291503906250000       -1.43479407E-02
   3.6315917968750000       -1.44186914E-02
   3.6340332031250000       -1.44898891E-02
   3.6364746093750000       -1.45615041E-02
   3.6389160156250000       -1.46335363E-02
   3.6413574218750000       -1.47060156E-02
   3.6437988281250000       -1.47789121E-02
   3.6462402343750000       -1.48522556E-02
   3.6486816406250000       -1.49260163E-02
   3.6511230468750000       -1.50002241E-02
   3.6535644531250000       -1.50748491E-02
   3.6560058593750000       -1.51499510E-02
   3.6584472656250000       -1.52254999E-02
   3.6608886718750000       -1.53014660E-02
   3.6633300781250000       -1.53779089E-02
   3.6657714843750000       -1.54547989E-02
   3.6682128906250000       -1.55321658E-02
   3.6706542968750000       -1.56099796E-02
   3.6730957031250000       -1.56882703E-02
   3.6755371093750000       -1.57670081E-02
   3.6779785156250000       -1.58462226E-02
   3.6804199218750000       -1.59259140E-02
   3.6828613281250000       -1.60060823E-02
   3.6853027343750000       -1.60867572E-02
   3.6877441406250000       -1.61678791E-02
   3.6901855468750000       -1.62495077E-02
   3.6926269531250000       -1.63316131E-02
   3.6950683593750000       -1.64141953E-02
   3.6975097656250000       -1.64973140E-02
   3.6999511718750000       -1.65809095E-02
   3.7023925781250000       -1.66650116E-02
   3.7048339843750000       -1.67495906E-02
   3.7072753906250000       -1.68347061E-02
   3.7097167968750000       -1.69203281E-02
   3.7121582031250000       -1.70064867E-02
   3.7145996093750000       -1.70931518E-02
   3.7170410156250000       -1.71803236E-02
   3.7194824218750000       -1.72680318E-02
   3.7219238281250000       -1.73562765E-02
   3.7243652343750000       -1.74450278E-02
   3.7268066406250000       -1.75343454E-02
   3.7292480468750000       -1.76241696E-02
   3.7316894531250000       -1.77145600E-02
   3.7341308593750000       -1.78055167E-02
   3.7365722656250000       -1.78969800E-02
   3.7390136718750000       -1.79890394E-02
   3.7414550781250000       -1.80816352E-02
   3.7438964843750000       -1.81747973E-02
   3.7463378906250000       -1.82685256E-02
   3.7487792968750000       -1.83628201E-02
   3.7512207031250000       -1.84576809E-02
   3.7536621093750000       -1.85531378E-02
   3.7561035156250000       -1.86491609E-02
   3.7585449218750000       -1.87457502E-02
   3.7609863281250000       -1.88429654E-02
   3.7634277343750000       -1.89407468E-02
   3.7658691406250000       -1.90391243E-02
   3.7683105468750000       -1.91380978E-02
   3.7707519531250000       -1.92376971E-02
   3.7731933593750000       -1.93378925E-02
   3.7756347656250000       -1.94387138E-02
   3.7780761718750000       -1.95401311E-02
   3.7805175781250000       -1.96421742E-02
   3.7829589843750000       -1.97448432E-02
   3.7854003906250000       -1.98481381E-02
   3.7878417968750000       -1.99520886E-02
   3.7902832031250000       -2.00566649E-02
   3.7927246093750000       -2.01618671E-02
   3.7951660156250000       -2.02677250E-02
   3.7976074218750000       -2.03742385E-02
   3.8000488281250000       -2.04814076E-02
   3.8024902343750000       -2.05892026E-02
   3.8049316406250000       -2.06977129E-02
   3.8073730468750000       -2.08068490E-02
   3.8098144531250000       -2.09166706E-02
   3.8122558593750000       -2.10271776E-02
   3.8146972656250000       -2.11383700E-02
   3.8171386718750000       -2.12502480E-02
   3.8195800781250000       -2.13628113E-02
   3.8220214843750000       -2.14760602E-02
   3.8244628906250000       -2.15900242E-02
   3.8269042968750000       -2.17046738E-02
   3.8293457031250000       -2.18200684E-02
   3.8317871093750000       -2.19361484E-02
   3.8342285156250000       -2.20529735E-02
   3.8366699218750000       -2.21704841E-02
   3.8391113281250000       -2.22887695E-02
   3.8415527343750000       -2.24077404E-02
   3.8439941406250000       -2.25274861E-02
   3.8464355468750000       -2.26479769E-02
   3.8488769531250000       -2.27692127E-02
   3.8513183593750000       -2.28911936E-02
   3.8537597656250000       -2.30139494E-02
   3.8562011718750000       -2.31374502E-02
   3.8586425781250000       -2.32617259E-02
   3.8610839843750000       -2.33868062E-02
   3.8635253906250000       -2.35126317E-02
   3.8659667968750000       -2.36392617E-02
   3.8684082031250000       -2.37666965E-02
   3.8708496093750000       -2.38949060E-02
   3.8732910156250000       -2.40239203E-02
   3.8757324218750000       -2.41537392E-02
   3.8781738281250000       -2.42843926E-02
   3.8806152343750000       -2.44158506E-02
   3.8830566406250000       -2.45481431E-02
   3.8854980468750000       -2.46812701E-02
   3.8879394531250000       -2.48152316E-02
   3.8903808593750000       -2.49500275E-02
   3.8928222656250000       -2.50856876E-02
   3.8952636718750000       -2.52221823E-02
   3.8977050781250000       -2.53595412E-02
   3.9001464843750000       -2.54977643E-02
   3.9025878906250000       -2.56368816E-02
   3.9050292968750000       -2.57768631E-02
   3.9074707031250000       -2.59177387E-02
   3.9099121093750000       -2.60594785E-02
   3.9123535156250000       -2.62021422E-02
   3.9147949218750000       -2.63457000E-02
   3.9172363281250000       -2.64901817E-02
   3.9196777343750000       -2.66355574E-02
   3.9221191406250000       -2.67818868E-02
   3.9245605468750000       -2.69291103E-02
   3.9270019531250000       -2.70772874E-02
   3.9294433593750000       -2.72264183E-02
   3.9318847656250000       -2.73764729E-02
   3.9343261718750000       -2.75274813E-02
   3.9367675781250000       -2.76794732E-02
   3.9392089843750000       -2.78324187E-02
   3.9416503906250000       -2.79863477E-02
   3.9440917968750000       -2.81412601E-02
   3.9465332031250000       -2.82971859E-02
   3.9489746093750000       -2.84540653E-02
   3.9514160156250000       -2.86119878E-02
   3.9538574218750000       -2.87708938E-02
   3.9562988281250000       -2.89308131E-02
   3.9587402343750000       -2.90917754E-02
   3.9611816406250000       -2.92537808E-02
   3.9636230468750000       -2.94167995E-02
   3.9660644531250000       -2.95808911E-02
   3.9685058593750000       -2.97460258E-02
   3.9709472656250000       -2.99122036E-02
   3.9733886718750000       -3.00794840E-02
   3.9758300781250000       -3.02478373E-02
   3.9782714843750000       -3.04172635E-02
   3.9807128906250000       -3.05877924E-02
   3.9831542968750000       -3.07593942E-02
   3.9855957031250000       -3.09321284E-02
   3.9880371093750000       -3.11059952E-02
   3.9904785156250000       -3.12809646E-02
   3.9929199218750000       -3.14570665E-02
   3.9953613281250000       -3.16343009E-02
   3.9978027343750000       -3.18127275E-02
   4.0002441406250000       -3.19922566E-02
   4.0026855468750000       -3.21729779E-02
   4.0051269531250000       -3.23548913E-02
   4.0075683593750000       -3.25379670E-02
   4.0100097656250000       -3.27222347E-02
   4.0124511718750000       -3.29076946E-02
   4.0148925781250000       -3.30943763E-02
   4.0173339843750000       -3.32822800E-02
   4.0197753906250000       -3.34714055E-02
   4.0222167968750000       -3.36617529E-02
   4.0246582031250000       -3.38533521E-02
   4.0270996093750000       -3.40462029E-02
   4.0295410156250000       -3.42403054E-02
   4.0319824218750000       -3.44356894E-02
   4.0344238281250000       -3.46323550E-02
   4.0368652343750000       -3.48303318E-02
   4.0393066406250000       -3.50295603E-02
   4.0417480468750000       -3.52301300E-02
   4.0441894531250000       -3.54320109E-02
   4.0466308593750000       -3.56352329E-02
   4.0490722656250000       -3.58397663E-02
   4.0515136718750000       -3.60456705E-02
   4.0539550781250000       -3.62529159E-02
   4.0563964843750000       -3.64615321E-02
   4.0588378906250000       -3.66715193E-02
   4.0612792968750000       -3.68829072E-02
   4.0637207031250000       -3.70956659E-02
   4.0661621093750000       -3.73098552E-02
   4.0686035156250000       -3.75254452E-02
   4.0710449218750000       -3.77424955E-02
   4.0734863281250000       -3.79609466E-02
   4.0759277343750000       -3.81808579E-02
   4.0783691406250000       -3.84022593E-02
   4.0808105468750000       -3.86250913E-02
   4.0832519531250000       -3.88494134E-02
   4.0856933593750000       -3.90752554E-02
   4.0881347656250000       -3.93025577E-02
   4.0905761718750000       -3.95314097E-02
   4.0930175781250000       -3.97617817E-02
   4.0954589843750000       -3.99936736E-02
   4.0979003906250000       -4.02271152E-02
   4.1003417968750000       -4.04621363E-02
   4.1027832031250000       -4.06987071E-02
   4.1052246093750000       -4.09368575E-02
   4.1076660156250000       -4.11766171E-02
   4.1101074218750000       -4.14179862E-02
   4.1125488281250000       -4.16609645E-02
   4.1149902343750000       -4.19055820E-02
   4.1174316406250000       -4.21518385E-02
   4.1198730468750000       -4.23997343E-02
   4.1223144531250000       -4.26493287E-02
   4.1247558593750000       -4.29005623E-02
   4.1271972656250000       -4.31535244E-02
   4.1296386718750000       -4.34081852E-02
   4.1320800781250000       -4.36645448E-02
   4.1345214843750000       -4.39226329E-02
   4.1369628906250000       -4.41824794E-02
   4.1394042968750000       -4.44440842E-02
   4.1418457031250000       -4.47074473E-02
   4.1442871093750000       -4.49725986E-02
   4.1467285156250000       -4.52395678E-02
   4.1491699218750000       -4.55083251E-02
   4.1516113281250000       -4.57789004E-02
   4.1540527343750000       -4.60513234E-02
   4.1564941406250000       -4.63255942E-02
   4.1589355468750000       -4.66017127E-02
   4.1613769531250000       -4.68797386E-02
   4.1638183593750000       -4.71596420E-02
   4.1662597656250000       -4.74414527E-02
   4.1687011718750000       -4.77252007E-02
   4.1711425781250000       -4.80108559E-02
   4.1735839843750000       -4.82984781E-02
   4.1760253906250000       -4.85880673E-02
   4.1784667968750000       -4.88796532E-02
   4.1809082031250000       -4.91732061E-02
   4.1833496093750000       -4.94687855E-02
   4.1857910156250000       -4.97663915E-02
   4.1882324218750000       -5.00660241E-02
   4.1906738281250000       -5.03677130E-02
   4.1931152343750000       -5.06714880E-02
   4.1955566406250000       -5.09773493E-02
   4.1979980468750000       -5.12853265E-02
   4.2004394531250000       -5.15953898E-02
   4.2028808593750000       -5.19076288E-02
   4.2053222656250000       -5.22219837E-02
   4.2077636718750000       -5.25385439E-02
   4.2102050781250000       -5.28572798E-02
   4.2126464843750000       -5.31781912E-02
   4.2150878906250000       -5.35013378E-02
   4.2175292968750000       -5.38267195E-02
   4.2199707031250000       -5.41543663E-02
   4.2224121093750000       -5.44842780E-02
   4.2248535156250000       -5.48164845E-02
   4.2272949218750000       -5.51509857E-02
   4.2297363281250000       -5.54878116E-02
   4.2321777343750000       -5.58269918E-02
   4.2346191406250000       -5.61685264E-02
   4.2370605468750000       -5.65124154E-02
   4.2395019531250000       -5.68587184E-02
   4.2419433593750000       -5.72074354E-02
   4.2443847656250000       -5.75585961E-02
   4.2468261718750000       -5.79122007E-02
   4.2492675781250000       -5.82682788E-02
   4.2517089843750000       -5.86268306E-02
   4.2541503906250000       -5.89879155E-02
   4.2565917968750000       -5.93515038E-02
   4.2590332031250000       -5.97176552E-02
   4.2614746093750000       -6.00863695E-02
   4.2639160156250000       -6.04576766E-02
   4.2663574218750000       -6.08316064E-02
   4.2687988281250000       -6.12081289E-02
   4.2712402343750000       -6.15873337E-02
   4.2736816406250000       -6.19691908E-02
   4.2761230468750000       -6.23537302E-02
   4.2785644531250000       -6.27410114E-02
   4.2810058593750000       -6.31310046E-02
   4.2834472656250000       -6.35237396E-02
   4.2858886718750000       -6.39192760E-02
   4.2883300781250000       -6.43175840E-02
   4.2907714843750000       -6.47187233E-02
   4.2932128906250000       -6.51227236E-02
   4.2956542968750000       -6.55295551E-02
   4.2980957031250000       -6.59392774E-02
   4.3005371093750000       -6.63519204E-02
   4.3029785156250000       -6.67674839E-02
   4.3054199218750000       -6.71859980E-02
   4.3078613281250000       -6.76075220E-02
   4.3103027343750000       -6.80320263E-02
   4.3127441406250000       -6.84595406E-02
   4.3151855468750000       -6.88901246E-02
   4.3176269531250000       -6.93237484E-02
   4.3200683593750000       -6.97605014E-02
   4.3225097656250000       -7.02003539E-02
   4.3249511718750000       -7.06433654E-02
   4.3273925781250000       -7.10895360E-02
   4.3298339843750000       -7.15389252E-02
   4.3322753906250000       -7.19915032E-02
   4.3347167968750000       -7.24473596E-02
   4.3371582031250000       -7.29064643E-02
   4.3395996093750000       -7.33688772E-02
   4.3420410156250000       -7.38346279E-02
   4.3444824218750000       -7.43037164E-02
   4.3469238281250000       -7.47761726E-02
   4.3493652343750000       -7.52520263E-02
   4.3518066406250000       -7.57313371E-02
   4.3542480468750000       -7.62140751E-02
   4.3566894531250000       -7.67003298E-02
   4.3591308593750000       -7.71900713E-02
   4.3615722656250000       -7.76833892E-02
   4.3640136718750000       -7.81802535E-02
   4.3664550781250000       -7.86807239E-02
   4.3688964843750000       -7.91848004E-02
   4.3713378906250000       -7.96925724E-02
   4.3737792968750000       -8.02040100E-02
   4.3762207031250000       -8.07191432E-02
   4.3786621093750000       -8.12380314E-02
   4.3811035156250000       -8.17607045E-02
   4.3835449218750000       -8.22871923E-02
   4.3859863281250000       -8.28174949E-02
   4.3884277343750000       -8.33516717E-02
   4.3908691406250000       -8.38897526E-02
   4.3933105468750000       -8.44317675E-02
   4.3957519531250000       -8.49777460E-02
   4.3981933593750000       -8.55276883E-02
   4.4006347656250000       -8.60816836E-02
   4.4030761718750000       -8.66397321E-02
   4.4055175781250000       -8.72018635E-02
   4.4079589843750000       -8.77681077E-02
   4.4104003906250000       -8.83385241E-02
   4.4128417968750000       -8.89131129E-02
   4.4152832031250000       -8.94919634E-02
   4.4177246093750000       -9.00750458E-02
   4.4201660156250000       -9.06624198E-02
   4.4226074218750000       -9.12541151E-02
   4.4250488281250000       -9.18501914E-02
   4.4274902343750000       -9.24506485E-02
   4.4299316406250000       -9.30555761E-02
   4.4323730468750000       -9.36649442E-02
   4.4348144531250000       -9.42788124E-02
   4.4372558593750000       -9.48972404E-02
   4.4396972656250000       -9.55202579E-02
   4.4421386718750000       -9.61478651E-02
   4.4445800781250000       -9.67801511E-02
   4.4470214843750000       -9.74171162E-02
   4.4494628906250000       -9.80588198E-02
   4.4519042968750000       -9.87052917E-02
   4.4543457031250000       -9.93565619E-02
   4.4567871093750000      -0.100012690    
   4.4592285156250000      -0.100673705    
   4.4616699218750000      -0.101339668    
   4.4641113281250000      -0.102010578    
   4.4665527343750000      -0.102686524    
   4.4689941406250000      -0.103367478    
   4.4714355468750000      -0.104053557    
   4.4738769531250000      -0.104744762    
   4.4763183593750000      -0.105441153    
   4.4787597656250000      -0.106142759    
   4.4812011718750000      -0.106849641    
   4.4836425781250000      -0.107561797    
   4.4860839843750000      -0.108279318    
   4.4885253906250000      -0.109002233    
   4.4909667968750000      -0.109730601    
   4.4934082031250000      -0.110464424    
   4.4958496093750000      -0.111203790    
   4.4982910156250000      -0.111948758    
   4.5007324218750000      -0.112699300    
   4.5031738281250000      -0.113455534    
   4.5056152343750000      -0.114217490    
   4.5080566406250000      -0.114985198    
   4.5104980468750000      -0.115758717    
   4.5129394531250000      -0.116538107    
   4.5153808593750000      -0.117323369    
   4.5178222656250000      -0.118114620    
   4.5202636718750000      -0.118911862    
   4.5227050781250000      -0.119715184    
   4.5251464843750000      -0.120524585    
   4.5275878906250000      -0.121340156    
   4.5300292968750000      -0.122161925    
   4.5324707031250000      -0.122989953    
   4.5349121093750000      -0.123824298    
   4.5373535156250000      -0.124665022    
   4.5397949218750000      -0.125512153    
   4.5422363281250000      -0.126365781    
   4.5446777343750000      -0.127225906    
   4.5471191406250000      -0.128092617    
   4.5495605468750000      -0.128965974    
   4.5520019531250000      -0.129846036    
   4.5544433593750000      -0.130732834    
   4.5568847656250000      -0.131626457    
   4.5593261718750000      -0.132526904    
   4.5617675781250000      -0.133434296    
   4.5642089843750000      -0.134348691    
   4.5666503906250000      -0.135270089    
   4.5690917968750000      -0.136198580    
   4.5715332031250000      -0.137134254    
   4.5739746093750000      -0.138077140    
   4.5764160156250000      -0.139027297    
   4.5788574218750000      -0.139984816    
   4.5812988281250000      -0.140949726    
   4.5837402343750000      -0.141922116    
   4.5861816406250000      -0.142902017    
   4.5886230468750000      -0.143889517    
   4.5910644531250000      -0.144884676    
   4.5935058593750000      -0.145887554    
   4.5959472656250000      -0.146898210    
   4.5983886718750000      -0.147916734    
   4.6008300781250000      -0.148943186    
   4.6032714843750000      -0.149977624    
   4.6057128906250000      -0.151020110    
   4.6081542968750000      -0.152070731    
   4.6105957031250000      -0.153129548    
   4.6130371093750000      -0.154196620    
   4.6154785156250000      -0.155272037    
   4.6179199218750000      -0.156355858    
   4.6203613281250000      -0.157448143    
   4.6228027343750000      -0.158549011    
   4.6252441406250000      -0.159658492    
   4.6276855468750000      -0.160776645    
   4.6301269531250000      -0.161903590    
   4.6325683593750000      -0.163039416    
   4.6350097656250000      -0.164184123    
   4.6374511718750000      -0.165337861    
   4.6398925781250000      -0.166500658    
   4.6423339843750000      -0.167672604    
   4.6447753906250000      -0.168853819    
   4.6472167968750000      -0.170044333    
   4.6496582031250000      -0.171244234    
   4.6520996093750000      -0.172453612    
   4.6545410156250000      -0.173672557    
   4.6569824218750000      -0.174901158    
   4.6594238281250000      -0.176139474    
   4.6618652343750000      -0.177387595    
   4.6643066406250000      -0.178645611    
   4.6667480468750000      -0.179913580    
   4.6691894531250000      -0.181191653    
   4.6716308593750000      -0.182479858    
   4.6740722656250000      -0.183778316    
   4.6765136718750000      -0.185087115    
   4.6789550781250000      -0.186406314    
   4.6813964843750000      -0.187736034    
   4.6838378906250000      -0.189076334    
   4.6862792968750000      -0.190427363    
   4.6887207031250000      -0.191789150    
   4.6911621093750000      -0.193161845    
   4.6936035156250000      -0.194545478    
   4.6960449218750000      -0.195940226    
   4.6984863281250000      -0.197346121    
   4.7009277343750000      -0.198763281    
   4.7033691406250000      -0.200191826    
   4.7058105468750000      -0.201631814    
   4.7082519531250000      -0.203083366    
   4.7106933593750000      -0.204546601    
   4.7131347656250000      -0.206021577    
   4.7155761718750000      -0.207508445    
   4.7180175781250000      -0.209007293    
   4.7204589843750000      -0.210518211    
   4.7229003906250000      -0.212041318    
   4.7253417968750000      -0.213576734    
   4.7277832031250000      -0.215124547    
   4.7302246093750000      -0.216684848    
   4.7326660156250000      -0.218257785    
   4.7351074218750000      -0.219843477    
   4.7375488281250000      -0.221441984    
   4.7399902343750000      -0.223053485    
   4.7424316406250000      -0.224678010    
   4.7448730468750000      -0.226315767    
   4.7473144531250000      -0.227966815    
   4.7497558593750000      -0.229631275    
   4.7521972656250000      -0.231309295    
   4.7546386718750000      -0.233000964    
   4.7570800781250000      -0.234706432    
   4.7595214843750000      -0.236425817    
   4.7619628906250000      -0.238159209    
   4.7644042968750000      -0.239906758    
   4.7668457031250000      -0.241668582    
   4.7692871093750000      -0.243444800    
   4.7717285156250000      -0.245235592    
   4.7741699218750000      -0.247041017    
   4.7766113281250000      -0.248861253    
   4.7790527343750000      -0.250696421    
   4.7814941406250000      -0.252546608    
   4.7839355468750000      -0.254412055    
   4.7863769531250000      -0.256292790    
   4.7888183593750000      -0.258189023    
   4.7912597656250000      -0.260100812    
   4.7937011718750000      -0.262028396    
   4.7961425781250000      -0.263971835    
   4.7985839843750000      -0.265931308    
   4.8010253906250000      -0.267906964    
   4.8034667968750000      -0.269898951    
   4.8059082031250000      -0.271907389    
   4.8083496093750000      -0.273932427    
   4.8107910156250000      -0.275974214    
   4.8132324218750000      -0.278032959    
   4.8156738281250000      -0.280108750    
   4.8181152343750000      -0.282201767    
   4.8205566406250000      -0.284312129    
   4.8229980468750000      -0.286440045    
   4.8254394531250000      -0.288585663    
   4.8278808593750000      -0.290749073    
   4.8303222656250000      -0.292930543    
   4.8327636718750000      -0.295130193    
   4.8352050781250000      -0.297348142    
   4.8376464843750000      -0.299584627    
   4.8400878906250000      -0.301839769    
   4.8425292968750000      -0.304113746    
   4.8449707031250000      -0.306406736    
   4.8474121093750000      -0.308718920    
   4.8498535156250000      -0.311050475    
   4.8522949218750000      -0.313401520    
   4.8547363281250000      -0.315772295    
   4.8571777343750000      -0.318162978    
   4.8596191406250000      -0.320573747    
   4.8620605468750000      -0.323004723    
   4.8645019531250000      -0.325456172    
   4.8669433593750000      -0.327928245    
   4.8693847656250000      -0.330421120    
   4.8718261718750000      -0.332935005    
   4.8742675781250000      -0.335470080    
   4.8767089843750000      -0.338026553    
   4.8791503906250000      -0.340604603    
   4.8815917968750000      -0.343204439    
   4.8840332031250000      -0.345826268    
   4.8864746093750000      -0.348470271    
   4.8889160156250000      -0.351136684    
   4.8913574218750000      -0.353825688    
   4.8937988281250000      -0.356537461    
   4.8962402343750000      -0.359272271    
   4.8986816406250000      -0.362030327    
   4.9011230468750000      -0.364811778    
   4.9035644531250000      -0.367616892    
   4.9060058593750000      -0.370445877    
   4.9084472656250000      -0.373298943    
   4.9108886718750000      -0.376176357    
   4.9133300781250000      -0.379078269    
   4.9157714843750000      -0.382004976    
   4.9182128906250000      -0.384956658    
   4.9206542968750000      -0.387933582    
   4.9230957031250000      -0.390935957    
   4.9255371093750000      -0.393964022    
   4.9279785156250000      -0.397018015    
   4.9304199218750000      -0.400098205    
   4.9328613281250000      -0.403204769    
   4.9353027343750000      -0.406338036    
   4.9377441406250000      -0.409498185    
   4.9401855468750000      -0.412685513    
   4.9426269531250000      -0.415900230    
   4.9450683593750000      -0.419142604    
   4.9475097656250000      -0.422412932    
   4.9499511718750000      -0.425711453    
   4.9523925781250000      -0.429038405    
   4.9548339843750000      -0.432394058    
   4.9572753906250000      -0.435778707    
   4.9597167968750000      -0.439192623    
   4.9621582031250000      -0.442636043    
   4.9645996093750000      -0.446109265    
   4.9670410156250000      -0.449612558    
   4.9694824218750000      -0.453146249    
   4.9719238281250000      -0.456710577    
   4.9743652343750000      -0.460305840    
   4.9768066406250000      -0.463932306    
   4.9792480468750000      -0.467590332    
   4.9816894531250000      -0.471280128    
   4.9841308593750000      -0.475002110    
   4.9865722656250000      -0.478756428    
   4.9890136718750000      -0.482543558    
   4.9914550781250000      -0.486363590    
   4.9938964843750000      -0.490217179    
   4.9963378906250000      -0.494104028    
   4.9987792968750000      -0.498025924    
