   1.2207031250000000E-003  -2.87486148    
   3.6621093750000000E-003  -2.86463857    
   6.1035156250000000E-003  -2.85449195    
   8.5449218750000000E-003  -2.84441900    
   1.0986328125000000E-002  -2.83442020    
   1.3427734375000000E-002  -2.82449389    
   1.5869140625000000E-002  -2.81463981    
   1.8310546875000000E-002  -2.80485725    
   2.0751953125000000E-002  -2.79514551    
   2.3193359375000000E-002  -2.78550410    
   2.5634765625000000E-002  -2.77593207    
   2.8076171875000000E-002  -2.76642919    
   3.0517578125000000E-002  -2.75699425    
   3.2958984375000000E-002  -2.74762726    
   3.5400390625000000E-002  -2.73832703    
   3.7841796875000000E-002  -2.72909331    
   4.0283203125000000E-002  -2.71992517    
   4.2724609375000000E-002  -2.71082234    
   4.5166015625000000E-002  -2.70178413    
   4.7607421875000000E-002  -2.69280982    
   5.0048828125000000E-002  -2.68389893    
   5.2490234375000000E-002  -2.67505074    
   5.4931640625000000E-002  -2.66626501    
   5.7373046875000000E-002  -2.65754080    
   5.9814453125000000E-002  -2.64887786    
   6.2255859375000000E-002  -2.64027548    
   6.4697265625000000E-002  -2.63173294    
   6.7138671875000000E-002  -2.62325001    
   6.9580078125000000E-002  -2.61482596    
   7.2021484375000000E-002  -2.60646057    
   7.4462890625000000E-002  -2.59815288    
   7.6904296875000000E-002  -2.58990240    
   7.9345703125000000E-002  -2.58170891    
   8.1787109375000000E-002  -2.57357192    
   8.4228515625000000E-002  -2.56549072    
   8.6669921875000000E-002  -2.55746484    
   8.9111328125000000E-002  -2.54949379    
   9.1552734375000000E-002  -2.54157710    
   9.3994140625000000E-002  -2.53371453    
   9.6435546875000000E-002  -2.52590513    
   9.8876953125000000E-002  -2.51814890    
  0.10131835937500000       -2.51044488    
  0.10375976562500000       -2.50279307    
  0.10620117187500000       -2.49519300    
  0.10864257812500000       -2.48764372    
  0.11108398437500000       -2.48014545    
  0.11352539062500000       -2.47269726    
  0.11596679687500000       -2.46529865    
  0.11840820312500000       -2.45794964    
  0.12084960937500000       -2.45064950    
  0.12329101562500000       -2.44339800    
  0.12573242187500000       -2.43619442    
  0.12817382812500000       -2.42903876    
  0.13061523437500000       -2.42193031    
  0.13305664062500000       -2.41486859    
  0.13549804687500000       -2.40785336    
  0.13793945312500000       -2.40088415    
  0.14038085937500000       -2.39396071    
  0.14282226562500000       -2.38708258    
  0.14526367187500000       -2.38024926    
  0.14770507812500000       -2.37346053    
  0.15014648437500000       -2.36671591    
  0.15258789062500000       -2.36001515    
  0.15502929687500000       -2.35335755    
  0.15747070312500000       -2.34674311    
  0.15991210937500000       -2.34017134    
  0.16235351562500000       -2.33364201    
  0.16479492187500000       -2.32715440    
  0.16723632812500000       -2.32070851    
  0.16967773437500000       -2.31430387    
  0.17211914062500000       -2.30794024    
  0.17456054687500000       -2.30161715    
  0.17700195312500000       -2.29533410    
  0.17944335937500000       -2.28909111    
  0.18188476562500000       -2.28288770    
  0.18432617187500000       -2.27672362    
  0.18676757812500000       -2.27059817    
  0.18920898437500000       -2.26451159    
  0.19165039062500000       -2.25846314    
  0.19409179687500000       -2.25245285    
  0.19653320312500000       -2.24647999    
  0.19897460937500000       -2.24054456    
  0.20141601562500000       -2.23464608    
  0.20385742187500000       -2.22878432    
  0.20629882812500000       -2.22295928    
  0.20874023437500000       -2.21717000    
  0.21118164062500000       -2.21141672    
  0.21362304687500000       -2.20569921    
  0.21606445312500000       -2.20001674    
  0.21850585937500000       -2.19436932    
  0.22094726562500000       -2.18875670    
  0.22338867187500000       -2.18317842    
  0.22583007812500000       -2.17763424    
  0.22827148437500000       -2.17212391    
  0.23071289062500000       -2.16664720    
  0.23315429687500000       -2.16120386    
  0.23559570312500000       -2.15579367    
  0.23803710937500000       -2.15041614    
  0.24047851562500000       -2.14507127    
  0.24291992187500000       -2.13975883    
  0.24536132812500000       -2.13447809    
  0.24780273437500000       -2.12922931    
  0.25024414062500000       -2.12401199    
  0.25268554687500000       -2.11882615    
  0.25512695312500000       -2.11367106    
  0.25756835937500000       -2.10854697    
  0.26000976562500000       -2.10345340    
  0.26245117187500000       -2.09839010    
  0.26489257812500000       -2.09335685    
  0.26733398437500000       -2.08835340    
  0.26977539062500000       -2.08337975    
  0.27221679687500000       -2.07843518    
  0.27465820312500000       -2.07351995    
  0.27709960937500000       -2.06863356    
  0.27954101562500000       -2.06377602    
  0.28198242187500000       -2.05894685    
  0.28442382812500000       -2.05414581    
  0.28686523437500000       -2.04937315    
  0.28930664062500000       -2.04462814    
  0.29174804687500000       -2.03991055    
  0.29418945312500000       -2.03522062    
  0.29663085937500000       -2.03055787    
  0.29907226562500000       -2.02592206    
  0.30151367187500000       -2.02131295    
  0.30395507812500000       -2.01673055    
  0.30639648437500000       -2.01217437    
  0.30883789062500000       -2.00764441    
  0.31127929687500000       -2.00314045    
  0.31372070312500000       -1.99866235    
  0.31616210937500000       -1.99420977    
  0.31860351562500000       -1.98978257    
  0.32104492187500000       -1.98538065    
  0.32348632812500000       -1.98100364    
  0.32592773437500000       -1.97665167    
  0.32836914062500000       -1.97232413    
  0.33081054687500000       -1.96802115    
  0.33325195312500000       -1.96374238    
  0.33569335937500000       -1.95948768    
  0.33813476562500000       -1.95525706    
  0.34057617187500000       -1.95105004    
  0.34301757812500000       -1.94686663    
  0.34545898437500000       -1.94270658    
  0.34790039062500000       -1.93856978    
  0.35034179687500000       -1.93445611    
  0.35278320312500000       -1.93036520    
  0.35522460937500000       -1.92629707    
  0.35766601562500000       -1.92225146    
  0.36010742187500000       -1.91822827    
  0.36254882812500000       -1.91422713    
  0.36499023437500000       -1.91024828    
  0.36743164062500000       -1.90629125    
  0.36987304687500000       -1.90235591    
  0.37231445312500000       -1.89844215    
  0.37475585937500000       -1.89454985    
  0.37719726562500000       -1.89067888    
  0.37963867187500000       -1.88682878    
  0.38208007812500000       -1.88299990    
  0.38452148437500000       -1.87919176    
  0.38696289062500000       -1.87540436    
  0.38940429687500000       -1.87163734    
  0.39184570312500000       -1.86789083    
  0.39428710937500000       -1.86416435    
  0.39672851562500000       -1.86045814    
  0.39916992187500000       -1.85677183    
  0.40161132812500000       -1.85310519    
  0.40405273437500000       -1.84945834    
  0.40649414062500000       -1.84583092    
  0.40893554687500000       -1.84222305    
  0.41137695312500000       -1.83863425    
  0.41381835937500000       -1.83506453    
  0.41625976562500000       -1.83151388    
  0.41870117187500000       -1.82798219    
  0.42114257812500000       -1.82446897    
  0.42358398437500000       -1.82097447    
  0.42602539062500000       -1.81749833    
  0.42846679687500000       -1.81404066    
  0.43090820312500000       -1.81060112    
  0.43334960937500000       -1.80717957    
  0.43579101562500000       -1.80377603    
  0.43823242187500000       -1.80039012    
  0.44067382812500000       -1.79702210    
  0.44311523437500000       -1.79367173    
  0.44555664062500000       -1.79033864    
  0.44799804687500000       -1.78702295    
  0.45043945312500000       -1.78372443    
  0.45288085937500000       -1.78044307    
  0.45532226562500000       -1.77717865    
  0.45776367187500000       -1.77393103    
  0.46020507812500000       -1.77070022    
  0.46264648437500000       -1.76748610    
  0.46508789062500000       -1.76428843    
  0.46752929687500000       -1.76110721    
  0.46997070312500000       -1.75794220    
  0.47241210937500000       -1.75479352    
  0.47485351562500000       -1.75166082    
  0.47729492187500000       -1.74854410    
  0.47973632812500000       -1.74544322    
  0.48217773437500000       -1.74235809    
  0.48461914062500000       -1.73928869    
  0.48706054687500000       -1.73623478    
  0.48950195312500000       -1.73319626    
  0.49194335937500000       -1.73017323    
  0.49438476562500000       -1.72716534    
  0.49682617187500000       -1.72417259    
  0.49926757812500000       -1.72119474    
  0.50170898437500000       -1.71823204    
  0.50415039062500000       -1.71528399    
  0.50659179687500000       -1.71235085    
  0.50903320312500000       -1.70943224    
  0.51147460937500000       -1.70652831    
  0.51391601562500000       -1.70363867    
  0.51635742187500000       -1.70076346    
  0.51879882812500000       -1.69790244    
  0.52124023437500000       -1.69505572    
  0.52368164062500000       -1.69222295    
  0.52612304687500000       -1.68940425    
  0.52856445312500000       -1.68659937    
  0.53100585937500000       -1.68380833    
  0.53344726562500000       -1.68103099    
  0.53588867187500000       -1.67826724    
  0.53833007812500000       -1.67551708    
  0.54077148437500000       -1.67278028    
  0.54321289062500000       -1.67005706    
  0.54565429687500000       -1.66734695    
  0.54809570312500000       -1.66464996    
  0.55053710937500000       -1.66196620    
  0.55297851562500000       -1.65929544    
  0.55541992187500000       -1.65663755    
  0.55786132812500000       -1.65399265    
  0.56030273437500000       -1.65136039    
  0.56274414062500000       -1.64874089    
  0.56518554687500000       -1.64613402    
  0.56762695312500000       -1.64353967    
  0.57006835937500000       -1.64095771    
  0.57250976562500000       -1.63838816    
  0.57495117187500000       -1.63583100    
  0.57739257812500000       -1.63328588    
  0.57983398437500000       -1.63075304    
  0.58227539062500000       -1.62823224    
  0.58471679687500000       -1.62572348    
  0.58715820312500000       -1.62322652    
  0.58959960937500000       -1.62074149    
  0.59204101562500000       -1.61826813    
  0.59448242187500000       -1.61580658    
  0.59692382812500000       -1.61335659    
  0.59936523437500000       -1.61091816    
  0.60180664062500000       -1.60849118    
  0.60424804687500000       -1.60607564    
  0.60668945312500000       -1.60367155    
  0.60913085937500000       -1.60127854    
  0.61157226562500000       -1.59889686    
  0.61401367187500000       -1.59652627    
  0.61645507812500000       -1.59416664    
  0.61889648437500000       -1.59181809    
  0.62133789062500000       -1.58948040    
  0.62377929687500000       -1.58715367    
  0.62622070312500000       -1.58483768    
  0.62866210937500000       -1.58253241    
  0.63110351562500000       -1.58023787    
  0.63354492187500000       -1.57795393    
  0.63598632812500000       -1.57568049    
  0.63842773437500000       -1.57341754    
  0.64086914062500000       -1.57116497    
  0.64331054687500000       -1.56892264    
  0.64575195312500000       -1.56669080    
  0.64819335937500000       -1.56446910    
  0.65063476562500000       -1.56225753    
  0.65307617187500000       -1.56005609    
  0.65551757812500000       -1.55786467    
  0.65795898437500000       -1.55568326    
  0.66040039062500000       -1.55351162    
  0.66284179687500000       -1.55135000    
  0.66528320312500000       -1.54919815    
  0.66772460937500000       -1.54705608    
  0.67016601562500000       -1.54492366    
  0.67260742187500000       -1.54280078    
  0.67504882812500000       -1.54068756    
  0.67749023437500000       -1.53858387    
  0.67993164062500000       -1.53648961    
  0.68237304687500000       -1.53440475    
  0.68481445312500000       -1.53232932    
  0.68725585937500000       -1.53026307    
  0.68969726562500000       -1.52820611    
  0.69213867187500000       -1.52615833    
  0.69458007812500000       -1.52411973    
  0.69702148437500000       -1.52209020    
  0.69946289062500000       -1.52006960    
  0.70190429687500000       -1.51805818    
  0.70434570312500000       -1.51605546    
  0.70678710937500000       -1.51406181    
  0.70922851562500000       -1.51207674    
  0.71166992187500000       -1.51010060    
  0.71411132812500000       -1.50813317    
  0.71655273437500000       -1.50617445    
  0.71899414062500000       -1.50422430    
  0.72143554687500000       -1.50228274    
  0.72387695312500000       -1.50034964    
  0.72631835937500000       -1.49842513    
  0.72875976562500000       -1.49650896    
  0.73120117187500000       -1.49460125    
  0.73364257812500000       -1.49270177    
  0.73608398437500000       -1.49081063    
  0.73852539062500000       -1.48892772    
  0.74096679687500000       -1.48705304    
  0.74340820312500000       -1.48518646    
  0.74584960937500000       -1.48332787    
  0.74829101562500000       -1.48147750    
  0.75073242187500000       -1.47963512    
  0.75317382812500000       -1.47780061    
  0.75561523437500000       -1.47597408    
  0.75805664062500000       -1.47415543    
  0.76049804687500000       -1.47234464    
  0.76293945312500000       -1.47054160    
  0.76538085937500000       -1.46874630    
  0.76782226562500000       -1.46695876    
  0.77026367187500000       -1.46517885    
  0.77270507812500000       -1.46340644    
  0.77514648437500000       -1.46164179    
  0.77758789062500000       -1.45988464    
  0.78002929687500000       -1.45813489    
  0.78247070312500000       -1.45639265    
  0.78491210937500000       -1.45465779    
  0.78735351562500000       -1.45293021    
  0.78979492187500000       -1.45121014    
  0.79223632812500000       -1.44949734    
  0.79467773437500000       -1.44779170    
  0.79711914062500000       -1.44609332    
  0.79956054687500000       -1.44440210    
  0.80200195312500000       -1.44271803    
  0.80444335937500000       -1.44104099    
  0.80688476562500000       -1.43937111    
  0.80932617187500000       -1.43770814    
  0.81176757812500000       -1.43605220    
  0.81420898437500000       -1.43440330    
  0.81665039062500000       -1.43276119    
  0.81909179687500000       -1.43112600    
  0.82153320312500000       -1.42949760    
  0.82397460937500000       -1.42787600    
  0.82641601562500000       -1.42626119    
  0.82885742187500000       -1.42465305    
  0.83129882812500000       -1.42305160    
  0.83374023437500000       -1.42145693    
  0.83618164062500000       -1.41986883    
  0.83862304687500000       -1.41828716    
  0.84106445312500000       -1.41671216    
  0.84350585937500000       -1.41514373    
  0.84594726562500000       -1.41358173    
  0.84838867187500000       -1.41202617    
  0.85083007812500000       -1.41047692    
  0.85327148437500000       -1.40893424    
  0.85571289062500000       -1.40739787    
  0.85815429687500000       -1.40586770    
  0.86059570312500000       -1.40434384    
  0.86303710937500000       -1.40282631    
  0.86547851562500000       -1.40131485    
  0.86791992187500000       -1.39980972    
  0.87036132812500000       -1.39831066    
  0.87280273437500000       -1.39681780    
  0.87524414062500000       -1.39533091    
  0.87768554687500000       -1.39385009    
  0.88012695312500000       -1.39237535    
  0.88256835937500000       -1.39090669    
  0.88500976562500000       -1.38944387    
  0.88745117187500000       -1.38798702    
  0.88989257812500000       -1.38653600    
  0.89233398437500000       -1.38509095    
  0.89477539062500000       -1.38365173    
  0.89721679687500000       -1.38221836    
  0.89965820312500000       -1.38079071    
  0.90209960937500000       -1.37936878    
  0.90454101562500000       -1.37795269    
  0.90698242187500000       -1.37654221    
  0.90942382812500000       -1.37513745    
  0.91186523437500000       -1.37373829    
  0.91430664062500000       -1.37234473    
  0.91674804687500000       -1.37095690    
  0.91918945312500000       -1.36957443    
  0.92163085937500000       -1.36819756    
  0.92407226562500000       -1.36682630    
  0.92651367187500000       -1.36546028    
  0.92895507812500000       -1.36409986    
  0.93139648437500000       -1.36274481    
  0.93383789062500000       -1.36139524    
  0.93627929687500000       -1.36005092    
  0.93872070312500000       -1.35871208    
  0.94116210937500000       -1.35737848    
  0.94360351562500000       -1.35605013    
  0.94604492187500000       -1.35472703    
  0.94848632812500000       -1.35340929    
  0.95092773437500000       -1.35209668    
  0.95336914062500000       -1.35078931    
  0.95581054687500000       -1.34948695    
  0.95825195312500000       -1.34818983    
  0.96069335937500000       -1.34689784    
  0.96313476562500000       -1.34561086    
  0.96557617187500000       -1.34432900    
  0.96801757812500000       -1.34305215    
  0.97045898437500000       -1.34178030    
  0.97290039062500000       -1.34051359    
  0.97534179687500000       -1.33925164    
  0.97778320312500000       -1.33799469    
  0.98022460937500000       -1.33674264    
  0.98266601562500000       -1.33549559    
  0.98510742187500000       -1.33425331    
  0.98754882812500000       -1.33301592    
  0.98999023437500000       -1.33178329    
  0.99243164062500000       -1.33055544    
  0.99487304687500000       -1.32933247    
  0.99731445312500000       -1.32811427    
  0.99975585937500000       -1.32690072    
   1.0021972656250000       -1.32569194    
   1.0046386718750000       -1.32448781    
   1.0070800781250000       -1.32328844    
   1.0095214843750000       -1.32209349    
   1.0119628906250000       -1.32090342    
   1.0144042968750000       -1.31971776    
   1.0168457031250000       -1.31853676    
   1.0192871093750000       -1.31736028    
   1.0217285156250000       -1.31618845    
   1.0241699218750000       -1.31502104    
   1.0266113281250000       -1.31385815    
   1.0290527343750000       -1.31269968    
   1.0314941406250000       -1.31154573    
   1.0339355468750000       -1.31039619    
   1.0363769531250000       -1.30925107    
   1.0388183593750000       -1.30811036    
   1.0412597656250000       -1.30697405    
   1.0437011718750000       -1.30584204    
   1.0461425781250000       -1.30471432    
   1.0485839843750000       -1.30359101    
   1.0510253906250000       -1.30247200    
   1.0534667968750000       -1.30135715    
   1.0559082031250000       -1.30024660    
   1.0583496093750000       -1.29914021    
   1.0607910156250000       -1.29803824    
   1.0632324218750000       -1.29694033    
   1.0656738281250000       -1.29584670    
   1.0681152343750000       -1.29475701    
   1.0705566406250000       -1.29367161    
   1.0729980468750000       -1.29259038    
   1.0754394531250000       -1.29151320    
   1.0778808593750000       -1.29044008    
   1.0803222656250000       -1.28937101    
   1.0827636718750000       -1.28830612    
   1.0852050781250000       -1.28724515    
   1.0876464843750000       -1.28618824    
   1.0900878906250000       -1.28513527    
   1.0925292968750000       -1.28408623    
   1.0949707031250000       -1.28304124    
   1.0974121093750000       -1.28200018    
   1.0998535156250000       -1.28096306    
   1.1022949218750000       -1.27992976    
   1.1047363281250000       -1.27890050    
   1.1071777343750000       -1.27787507    
   1.1096191406250000       -1.27685344    
   1.1120605468750000       -1.27583563    
   1.1145019531250000       -1.27482176    
   1.1169433593750000       -1.27381158    
   1.1193847656250000       -1.27280521    
   1.1218261718750000       -1.27180266    
   1.1242675781250000       -1.27080381    
   1.1267089843750000       -1.26980877    
   1.1291503906250000       -1.26881742    
   1.1315917968750000       -1.26782978    
   1.1340332031250000       -1.26684594    
   1.1364746093750000       -1.26586556    
   1.1389160156250000       -1.26488900    
   1.1413574218750000       -1.26391613    
   1.1437988281250000       -1.26294672    
   1.1462402343750000       -1.26198101    
   1.1486816406250000       -1.26101887    
   1.1511230468750000       -1.26006043    
   1.1535644531250000       -1.25910544    
   1.1560058593750000       -1.25815403    
   1.1584472656250000       -1.25720620    
   1.1608886718750000       -1.25626183    
   1.1633300781250000       -1.25532103    
   1.1657714843750000       -1.25438368    
   1.1682128906250000       -1.25344980    
   1.1706542968750000       -1.25251949    
   1.1730957031250000       -1.25159252    
   1.1755371093750000       -1.25066900    
   1.1779785156250000       -1.24974895    
   1.1804199218750000       -1.24883235    
   1.1828613281250000       -1.24791908    
   1.1853027343750000       -1.24700916    
   1.1877441406250000       -1.24610269    
   1.1901855468750000       -1.24519956    
   1.1926269531250000       -1.24429965    
   1.1950683593750000       -1.24340320    
   1.1975097656250000       -1.24250996    
   1.1999511718750000       -1.24162006    
   1.2023925781250000       -1.24073350    
   1.2048339843750000       -1.23985028    
   1.2072753906250000       -1.23897016    
   1.2097167968750000       -1.23809338    
   1.2121582031250000       -1.23721969    
   1.2145996093750000       -1.23634934    
   1.2170410156250000       -1.23548222    
   1.2194824218750000       -1.23461819    
   1.2219238281250000       -1.23375750    
   1.2243652343750000       -1.23289979    
   1.2268066406250000       -1.23204529    
   1.2292480468750000       -1.23119402    
   1.2316894531250000       -1.23034585    
   1.2341308593750000       -1.22950077    
   1.2365722656250000       -1.22865868    
   1.2390136718750000       -1.22781992    
   1.2414550781250000       -1.22698402    
   1.2438964843750000       -1.22615135    
   1.2463378906250000       -1.22532165    
   1.2487792968750000       -1.22449505    
   1.2512207031250000       -1.22367144    
   1.2536621093750000       -1.22285080    
   1.2561035156250000       -1.22203326    
   1.2585449218750000       -1.22121871    
   1.2609863281250000       -1.22040713    
   1.2634277343750000       -1.21959853    
   1.2658691406250000       -1.21879292    
   1.2683105468750000       -1.21799016    
   1.2707519531250000       -1.21719038    
   1.2731933593750000       -1.21639359    
   1.2756347656250000       -1.21559966    
   1.2780761718750000       -1.21480870    
   1.2805175781250000       -1.21402061    
   1.2829589843750000       -1.21323526    
   1.2854003906250000       -1.21245289    
   1.2878417968750000       -1.21167350    
   1.2902832031250000       -1.21089685    
   1.2927246093750000       -1.21012294    
   1.2951660156250000       -1.20935202    
   1.2976074218750000       -1.20858395    
   1.3000488281250000       -1.20781863    
   1.3024902343750000       -1.20705605    
   1.3049316406250000       -1.20629621    
   1.3073730468750000       -1.20553911    
   1.3098144531250000       -1.20478499    
   1.3122558593750000       -1.20403349    
   1.3146972656250000       -1.20328474    
   1.3171386718750000       -1.20253873    
   1.3195800781250000       -1.20179546    
   1.3220214843750000       -1.20105493    
   1.3244628906250000       -1.20031703    
   1.3269042968750000       -1.19958198    
   1.3293457031250000       -1.19884956    
   1.3317871093750000       -1.19811964    
   1.3342285156250000       -1.19739258    
   1.3366699218750000       -1.19666815    
   1.3391113281250000       -1.19594622    
   1.3415527343750000       -1.19522703    
   1.3439941406250000       -1.19451046    
   1.3464355468750000       -1.19379652    
   1.3488769531250000       -1.19308519    
   1.3513183593750000       -1.19237649    
   1.3537597656250000       -1.19167030    
   1.3562011718750000       -1.19096673    
   1.3586425781250000       -1.19026566    
   1.3610839843750000       -1.18956721    
   1.3635253906250000       -1.18887126    
   1.3659667968750000       -1.18817794    
   1.3684082031250000       -1.18748713    
   1.3708496093750000       -1.18679881    
   1.3732910156250000       -1.18611312    
   1.3757324218750000       -1.18542981    
   1.3781738281250000       -1.18474901    
   1.3806152343750000       -1.18407059    
   1.3830566406250000       -1.18339479    
   1.3854980468750000       -1.18272138    
   1.3879394531250000       -1.18205070    
   1.3903808593750000       -1.18138206    
   1.3928222656250000       -1.18071604    
   1.3952636718750000       -1.18005264    
   1.3977050781250000       -1.17939150    
   1.4001464843750000       -1.17873275    
   1.4025878906250000       -1.17807651    
   1.4050292968750000       -1.17742252    
   1.4074707031250000       -1.17677104    
   1.4099121093750000       -1.17612195    
   1.4123535156250000       -1.17547524    
   1.4147949218750000       -1.17483079    
   1.4172363281250000       -1.17418897    
   1.4196777343750000       -1.17354929    
   1.4221191406250000       -1.17291188    
   1.4245605468750000       -1.17227697    
   1.4270019531250000       -1.17164433    
   1.4294433593750000       -1.17101395    
   1.4318847656250000       -1.17038608    
   1.4343261718750000       -1.16976035    
   1.4367675781250000       -1.16913688    
   1.4392089843750000       -1.16851568    
   1.4416503906250000       -1.16789687    
   1.4440917968750000       -1.16728032    
   1.4465332031250000       -1.16666603    
   1.4489746093750000       -1.16605401    
   1.4514160156250000       -1.16544425    
   1.4538574218750000       -1.16483676    
   1.4562988281250000       -1.16423142    
   1.4587402343750000       -1.16362846    
   1.4611816406250000       -1.16302752    
   1.4636230468750000       -1.16242898    
   1.4660644531250000       -1.16183257    
   1.4685058593750000       -1.16123831    
   1.4709472656250000       -1.16064632    
   1.4733886718750000       -1.16005659    
   1.4758300781250000       -1.15946889    
   1.4782714843750000       -1.15888333    
   1.4807128906250000       -1.15829992    
   1.4831542968750000       -1.15771878    
   1.4855957031250000       -1.15713978    
   1.4880371093750000       -1.15656292    
   1.4904785156250000       -1.15598834    
   1.4929199218750000       -1.15541577    
   1.4953613281250000       -1.15484524    
   1.4978027343750000       -1.15427685    
   1.5002441406250000       -1.15371060    
   1.5026855468750000       -1.15314651    
   1.5051269531250000       -1.15258443    
   1.5075683593750000       -1.15202451    
   1.5100097656250000       -1.15146661    
   1.5124511718750000       -1.15091085    
   1.5148925781250000       -1.15035713    
   1.5173339843750000       -1.14980543    
   1.5197753906250000       -1.14925587    
   1.5222167968750000       -1.14870834    
   1.5246582031250000       -1.14816272    
   1.5270996093750000       -1.14761925    
   1.5295410156250000       -1.14707792    
   1.5319824218750000       -1.14653850    
   1.5344238281250000       -1.14600110    
   1.5368652343750000       -1.14546573    
   1.5393066406250000       -1.14493239    
   1.5417480468750000       -1.14440095    
   1.5441894531250000       -1.14387167    
   1.5466308593750000       -1.14334428    
   1.5490722656250000       -1.14281893    
   1.5515136718750000       -1.14229548    
   1.5539550781250000       -1.14177406    
   1.5563964843750000       -1.14125454    
   1.5588378906250000       -1.14073706    
   1.5612792968750000       -1.14022148    
   1.5637207031250000       -1.13970780    
   1.5661621093750000       -1.13919616    
   1.5686035156250000       -1.13868654    
   1.5710449218750000       -1.13817859    
   1.5734863281250000       -1.13767266    
   1.5759277343750000       -1.13716877    
   1.5783691406250000       -1.13666666    
   1.5808105468750000       -1.13616645    
   1.5832519531250000       -1.13566840    
   1.5856933593750000       -1.13517189    
   1.5881347656250000       -1.13467753    
   1.5905761718750000       -1.13418496    
   1.5930175781250000       -1.13369417    
   1.5954589843750000       -1.13320529    
   1.5979003906250000       -1.13271844    
   1.6003417968750000       -1.13223338    
   1.6027832031250000       -1.13174999    
   1.6052246093750000       -1.13126862    
   1.6076660156250000       -1.13078928    
   1.6101074218750000       -1.13031149    
   1.6125488281250000       -1.12983561    
   1.6149902343750000       -1.12936163    
   1.6174316406250000       -1.12888944    
   1.6198730468750000       -1.12841904    
   1.6223144531250000       -1.12795043    
   1.6247558593750000       -1.12748384    
   1.6271972656250000       -1.12701881    
   1.6296386718750000       -1.12655568    
   1.6320800781250000       -1.12609434    
   1.6345214843750000       -1.12563479    
   1.6369628906250000       -1.12517703    
   1.6394042968750000       -1.12472105    
   1.6418457031250000       -1.12426686    
   1.6442871093750000       -1.12381434    
   1.6467285156250000       -1.12336373    
   1.6491699218750000       -1.12291479    
   1.6516113281250000       -1.12246776    
   1.6540527343750000       -1.12202227    
   1.6564941406250000       -1.12157869    
   1.6589355468750000       -1.12113667    
   1.6613769531250000       -1.12069643    
   1.6638183593750000       -1.12025809    
   1.6662597656250000       -1.11982131    
   1.6687011718750000       -1.11938643    
   1.6711425781250000       -1.11895311    
   1.6735839843750000       -1.11852157    
   1.6760253906250000       -1.11809170    
   1.6784667968750000       -1.11766362    
   1.6809082031250000       -1.11723709    
   1.6833496093750000       -1.11681247    
   1.6857910156250000       -1.11638939    
   1.6882324218750000       -1.11596799    
   1.6906738281250000       -1.11554837    
   1.6931152343750000       -1.11513031    
   1.6955566406250000       -1.11471403    
   1.6979980468750000       -1.11429942    
   1.7004394531250000       -1.11388636    
   1.7028808593750000       -1.11347497    
   1.7053222656250000       -1.11306536    
   1.7077636718750000       -1.11265731    
   1.7102050781250000       -1.11225092    
   1.7126464843750000       -1.11184621    
   1.7150878906250000       -1.11144316    
   1.7175292968750000       -1.11104178    
   1.7199707031250000       -1.11064184    
   1.7224121093750000       -1.11024368    
   1.7248535156250000       -1.10984707    
   1.7272949218750000       -1.10945213    
   1.7297363281250000       -1.10905886    
   1.7321777343750000       -1.10866714    
   1.7346191406250000       -1.10827696    
   1.7370605468750000       -1.10788858    
   1.7395019531250000       -1.10750163    
   1.7419433593750000       -1.10711634    
   1.7443847656250000       -1.10673261    
   1.7468261718750000       -1.10635054    
   1.7492675781250000       -1.10596991    
   1.7517089843750000       -1.10559094    
   1.7541503906250000       -1.10521364    
   1.7565917968750000       -1.10483766    
   1.7590332031250000       -1.10446346    
   1.7614746093750000       -1.10409081    
   1.7639160156250000       -1.10371959    
   1.7663574218750000       -1.10335016    
   1.7687988281250000       -1.10298204    
   1.7712402343750000       -1.10261559    
   1.7736816406250000       -1.10225070    
   1.7761230468750000       -1.10188746    
   1.7785644531250000       -1.10152555    
   1.7810058593750000       -1.10116518    
   1.7834472656250000       -1.10080647    
   1.7858886718750000       -1.10044920    
   1.7883300781250000       -1.10009360    
   1.7907714843750000       -1.09973931    
   1.7932128906250000       -1.09938669    
   1.7956542968750000       -1.09903550    
   1.7980957031250000       -1.09868586    
   1.8005371093750000       -1.09833765    
   1.8029785156250000       -1.09799111    
   1.8054199218750000       -1.09764588    
   1.8078613281250000       -1.09730220    
   1.8103027343750000       -1.09696019    
   1.8127441406250000       -1.09661949    
   1.8151855468750000       -1.09628034    
   1.8176269531250000       -1.09594262    
   1.8200683593750000       -1.09560657    
   1.8225097656250000       -1.09527171    
   1.8249511718750000       -1.09493840    
   1.8273925781250000       -1.09460664    
   1.8298339843750000       -1.09427643    
   1.8322753906250000       -1.09394753    
   1.8347167968750000       -1.09362018    
   1.8371582031250000       -1.09329426    
   1.8395996093750000       -1.09296978    
   1.8420410156250000       -1.09264672    
   1.8444824218750000       -1.09232509    
   1.8469238281250000       -1.09200501    
   1.8493652343750000       -1.09168625    
   1.8518066406250000       -1.09136915    
   1.8542480468750000       -1.09105325    
   1.8566894531250000       -1.09073889    
   1.8591308593750000       -1.09042585    
   1.8615722656250000       -1.09011436    
   1.8640136718750000       -1.08980441    
   1.8664550781250000       -1.08949566    
   1.8688964843750000       -1.08918846    
   1.8713378906250000       -1.08888257    
   1.8737792968750000       -1.08857810    
   1.8762207031250000       -1.08827507    
   1.8786621093750000       -1.08797348    
   1.8811035156250000       -1.08767331    
   1.8835449218750000       -1.08737457    
   1.8859863281250000       -1.08707702    
   1.8884277343750000       -1.08678102    
   1.8908691406250000       -1.08648646    
   1.8933105468750000       -1.08619308    
   1.8957519531250000       -1.08590138    
   1.8981933593750000       -1.08561087    
   1.9006347656250000       -1.08532190    
   1.9030761718750000       -1.08503413    
   1.9055175781250000       -1.08474779    
   1.9079589843750000       -1.08446288    
   1.9104003906250000       -1.08417928    
   1.9128417968750000       -1.08389699    
   1.9152832031250000       -1.08361626    
   1.9177246093750000       -1.08333671    
   1.9201660156250000       -1.08305860    
   1.9226074218750000       -1.08278179    
   1.9250488281250000       -1.08250630    
   1.9274902343750000       -1.08223224    
   1.9299316406250000       -1.08195961    
   1.9323730468750000       -1.08168828    
   1.9348144531250000       -1.08141816    
   1.9372558593750000       -1.08114946    
   1.9396972656250000       -1.08088219    
   1.9421386718750000       -1.08061624    
   1.9445800781250000       -1.08035159    
   1.9470214843750000       -1.08008814    
   1.9494628906250000       -1.07982624    
   1.9519042968750000       -1.07956553    
   1.9543457031250000       -1.07930624    
   1.9567871093750000       -1.07904816    
   1.9592285156250000       -1.07879138    
   1.9616699218750000       -1.07853615    
   1.9641113281250000       -1.07828200    
   1.9665527343750000       -1.07802916    
   1.9689941406250000       -1.07777774    
   1.9714355468750000       -1.07752764    
   1.9738769531250000       -1.07727885    
   1.9763183593750000       -1.07703125    
   1.9787597656250000       -1.07678509    
   1.9812011718750000       -1.07654011    
   1.9836425781250000       -1.07629645    
   1.9860839843750000       -1.07605410    
   1.9885253906250000       -1.07581306    
   1.9909667968750000       -1.07557333    
   1.9934082031250000       -1.07533479    
   1.9958496093750000       -1.07509768    
   1.9982910156250000       -1.07486188    
   2.0007324218750000       -1.07462728    
   2.0031738281250000       -1.07439387    
   2.0056152343750000       -1.07416177    
   2.0080566406250000       -1.07393098    
   2.0104980468750000       -1.07370162    
   2.0129394531250000       -1.07347322    
   2.0153808593750000       -1.07324624    
   2.0178222656250000       -1.07302070    
   2.0202636718750000       -1.07279623    
   2.0227050781250000       -1.07257307    
   2.0251464843750000       -1.07235110    
   2.0275878906250000       -1.07213044    
   2.0300292968750000       -1.07191110    
   2.0324707031250000       -1.07169306    
   2.0349121093750000       -1.07147610    
   2.0373535156250000       -1.07126045    
   2.0397949218750000       -1.07104611    
   2.0422363281250000       -1.07083297    
   2.0446777343750000       -1.07062113    
   2.0471191406250000       -1.07041049    
   2.0495605468750000       -1.07020104    
   2.0520019531250000       -1.06999290    
   2.0544433593750000       -1.06978607    
   2.0568847656250000       -1.06958032    
   2.0593261718750000       -1.06937587    
   2.0617675781250000       -1.06917262    
   2.0642089843750000       -1.06897080    
   2.0666503906250000       -1.06876993    
   2.0690917968750000       -1.06857038    
   2.0715332031250000       -1.06837213    
   2.0739746093750000       -1.06817496    
   2.0764160156250000       -1.06797922    
   2.0788574218750000       -1.06778455    
   2.0812988281250000       -1.06759119    
   2.0837402343750000       -1.06739891    
   2.0861816406250000       -1.06720805    
   2.0886230468750000       -1.06701815    
   2.0910644531250000       -1.06682968    
   2.0935058593750000       -1.06664240    
   2.0959472656250000       -1.06645620    
   2.0983886718750000       -1.06627119    
   2.1008300781250000       -1.06608760    
   2.1032714843750000       -1.06590509    
   2.1057128906250000       -1.06572366    
   2.1081542968750000       -1.06554353    
   2.1105957031250000       -1.06536472    
   2.1130371093750000       -1.06518710    
   2.1154785156250000       -1.06501043    
   2.1179199218750000       -1.06483507    
   2.1203613281250000       -1.06466103    
   2.1228027343750000       -1.06448817    
   2.1252441406250000       -1.06431627    
   2.1276855468750000       -1.06414580    
   2.1301269531250000       -1.06397641    
   2.1325683593750000       -1.06380820    
   2.1350097656250000       -1.06364119    
   2.1374511718750000       -1.06347537    
   2.1398925781250000       -1.06331086    
   2.1423339843750000       -1.06314731    
   2.1447753906250000       -1.06298494    
   2.1472167968750000       -1.06282389    
   2.1496582031250000       -1.06266403    
   2.1520996093750000       -1.06250536    
   2.1545410156250000       -1.06234765    
   2.1569824218750000       -1.06219125    
   2.1594238281250000       -1.06203592    
   2.1618652343750000       -1.06188202    
   2.1643066406250000       -1.06172907    
   2.1667480468750000       -1.06157732    
   2.1691894531250000       -1.06142676    
   2.1716308593750000       -1.06127727    
   2.1740722656250000       -1.06112909    
   2.1765136718750000       -1.06098211    
   2.1789550781250000       -1.06083608    
   2.1813964843750000       -1.06069136    
   2.1838378906250000       -1.06054771    
   2.1862792968750000       -1.06040525    
   2.1887207031250000       -1.06026399    
   2.1911621093750000       -1.06012392    
   2.1936035156250000       -1.05998492    
   2.1960449218750000       -1.05984700    
   2.1984863281250000       -1.05971026    
   2.2009277343750000       -1.05957472    
   2.2033691406250000       -1.05944037    
   2.2058105468750000       -1.05930722    
   2.2082519531250000       -1.05917501    
   2.2106933593750000       -1.05904412    
   2.2131347656250000       -1.05891418    
   2.2155761718750000       -1.05878568    
   2.2180175781250000       -1.05865812    
   2.2204589843750000       -1.05853164    
   2.2229003906250000       -1.05840647    
   2.2253417968750000       -1.05828226    
   2.2277832031250000       -1.05815947    
   2.2302246093750000       -1.05803752    
   2.2326660156250000       -1.05791676    
   2.2351074218750000       -1.05779731    
   2.2375488281250000       -1.05767882    
   2.2399902343750000       -1.05756152    
   2.2424316406250000       -1.05744541    
   2.2448730468750000       -1.05733025    
   2.2473144531250000       -1.05721629    
   2.2497558593750000       -1.05710363    
   2.2521972656250000       -1.05699193    
   2.2546386718750000       -1.05688143    
   2.2570800781250000       -1.05677199    
   2.2595214843750000       -1.05666363    
   2.2619628906250000       -1.05655658    
   2.2644042968750000       -1.05645049    
   2.2668457031250000       -1.05634558    
   2.2692871093750000       -1.05624175    
   2.2717285156250000       -1.05613911    
   2.2741699218750000       -1.05603755    
   2.2766113281250000       -1.05593717    
   2.2790527343750000       -1.05583775    
   2.2814941406250000       -1.05573952    
   2.2839355468750000       -1.05564249    
   2.2863769531250000       -1.05554652    
   2.2888183593750000       -1.05545151    
   2.2912597656250000       -1.05535781    
   2.2937011718750000       -1.05526519    
   2.2961425781250000       -1.05517375    
   2.2985839843750000       -1.05508327    
   2.3010253906250000       -1.05499387    
   2.3034667968750000       -1.05490565    
   2.3059082031250000       -1.05481851    
   2.3083496093750000       -1.05473268    
   2.3107910156250000       -1.05464780    
   2.3132324218750000       -1.05456388    
   2.3156738281250000       -1.05448127    
   2.3181152343750000       -1.05439973    
   2.3205566406250000       -1.05431938    
   2.3229980468750000       -1.05423987    
   2.3254394531250000       -1.05416179    
   2.3278808593750000       -1.05408454    
   2.3303222656250000       -1.05400848    
   2.3327636718750000       -1.05393362    
   2.3352050781250000       -1.05385971    
   2.3376464843750000       -1.05378699    
   2.3400878906250000       -1.05371535    
   2.3425292968750000       -1.05364466    
   2.3449707031250000       -1.05357528    
   2.3474121093750000       -1.05350697    
   2.3498535156250000       -1.05343962    
   2.3522949218750000       -1.05337346    
   2.3547363281250000       -1.05330849    
   2.3571777343750000       -1.05324447    
   2.3596191406250000       -1.05318165    
   2.3620605468750000       -1.05311978    
   2.3645019531250000       -1.05305910    
   2.3669433593750000       -1.05299950    
   2.3693847656250000       -1.05294096    
   2.3718261718750000       -1.05288363    
   2.3742675781250000       -1.05282724    
   2.3767089843750000       -1.05277205    
   2.3791503906250000       -1.05271792    
   2.3815917968750000       -1.05266488    
   2.3840332031250000       -1.05261290    
   2.3864746093750000       -1.05256200    
   2.3889160156250000       -1.05251217    
   2.3913574218750000       -1.05246353    
   2.3937988281250000       -1.05241585    
   2.3962402343750000       -1.05236948    
   2.3986816406250000       -1.05232406    
   2.4011230468750000       -1.05227971    
   2.4035644531250000       -1.05223632    
   2.4060058593750000       -1.05219424    
   2.4084472656250000       -1.05215311    
   2.4108886718750000       -1.05211306    
   2.4133300781250000       -1.05207431    
   2.4157714843750000       -1.05203640    
   2.4182128906250000       -1.05199969    
   2.4206542968750000       -1.05196404    
   2.4230957031250000       -1.05192935    
   2.4255371093750000       -1.05189586    
   2.4279785156250000       -1.05186343    
   2.4304199218750000       -1.05183220    
   2.4328613281250000       -1.05180192    
   2.4353027343750000       -1.05177271    
   2.4377441406250000       -1.05174470    
   2.4401855468750000       -1.05171776    
   2.4426269531250000       -1.05169177    
   2.4450683593750000       -1.05166698    
   2.4475097656250000       -1.05164313    
   2.4499511718750000       -1.05162048    
   2.4523925781250000       -1.05159891    
   2.4548339843750000       -1.05157840    
   2.4572753906250000       -1.05155897    
   2.4597167968750000       -1.05154049    
   2.4621582031250000       -1.05152333    
   2.4645996093750000       -1.05150712    
   2.4670410156250000       -1.05149198    
   2.4694824218750000       -1.05147791    
   2.4719238281250000       -1.05146503    
   2.4743652343750000       -1.05145323    
   2.4768066406250000       -1.05144238    
   2.4792480468750000       -1.05143261    
   2.4816894531250000       -1.05142403    
   2.4841308593750000       -1.05141652    
   2.4865722656250000       -1.05141008    
   2.4890136718750000       -1.05140460    
   2.4914550781250000       -1.05140030    
   2.4938964843750000       -1.05139697    
   2.4963378906250000       -1.05139494    
   2.4987792968750000       -1.05139375    
   2.5012207031250000       -1.05139375    
   2.5036621093750000       -1.05139494    
   2.5061035156250000       -1.05139697    
   2.5085449218750000       -1.05140030    
   2.5109863281250000       -1.05140460    
   2.5134277343750000       -1.05141008    
   2.5158691406250000       -1.05141652    
   2.5183105468750000       -1.05142403    
   2.5207519531250000       -1.05143261    
   2.5231933593750000       -1.05144238    
   2.5256347656250000       -1.05145323    
   2.5280761718750000       -1.05146503    
   2.5305175781250000       -1.05147791    
   2.5329589843750000       -1.05149198    
   2.5354003906250000       -1.05150712    
   2.5378417968750000       -1.05152333    
   2.5402832031250000       -1.05154049    
   2.5427246093750000       -1.05155897    
   2.5451660156250000       -1.05157840    
   2.5476074218750000       -1.05159891    
   2.5500488281250000       -1.05162048    
   2.5524902343750000       -1.05164313    
   2.5549316406250000       -1.05166698    
   2.5573730468750000       -1.05169177    
   2.5598144531250000       -1.05171776    
   2.5622558593750000       -1.05174470    
   2.5646972656250000       -1.05177271    
   2.5671386718750000       -1.05180192    
   2.5695800781250000       -1.05183220    
   2.5720214843750000       -1.05186343    
   2.5744628906250000       -1.05189586    
   2.5769042968750000       -1.05192935    
   2.5793457031250000       -1.05196404    
   2.5817871093750000       -1.05199969    
   2.5842285156250000       -1.05203640    
   2.5866699218750000       -1.05207431    
   2.5891113281250000       -1.05211306    
   2.5915527343750000       -1.05215311    
   2.5939941406250000       -1.05219424    
   2.5964355468750000       -1.05223632    
   2.5988769531250000       -1.05227971    
   2.6013183593750000       -1.05232406    
   2.6037597656250000       -1.05236948    
   2.6062011718750000       -1.05241585    
   2.6086425781250000       -1.05246353    
   2.6110839843750000       -1.05251217    
   2.6135253906250000       -1.05256200    
   2.6159667968750000       -1.05261290    
   2.6184082031250000       -1.05266488    
   2.6208496093750000       -1.05271792    
   2.6232910156250000       -1.05277205    
   2.6257324218750000       -1.05282724    
   2.6281738281250000       -1.05288363    
   2.6306152343750000       -1.05294096    
   2.6330566406250000       -1.05299950    
   2.6354980468750000       -1.05305910    
   2.6379394531250000       -1.05311978    
   2.6403808593750000       -1.05318165    
   2.6428222656250000       -1.05324447    
   2.6452636718750000       -1.05330849    
   2.6477050781250000       -1.05337346    
   2.6501464843750000       -1.05343962    
   2.6525878906250000       -1.05350697    
   2.6550292968750000       -1.05357528    
   2.6574707031250000       -1.05364466    
   2.6599121093750000       -1.05371535    
   2.6623535156250000       -1.05378699    
   2.6647949218750000       -1.05385971    
   2.6672363281250000       -1.05393362    
   2.6696777343750000       -1.05400848    
   2.6721191406250000       -1.05408454    
   2.6745605468750000       -1.05416179    
   2.6770019531250000       -1.05423987    
   2.6794433593750000       -1.05431938    
   2.6818847656250000       -1.05439973    
   2.6843261718750000       -1.05448127    
   2.6867675781250000       -1.05456388    
   2.6892089843750000       -1.05464780    
   2.6916503906250000       -1.05473268    
   2.6940917968750000       -1.05481851    
   2.6965332031250000       -1.05490565    
   2.6989746093750000       -1.05499387    
   2.7014160156250000       -1.05508327    
   2.7038574218750000       -1.05517375    
   2.7062988281250000       -1.05526519    
   2.7087402343750000       -1.05535781    
   2.7111816406250000       -1.05545151    
   2.7136230468750000       -1.05554652    
   2.7160644531250000       -1.05564249    
   2.7185058593750000       -1.05573952    
   2.7209472656250000       -1.05583775    
   2.7233886718750000       -1.05593717    
   2.7258300781250000       -1.05603755    
   2.7282714843750000       -1.05613911    
   2.7307128906250000       -1.05624175    
   2.7331542968750000       -1.05634558    
   2.7355957031250000       -1.05645049    
   2.7380371093750000       -1.05655658    
   2.7404785156250000       -1.05666363    
   2.7429199218750000       -1.05677199    
   2.7453613281250000       -1.05688143    
   2.7478027343750000       -1.05699193    
   2.7502441406250000       -1.05710363    
   2.7526855468750000       -1.05721629    
   2.7551269531250000       -1.05733025    
   2.7575683593750000       -1.05744541    
   2.7600097656250000       -1.05756152    
   2.7624511718750000       -1.05767882    
   2.7648925781250000       -1.05779731    
   2.7673339843750000       -1.05791676    
   2.7697753906250000       -1.05803752    
   2.7722167968750000       -1.05815947    
   2.7746582031250000       -1.05828226    
   2.7770996093750000       -1.05840647    
   2.7795410156250000       -1.05853164    
   2.7819824218750000       -1.05865812    
   2.7844238281250000       -1.05878568    
   2.7868652343750000       -1.05891418    
   2.7893066406250000       -1.05904412    
   2.7917480468750000       -1.05917501    
   2.7941894531250000       -1.05930722    
   2.7966308593750000       -1.05944037    
   2.7990722656250000       -1.05957472    
   2.8015136718750000       -1.05971026    
   2.8039550781250000       -1.05984700    
   2.8063964843750000       -1.05998492    
   2.8088378906250000       -1.06012392    
   2.8112792968750000       -1.06026399    
   2.8137207031250000       -1.06040525    
   2.8161621093750000       -1.06054771    
   2.8186035156250000       -1.06069136    
   2.8210449218750000       -1.06083608    
   2.8234863281250000       -1.06098211    
   2.8259277343750000       -1.06112909    
   2.8283691406250000       -1.06127727    
   2.8308105468750000       -1.06142676    
   2.8332519531250000       -1.06157732    
   2.8356933593750000       -1.06172907    
   2.8381347656250000       -1.06188202    
   2.8405761718750000       -1.06203592    
   2.8430175781250000       -1.06219125    
   2.8454589843750000       -1.06234765    
   2.8479003906250000       -1.06250536    
   2.8503417968750000       -1.06266403    
   2.8527832031250000       -1.06282389    
   2.8552246093750000       -1.06298494    
   2.8576660156250000       -1.06314731    
   2.8601074218750000       -1.06331086    
   2.8625488281250000       -1.06347537    
   2.8649902343750000       -1.06364119    
   2.8674316406250000       -1.06380820    
   2.8698730468750000       -1.06397641    
   2.8723144531250000       -1.06414580    
   2.8747558593750000       -1.06431627    
   2.8771972656250000       -1.06448817    
   2.8796386718750000       -1.06466103    
   2.8820800781250000       -1.06483507    
   2.8845214843750000       -1.06501043    
   2.8869628906250000       -1.06518710    
   2.8894042968750000       -1.06536472    
   2.8918457031250000       -1.06554353    
   2.8942871093750000       -1.06572366    
   2.8967285156250000       -1.06590509    
   2.8991699218750000       -1.06608760    
   2.9016113281250000       -1.06627119    
   2.9040527343750000       -1.06645620    
   2.9064941406250000       -1.06664240    
   2.9089355468750000       -1.06682968    
   2.9113769531250000       -1.06701815    
   2.9138183593750000       -1.06720805    
   2.9162597656250000       -1.06739891    
   2.9187011718750000       -1.06759119    
   2.9211425781250000       -1.06778455    
   2.9235839843750000       -1.06797922    
   2.9260253906250000       -1.06817496    
   2.9284667968750000       -1.06837213    
   2.9309082031250000       -1.06857038    
   2.9333496093750000       -1.06876993    
   2.9357910156250000       -1.06897080    
   2.9382324218750000       -1.06917262    
   2.9406738281250000       -1.06937587    
   2.9431152343750000       -1.06958032    
   2.9455566406250000       -1.06978607    
   2.9479980468750000       -1.06999290    
   2.9504394531250000       -1.07020104    
   2.9528808593750000       -1.07041049    
   2.9553222656250000       -1.07062113    
   2.9577636718750000       -1.07083297    
   2.9602050781250000       -1.07104611    
   2.9626464843750000       -1.07126045    
   2.9650878906250000       -1.07147610    
   2.9675292968750000       -1.07169306    
   2.9699707031250000       -1.07191110    
   2.9724121093750000       -1.07213044    
   2.9748535156250000       -1.07235110    
   2.9772949218750000       -1.07257307    
   2.9797363281250000       -1.07279623    
   2.9821777343750000       -1.07302070    
   2.9846191406250000       -1.07324624    
   2.9870605468750000       -1.07347322    
   2.9895019531250000       -1.07370162    
   2.9919433593750000       -1.07393098    
   2.9943847656250000       -1.07416177    
   2.9968261718750000       -1.07439387    
   2.9992675781250000       -1.07462728    
   3.0017089843750000       -1.07486188    
   3.0041503906250000       -1.07509768    
   3.0065917968750000       -1.07533479    
   3.0090332031250000       -1.07557333    
   3.0114746093750000       -1.07581306    
   3.0139160156250000       -1.07605410    
   3.0163574218750000       -1.07629645    
   3.0187988281250000       -1.07654011    
   3.0212402343750000       -1.07678509    
   3.0236816406250000       -1.07703125    
   3.0261230468750000       -1.07727885    
   3.0285644531250000       -1.07752764    
   3.0310058593750000       -1.07777774    
   3.0334472656250000       -1.07802916    
   3.0358886718750000       -1.07828200    
   3.0383300781250000       -1.07853615    
   3.0407714843750000       -1.07879138    
   3.0432128906250000       -1.07904816    
   3.0456542968750000       -1.07930624    
   3.0480957031250000       -1.07956553    
   3.0505371093750000       -1.07982624    
   3.0529785156250000       -1.08008814    
   3.0554199218750000       -1.08035159    
   3.0578613281250000       -1.08061624    
   3.0603027343750000       -1.08088219    
   3.0627441406250000       -1.08114946    
   3.0651855468750000       -1.08141816    
   3.0676269531250000       -1.08168828    
   3.0700683593750000       -1.08195961    
   3.0725097656250000       -1.08223224    
   3.0749511718750000       -1.08250630    
   3.0773925781250000       -1.08278179    
   3.0798339843750000       -1.08305860    
   3.0822753906250000       -1.08333671    
   3.0847167968750000       -1.08361626    
   3.0871582031250000       -1.08389699    
   3.0895996093750000       -1.08417928    
   3.0920410156250000       -1.08446288    
   3.0944824218750000       -1.08474779    
   3.0969238281250000       -1.08503413    
   3.0993652343750000       -1.08532190    
   3.1018066406250000       -1.08561087    
   3.1042480468750000       -1.08590138    
   3.1066894531250000       -1.08619308    
   3.1091308593750000       -1.08648646    
   3.1115722656250000       -1.08678102    
   3.1140136718750000       -1.08707702    
   3.1164550781250000       -1.08737457    
   3.1188964843750000       -1.08767331    
   3.1213378906250000       -1.08797348    
   3.1237792968750000       -1.08827507    
   3.1262207031250000       -1.08857810    
   3.1286621093750000       -1.08888257    
   3.1311035156250000       -1.08918846    
   3.1335449218750000       -1.08949566    
   3.1359863281250000       -1.08980441    
   3.1384277343750000       -1.09011436    
   3.1408691406250000       -1.09042585    
   3.1433105468750000       -1.09073889    
   3.1457519531250000       -1.09105325    
   3.1481933593750000       -1.09136915    
   3.1506347656250000       -1.09168625    
   3.1530761718750000       -1.09200501    
   3.1555175781250000       -1.09232509    
   3.1579589843750000       -1.09264672    
   3.1604003906250000       -1.09296978    
   3.1628417968750000       -1.09329426    
   3.1652832031250000       -1.09362018    
   3.1677246093750000       -1.09394753    
   3.1701660156250000       -1.09427643    
   3.1726074218750000       -1.09460664    
   3.1750488281250000       -1.09493840    
   3.1774902343750000       -1.09527171    
   3.1799316406250000       -1.09560657    
   3.1823730468750000       -1.09594262    
   3.1848144531250000       -1.09628034    
   3.1872558593750000       -1.09661949    
   3.1896972656250000       -1.09696019    
   3.1921386718750000       -1.09730220    
   3.1945800781250000       -1.09764588    
   3.1970214843750000       -1.09799111    
   3.1994628906250000       -1.09833765    
   3.2019042968750000       -1.09868586    
   3.2043457031250000       -1.09903550    
   3.2067871093750000       -1.09938669    
   3.2092285156250000       -1.09973931    
   3.2116699218750000       -1.10009360    
   3.2141113281250000       -1.10044920    
   3.2165527343750000       -1.10080647    
   3.2189941406250000       -1.10116518    
   3.2214355468750000       -1.10152555    
   3.2238769531250000       -1.10188746    
   3.2263183593750000       -1.10225070    
   3.2287597656250000       -1.10261559    
   3.2312011718750000       -1.10298204    
   3.2336425781250000       -1.10335016    
   3.2360839843750000       -1.10371959    
   3.2385253906250000       -1.10409081    
   3.2409667968750000       -1.10446346    
   3.2434082031250000       -1.10483766    
   3.2458496093750000       -1.10521364    
   3.2482910156250000       -1.10559094    
   3.2507324218750000       -1.10596991    
   3.2531738281250000       -1.10635054    
   3.2556152343750000       -1.10673261    
   3.2580566406250000       -1.10711634    
   3.2604980468750000       -1.10750163    
   3.2629394531250000       -1.10788858    
   3.2653808593750000       -1.10827696    
   3.2678222656250000       -1.10866714    
   3.2702636718750000       -1.10905886    
   3.2727050781250000       -1.10945213    
   3.2751464843750000       -1.10984707    
   3.2775878906250000       -1.11024368    
   3.2800292968750000       -1.11064184    
   3.2824707031250000       -1.11104178    
   3.2849121093750000       -1.11144316    
   3.2873535156250000       -1.11184621    
   3.2897949218750000       -1.11225092    
   3.2922363281250000       -1.11265731    
   3.2946777343750000       -1.11306536    
   3.2971191406250000       -1.11347497    
   3.2995605468750000       -1.11388636    
   3.3020019531250000       -1.11429942    
   3.3044433593750000       -1.11471403    
   3.3068847656250000       -1.11513031    
   3.3093261718750000       -1.11554837    
   3.3117675781250000       -1.11596799    
   3.3142089843750000       -1.11638939    
   3.3166503906250000       -1.11681247    
   3.3190917968750000       -1.11723709    
   3.3215332031250000       -1.11766362    
   3.3239746093750000       -1.11809170    
   3.3264160156250000       -1.11852157    
   3.3288574218750000       -1.11895311    
   3.3312988281250000       -1.11938643    
   3.3337402343750000       -1.11982131    
   3.3361816406250000       -1.12025809    
   3.3386230468750000       -1.12069643    
   3.3410644531250000       -1.12113667    
   3.3435058593750000       -1.12157869    
   3.3459472656250000       -1.12202227    
   3.3483886718750000       -1.12246776    
   3.3508300781250000       -1.12291479    
   3.3532714843750000       -1.12336373    
   3.3557128906250000       -1.12381434    
   3.3581542968750000       -1.12426686    
   3.3605957031250000       -1.12472105    
   3.3630371093750000       -1.12517703    
   3.3654785156250000       -1.12563479    
   3.3679199218750000       -1.12609434    
   3.3703613281250000       -1.12655568    
   3.3728027343750000       -1.12701881    
   3.3752441406250000       -1.12748384    
   3.3776855468750000       -1.12795043    
   3.3801269531250000       -1.12841904    
   3.3825683593750000       -1.12888944    
   3.3850097656250000       -1.12936163    
   3.3874511718750000       -1.12983561    
   3.3898925781250000       -1.13031149    
   3.3923339843750000       -1.13078928    
   3.3947753906250000       -1.13126862    
   3.3972167968750000       -1.13174999    
   3.3996582031250000       -1.13223338    
   3.4020996093750000       -1.13271844    
   3.4045410156250000       -1.13320529    
   3.4069824218750000       -1.13369417    
   3.4094238281250000       -1.13418496    
   3.4118652343750000       -1.13467753    
   3.4143066406250000       -1.13517189    
   3.4167480468750000       -1.13566840    
   3.4191894531250000       -1.13616645    
   3.4216308593750000       -1.13666666    
   3.4240722656250000       -1.13716877    
   3.4265136718750000       -1.13767266    
   3.4289550781250000       -1.13817859    
   3.4313964843750000       -1.13868654    
   3.4338378906250000       -1.13919616    
   3.4362792968750000       -1.13970780    
   3.4387207031250000       -1.14022148    
   3.4411621093750000       -1.14073706    
   3.4436035156250000       -1.14125454    
   3.4460449218750000       -1.14177406    
   3.4484863281250000       -1.14229548    
   3.4509277343750000       -1.14281893    
   3.4533691406250000       -1.14334428    
   3.4558105468750000       -1.14387167    
   3.4582519531250000       -1.14440095    
   3.4606933593750000       -1.14493239    
   3.4631347656250000       -1.14546573    
   3.4655761718750000       -1.14600110    
   3.4680175781250000       -1.14653850    
   3.4704589843750000       -1.14707792    
   3.4729003906250000       -1.14761925    
   3.4753417968750000       -1.14816272    
   3.4777832031250000       -1.14870834    
   3.4802246093750000       -1.14925587    
   3.4826660156250000       -1.14980543    
   3.4851074218750000       -1.15035713    
   3.4875488281250000       -1.15091085    
   3.4899902343750000       -1.15146661    
   3.4924316406250000       -1.15202451    
   3.4948730468750000       -1.15258443    
   3.4973144531250000       -1.15314651    
   3.4997558593750000       -1.15371060    
   3.5021972656250000       -1.15427685    
   3.5046386718750000       -1.15484524    
   3.5070800781250000       -1.15541577    
   3.5095214843750000       -1.15598834    
   3.5119628906250000       -1.15656292    
   3.5144042968750000       -1.15713978    
   3.5168457031250000       -1.15771878    
   3.5192871093750000       -1.15829992    
   3.5217285156250000       -1.15888333    
   3.5241699218750000       -1.15946889    
   3.5266113281250000       -1.16005659    
   3.5290527343750000       -1.16064632    
   3.5314941406250000       -1.16123831    
   3.5339355468750000       -1.16183257    
   3.5363769531250000       -1.16242898    
   3.5388183593750000       -1.16302752    
   3.5412597656250000       -1.16362846    
   3.5437011718750000       -1.16423142    
   3.5461425781250000       -1.16483676    
   3.5485839843750000       -1.16544425    
   3.5510253906250000       -1.16605401    
   3.5534667968750000       -1.16666603    
   3.5559082031250000       -1.16728032    
   3.5583496093750000       -1.16789687    
   3.5607910156250000       -1.16851568    
   3.5632324218750000       -1.16913688    
   3.5656738281250000       -1.16976035    
   3.5681152343750000       -1.17038608    
   3.5705566406250000       -1.17101395    
   3.5729980468750000       -1.17164433    
   3.5754394531250000       -1.17227697    
   3.5778808593750000       -1.17291188    
   3.5803222656250000       -1.17354929    
   3.5827636718750000       -1.17418897    
   3.5852050781250000       -1.17483079    
   3.5876464843750000       -1.17547524    
   3.5900878906250000       -1.17612195    
   3.5925292968750000       -1.17677104    
   3.5949707031250000       -1.17742252    
   3.5974121093750000       -1.17807651    
   3.5998535156250000       -1.17873275    
   3.6022949218750000       -1.17939150    
   3.6047363281250000       -1.18005264    
   3.6071777343750000       -1.18071604    
   3.6096191406250000       -1.18138206    
   3.6120605468750000       -1.18205070    
   3.6145019531250000       -1.18272138    
   3.6169433593750000       -1.18339479    
   3.6193847656250000       -1.18407059    
   3.6218261718750000       -1.18474901    
   3.6242675781250000       -1.18542981    
   3.6267089843750000       -1.18611312    
   3.6291503906250000       -1.18679881    
   3.6315917968750000       -1.18748713    
   3.6340332031250000       -1.18817794    
   3.6364746093750000       -1.18887126    
   3.6389160156250000       -1.18956721    
   3.6413574218750000       -1.19026566    
   3.6437988281250000       -1.19096673    
   3.6462402343750000       -1.19167030    
   3.6486816406250000       -1.19237649    
   3.6511230468750000       -1.19308519    
   3.6535644531250000       -1.19379652    
   3.6560058593750000       -1.19451046    
   3.6584472656250000       -1.19522703    
   3.6608886718750000       -1.19594622    
   3.6633300781250000       -1.19666815    
   3.6657714843750000       -1.19739258    
   3.6682128906250000       -1.19811964    
   3.6706542968750000       -1.19884956    
   3.6730957031250000       -1.19958198    
   3.6755371093750000       -1.20031703    
   3.6779785156250000       -1.20105493    
   3.6804199218750000       -1.20179546    
   3.6828613281250000       -1.20253873    
   3.6853027343750000       -1.20328474    
   3.6877441406250000       -1.20403349    
   3.6901855468750000       -1.20478499    
   3.6926269531250000       -1.20553911    
   3.6950683593750000       -1.20629621    
   3.6975097656250000       -1.20705605    
   3.6999511718750000       -1.20781863    
   3.7023925781250000       -1.20858395    
   3.7048339843750000       -1.20935202    
   3.7072753906250000       -1.21012294    
   3.7097167968750000       -1.21089685    
   3.7121582031250000       -1.21167350    
   3.7145996093750000       -1.21245289    
   3.7170410156250000       -1.21323526    
   3.7194824218750000       -1.21402061    
   3.7219238281250000       -1.21480870    
   3.7243652343750000       -1.21559966    
   3.7268066406250000       -1.21639359    
   3.7292480468750000       -1.21719038    
   3.7316894531250000       -1.21799016    
   3.7341308593750000       -1.21879292    
   3.7365722656250000       -1.21959853    
   3.7390136718750000       -1.22040713    
   3.7414550781250000       -1.22121871    
   3.7438964843750000       -1.22203326    
   3.7463378906250000       -1.22285080    
   3.7487792968750000       -1.22367144    
   3.7512207031250000       -1.22449505    
   3.7536621093750000       -1.22532165    
   3.7561035156250000       -1.22615135    
   3.7585449218750000       -1.22698402    
   3.7609863281250000       -1.22781992    
   3.7634277343750000       -1.22865868    
   3.7658691406250000       -1.22950077    
   3.7683105468750000       -1.23034585    
   3.7707519531250000       -1.23119402    
   3.7731933593750000       -1.23204529    
   3.7756347656250000       -1.23289979    
   3.7780761718750000       -1.23375750    
   3.7805175781250000       -1.23461819    
   3.7829589843750000       -1.23548222    
   3.7854003906250000       -1.23634934    
   3.7878417968750000       -1.23721969    
   3.7902832031250000       -1.23809338    
   3.7927246093750000       -1.23897016    
   3.7951660156250000       -1.23985028    
   3.7976074218750000       -1.24073350    
   3.8000488281250000       -1.24162006    
   3.8024902343750000       -1.24250996    
   3.8049316406250000       -1.24340320    
   3.8073730468750000       -1.24429965    
   3.8098144531250000       -1.24519956    
   3.8122558593750000       -1.24610269    
   3.8146972656250000       -1.24700916    
   3.8171386718750000       -1.24791908    
   3.8195800781250000       -1.24883235    
   3.8220214843750000       -1.24974895    
   3.8244628906250000       -1.25066900    
   3.8269042968750000       -1.25159252    
   3.8293457031250000       -1.25251949    
   3.8317871093750000       -1.25344980    
   3.8342285156250000       -1.25438368    
   3.8366699218750000       -1.25532103    
   3.8391113281250000       -1.25626183    
   3.8415527343750000       -1.25720620    
   3.8439941406250000       -1.25815403    
   3.8464355468750000       -1.25910544    
   3.8488769531250000       -1.26006043    
   3.8513183593750000       -1.26101887    
   3.8537597656250000       -1.26198101    
   3.8562011718750000       -1.26294672    
   3.8586425781250000       -1.26391613    
   3.8610839843750000       -1.26488900    
   3.8635253906250000       -1.26586556    
   3.8659667968750000       -1.26684594    
   3.8684082031250000       -1.26782978    
   3.8708496093750000       -1.26881742    
   3.8732910156250000       -1.26980877    
   3.8757324218750000       -1.27080381    
   3.8781738281250000       -1.27180266    
   3.8806152343750000       -1.27280521    
   3.8830566406250000       -1.27381158    
   3.8854980468750000       -1.27482176    
   3.8879394531250000       -1.27583563    
   3.8903808593750000       -1.27685344    
   3.8928222656250000       -1.27787507    
   3.8952636718750000       -1.27890050    
   3.8977050781250000       -1.27992976    
   3.9001464843750000       -1.28096306    
   3.9025878906250000       -1.28200018    
   3.9050292968750000       -1.28304124    
   3.9074707031250000       -1.28408623    
   3.9099121093750000       -1.28513527    
   3.9123535156250000       -1.28618824    
   3.9147949218750000       -1.28724515    
   3.9172363281250000       -1.28830612    
   3.9196777343750000       -1.28937101    
   3.9221191406250000       -1.29044008    
   3.9245605468750000       -1.29151320    
   3.9270019531250000       -1.29259038    
   3.9294433593750000       -1.29367161    
   3.9318847656250000       -1.29475701    
   3.9343261718750000       -1.29584670    
   3.9367675781250000       -1.29694033    
   3.9392089843750000       -1.29803824    
   3.9416503906250000       -1.29914021    
   3.9440917968750000       -1.30024660    
   3.9465332031250000       -1.30135715    
   3.9489746093750000       -1.30247200    
   3.9514160156250000       -1.30359101    
   3.9538574218750000       -1.30471432    
   3.9562988281250000       -1.30584204    
   3.9587402343750000       -1.30697405    
   3.9611816406250000       -1.30811036    
   3.9636230468750000       -1.30925107    
   3.9660644531250000       -1.31039619    
   3.9685058593750000       -1.31154573    
   3.9709472656250000       -1.31269968    
   3.9733886718750000       -1.31385815    
   3.9758300781250000       -1.31502104    
   3.9782714843750000       -1.31618845    
   3.9807128906250000       -1.31736028    
   3.9831542968750000       -1.31853676    
   3.9855957031250000       -1.31971776    
   3.9880371093750000       -1.32090342    
   3.9904785156250000       -1.32209349    
   3.9929199218750000       -1.32328844    
   3.9953613281250000       -1.32448781    
   3.9978027343750000       -1.32569194    
   4.0002441406250000       -1.32690072    
   4.0026855468750000       -1.32811427    
   4.0051269531250000       -1.32933247    
   4.0075683593750000       -1.33055544    
   4.0100097656250000       -1.33178329    
   4.0124511718750000       -1.33301592    
   4.0148925781250000       -1.33425331    
   4.0173339843750000       -1.33549559    
   4.0197753906250000       -1.33674264    
   4.0222167968750000       -1.33799469    
   4.0246582031250000       -1.33925164    
   4.0270996093750000       -1.34051359    
   4.0295410156250000       -1.34178030    
   4.0319824218750000       -1.34305215    
   4.0344238281250000       -1.34432900    
   4.0368652343750000       -1.34561086    
   4.0393066406250000       -1.34689784    
   4.0417480468750000       -1.34818983    
   4.0441894531250000       -1.34948695    
   4.0466308593750000       -1.35078931    
   4.0490722656250000       -1.35209668    
   4.0515136718750000       -1.35340929    
   4.0539550781250000       -1.35472703    
   4.0563964843750000       -1.35605013    
   4.0588378906250000       -1.35737848    
   4.0612792968750000       -1.35871208    
   4.0637207031250000       -1.36005092    
   4.0661621093750000       -1.36139524    
   4.0686035156250000       -1.36274481    
   4.0710449218750000       -1.36409986    
   4.0734863281250000       -1.36546028    
   4.0759277343750000       -1.36682630    
   4.0783691406250000       -1.36819756    
   4.0808105468750000       -1.36957443    
   4.0832519531250000       -1.37095690    
   4.0856933593750000       -1.37234473    
   4.0881347656250000       -1.37373829    
   4.0905761718750000       -1.37513745    
   4.0930175781250000       -1.37654221    
   4.0954589843750000       -1.37795269    
   4.0979003906250000       -1.37936878    
   4.1003417968750000       -1.38079071    
   4.1027832031250000       -1.38221836    
   4.1052246093750000       -1.38365173    
   4.1076660156250000       -1.38509095    
   4.1101074218750000       -1.38653600    
   4.1125488281250000       -1.38798702    
   4.1149902343750000       -1.38944387    
   4.1174316406250000       -1.39090669    
   4.1198730468750000       -1.39237535    
   4.1223144531250000       -1.39385009    
   4.1247558593750000       -1.39533091    
   4.1271972656250000       -1.39681780    
   4.1296386718750000       -1.39831066    
   4.1320800781250000       -1.39980972    
   4.1345214843750000       -1.40131485    
   4.1369628906250000       -1.40282631    
   4.1394042968750000       -1.40434384    
   4.1418457031250000       -1.40586770    
   4.1442871093750000       -1.40739787    
   4.1467285156250000       -1.40893424    
   4.1491699218750000       -1.41047692    
   4.1516113281250000       -1.41202617    
   4.1540527343750000       -1.41358173    
   4.1564941406250000       -1.41514373    
   4.1589355468750000       -1.41671216    
   4.1613769531250000       -1.41828716    
   4.1638183593750000       -1.41986883    
   4.1662597656250000       -1.42145693    
   4.1687011718750000       -1.42305160    
   4.1711425781250000       -1.42465305    
   4.1735839843750000       -1.42626119    
   4.1760253906250000       -1.42787600    
   4.1784667968750000       -1.42949760    
   4.1809082031250000       -1.43112600    
   4.1833496093750000       -1.43276119    
   4.1857910156250000       -1.43440330    
   4.1882324218750000       -1.43605220    
   4.1906738281250000       -1.43770814    
   4.1931152343750000       -1.43937111    
   4.1955566406250000       -1.44104099    
   4.1979980468750000       -1.44271803    
   4.2004394531250000       -1.44440210    
   4.2028808593750000       -1.44609332    
   4.2053222656250000       -1.44779170    
   4.2077636718750000       -1.44949734    
   4.2102050781250000       -1.45121014    
   4.2126464843750000       -1.45293021    
   4.2150878906250000       -1.45465779    
   4.2175292968750000       -1.45639265    
   4.2199707031250000       -1.45813489    
   4.2224121093750000       -1.45988464    
   4.2248535156250000       -1.46164179    
   4.2272949218750000       -1.46340644    
   4.2297363281250000       -1.46517885    
   4.2321777343750000       -1.46695876    
   4.2346191406250000       -1.46874630    
   4.2370605468750000       -1.47054160    
   4.2395019531250000       -1.47234464    
   4.2419433593750000       -1.47415543    
   4.2443847656250000       -1.47597408    
   4.2468261718750000       -1.47780061    
   4.2492675781250000       -1.47963512    
   4.2517089843750000       -1.48147750    
   4.2541503906250000       -1.48332787    
   4.2565917968750000       -1.48518646    
   4.2590332031250000       -1.48705304    
   4.2614746093750000       -1.48892772    
   4.2639160156250000       -1.49081063    
   4.2663574218750000       -1.49270177    
   4.2687988281250000       -1.49460125    
   4.2712402343750000       -1.49650896    
   4.2736816406250000       -1.49842513    
   4.2761230468750000       -1.50034964    
   4.2785644531250000       -1.50228274    
   4.2810058593750000       -1.50422430    
   4.2834472656250000       -1.50617445    
   4.2858886718750000       -1.50813317    
   4.2883300781250000       -1.51010060    
   4.2907714843750000       -1.51207674    
   4.2932128906250000       -1.51406181    
   4.2956542968750000       -1.51605546    
   4.2980957031250000       -1.51805818    
   4.3005371093750000       -1.52006960    
   4.3029785156250000       -1.52209020    
   4.3054199218750000       -1.52411973    
   4.3078613281250000       -1.52615833    
   4.3103027343750000       -1.52820611    
   4.3127441406250000       -1.53026307    
   4.3151855468750000       -1.53232932    
   4.3176269531250000       -1.53440475    
   4.3200683593750000       -1.53648961    
   4.3225097656250000       -1.53858387    
   4.3249511718750000       -1.54068756    
   4.3273925781250000       -1.54280078    
   4.3298339843750000       -1.54492366    
   4.3322753906250000       -1.54705608    
   4.3347167968750000       -1.54919815    
   4.3371582031250000       -1.55135000    
   4.3395996093750000       -1.55351162    
   4.3420410156250000       -1.55568326    
   4.3444824218750000       -1.55786467    
   4.3469238281250000       -1.56005609    
   4.3493652343750000       -1.56225753    
   4.3518066406250000       -1.56446910    
   4.3542480468750000       -1.56669080    
   4.3566894531250000       -1.56892264    
   4.3591308593750000       -1.57116497    
   4.3615722656250000       -1.57341754    
   4.3640136718750000       -1.57568049    
   4.3664550781250000       -1.57795393    
   4.3688964843750000       -1.58023787    
   4.3713378906250000       -1.58253241    
   4.3737792968750000       -1.58483768    
   4.3762207031250000       -1.58715367    
   4.3786621093750000       -1.58948040    
   4.3811035156250000       -1.59181809    
   4.3835449218750000       -1.59416664    
   4.3859863281250000       -1.59652627    
   4.3884277343750000       -1.59889686    
   4.3908691406250000       -1.60127854    
   4.3933105468750000       -1.60367155    
   4.3957519531250000       -1.60607564    
   4.3981933593750000       -1.60849118    
   4.4006347656250000       -1.61091816    
   4.4030761718750000       -1.61335659    
   4.4055175781250000       -1.61580658    
   4.4079589843750000       -1.61826813    
   4.4104003906250000       -1.62074149    
   4.4128417968750000       -1.62322652    
   4.4152832031250000       -1.62572348    
   4.4177246093750000       -1.62823224    
   4.4201660156250000       -1.63075304    
   4.4226074218750000       -1.63328588    
   4.4250488281250000       -1.63583100    
   4.4274902343750000       -1.63838816    
   4.4299316406250000       -1.64095771    
   4.4323730468750000       -1.64353967    
   4.4348144531250000       -1.64613402    
   4.4372558593750000       -1.64874089    
   4.4396972656250000       -1.65136039    
   4.4421386718750000       -1.65399265    
   4.4445800781250000       -1.65663755    
   4.4470214843750000       -1.65929544    
   4.4494628906250000       -1.66196620    
   4.4519042968750000       -1.66464996    
   4.4543457031250000       -1.66734695    
   4.4567871093750000       -1.67005706    
   4.4592285156250000       -1.67278028    
   4.4616699218750000       -1.67551708    
   4.4641113281250000       -1.67826724    
   4.4665527343750000       -1.68103099    
   4.4689941406250000       -1.68380833    
   4.4714355468750000       -1.68659937    
   4.4738769531250000       -1.68940425    
   4.4763183593750000       -1.69222295    
   4.4787597656250000       -1.69505572    
   4.4812011718750000       -1.69790244    
   4.4836425781250000       -1.70076346    
   4.4860839843750000       -1.70363867    
   4.4885253906250000       -1.70652831    
   4.4909667968750000       -1.70943224    
   4.4934082031250000       -1.71235085    
   4.4958496093750000       -1.71528399    
   4.4982910156250000       -1.71823204    
   4.5007324218750000       -1.72119474    
   4.5031738281250000       -1.72417259    
   4.5056152343750000       -1.72716534    
   4.5080566406250000       -1.73017323    
   4.5104980468750000       -1.73319626    
   4.5129394531250000       -1.73623478    
   4.5153808593750000       -1.73928869    
   4.5178222656250000       -1.74235809    
   4.5202636718750000       -1.74544322    
   4.5227050781250000       -1.74854410    
   4.5251464843750000       -1.75166082    
   4.5275878906250000       -1.75479352    
   4.5300292968750000       -1.75794220    
   4.5324707031250000       -1.76110721    
   4.5349121093750000       -1.76428843    
   4.5373535156250000       -1.76748610    
   4.5397949218750000       -1.77070022    
   4.5422363281250000       -1.77393103    
   4.5446777343750000       -1.77717865    
   4.5471191406250000       -1.78044307    
   4.5495605468750000       -1.78372443    
   4.5520019531250000       -1.78702295    
   4.5544433593750000       -1.79033864    
   4.5568847656250000       -1.79367173    
   4.5593261718750000       -1.79702210    
   4.5617675781250000       -1.80039012    
   4.5642089843750000       -1.80377603    
   4.5666503906250000       -1.80717957    
   4.5690917968750000       -1.81060112    
   4.5715332031250000       -1.81404066    
   4.5739746093750000       -1.81749833    
   4.5764160156250000       -1.82097447    
   4.5788574218750000       -1.82446897    
   4.5812988281250000       -1.82798219    
   4.5837402343750000       -1.83151388    
   4.5861816406250000       -1.83506453    
   4.5886230468750000       -1.83863425    
   4.5910644531250000       -1.84222305    
   4.5935058593750000       -1.84583092    
   4.5959472656250000       -1.84945834    
   4.5983886718750000       -1.85310519    
   4.6008300781250000       -1.85677183    
   4.6032714843750000       -1.86045814    
   4.6057128906250000       -1.86416435    
   4.6081542968750000       -1.86789083    
   4.6105957031250000       -1.87163734    
   4.6130371093750000       -1.87540436    
   4.6154785156250000       -1.87919176    
   4.6179199218750000       -1.88299990    
   4.6203613281250000       -1.88682878    
   4.6228027343750000       -1.89067888    
   4.6252441406250000       -1.89454985    
   4.6276855468750000       -1.89844215    
   4.6301269531250000       -1.90235591    
   4.6325683593750000       -1.90629125    
   4.6350097656250000       -1.91024828    
   4.6374511718750000       -1.91422713    
   4.6398925781250000       -1.91822827    
   4.6423339843750000       -1.92225146    
   4.6447753906250000       -1.92629707    
   4.6472167968750000       -1.93036520    
   4.6496582031250000       -1.93445611    
   4.6520996093750000       -1.93856978    
   4.6545410156250000       -1.94270658    
   4.6569824218750000       -1.94686663    
   4.6594238281250000       -1.95105004    
   4.6618652343750000       -1.95525706    
   4.6643066406250000       -1.95948768    
   4.6667480468750000       -1.96374238    
   4.6691894531250000       -1.96802115    
   4.6716308593750000       -1.97232413    
   4.6740722656250000       -1.97665167    
   4.6765136718750000       -1.98100364    
   4.6789550781250000       -1.98538065    
   4.6813964843750000       -1.98978257    
   4.6838378906250000       -1.99420977    
   4.6862792968750000       -1.99866235    
   4.6887207031250000       -2.00314045    
   4.6911621093750000       -2.00764441    
   4.6936035156250000       -2.01217437    
   4.6960449218750000       -2.01673055    
   4.6984863281250000       -2.02131295    
   4.7009277343750000       -2.02592206    
   4.7033691406250000       -2.03055787    
   4.7058105468750000       -2.03522062    
   4.7082519531250000       -2.03991055    
   4.7106933593750000       -2.04462814    
   4.7131347656250000       -2.04937315    
   4.7155761718750000       -2.05414581    
   4.7180175781250000       -2.05894685    
   4.7204589843750000       -2.06377602    
   4.7229003906250000       -2.06863356    
   4.7253417968750000       -2.07351995    
   4.7277832031250000       -2.07843518    
   4.7302246093750000       -2.08337975    
   4.7326660156250000       -2.08835340    
   4.7351074218750000       -2.09335685    
   4.7375488281250000       -2.09839010    
   4.7399902343750000       -2.10345340    
   4.7424316406250000       -2.10854697    
   4.7448730468750000       -2.11367106    
   4.7473144531250000       -2.11882615    
   4.7497558593750000       -2.12401199    
   4.7521972656250000       -2.12922931    
   4.7546386718750000       -2.13447809    
   4.7570800781250000       -2.13975883    
   4.7595214843750000       -2.14507127    
   4.7619628906250000       -2.15041614    
   4.7644042968750000       -2.15579367    
   4.7668457031250000       -2.16120386    
   4.7692871093750000       -2.16664720    
   4.7717285156250000       -2.17212391    
   4.7741699218750000       -2.17763424    
   4.7766113281250000       -2.18317842    
   4.7790527343750000       -2.18875670    
   4.7814941406250000       -2.19436932    
   4.7839355468750000       -2.20001674    
   4.7863769531250000       -2.20569921    
   4.7888183593750000       -2.21141672    
   4.7912597656250000       -2.21717000    
   4.7937011718750000       -2.22295928    
   4.7961425781250000       -2.22878432    
   4.7985839843750000       -2.23464608    
   4.8010253906250000       -2.24054456    
   4.8034667968750000       -2.24647999    
   4.8059082031250000       -2.25245285    
   4.8083496093750000       -2.25846314    
   4.8107910156250000       -2.26451159    
   4.8132324218750000       -2.27059817    
   4.8156738281250000       -2.27672362    
   4.8181152343750000       -2.28288770    
   4.8205566406250000       -2.28909111    
   4.8229980468750000       -2.29533410    
   4.8254394531250000       -2.30161715    
   4.8278808593750000       -2.30794024    
   4.8303222656250000       -2.31430387    
   4.8327636718750000       -2.32070851    
   4.8352050781250000       -2.32715440    
   4.8376464843750000       -2.33364201    
   4.8400878906250000       -2.34017134    
   4.8425292968750000       -2.34674311    
   4.8449707031250000       -2.35335755    
   4.8474121093750000       -2.36001515    
   4.8498535156250000       -2.36671591    
   4.8522949218750000       -2.37346053    
   4.8547363281250000       -2.38024926    
   4.8571777343750000       -2.38708258    
   4.8596191406250000       -2.39396071    
   4.8620605468750000       -2.40088415    
   4.8645019531250000       -2.40785336    
   4.8669433593750000       -2.41486859    
   4.8693847656250000       -2.42193031    
   4.8718261718750000       -2.42903876    
   4.8742675781250000       -2.43619442    
   4.8767089843750000       -2.44339800    
   4.8791503906250000       -2.45064950    
   4.8815917968750000       -2.45794964    
   4.8840332031250000       -2.46529865    
   4.8864746093750000       -2.47269726    
   4.8889160156250000       -2.48014545    
   4.8913574218750000       -2.48764372    
   4.8937988281250000       -2.49519300    
   4.8962402343750000       -2.50279307    
   4.8986816406250000       -2.51044488    
   4.9011230468750000       -2.51814890    
   4.9035644531250000       -2.52590513    
   4.9060058593750000       -2.53371453    
   4.9084472656250000       -2.54157710    
   4.9108886718750000       -2.54949379    
   4.9133300781250000       -2.55746484    
   4.9157714843750000       -2.56549072    
   4.9182128906250000       -2.57357192    
   4.9206542968750000       -2.58170891    
   4.9230957031250000       -2.58990240    
   4.9255371093750000       -2.59815288    
   4.9279785156250000       -2.60646057    
   4.9304199218750000       -2.61482596    
   4.9328613281250000       -2.62325001    
   4.9353027343750000       -2.63173294    
   4.9377441406250000       -2.64027548    
   4.9401855468750000       -2.64887786    
   4.9426269531250000       -2.65754080    
   4.9450683593750000       -2.66626501    
   4.9475097656250000       -2.67505074    
   4.9499511718750000       -2.68389893    
   4.9523925781250000       -2.69280982    
   4.9548339843750000       -2.70178413    
   4.9572753906250000       -2.71082234    
   4.9597167968750000       -2.71992517    
   4.9621582031250000       -2.72909331    
   4.9645996093750000       -2.73832703    
   4.9670410156250000       -2.74762726    
   4.9694824218750000       -2.75699425    
   4.9719238281250000       -2.76642919    
   4.9743652343750000       -2.77593207    
   4.9768066406250000       -2.78550410    
   4.9792480468750000       -2.79514551    
   4.9816894531250000       -2.80485725    
   4.9841308593750000       -2.81463981    
   4.9865722656250000       -2.82449389    
   4.9890136718750000       -2.83442020    
   4.9914550781250000       -2.84441900    
   4.9938964843750000       -2.85449195    
   4.9963378906250000       -2.86463857    
   4.9987792968750000       -2.87486148    
