   6.1035156250000000E-003 -0.498115748    
   1.8310546875000000E-002 -0.494397849    
   3.0517578125000000E-002 -0.490753025    
   4.2724609375000000E-002 -0.487175912    
   5.4931640625000000E-002 -0.483665645    
   6.7138671875000000E-002 -0.480219305    
   7.9345703125000000E-002 -0.476835400    
   9.1552734375000000E-002 -0.473511577    
  0.10375976562500000      -0.470246226    
  0.11596679687500000      -0.467037320    
  0.12817382812500000      -0.463883251    
  0.14038085937500000      -0.460782260    
  0.15258789062500000      -0.457732797    
  0.16479492187500000      -0.454733253    
  0.17700195312500000      -0.451782167    
  0.18920898437500000      -0.448878050    
  0.20141601562500000      -0.446019560    
  0.21362304687500000      -0.443205327    
  0.22583007812500000      -0.440434098    
  0.23803710937500000      -0.437704593    
  0.25024414062500000      -0.435015678    
  0.26245117187500000      -0.432366133    
  0.27465820312500000      -0.429754883    
  0.28686523437500000      -0.427180856    
  0.29907226562500000      -0.424643040    
  0.31127929687500000      -0.422140419    
  0.32348632812500000      -0.419672012    
  0.33569335937500000      -0.417236924    
  0.34790039062500000      -0.414834291    
  0.36010742187500000      -0.412463218    
  0.37231445312500000      -0.410122871    
  0.38452148437500000      -0.407812476    
  0.39672851562500000      -0.405531228    
  0.40893554687500000      -0.403278381    
  0.42114257812500000      -0.401053250    
  0.43334960937500000      -0.398855120    
  0.44555664062500000      -0.396683335    
  0.45776367187500000      -0.394537210    
  0.46997070312500000      -0.392416120    
  0.48217773437500000      -0.390319526    
  0.49438476562500000      -0.388246745    
  0.50659179687500000      -0.386197269    
  0.51879882812500000      -0.384170592    
  0.53100585937500000      -0.382166088    
  0.54321289062500000      -0.380183309    
  0.55541992187500000      -0.378221720    
  0.56762695312500000      -0.376280874    
  0.57983398437500000      -0.374360323    
  0.59204101562500000      -0.372459561    
  0.60424804687500000      -0.370578200    
  0.61645507812500000      -0.368715823    
  0.62866210937500000      -0.366871953    
  0.64086914062500000      -0.365046322    
  0.65307617187500000      -0.363238454    
  0.66528320312500000      -0.361447990    
  0.67749023437500000      -0.359674573    
  0.68969726562500000      -0.357917905    
  0.70190429687500000      -0.356177568    
  0.71411132812500000      -0.354453295    
  0.72631835937500000      -0.352744758    
  0.73852539062500000      -0.351051658    
  0.75073242187500000      -0.349373698    
  0.76293945312500000      -0.347710550    
  0.77514648437500000      -0.346061945    
  0.78735351562500000      -0.344427675    
  0.79956054687500000      -0.342807412    
  0.81176757812500000      -0.341200888    
  0.82397460937500000      -0.339607954    
  0.83618164062500000      -0.338028252    
  0.84838867187500000      -0.336461604    
  0.86059570312500000      -0.334907770    
  0.87280273437500000      -0.333366513    
  0.88500976562500000      -0.331837684    
  0.89721679687500000      -0.330321014    
  0.90942382812500000      -0.328816295    
  0.92163085937500000      -0.327323347    
  0.93383789062500000      -0.325841993    
  0.94604492187500000      -0.324372053    
  0.95825195312500000      -0.322913289    
  0.97045898437500000      -0.321465552    
  0.98266601562500000      -0.320028722    
  0.99487304687500000      -0.318602562    
   1.0070800781250000      -0.317186952    
   1.0192871093750000      -0.315781683    
   1.0314941406250000      -0.314386666    
   1.0437011718750000      -0.313001692    
   1.0559082031250000      -0.311626673    
   1.0681152343750000      -0.310261399    
   1.0803222656250000      -0.308905780    
   1.0925292968750000      -0.307559669    
   1.1047363281250000      -0.306222916    
   1.1169433593750000      -0.304895401    
   1.1291503906250000      -0.303577006    
   1.1413574218750000      -0.302267641    
   1.1535644531250000      -0.300967097    
   1.1657714843750000      -0.299675345    
   1.1779785156250000      -0.298392236    
   1.1901855468750000      -0.297117651    
   1.2023925781250000      -0.295851469    
   1.2145996093750000      -0.294593632    
   1.2268066406250000      -0.293343991    
   1.2390136718750000      -0.292102456    
   1.2512207031250000      -0.290868938    
   1.2634277343750000      -0.289643347    
   1.2756347656250000      -0.288425565    
   1.2878417968750000      -0.287215501    
   1.3000488281250000      -0.286013067    
   1.3122558593750000      -0.284818232    
   1.3244628906250000      -0.283630788    
   1.3366699218750000      -0.282450795    
   1.3488769531250000      -0.281278044    
   1.3610839843750000      -0.280112505    
   1.3732910156250000      -0.278954148    
   1.3854980468750000      -0.277802795    
   1.3977050781250000      -0.276658416    
   1.4099121093750000      -0.275520980    
   1.4221191406250000      -0.274390370    
   1.4343261718750000      -0.273266494    
   1.4465332031250000      -0.272149324    
   1.4587402343750000      -0.271038800    
   1.4709472656250000      -0.269934803    
   1.4831542968750000      -0.268837303    
   1.4953613281250000      -0.267746210    
   1.5075683593750000      -0.266661525    
   1.5197753906250000      -0.265583098    
   1.5319824218750000      -0.264510870    
   1.5441894531250000      -0.263444901    
   1.5563964843750000      -0.262384981    
   1.5686035156250000      -0.261331141    
   1.5808105468750000      -0.260283321    
   1.5930175781250000      -0.259241432    
   1.6052246093750000      -0.258205444    
   1.6174316406250000      -0.257175267    
   1.6296386718750000      -0.256150901    
   1.6418457031250000      -0.255132258    
   1.6540527343750000      -0.254119337    
   1.6662597656250000      -0.253112018    
   1.6784667968750000      -0.252110243    
   1.6906738281250000      -0.251114070    
   1.7028808593750000      -0.250123322    
   1.7150878906250000      -0.249138057    
   1.7272949218750000      -0.248158187    
   1.7395019531250000      -0.247183651    
   1.7517089843750000      -0.246214420    
   1.7639160156250000      -0.245250434    
   1.7761230468750000      -0.244291693    
   1.7883300781250000      -0.243338108    
   1.8005371093750000      -0.242389649    
   1.8127441406250000      -0.241446286    
   1.8249511718750000      -0.240507990    
   1.8371582031250000      -0.239574701    
   1.8493652343750000      -0.238646358    
   1.8615722656250000      -0.237722963    
   1.8737792968750000      -0.236804485    
   1.8859863281250000      -0.235890836    
   1.8981933593750000      -0.234982014    
   1.9104003906250000      -0.234077960    
   1.9226074218750000      -0.233178645    
   1.9348144531250000      -0.232284069    
   1.9470214843750000      -0.231394142    
   1.9592285156250000      -0.230508894    
   1.9714355468750000      -0.229628205    
   1.9836425781250000      -0.228752106    
   1.9958496093750000      -0.227880567    
   2.0080566406250000      -0.227013499    
   2.0202636718750000      -0.226150930    
   2.0324707031250000      -0.225292802    
   2.0446777343750000      -0.224439085    
   2.0568847656250000      -0.223589748    
   2.0690917968750000      -0.222744733    
   2.0812988281250000      -0.221904069    
   2.0935058593750000      -0.221067667    
   2.1057128906250000      -0.220235556    
   2.1179199218750000      -0.219407648    
   2.1301269531250000      -0.218583941    
   2.1423339843750000      -0.217764407    
   2.1545410156250000      -0.216949016    
   2.1667480468750000      -0.216137737    
   2.1789550781250000      -0.215330571    
   2.1911621093750000      -0.214527428    
   2.2033691406250000      -0.213728338    
   2.2155761718750000      -0.212933242    
   2.2277832031250000      -0.212142140    
   2.2399902343750000      -0.211355001    
   2.2521972656250000      -0.210571766    
   2.2644042968750000      -0.209792465    
   2.2766113281250000      -0.209017009    
   2.2888183593750000      -0.208245426    
   2.3010253906250000      -0.207477659    
   2.3132324218750000      -0.206713706    
   2.3254394531250000      -0.205953538    
   2.3376464843750000      -0.205197126    
   2.3498535156250000      -0.204444438    
   2.3620605468750000      -0.203695446    
   2.3742675781250000      -0.202950150    
   2.3864746093750000      -0.202208519    
   2.3986816406250000      -0.201470524    
   2.4108886718750000      -0.200736135    
   2.4230957031250000      -0.200005352    
   2.4353027343750000      -0.199278146    
   2.4475097656250000      -0.198554516    
   2.4597167968750000      -0.197834373    
   2.4719238281250000      -0.197117746    
   2.4841308593750000      -0.196404636    
   2.4963378906250000      -0.195694953    
   2.5085449218750000      -0.194988728    
   2.5207519531250000      -0.194285929    
   2.5329589843750000      -0.193586558    
   2.5451660156250000      -0.192890555    
   2.5573730468750000      -0.192197889    
   2.5695800781250000      -0.191508591    
   2.5817871093750000      -0.190822631    
   2.5939941406250000      -0.190139949    
   2.6062011718750000      -0.189460576    
   2.6184082031250000      -0.188784450    
   2.6306152343750000      -0.188111573    
   2.6428222656250000      -0.187441945    
   2.6550292968750000      -0.186775506    
   2.6672363281250000      -0.186112255    
   2.6794433593750000      -0.185452193    
   2.6916503906250000      -0.184795290    
   2.7038574218750000      -0.184141487    
   2.7160644531250000      -0.183490843    
   2.7282714843750000      -0.182843268    
   2.7404785156250000      -0.182198822    
   2.7526855468750000      -0.181557387    
   2.7648925781250000      -0.180919051    
   2.7770996093750000      -0.180283725    
   2.7893066406250000      -0.179651409    
   2.8015136718750000      -0.179022074    
   2.8137207031250000      -0.178395748    
   2.8259277343750000      -0.177772373    
   2.8381347656250000      -0.177151948    
   2.8503417968750000      -0.176534474    
   2.8625488281250000      -0.175919890    
   2.8747558593750000      -0.175308228    
   2.8869628906250000      -0.174699426    
   2.8991699218750000      -0.174093485    
   2.9113769531250000      -0.173490435    
   2.9235839843750000      -0.172890186    
   2.9357910156250000      -0.172292769    
   2.9479980468750000      -0.171698153    
   2.9602050781250000      -0.171106339    
   2.9724121093750000      -0.170517266    
   2.9846191406250000      -0.169930995    
   2.9968261718750000      -0.169347435    
   3.0090332031250000      -0.168766618    
   3.0212402343750000      -0.168188542    
   3.0334472656250000      -0.167613119    
   3.0456542968750000      -0.167040408    
   3.0578613281250000      -0.166470379    
   3.0700683593750000      -0.165903002    
   3.0822753906250000      -0.165338248    
   3.0944824218750000      -0.164776146    
   3.1066894531250000      -0.164216638    
   3.1188964843750000      -0.163659751    
   3.1311035156250000      -0.163105428    
   3.1433105468750000      -0.162553698    
   3.1555175781250000      -0.162004530    
   3.1677246093750000      -0.161457896    
   3.1799316406250000      -0.160913795    
   3.1921386718750000      -0.160372227    
   3.2043457031250000      -0.159833163    
   3.2165527343750000      -0.159296572    
   3.2287597656250000      -0.158762485    
   3.2409667968750000      -0.158230841    
   3.2531738281250000      -0.157701671    
   3.2653808593750000      -0.157174945    
   3.2775878906250000      -0.156650633    
   3.2897949218750000      -0.156128734    
   3.3020019531250000      -0.155609250    
   3.3142089843750000      -0.155092180    
   3.3264160156250000      -0.154577464    
   3.3386230468750000      -0.154065102    
   3.3508300781250000      -0.153555125    
   3.3630371093750000      -0.153047472    
   3.3752441406250000      -0.152542144    
   3.3874511718750000      -0.152039140    
   3.3996582031250000      -0.151538461    
   3.4118652343750000      -0.151040047    
   3.4240722656250000      -0.150543928    
   3.4362792968750000      -0.150050074    
   3.4484863281250000      -0.149558485    
   3.4606933593750000      -0.149069160    
   3.4729003906250000      -0.148582041    
   3.4851074218750000      -0.148097187    
   3.4973144531250000      -0.147614509    
   3.5095214843750000      -0.147134066    
   3.5217285156250000      -0.146655768    
   3.5339355468750000      -0.146179706    
   3.5461425781250000      -0.145705760    
   3.5583496093750000      -0.145234019    
   3.5705566406250000      -0.144764394    
   3.5827636718750000      -0.144296914    
   3.5949707031250000      -0.143831581    
   3.6071777343750000      -0.143368334    
   3.6193847656250000      -0.142907202    
   3.6315917968750000      -0.142448157    
   3.6437988281250000      -0.141991198    
   3.6560058593750000      -0.141536325    
   3.6682128906250000      -0.141083509    
   3.6804199218750000      -0.140632749    
   3.6926269531250000      -0.140184015    
   3.7048339843750000      -0.139737338    
   3.7170410156250000      -0.139292657    
   3.7292480468750000      -0.138850003    
   3.7414550781250000      -0.138409346    
   3.7536621093750000      -0.137970686    
   3.7658691406250000      -0.137533993    
   3.7780761718750000      -0.137099296    
   3.7902832031250000      -0.136666536    
   3.8024902343750000      -0.136235744    
   3.8146972656250000      -0.135806888    
   3.8269042968750000      -0.135379970    
   3.8391113281250000      -0.134954989    
   3.8513183593750000      -0.134531915    
   3.8635253906250000      -0.134110719    
   3.8757324218750000      -0.133691460    
   3.8879394531250000      -0.133274049    
   3.9001464843750000      -0.132858545    
   3.9123535156250000      -0.132444888    
   3.9245605468750000      -0.132033110    
   3.9367675781250000      -0.131623179    
   3.9489746093750000      -0.131215066    
   3.9611816406250000      -0.130808800    
   3.9733886718750000      -0.130404353    
   3.9855957031250000      -0.130001724    
   3.9978027343750000      -0.129600883    
   4.0100097656250000      -0.129201859    
   4.0222167968750000      -0.128804624    
   4.0344238281250000      -0.128409147    
   4.0466308593750000      -0.128015459    
   4.0588378906250000      -0.127623528    
   4.0710449218750000      -0.127233356    
   4.0832519531250000      -0.126844913    
   4.0954589843750000      -0.126458228    
   4.1076660156250000      -0.126073241    
   4.1198730468750000      -0.125689983    
   4.1320800781250000      -0.125308454    
   4.1442871093750000      -0.124928623    
   4.1564941406250000      -0.124550462    
   4.1687011718750000      -0.124173999    
   4.1809082031250000      -0.123799235    
   4.1931152343750000      -0.123426110    
   4.2053222656250000      -0.123054653    
   4.2175292968750000      -0.122684866    
   4.2297363281250000      -0.122316718    
   4.2419433593750000      -0.121950209    
   4.2541503906250000      -0.121585339    
   4.2663574218750000      -0.121222079    
   4.2785644531250000      -0.120860428    
   4.2907714843750000      -0.120500386    
   4.3029785156250000      -0.120141953    
   4.3151855468750000      -0.119785130    
   4.3273925781250000      -0.119429857    
   4.3395996093750000      -0.119076163    
   4.3518066406250000      -0.118724048    
   4.3640136718750000      -0.118373513    
   4.3762207031250000      -0.118024498    
   4.3884277343750000      -0.117677063    
   4.4006347656250000      -0.117331147    
   4.4128417968750000      -0.116986752    
   4.4250488281250000      -0.116643906    
   4.4372558593750000      -0.116302550    
   4.4494628906250000      -0.115962714    
   4.4616699218750000      -0.115624398    
   4.4738769531250000      -0.115287572    
   4.4860839843750000      -0.114952236    
   4.4982910156250000      -0.114618361    
   4.5104980468750000      -0.114285976    
   4.5227050781250000      -0.113955081    
   4.5349121093750000      -0.113625616    
   4.5471191406250000      -0.113297611    
   4.5593261718750000      -0.112971067    
   4.5715332031250000      -0.112645954    
   4.5837402343750000      -0.112322271    
   4.5959472656250000      -0.112000018    
   4.6081542968750000      -0.111679196    
   4.6203613281250000      -0.111359775    
   4.6325683593750000      -0.111041754    
   4.6447753906250000      -0.110725135    
   4.6569824218750000      -0.110409945    
   4.6691894531250000      -0.110096097    
   4.6813964843750000      -0.109783649    
   4.6936035156250000      -0.109472573    
   4.7058105468750000      -0.109162867    
   4.7180175781250000      -0.108854532    
   4.7302246093750000      -0.108547539    
   4.7424316406250000      -0.108241886    
   4.7546386718750000      -0.107937604    
   4.7668457031250000      -0.107634634    
   4.7790527343750000      -0.107333004    
   4.7912597656250000      -0.107032686    
   4.8034667968750000      -0.106733710    
   4.8156738281250000      -0.106436014    
   4.8278808593750000      -0.106139660    
   4.8400878906250000      -0.105844587    
   4.8522949218750000      -0.105550796    
   4.8645019531250000      -0.105258316    
   4.8767089843750000      -0.104967088    
   4.8889160156250000      -0.104677141    
   4.9011230468750000      -0.104388475    
   4.9133300781250000      -0.104101092    
   4.9255371093750000      -0.103814930    
   4.9377441406250000      -0.103530049    
   4.9499511718750000      -0.103246391    
   4.9621582031250000      -0.102963984    
   4.9743652343750000      -0.102682829    
   4.9865722656250000      -0.102402866    
   4.9987792968750000      -0.102124155    
   5.0109863281250000      -0.101846665    
   5.0231933593750000      -0.101570368    
   5.0354003906250000      -0.101295292    
   5.0476074218750000      -0.101021409    
   5.0598144531250000      -0.100748718    
   5.0720214843750000      -0.100477219    
   5.0842285156250000      -0.100206912    
   5.0964355468750000       -9.99377966E-02
   5.1086425781250000       -9.96698439E-02
   5.1208496093750000       -9.94030535E-02
   5.1330566406250000       -9.91374254E-02
   5.1452636718750000       -9.88729596E-02
   5.1574707031250000       -9.86096263E-02
   5.1696777343750000       -9.83474553E-02
   5.1818847656250000       -9.80864465E-02
   5.1940917968750000       -9.78265405E-02
   5.2062988281250000       -9.75677967E-02
   5.2185058593750000       -9.73101556E-02
   5.2307128906250000       -9.70536470E-02
   5.2429199218750000       -9.67982709E-02
   5.2551269531250000       -9.65439677E-02
   5.2673339843750000       -9.62907970E-02
   5.2795410156250000       -9.60387290E-02
   5.2917480468750000       -9.57877636E-02
   5.3039550781250000       -9.55378711E-02
   5.3161621093750000       -9.52890515E-02
   5.3283691406250000       -9.50413346E-02
   5.3405761718750000       -9.47946906E-02
   5.3527832031250000       -9.45491195E-02
   5.3649902343750000       -9.43046212E-02
   5.3771972656250000       -9.40611660E-02
   5.3894042968750000       -9.38187838E-02
   5.4016113281250000       -9.35774446E-02
   5.4138183593750000       -9.33371782E-02
   5.4260253906250000       -9.30979252E-02
   5.4382324218750000       -9.28597152E-02
   5.4504394531250000       -9.26225483E-02
   5.4626464843750000       -9.23863947E-02
   5.4748535156250000       -9.21512842E-02
   5.4870605468750000       -9.19171870E-02
   5.4992675781250000       -9.16841030E-02
   5.5114746093750000       -9.14520025E-02
   5.5236816406250000       -9.12209451E-02
   5.5358886718750000       -9.09908712E-02
   5.5480957031250000       -9.07618105E-02
   5.5603027343750000       -9.05337334E-02
   5.5725097656250000       -9.03066397E-02
   5.5847167968750000       -9.00805295E-02
   5.5969238281250000       -8.98554027E-02
   5.6091308593750000       -8.96312594E-02
   5.6213378906250000       -8.94080698E-02
   5.6335449218750000       -8.91858339E-02
   5.6457519531250000       -8.89645815E-02
   5.6579589843750000       -8.87442827E-02
   5.6701660156250000       -8.85249376E-02
   5.6823730468750000       -8.83065462E-02
   5.6945800781250000       -8.80891085E-02
   5.7067871093750000       -8.78725946E-02
   5.7189941406250000       -8.76570046E-02
   5.7312011718750000       -8.74423683E-02
   5.7434082031250000       -8.72286558E-02
   5.7556152343750000       -8.70158672E-02
   5.7678222656250000       -8.68040025E-02
   5.7800292968750000       -8.65930319E-02
   5.7922363281250000       -8.63829851E-02
   5.8044433593750000       -8.61738622E-02
   5.8166503906250000       -8.59656334E-02
   5.8288574218750000       -8.57582986E-02
   5.8410644531250000       -8.55518579E-02
   5.8532714843750000       -8.53463113E-02
   5.8654785156250000       -8.51416588E-02
   5.8776855468750000       -8.49379003E-02
   5.8898925781250000       -8.47350061E-02
   5.9020996093750000       -8.45329762E-02
   5.9143066406250000       -8.43318403E-02
   5.9265136718750000       -8.41315687E-02
   5.9387207031250000       -8.39321315E-02
   5.9509277343750000       -8.37335885E-02
   5.9631347656250000       -8.35359097E-02
   5.9753417968750000       -8.33390653E-02
   5.9875488281250000       -8.31430554E-02
   5.9997558593750000       -8.29479098E-02
   6.0119628906250000       -8.27536285E-02
   6.0241699218750000       -8.25601518E-02
   6.0363769531250000       -8.23675096E-02
   6.0485839843750000       -8.21757317E-02
   6.0607910156250000       -8.19847584E-02
   6.0729980468750000       -8.17945898E-02
   6.0852050781250000       -8.16052556E-02
   6.0974121093750000       -8.14167559E-02
   6.1096191406250000       -8.12290609E-02
   6.1218261718750000       -8.10421705E-02
   6.1340332031250000       -8.08560848E-02
   6.1462402343750000       -8.06708038E-02
   6.1584472656250000       -8.04863274E-02
   6.1706542968750000       -8.03026259E-02
   6.1828613281250000       -8.01197290E-02
   6.1950683593750000       -7.99376369E-02
   6.2072753906250000       -7.97563195E-02
   6.2194824218750000       -7.95757771E-02
   6.2316894531250000       -7.93960094E-02
   6.2438964843750000       -7.92170465E-02
   6.2561035156250000       -7.90388286E-02
   6.2683105468750000       -7.88613856E-02
   6.2805175781250000       -7.86846876E-02
   6.2927246093750000       -7.85087645E-02
   6.3049316406250000       -7.83336163E-02
   6.3171386718750000       -7.81592131E-02
   6.3293457031250000       -7.79855549E-02
   6.3415527343750000       -7.78126419E-02
   6.3537597656250000       -7.76405036E-02
   6.3659667968750000       -7.74690807E-02
   6.3781738281250000       -7.72984028E-02
   6.3903808593750000       -7.71284699E-02
   6.4025878906250000       -7.69592524E-02
   6.4147949218750000       -7.67907798E-02
   6.4270019531250000       -7.66230226E-02
   6.4392089843750000       -7.64560103E-02
   6.4514160156250000       -7.62896836E-02
   6.4636230468750000       -7.61241019E-02
   6.4758300781250000       -7.59592056E-02
   6.4880371093750000       -7.57950544E-02
   6.5002441406250000       -7.56315887E-02
   6.5124511718750000       -7.54688382E-02
   6.5246582031250000       -7.53068030E-02
   6.5368652343750000       -7.51454532E-02
   6.5490722656250000       -7.49847889E-02
   6.5612792968750000       -7.48248100E-02
   6.5734863281250000       -7.46655464E-02
   6.5856933593750000       -7.45069683E-02
   6.5979003906250000       -7.43490756E-02
   6.6101074218750000       -7.41918385E-02
   6.6223144531250000       -7.40352869E-02
   6.6345214843750000       -7.38794208E-02
   6.6467285156250000       -7.37242401E-02
   6.6589355468750000       -7.35697150E-02
   6.6711425781250000       -7.34158754E-02
   6.6833496093750000       -7.32626617E-02
   6.6955566406250000       -7.31101334E-02
   6.7077636718750000       -7.29582608E-02
   6.7199707031250000       -7.28070438E-02
   6.7321777343750000       -7.26564825E-02
   6.7443847656250000       -7.25065768E-02
   6.7565917968750000       -7.23573267E-02
   6.7687988281250000       -7.22087026E-02
   6.7810058593750000       -7.20607340E-02
   6.7932128906250000       -7.19133914E-02
   6.8054199218750000       -7.17666745E-02
   6.8176269531250000       -7.16206133E-02
   6.8298339843750000       -7.14751780E-02
   6.8420410156250000       -7.13303685E-02
   6.8542480468750000       -7.11862147E-02
   6.8664550781250000       -7.10426569E-02
   6.8786621093750000       -7.08997250E-02
   6.8908691406250000       -7.07573891E-02
   6.9030761718750000       -7.06157088E-02
   6.9152832031250000       -7.04745948E-02
   6.9274902343750000       -7.03341365E-02
   6.9396972656250000       -7.01942742E-02
   6.9519042968750000       -7.00550079E-02
   6.9641113281250000       -6.99163377E-02
   6.9763183593750000       -6.97782934E-02
   6.9885253906250000       -6.96408153E-02
   7.0007324218750000       -6.95039630E-02
   7.0129394531250000       -6.93677068E-02
   7.0251464843750000       -6.92320168E-02
   7.0373535156250000       -6.90969229E-02
   7.0495605468750000       -6.89624250E-02
   7.0617675781250000       -6.88284934E-02
   7.0739746093750000       -6.86951578E-02
   7.0861816406250000       -6.85623884E-02
   7.0983886718750000       -6.84302151E-02
   7.1105957031250000       -6.82986081E-02
   7.1228027343750000       -6.81675673E-02
   7.1350097656250000       -6.80370927E-02
   7.1472167968750000       -6.79071844E-02
   7.1594238281250000       -6.77778423E-02
   7.1716308593750000       -6.76490664E-02
   7.1838378906250000       -6.75208569E-02
   7.1960449218750000       -6.73931837E-02
   7.2082519531250000       -6.72660768E-02
   7.2204589843750000       -6.71395361E-02
   7.2326660156250000       -6.70135319E-02
   7.2448730468750000       -6.68880939E-02
   7.2570800781250000       -6.67631924E-02
   7.2692871093750000       -6.66388273E-02
   7.2814941406250000       -6.65149987E-02
   7.2937011718750000       -6.63917363E-02
   7.3059082031250000       -6.62689805E-02
   7.3181152343750000       -6.61467910E-02
   7.3303222656250000       -6.60251081E-02
   7.3425292968750000       -6.59039915E-02
   7.3547363281250000       -6.57833815E-02
   7.3669433593750000       -6.56632781E-02
   7.3791503906250000       -6.55437112E-02
   7.3913574218750000       -6.54246807E-02
   7.4035644531250000       -6.53061867E-02
   7.4157714843750000       -6.51881695E-02
   7.4279785156250000       -6.50706887E-02
   7.4401855468750000       -6.49537146E-02
   7.4523925781250000       -6.48372769E-02
   7.4645996093750000       -6.47213161E-02
   7.4768066406250000       -6.46058917E-02
   7.4890136718750000       -6.44909739E-02
   7.5012207031250000       -6.43765330E-02
   7.5134277343750000       -6.42626286E-02
   7.5256347656250000       -6.41492009E-02
   7.5378417968750000       -6.40362799E-02
   7.5500488281250000       -6.39238358E-02
   7.5622558593750000       -6.38118982E-02
   7.5744628906250000       -6.37004673E-02
   7.5866699218750000       -6.35895133E-02
   7.5988769531250000       -6.34790361E-02
   7.6110839843750000       -6.33690655E-02
   7.6232910156250000       -6.32595718E-02
   7.6354980468750000       -6.31505549E-02
   7.6477050781250000       -6.30420446E-02
   7.6599121093750000       -6.29339814E-02
   7.6721191406250000       -6.28263950E-02
   7.6843261718750000       -6.27193153E-02
   7.6965332031250000       -6.26126826E-02
   7.7087402343750000       -6.25065267E-02
   7.7209472656250000       -6.24008477E-02
   7.7331542968750000       -6.22956157E-02
   7.7453613281250000       -6.21908605E-02
   7.7575683593750000       -6.20865822E-02
   7.7697753906250000       -6.19827509E-02
   7.7819824218750000       -6.18793964E-02
   7.7941894531250000       -6.17764890E-02
   7.8063964843750000       -6.16740286E-02
   7.8186035156250000       -6.15720451E-02
   7.8308105468750000       -6.14704788E-02
   7.8430175781250000       -6.13693893E-02
   7.8552246093750000       -6.12687469E-02
   7.8674316406250000       -6.11685514E-02
   7.8796386718750000       -6.10688031E-02
   7.8918457031250000       -6.09695017E-02
   7.9040527343750000       -6.08706474E-02
   7.9162597656250000       -6.07722402E-02
   7.9284667968750000       -6.06742501E-02
   7.9406738281250000       -6.05767071E-02
   7.9528808593750000       -6.04796112E-02
   7.9650878906250000       -6.03829324E-02
   7.9772949218750000       -6.02867007E-02
   7.9895019531250000       -6.01908863E-02
   8.0017089843750000       -6.00955188E-02
   8.0139160156250000       -6.00005686E-02
   8.0261230468750000       -5.99060357E-02
   8.0383300781250000       -5.98119497E-02
   8.0505371093750000       -5.97182512E-02
   8.0627441406250000       -5.96249998E-02
   8.0749511718750000       -5.95321655E-02
   8.0871582031250000       -5.94397485E-02
   8.0993652343750000       -5.93477488E-02
   8.1115722656250000       -5.92561662E-02
   8.1237792968750000       -5.91650009E-02
   8.1359863281250000       -5.90742230E-02
   8.1481933593750000       -5.89838624E-02
   8.1604003906250000       -5.88939488E-02
   8.1726074218750000       -5.88043928E-02
   8.1848144531250000       -5.87152839E-02
   8.1970214843750000       -5.86265326E-02
   8.2092285156250000       -5.85382283E-02
   8.2214355468750000       -5.84503114E-02
   8.2336425781250000       -5.83627820E-02
   8.2458496093750000       -5.82756400E-02
   8.2580566406250000       -5.81889153E-02
   8.2702636718750000       -5.81026077E-02
   8.2824707031250000       -5.80166578E-02
   8.2946777343750000       -5.79311252E-02
   8.3068847656250000       -5.78459501E-02
   8.3190917968750000       -5.77611923E-02
   8.3312988281250000       -5.76768219E-02
   8.3435058593750000       -5.75928092E-02
   8.3557128906250000       -5.75092137E-02
   8.3679199218750000       -5.74260056E-02
   8.3801269531250000       -5.73431551E-02
   8.3923339843750000       -5.72606921E-02
   8.4045410156250000       -5.71786165E-02
   8.4167480468750000       -5.70968986E-02
   8.4289550781250000       -5.70155978E-02
   8.4411621093750000       -5.69346249E-02
   8.4533691406250000       -5.68540692E-02
   8.4655761718750000       -5.67738712E-02
   8.4777832031250000       -5.66940308E-02
   8.4899902343750000       -5.66145778E-02
   8.5021972656250000       -5.65354824E-02
   8.5144042968750000       -5.64567447E-02
   8.5266113281250000       -5.63783944E-02
   8.5388183593750000       -5.63004017E-02
   8.5510253906250000       -5.62227666E-02
   8.5632324218750000       -5.61454892E-02
   8.5754394531250000       -5.60685694E-02
   8.5876464843750000       -5.59920371E-02
   8.5998535156250000       -5.59158325E-02
   8.6120605468750000       -5.58399856E-02
   8.6242675781250000       -5.57645261E-02
   8.6364746093750000       -5.56893945E-02
   8.6486816406250000       -5.56146204E-02
   8.6608886718750000       -5.55402040E-02
   8.6730957031250000       -5.54661453E-02
   8.6853027343750000       -5.53924143E-02
   8.6975097656250000       -5.53190410E-02
   8.7097167968750000       -5.52460253E-02
   8.7219238281250000       -5.51733375E-02
   8.7341308593750000       -5.51010072E-02
   8.7463378906250000       -5.50290048E-02
   8.7585449218750000       -5.49573600E-02
   8.7707519531250000       -5.48860431E-02
   8.7829589843750000       -5.48150837E-02
   8.7951660156250000       -5.47444522E-02
   8.8073730468750000       -5.46741486E-02
   8.8195800781250000       -5.46042025E-02
   8.8317871093750000       -5.45345843E-02
   8.8439941406250000       -5.44652939E-02
   8.8562011718750000       -5.43963313E-02
   8.8684082031250000       -5.43276966E-02
   8.8806152343750000       -5.42594194E-02
   8.8928222656250000       -5.41914403E-02
   8.9050292968750000       -5.41238189E-02
   8.9172363281250000       -5.40564954E-02
   8.9294433593750000       -5.39895296E-02
   8.9416503906250000       -5.39228618E-02
   8.9538574218750000       -5.38565218E-02
   8.9660644531250000       -5.37905097E-02
   8.9782714843750000       -5.37248254E-02
   8.9904785156250000       -5.36594689E-02
   9.0026855468750000       -5.35944104E-02
   9.0148925781250000       -5.35296798E-02
   9.0270996093750000       -5.34652472E-02
   9.0393066406250000       -5.34011424E-02
   9.0515136718750000       -5.33373654E-02
   9.0637207031250000       -5.32739162E-02
   9.0759277343750000       -5.32107353E-02
   9.0881347656250000       -5.31479120E-02
   9.1003417968750000       -5.30853570E-02
   9.1125488281250000       -5.30231297E-02
   9.1247558593750000       -5.29612303E-02
   9.1369628906250000       -5.28996289E-02
   9.1491699218750000       -5.28383255E-02
   9.1613769531250000       -5.27773201E-02
   9.1735839843750000       -5.27166426E-02
   9.1857910156250000       -5.26562631E-02
   9.1979980468750000       -5.25961816E-02
   9.2102050781250000       -5.25363982E-02
   9.2224121093750000       -5.24769127E-02
   9.2346191406250000       -5.24177253E-02
   9.2468261718750000       -5.23588359E-02
   9.2590332031250000       -5.23002744E-02
   9.2712402343750000       -5.22419810E-02
   9.2834472656250000       -5.21839857E-02
   9.2956542968750000       -5.21262884E-02
   9.3078613281250000       -5.20688891E-02
   9.3200683593750000       -5.20117879E-02
   9.3322753906250000       -5.19549847E-02
   9.3444824218750000       -5.18984497E-02
   9.3566894531250000       -5.18422127E-02
   9.3688964843750000       -5.17862737E-02
   9.3811035156250000       -5.17306328E-02
   9.3933105468750000       -5.16752601E-02
   9.4055175781250000       -5.16201854E-02
   9.4177246093750000       -5.15653789E-02
   9.4299316406250000       -5.15108705E-02
   9.4421386718750000       -5.14566600E-02
   9.4543457031250000       -5.14027178E-02
   9.4665527343750000       -5.13490438E-02
   9.4787597656250000       -5.12956679E-02
   9.4909667968750000       -5.12425601E-02
   9.5031738281250000       -5.11897504E-02
   9.5153808593750000       -5.11372089E-02
   9.5275878906250000       -5.10849655E-02
   9.5397949218750000       -5.10329902E-02
   9.5520019531250000       -5.09812832E-02
   9.5642089843750000       -5.09298444E-02
   9.5764160156250000       -5.08786738E-02
   9.5886230468750000       -5.08278012E-02
   9.6008300781250000       -5.07771969E-02
   9.6130371093750000       -5.07268608E-02
   9.6252441406250000       -5.06767929E-02
   9.6374511718750000       -5.06269932E-02
   9.6496582031250000       -5.05774915E-02
   9.6618652343750000       -5.05282283E-02
   9.6740722656250000       -5.04792333E-02
   9.6862792968750000       -5.04305363E-02
   9.6984863281250000       -5.03820777E-02
   9.7106933593750000       -5.03338873E-02
   9.7229003906250000       -5.02859652E-02
   9.7351074218750000       -5.02383113E-02
   9.7473144531250000       -5.01909256E-02
   9.7595214843750000       -5.01437783E-02
   9.7717285156250000       -5.00969291E-02
   9.7839355468750000       -5.00503182E-02
   9.7961425781250000       -5.00039756E-02
   9.8083496093750000       -4.99579012E-02
   9.8205566406250000       -4.99120653E-02
   9.8327636718750000       -4.98664975E-02
   9.8449707031250000       -4.98211682E-02
   9.8571777343750000       -4.97761369E-02
   9.8693847656250000       -4.97313440E-02
   9.8815917968750000       -4.96867895E-02
   9.8937988281250000       -4.96425033E-02
   9.9060058593750000       -4.95984852E-02
   9.9182128906250000       -4.95547056E-02
   9.9304199218750000       -4.95111644E-02
   9.9426269531250000       -4.94678915E-02
   9.9548339843750000       -4.94248569E-02
   9.9670410156250000       -4.93820906E-02
   9.9792480468750000       -4.93395627E-02
   9.9914550781250000       -4.92973030E-02
   10.003662109375000       -4.92552817E-02
   10.015869140625000       -4.92134988E-02
   10.028076171875000       -4.91719842E-02
   10.040283203125000       -4.91306782E-02
   10.052490234375000       -4.90896702E-02
   10.064697265625000       -4.90488708E-02
   10.076904296875000       -4.90083098E-02
   10.089111328125000       -4.89680171E-02
   10.101318359375000       -4.89279628E-02
   10.113525390625000       -4.88881469E-02
   10.125732421875000       -4.88485694E-02
   10.137939453125000       -4.88092303E-02
   10.150146484375000       -4.87701297E-02
   10.162353515625000       -4.87312973E-02
   10.174560546875000       -4.86926734E-02
   10.186767578125000       -4.86542881E-02
   10.198974609375000       -4.86161709E-02
   10.211181640625000       -4.85782623E-02
   10.223388671875000       -4.85406220E-02
   10.235595703125000       -4.85031903E-02
   10.247802734375000       -4.84659970E-02
   10.260009765625000       -4.84290421E-02
   10.272216796875000       -4.83923256E-02
   10.284423828125000       -4.83558476E-02
   10.296630859375000       -4.83196080E-02
   10.308837890625000       -4.82835770E-02
   10.321044921875000       -4.82477844E-02
   10.333251953125000       -4.82122302E-02
   10.345458984375000       -4.81769145E-02
   10.357666015625000       -4.81418371E-02
   10.369873046875000       -4.81069684E-02
   10.382080078125000       -4.80723381E-02
   10.394287109375000       -4.80379462E-02
   10.406494140625000       -4.80037630E-02
   10.418701171875000       -4.79698181E-02
   10.430908203125000       -4.79361117E-02
   10.443115234375000       -4.79026139E-02
   10.455322265625000       -4.78693545E-02
   10.467529296875000       -4.78363335E-02
   10.479736328125000       -4.78035212E-02
   10.491943359375000       -4.77709174E-02
   10.504150390625000       -4.77385521E-02
   10.516357421875000       -4.77064252E-02
   10.528564453125000       -4.76745069E-02
   10.540771484375000       -4.76428270E-02
   10.552978515625000       -4.76113558E-02
   10.565185546875000       -4.75800931E-02
   10.577392578125000       -4.75490689E-02
   10.589599609375000       -4.75182831E-02
   10.601806640625000       -4.74876761E-02
   10.614013671875000       -4.74573076E-02
   10.626220703125000       -4.74271774E-02
   10.638427734375000       -4.73972559E-02
   10.650634765625000       -4.73675430E-02
   10.662841796875000       -4.73380387E-02
   10.675048828125000       -4.73087728E-02
   10.687255859375000       -4.72797155E-02
   10.699462890625000       -4.72508967E-02
   10.711669921875000       -4.72222567E-02
   10.723876953125000       -4.71938550E-02
   10.736083984375000       -4.71656621E-02
   10.748291015625000       -4.71377075E-02
   10.760498046875000       -4.71099317E-02
   10.772705078125000       -4.70823944E-02
   10.784912109375000       -4.70550656E-02
   10.797119140625000       -4.70279455E-02
   10.809326171875000       -4.70010340E-02
   10.821533203125000       -4.69743311E-02
   10.833740234375000       -4.69478369E-02
   10.845947265625000       -4.69215810E-02
   10.858154296875000       -4.68955040E-02
   10.870361328125000       -4.68696654E-02
   10.882568359375000       -4.68440354E-02
   10.894775390625000       -4.68185842E-02
   10.906982421875000       -4.67933714E-02
   10.919189453125000       -4.67683673E-02
   10.931396484375000       -4.67435718E-02
   10.943603515625000       -4.67189550E-02
   10.955810546875000       -4.66945767E-02
   10.968017578125000       -4.66704071E-02
   10.980224609375000       -4.66464162E-02
   10.992431640625000       -4.66226637E-02
   11.004638671875000       -4.65990901E-02
   11.016845703125000       -4.65757549E-02
   11.029052734375000       -4.65525985E-02
   11.041259765625000       -4.65296507E-02
   11.053466796875000       -4.65069413E-02
   11.065673828125000       -4.64844108E-02
   11.077880859375000       -4.64620590E-02
   11.090087890625000       -4.64399457E-02
   11.102294921875000       -4.64180410E-02
   11.114501953125000       -4.63963151E-02
   11.126708984375000       -4.63747978E-02
   11.138916015625000       -4.63534892E-02
   11.151123046875000       -4.63323891E-02
   11.163330078125000       -4.63114679E-02
   11.175537109375000       -4.62907553E-02
   11.187744140625000       -4.62702513E-02
   11.199951171875000       -4.62499559E-02
   11.212158203125000       -4.62298691E-02
   11.224365234375000       -4.62099612E-02
   11.236572265625000       -4.61902618E-02
   11.248779296875000       -4.61707413E-02
   11.260986328125000       -4.61514592E-02
   11.273193359375000       -4.61323559E-02
   11.285400390625000       -4.61134315E-02
   11.297607421875000       -4.60947454E-02
   11.309814453125000       -4.60762382E-02
   11.322021484375000       -4.60579097E-02
   11.334228515625000       -4.60397899E-02
   11.346435546875000       -4.60218787E-02
   11.358642578125000       -4.60041761E-02
   11.370849609375000       -4.59866524E-02
   11.383056640625000       -4.59693372E-02
   11.395263671875000       -4.59522009E-02
   11.407470703125000       -4.59352732E-02
   11.419677734375000       -4.59185243E-02
   11.431884765625000       -4.59019840E-02
   11.444091796875000       -4.58856523E-02
   11.456298828125000       -4.58694994E-02
   11.468505859375000       -4.58535254E-02
   11.480712890625000       -4.58377600E-02
   11.492919921875000       -4.58222032E-02
   11.505126953125000       -4.58068252E-02
   11.517333984375000       -4.57916558E-02
   11.529541015625000       -4.57766652E-02
   11.541748046875000       -4.57618833E-02
   11.553955078125000       -4.57472801E-02
   11.566162109375000       -4.57328558E-02
   11.578369140625000       -4.57186699E-02
   11.590576171875000       -4.57046330E-02
   11.602783203125000       -4.56908047E-02
   11.614990234375000       -4.56771553E-02
   11.627197265625000       -4.56637144E-02
   11.639404296875000       -4.56504822E-02
   11.651611328125000       -4.56373990E-02
   11.663818359375000       -4.56245244E-02
   11.676025390625000       -4.56118584E-02
   11.688232421875000       -4.55993712E-02
   11.700439453125000       -4.55870628E-02
   11.712646484375000       -4.55749631E-02
   11.724853515625000       -4.55630422E-02
   11.737060546875000       -4.55513000E-02
   11.749267578125000       -4.55397666E-02
   11.761474609375000       -4.55284119E-02
   11.773681640625000       -4.55172658E-02
   11.785888671875000       -4.55062985E-02
   11.798095703125000       -4.54955101E-02
   11.810302734375000       -4.54849303E-02
   11.822509765625000       -4.54745293E-02
   11.834716796875000       -4.54643071E-02
   11.846923828125000       -4.54542935E-02
   11.859130859375000       -4.54444587E-02
   11.871337890625000       -4.54348028E-02
   11.883544921875000       -4.54253256E-02
   11.895751953125000       -4.54160571E-02
   11.907958984375000       -4.54069674E-02
   11.920166015625000       -4.53980863E-02
   11.932373046875000       -4.53893542E-02
   11.944580078125000       -4.53808308E-02
   11.956787109375000       -4.53725159E-02
   11.968994140625000       -4.53643501E-02
   11.981201171875000       -4.53563929E-02
   11.993408203125000       -4.53486145E-02
   12.005615234375000       -4.53410447E-02
   12.017822265625000       -4.53336239E-02
   12.030029296875000       -4.53264117E-02
   12.042236328125000       -4.53193784E-02
   12.054443359375000       -4.53125536E-02
   12.066650390625000       -4.53058779E-02
   12.078857421875000       -4.52994108E-02
   12.091064453125000       -4.52931225E-02
   12.103271484375000       -4.52870429E-02
   12.115478515625000       -4.52811122E-02
   12.127685546875000       -4.52753901E-02
   12.139892578125000       -4.52698469E-02
   12.152099609375000       -4.52645123E-02
   12.164306640625000       -4.52593267E-02
   12.176513671875000       -4.52543497E-02
   12.188720703125000       -4.52495515E-02
   12.200927734375000       -4.52449322E-02
   12.213134765625000       -4.52404916E-02
   12.225341796875000       -4.52362597E-02
   12.237548828125000       -4.52322066E-02
   12.249755859375000       -4.52283323E-02
   12.261962890625000       -4.52246368E-02
   12.274169921875000       -4.52211201E-02
   12.286376953125000       -4.52178121E-02
   12.298583984375000       -4.52146828E-02
   12.310791015625000       -4.52117324E-02
   12.322998046875000       -4.52089608E-02
   12.335205078125000       -4.52063680E-02
   12.347412109375000       -4.52039838E-02
   12.359619140625000       -4.52017784E-02
   12.371826171875000       -4.51997519E-02
   12.384033203125000       -4.51979041E-02
   12.396240234375000       -4.51962352E-02
   12.408447265625000       -4.51947749E-02
   12.420654296875000       -4.51934636E-02
   12.432861328125000       -4.51923609E-02
   12.445068359375000       -4.51914370E-02
   12.457275390625000       -4.51907218E-02
   12.469482421875000       -4.51901555E-02
   12.481689453125000       -4.51897979E-02
   12.493896484375000       -4.51896191E-02
   12.506103515625000       -4.51896191E-02
   12.518310546875000       -4.51897979E-02
   12.530517578125000       -4.51901555E-02
   12.542724609375000       -4.51907218E-02
   12.554931640625000       -4.51914370E-02
   12.567138671875000       -4.51923609E-02
   12.579345703125000       -4.51934636E-02
   12.591552734375000       -4.51947749E-02
   12.603759765625000       -4.51962352E-02
   12.615966796875000       -4.51979041E-02
   12.628173828125000       -4.51997519E-02
   12.640380859375000       -4.52017784E-02
   12.652587890625000       -4.52039838E-02
   12.664794921875000       -4.52063680E-02
   12.677001953125000       -4.52089608E-02
   12.689208984375000       -4.52117324E-02
   12.701416015625000       -4.52146828E-02
   12.713623046875000       -4.52178121E-02
   12.725830078125000       -4.52211201E-02
   12.738037109375000       -4.52246368E-02
   12.750244140625000       -4.52283323E-02
   12.762451171875000       -4.52322066E-02
   12.774658203125000       -4.52362597E-02
   12.786865234375000       -4.52404916E-02
   12.799072265625000       -4.52449322E-02
   12.811279296875000       -4.52495515E-02
   12.823486328125000       -4.52543497E-02
   12.835693359375000       -4.52593267E-02
   12.847900390625000       -4.52645123E-02
   12.860107421875000       -4.52698469E-02
   12.872314453125000       -4.52753901E-02
   12.884521484375000       -4.52811122E-02
   12.896728515625000       -4.52870429E-02
   12.908935546875000       -4.52931225E-02
   12.921142578125000       -4.52994108E-02
   12.933349609375000       -4.53058779E-02
   12.945556640625000       -4.53125536E-02
   12.957763671875000       -4.53193784E-02
   12.969970703125000       -4.53264117E-02
   12.982177734375000       -4.53336239E-02
   12.994384765625000       -4.53410447E-02
   13.006591796875000       -4.53486145E-02
   13.018798828125000       -4.53563929E-02
   13.031005859375000       -4.53643501E-02
   13.043212890625000       -4.53725159E-02
   13.055419921875000       -4.53808308E-02
   13.067626953125000       -4.53893542E-02
   13.079833984375000       -4.53980863E-02
   13.092041015625000       -4.54069674E-02
   13.104248046875000       -4.54160571E-02
   13.116455078125000       -4.54253256E-02
   13.128662109375000       -4.54348028E-02
   13.140869140625000       -4.54444587E-02
   13.153076171875000       -4.54542935E-02
   13.165283203125000       -4.54643071E-02
   13.177490234375000       -4.54745293E-02
   13.189697265625000       -4.54849303E-02
   13.201904296875000       -4.54955101E-02
   13.214111328125000       -4.55062985E-02
   13.226318359375000       -4.55172658E-02
   13.238525390625000       -4.55284119E-02
   13.250732421875000       -4.55397666E-02
   13.262939453125000       -4.55513000E-02
   13.275146484375000       -4.55630422E-02
   13.287353515625000       -4.55749631E-02
   13.299560546875000       -4.55870628E-02
   13.311767578125000       -4.55993712E-02
   13.323974609375000       -4.56118584E-02
   13.336181640625000       -4.56245244E-02
   13.348388671875000       -4.56373990E-02
   13.360595703125000       -4.56504822E-02
   13.372802734375000       -4.56637144E-02
   13.385009765625000       -4.56771553E-02
   13.397216796875000       -4.56908047E-02
   13.409423828125000       -4.57046330E-02
   13.421630859375000       -4.57186699E-02
   13.433837890625000       -4.57328558E-02
   13.446044921875000       -4.57472801E-02
   13.458251953125000       -4.57618833E-02
   13.470458984375000       -4.57766652E-02
   13.482666015625000       -4.57916558E-02
   13.494873046875000       -4.58068252E-02
   13.507080078125000       -4.58222032E-02
   13.519287109375000       -4.58377600E-02
   13.531494140625000       -4.58535254E-02
   13.543701171875000       -4.58694994E-02
   13.555908203125000       -4.58856523E-02
   13.568115234375000       -4.59019840E-02
   13.580322265625000       -4.59185243E-02
   13.592529296875000       -4.59352732E-02
   13.604736328125000       -4.59522009E-02
   13.616943359375000       -4.59693372E-02
   13.629150390625000       -4.59866524E-02
   13.641357421875000       -4.60041761E-02
   13.653564453125000       -4.60218787E-02
   13.665771484375000       -4.60397899E-02
   13.677978515625000       -4.60579097E-02
   13.690185546875000       -4.60762382E-02
   13.702392578125000       -4.60947454E-02
   13.714599609375000       -4.61134315E-02
   13.726806640625000       -4.61323559E-02
   13.739013671875000       -4.61514592E-02
   13.751220703125000       -4.61707413E-02
   13.763427734375000       -4.61902618E-02
   13.775634765625000       -4.62099612E-02
   13.787841796875000       -4.62298691E-02
   13.800048828125000       -4.62499559E-02
   13.812255859375000       -4.62702513E-02
   13.824462890625000       -4.62907553E-02
   13.836669921875000       -4.63114679E-02
   13.848876953125000       -4.63323891E-02
   13.861083984375000       -4.63534892E-02
   13.873291015625000       -4.63747978E-02
   13.885498046875000       -4.63963151E-02
   13.897705078125000       -4.64180410E-02
   13.909912109375000       -4.64399457E-02
   13.922119140625000       -4.64620590E-02
   13.934326171875000       -4.64844108E-02
   13.946533203125000       -4.65069413E-02
   13.958740234375000       -4.65296507E-02
   13.970947265625000       -4.65525985E-02
   13.983154296875000       -4.65757549E-02
   13.995361328125000       -4.65990901E-02
   14.007568359375000       -4.66226637E-02
   14.019775390625000       -4.66464162E-02
   14.031982421875000       -4.66704071E-02
   14.044189453125000       -4.66945767E-02
   14.056396484375000       -4.67189550E-02
   14.068603515625000       -4.67435718E-02
   14.080810546875000       -4.67683673E-02
   14.093017578125000       -4.67933714E-02
   14.105224609375000       -4.68185842E-02
   14.117431640625000       -4.68440354E-02
   14.129638671875000       -4.68696654E-02
   14.141845703125000       -4.68955040E-02
   14.154052734375000       -4.69215810E-02
   14.166259765625000       -4.69478369E-02
   14.178466796875000       -4.69743311E-02
   14.190673828125000       -4.70010340E-02
   14.202880859375000       -4.70279455E-02
   14.215087890625000       -4.70550656E-02
   14.227294921875000       -4.70823944E-02
   14.239501953125000       -4.71099317E-02
   14.251708984375000       -4.71377075E-02
   14.263916015625000       -4.71656621E-02
   14.276123046875000       -4.71938550E-02
   14.288330078125000       -4.72222567E-02
   14.300537109375000       -4.72508967E-02
   14.312744140625000       -4.72797155E-02
   14.324951171875000       -4.73087728E-02
   14.337158203125000       -4.73380387E-02
   14.349365234375000       -4.73675430E-02
   14.361572265625000       -4.73972559E-02
   14.373779296875000       -4.74271774E-02
   14.385986328125000       -4.74573076E-02
   14.398193359375000       -4.74876761E-02
   14.410400390625000       -4.75182831E-02
   14.422607421875000       -4.75490689E-02
   14.434814453125000       -4.75800931E-02
   14.447021484375000       -4.76113558E-02
   14.459228515625000       -4.76428270E-02
   14.471435546875000       -4.76745069E-02
   14.483642578125000       -4.77064252E-02
   14.495849609375000       -4.77385521E-02
   14.508056640625000       -4.77709174E-02
   14.520263671875000       -4.78035212E-02
   14.532470703125000       -4.78363335E-02
   14.544677734375000       -4.78693545E-02
   14.556884765625000       -4.79026139E-02
   14.569091796875000       -4.79361117E-02
   14.581298828125000       -4.79698181E-02
   14.593505859375000       -4.80037630E-02
   14.605712890625000       -4.80379462E-02
   14.617919921875000       -4.80723381E-02
   14.630126953125000       -4.81069684E-02
   14.642333984375000       -4.81418371E-02
   14.654541015625000       -4.81769145E-02
   14.666748046875000       -4.82122302E-02
   14.678955078125000       -4.82477844E-02
   14.691162109375000       -4.82835770E-02
   14.703369140625000       -4.83196080E-02
   14.715576171875000       -4.83558476E-02
   14.727783203125000       -4.83923256E-02
   14.739990234375000       -4.84290421E-02
   14.752197265625000       -4.84659970E-02
   14.764404296875000       -4.85031903E-02
   14.776611328125000       -4.85406220E-02
   14.788818359375000       -4.85782623E-02
   14.801025390625000       -4.86161709E-02
   14.813232421875000       -4.86542881E-02
   14.825439453125000       -4.86926734E-02
   14.837646484375000       -4.87312973E-02
   14.849853515625000       -4.87701297E-02
   14.862060546875000       -4.88092303E-02
   14.874267578125000       -4.88485694E-02
   14.886474609375000       -4.88881469E-02
   14.898681640625000       -4.89279628E-02
   14.910888671875000       -4.89680171E-02
   14.923095703125000       -4.90083098E-02
   14.935302734375000       -4.90488708E-02
   14.947509765625000       -4.90896702E-02
   14.959716796875000       -4.91306782E-02
   14.971923828125000       -4.91719842E-02
   14.984130859375000       -4.92134988E-02
   14.996337890625000       -4.92552817E-02
   15.008544921875000       -4.92973030E-02
   15.020751953125000       -4.93395627E-02
   15.032958984375000       -4.93820906E-02
   15.045166015625000       -4.94248569E-02
   15.057373046875000       -4.94678915E-02
   15.069580078125000       -4.95111644E-02
   15.081787109375000       -4.95547056E-02
   15.093994140625000       -4.95984852E-02
   15.106201171875000       -4.96425033E-02
   15.118408203125000       -4.96867895E-02
   15.130615234375000       -4.97313440E-02
   15.142822265625000       -4.97761369E-02
   15.155029296875000       -4.98211682E-02
   15.167236328125000       -4.98664975E-02
   15.179443359375000       -4.99120653E-02
   15.191650390625000       -4.99579012E-02
   15.203857421875000       -5.00039756E-02
   15.216064453125000       -5.00503182E-02
   15.228271484375000       -5.00969291E-02
   15.240478515625000       -5.01437783E-02
   15.252685546875000       -5.01909256E-02
   15.264892578125000       -5.02383113E-02
   15.277099609375000       -5.02859652E-02
   15.289306640625000       -5.03338873E-02
   15.301513671875000       -5.03820777E-02
   15.313720703125000       -5.04305363E-02
   15.325927734375000       -5.04792333E-02
   15.338134765625000       -5.05282283E-02
   15.350341796875000       -5.05774915E-02
   15.362548828125000       -5.06269932E-02
   15.374755859375000       -5.06767929E-02
   15.386962890625000       -5.07268608E-02
   15.399169921875000       -5.07771969E-02
   15.411376953125000       -5.08278012E-02
   15.423583984375000       -5.08786738E-02
   15.435791015625000       -5.09298444E-02
   15.447998046875000       -5.09812832E-02
   15.460205078125000       -5.10329902E-02
   15.472412109375000       -5.10849655E-02
   15.484619140625000       -5.11372089E-02
   15.496826171875000       -5.11897504E-02
   15.509033203125000       -5.12425601E-02
   15.521240234375000       -5.12956679E-02
   15.533447265625000       -5.13490438E-02
   15.545654296875000       -5.14027178E-02
   15.557861328125000       -5.14566600E-02
   15.570068359375000       -5.15108705E-02
   15.582275390625000       -5.15653789E-02
   15.594482421875000       -5.16201854E-02
   15.606689453125000       -5.16752601E-02
   15.618896484375000       -5.17306328E-02
   15.631103515625000       -5.17862737E-02
   15.643310546875000       -5.18422127E-02
   15.655517578125000       -5.18984497E-02
   15.667724609375000       -5.19549847E-02
   15.679931640625000       -5.20117879E-02
   15.692138671875000       -5.20688891E-02
   15.704345703125000       -5.21262884E-02
   15.716552734375000       -5.21839857E-02
   15.728759765625000       -5.22419810E-02
   15.740966796875000       -5.23002744E-02
   15.753173828125000       -5.23588359E-02
   15.765380859375000       -5.24177253E-02
   15.777587890625000       -5.24769127E-02
   15.789794921875000       -5.25363982E-02
   15.802001953125000       -5.25961816E-02
   15.814208984375000       -5.26562631E-02
   15.826416015625000       -5.27166426E-02
   15.838623046875000       -5.27773201E-02
   15.850830078125000       -5.28383255E-02
   15.863037109375000       -5.28996289E-02
   15.875244140625000       -5.29612303E-02
   15.887451171875000       -5.30231297E-02
   15.899658203125000       -5.30853570E-02
   15.911865234375000       -5.31479120E-02
   15.924072265625000       -5.32107353E-02
   15.936279296875000       -5.32739162E-02
   15.948486328125000       -5.33373654E-02
   15.960693359375000       -5.34011424E-02
   15.972900390625000       -5.34652472E-02
   15.985107421875000       -5.35296798E-02
   15.997314453125000       -5.35944104E-02
   16.009521484375000       -5.36594689E-02
   16.021728515625000       -5.37248254E-02
   16.033935546875000       -5.37905097E-02
   16.046142578125000       -5.38565218E-02
   16.058349609375000       -5.39228618E-02
   16.070556640625000       -5.39895296E-02
   16.082763671875000       -5.40564954E-02
   16.094970703125000       -5.41238189E-02
   16.107177734375000       -5.41914403E-02
   16.119384765625000       -5.42594194E-02
   16.131591796875000       -5.43276966E-02
   16.143798828125000       -5.43963313E-02
   16.156005859375000       -5.44652939E-02
   16.168212890625000       -5.45345843E-02
   16.180419921875000       -5.46042025E-02
   16.192626953125000       -5.46741486E-02
   16.204833984375000       -5.47444522E-02
   16.217041015625000       -5.48150837E-02
   16.229248046875000       -5.48860431E-02
   16.241455078125000       -5.49573600E-02
   16.253662109375000       -5.50290048E-02
   16.265869140625000       -5.51010072E-02
   16.278076171875000       -5.51733375E-02
   16.290283203125000       -5.52460253E-02
   16.302490234375000       -5.53190410E-02
   16.314697265625000       -5.53924143E-02
   16.326904296875000       -5.54661453E-02
   16.339111328125000       -5.55402040E-02
   16.351318359375000       -5.56146204E-02
   16.363525390625000       -5.56893945E-02
   16.375732421875000       -5.57645261E-02
   16.387939453125000       -5.58399856E-02
   16.400146484375000       -5.59158325E-02
   16.412353515625000       -5.59920371E-02
   16.424560546875000       -5.60685694E-02
   16.436767578125000       -5.61454892E-02
   16.448974609375000       -5.62227666E-02
   16.461181640625000       -5.63004017E-02
   16.473388671875000       -5.63783944E-02
   16.485595703125000       -5.64567447E-02
   16.497802734375000       -5.65354824E-02
   16.510009765625000       -5.66145778E-02
   16.522216796875000       -5.66940308E-02
   16.534423828125000       -5.67738712E-02
   16.546630859375000       -5.68540692E-02
   16.558837890625000       -5.69346249E-02
   16.571044921875000       -5.70155978E-02
   16.583251953125000       -5.70968986E-02
   16.595458984375000       -5.71786165E-02
   16.607666015625000       -5.72606921E-02
   16.619873046875000       -5.73431551E-02
   16.632080078125000       -5.74260056E-02
   16.644287109375000       -5.75092137E-02
   16.656494140625000       -5.75928092E-02
   16.668701171875000       -5.76768219E-02
   16.680908203125000       -5.77611923E-02
   16.693115234375000       -5.78459501E-02
   16.705322265625000       -5.79311252E-02
   16.717529296875000       -5.80166578E-02
   16.729736328125000       -5.81026077E-02
   16.741943359375000       -5.81889153E-02
   16.754150390625000       -5.82756400E-02
   16.766357421875000       -5.83627820E-02
   16.778564453125000       -5.84503114E-02
   16.790771484375000       -5.85382283E-02
   16.802978515625000       -5.86265326E-02
   16.815185546875000       -5.87152839E-02
   16.827392578125000       -5.88043928E-02
   16.839599609375000       -5.88939488E-02
   16.851806640625000       -5.89838624E-02
   16.864013671875000       -5.90742230E-02
   16.876220703125000       -5.91650009E-02
   16.888427734375000       -5.92561662E-02
   16.900634765625000       -5.93477488E-02
   16.912841796875000       -5.94397485E-02
   16.925048828125000       -5.95321655E-02
   16.937255859375000       -5.96249998E-02
   16.949462890625000       -5.97182512E-02
   16.961669921875000       -5.98119497E-02
   16.973876953125000       -5.99060357E-02
   16.986083984375000       -6.00005686E-02
   16.998291015625000       -6.00955188E-02
   17.010498046875000       -6.01908863E-02
   17.022705078125000       -6.02867007E-02
   17.034912109375000       -6.03829324E-02
   17.047119140625000       -6.04796112E-02
   17.059326171875000       -6.05767071E-02
   17.071533203125000       -6.06742501E-02
   17.083740234375000       -6.07722402E-02
   17.095947265625000       -6.08706474E-02
   17.108154296875000       -6.09695017E-02
   17.120361328125000       -6.10688031E-02
   17.132568359375000       -6.11685514E-02
   17.144775390625000       -6.12687469E-02
   17.156982421875000       -6.13693893E-02
   17.169189453125000       -6.14704788E-02
   17.181396484375000       -6.15720451E-02
   17.193603515625000       -6.16740286E-02
   17.205810546875000       -6.17764890E-02
   17.218017578125000       -6.18793964E-02
   17.230224609375000       -6.19827509E-02
   17.242431640625000       -6.20865822E-02
   17.254638671875000       -6.21908605E-02
   17.266845703125000       -6.22956157E-02
   17.279052734375000       -6.24008477E-02
   17.291259765625000       -6.25065267E-02
   17.303466796875000       -6.26126826E-02
   17.315673828125000       -6.27193153E-02
   17.327880859375000       -6.28263950E-02
   17.340087890625000       -6.29339814E-02
   17.352294921875000       -6.30420446E-02
   17.364501953125000       -6.31505549E-02
   17.376708984375000       -6.32595718E-02
   17.388916015625000       -6.33690655E-02
   17.401123046875000       -6.34790361E-02
   17.413330078125000       -6.35895133E-02
   17.425537109375000       -6.37004673E-02
   17.437744140625000       -6.38118982E-02
   17.449951171875000       -6.39238358E-02
   17.462158203125000       -6.40362799E-02
   17.474365234375000       -6.41492009E-02
   17.486572265625000       -6.42626286E-02
   17.498779296875000       -6.43765330E-02
   17.510986328125000       -6.44909739E-02
   17.523193359375000       -6.46058917E-02
   17.535400390625000       -6.47213161E-02
   17.547607421875000       -6.48372769E-02
   17.559814453125000       -6.49537146E-02
   17.572021484375000       -6.50706887E-02
   17.584228515625000       -6.51881695E-02
   17.596435546875000       -6.53061867E-02
   17.608642578125000       -6.54246807E-02
   17.620849609375000       -6.55437112E-02
   17.633056640625000       -6.56632781E-02
   17.645263671875000       -6.57833815E-02
   17.657470703125000       -6.59039915E-02
   17.669677734375000       -6.60251081E-02
   17.681884765625000       -6.61467910E-02
   17.694091796875000       -6.62689805E-02
   17.706298828125000       -6.63917363E-02
   17.718505859375000       -6.65149987E-02
   17.730712890625000       -6.66388273E-02
   17.742919921875000       -6.67631924E-02
   17.755126953125000       -6.68880939E-02
   17.767333984375000       -6.70135319E-02
   17.779541015625000       -6.71395361E-02
   17.791748046875000       -6.72660768E-02
   17.803955078125000       -6.73931837E-02
   17.816162109375000       -6.75208569E-02
   17.828369140625000       -6.76490664E-02
   17.840576171875000       -6.77778423E-02
   17.852783203125000       -6.79071844E-02
   17.864990234375000       -6.80370927E-02
   17.877197265625000       -6.81675673E-02
   17.889404296875000       -6.82986081E-02
   17.901611328125000       -6.84302151E-02
   17.913818359375000       -6.85623884E-02
   17.926025390625000       -6.86951578E-02
   17.938232421875000       -6.88284934E-02
   17.950439453125000       -6.89624250E-02
   17.962646484375000       -6.90969229E-02
   17.974853515625000       -6.92320168E-02
   17.987060546875000       -6.93677068E-02
   17.999267578125000       -6.95039630E-02
   18.011474609375000       -6.96408153E-02
   18.023681640625000       -6.97782934E-02
   18.035888671875000       -6.99163377E-02
   18.048095703125000       -7.00550079E-02
   18.060302734375000       -7.01942742E-02
   18.072509765625000       -7.03341365E-02
   18.084716796875000       -7.04745948E-02
   18.096923828125000       -7.06157088E-02
   18.109130859375000       -7.07573891E-02
   18.121337890625000       -7.08997250E-02
   18.133544921875000       -7.10426569E-02
   18.145751953125000       -7.11862147E-02
   18.157958984375000       -7.13303685E-02
   18.170166015625000       -7.14751780E-02
   18.182373046875000       -7.16206133E-02
   18.194580078125000       -7.17666745E-02
   18.206787109375000       -7.19133914E-02
   18.218994140625000       -7.20607340E-02
   18.231201171875000       -7.22087026E-02
   18.243408203125000       -7.23573267E-02
   18.255615234375000       -7.25065768E-02
   18.267822265625000       -7.26564825E-02
   18.280029296875000       -7.28070438E-02
   18.292236328125000       -7.29582608E-02
   18.304443359375000       -7.31101334E-02
   18.316650390625000       -7.32626617E-02
   18.328857421875000       -7.34158754E-02
   18.341064453125000       -7.35697150E-02
   18.353271484375000       -7.37242401E-02
   18.365478515625000       -7.38794208E-02
   18.377685546875000       -7.40352869E-02
   18.389892578125000       -7.41918385E-02
   18.402099609375000       -7.43490756E-02
   18.414306640625000       -7.45069683E-02
   18.426513671875000       -7.46655464E-02
   18.438720703125000       -7.48248100E-02
   18.450927734375000       -7.49847889E-02
   18.463134765625000       -7.51454532E-02
   18.475341796875000       -7.53068030E-02
   18.487548828125000       -7.54688382E-02
   18.499755859375000       -7.56315887E-02
   18.511962890625000       -7.57950544E-02
   18.524169921875000       -7.59592056E-02
   18.536376953125000       -7.61241019E-02
   18.548583984375000       -7.62896836E-02
   18.560791015625000       -7.64560103E-02
   18.572998046875000       -7.66230226E-02
   18.585205078125000       -7.67907798E-02
   18.597412109375000       -7.69592524E-02
   18.609619140625000       -7.71284699E-02
   18.621826171875000       -7.72984028E-02
   18.634033203125000       -7.74690807E-02
   18.646240234375000       -7.76405036E-02
   18.658447265625000       -7.78126419E-02
   18.670654296875000       -7.79855549E-02
   18.682861328125000       -7.81592131E-02
   18.695068359375000       -7.83336163E-02
   18.707275390625000       -7.85087645E-02
   18.719482421875000       -7.86846876E-02
   18.731689453125000       -7.88613856E-02
   18.743896484375000       -7.90388286E-02
   18.756103515625000       -7.92170465E-02
   18.768310546875000       -7.93960094E-02
   18.780517578125000       -7.95757771E-02
   18.792724609375000       -7.97563195E-02
   18.804931640625000       -7.99376369E-02
   18.817138671875000       -8.01197290E-02
   18.829345703125000       -8.03026259E-02
   18.841552734375000       -8.04863274E-02
   18.853759765625000       -8.06708038E-02
   18.865966796875000       -8.08560848E-02
   18.878173828125000       -8.10421705E-02
   18.890380859375000       -8.12290609E-02
   18.902587890625000       -8.14167559E-02
   18.914794921875000       -8.16052556E-02
   18.927001953125000       -8.17945898E-02
   18.939208984375000       -8.19847584E-02
   18.951416015625000       -8.21757317E-02
   18.963623046875000       -8.23675096E-02
   18.975830078125000       -8.25601518E-02
   18.988037109375000       -8.27536285E-02
   19.000244140625000       -8.29479098E-02
   19.012451171875000       -8.31430554E-02
   19.024658203125000       -8.33390653E-02
   19.036865234375000       -8.35359097E-02
   19.049072265625000       -8.37335885E-02
   19.061279296875000       -8.39321315E-02
   19.073486328125000       -8.41315687E-02
   19.085693359375000       -8.43318403E-02
   19.097900390625000       -8.45329762E-02
   19.110107421875000       -8.47350061E-02
   19.122314453125000       -8.49379003E-02
   19.134521484375000       -8.51416588E-02
   19.146728515625000       -8.53463113E-02
   19.158935546875000       -8.55518579E-02
   19.171142578125000       -8.57582986E-02
   19.183349609375000       -8.59656334E-02
   19.195556640625000       -8.61738622E-02
   19.207763671875000       -8.63829851E-02
   19.219970703125000       -8.65930319E-02
   19.232177734375000       -8.68040025E-02
   19.244384765625000       -8.70158672E-02
   19.256591796875000       -8.72286558E-02
   19.268798828125000       -8.74423683E-02
   19.281005859375000       -8.76570046E-02
   19.293212890625000       -8.78725946E-02
   19.305419921875000       -8.80891085E-02
   19.317626953125000       -8.83065462E-02
   19.329833984375000       -8.85249376E-02
   19.342041015625000       -8.87442827E-02
   19.354248046875000       -8.89645815E-02
   19.366455078125000       -8.91858339E-02
   19.378662109375000       -8.94080698E-02
   19.390869140625000       -8.96312594E-02
   19.403076171875000       -8.98554027E-02
   19.415283203125000       -9.00805295E-02
   19.427490234375000       -9.03066397E-02
   19.439697265625000       -9.05337334E-02
   19.451904296875000       -9.07618105E-02
   19.464111328125000       -9.09908712E-02
   19.476318359375000       -9.12209451E-02
   19.488525390625000       -9.14520025E-02
   19.500732421875000       -9.16841030E-02
   19.512939453125000       -9.19171870E-02
   19.525146484375000       -9.21512842E-02
   19.537353515625000       -9.23863947E-02
   19.549560546875000       -9.26225483E-02
   19.561767578125000       -9.28597152E-02
   19.573974609375000       -9.30979252E-02
   19.586181640625000       -9.33371782E-02
   19.598388671875000       -9.35774446E-02
   19.610595703125000       -9.38187838E-02
   19.622802734375000       -9.40611660E-02
   19.635009765625000       -9.43046212E-02
   19.647216796875000       -9.45491195E-02
   19.659423828125000       -9.47946906E-02
   19.671630859375000       -9.50413346E-02
   19.683837890625000       -9.52890515E-02
   19.696044921875000       -9.55378711E-02
   19.708251953125000       -9.57877636E-02
   19.720458984375000       -9.60387290E-02
   19.732666015625000       -9.62907970E-02
   19.744873046875000       -9.65439677E-02
   19.757080078125000       -9.67982709E-02
   19.769287109375000       -9.70536470E-02
   19.781494140625000       -9.73101556E-02
   19.793701171875000       -9.75677967E-02
   19.805908203125000       -9.78265405E-02
   19.818115234375000       -9.80864465E-02
   19.830322265625000       -9.83474553E-02
   19.842529296875000       -9.86096263E-02
   19.854736328125000       -9.88729596E-02
   19.866943359375000       -9.91374254E-02
   19.879150390625000       -9.94030535E-02
   19.891357421875000       -9.96698439E-02
   19.903564453125000       -9.99377966E-02
   19.915771484375000      -0.100206912    
   19.927978515625000      -0.100477219    
   19.940185546875000      -0.100748718    
   19.952392578125000      -0.101021409    
   19.964599609375000      -0.101295292    
   19.976806640625000      -0.101570368    
   19.989013671875000      -0.101846665    
   20.001220703125000      -0.102124155    
   20.013427734375000      -0.102402866    
   20.025634765625000      -0.102682829    
   20.037841796875000      -0.102963984    
   20.050048828125000      -0.103246391    
   20.062255859375000      -0.103530049    
   20.074462890625000      -0.103814930    
   20.086669921875000      -0.104101092    
   20.098876953125000      -0.104388475    
   20.111083984375000      -0.104677141    
   20.123291015625000      -0.104967088    
   20.135498046875000      -0.105258316    
   20.147705078125000      -0.105550796    
   20.159912109375000      -0.105844587    
   20.172119140625000      -0.106139660    
   20.184326171875000      -0.106436014    
   20.196533203125000      -0.106733710    
   20.208740234375000      -0.107032686    
   20.220947265625000      -0.107333004    
   20.233154296875000      -0.107634634    
   20.245361328125000      -0.107937604    
   20.257568359375000      -0.108241886    
   20.269775390625000      -0.108547539    
   20.281982421875000      -0.108854532    
   20.294189453125000      -0.109162867    
   20.306396484375000      -0.109472573    
   20.318603515625000      -0.109783649    
   20.330810546875000      -0.110096097    
   20.343017578125000      -0.110409945    
   20.355224609375000      -0.110725135    
   20.367431640625000      -0.111041754    
   20.379638671875000      -0.111359775    
   20.391845703125000      -0.111679196    
   20.404052734375000      -0.112000018    
   20.416259765625000      -0.112322271    
   20.428466796875000      -0.112645954    
   20.440673828125000      -0.112971067    
   20.452880859375000      -0.113297611    
   20.465087890625000      -0.113625616    
   20.477294921875000      -0.113955081    
   20.489501953125000      -0.114285976    
   20.501708984375000      -0.114618361    
   20.513916015625000      -0.114952236    
   20.526123046875000      -0.115287572    
   20.538330078125000      -0.115624398    
   20.550537109375000      -0.115962714    
   20.562744140625000      -0.116302550    
   20.574951171875000      -0.116643906    
   20.587158203125000      -0.116986752    
   20.599365234375000      -0.117331147    
   20.611572265625000      -0.117677063    
   20.623779296875000      -0.118024498    
   20.635986328125000      -0.118373513    
   20.648193359375000      -0.118724048    
   20.660400390625000      -0.119076163    
   20.672607421875000      -0.119429857    
   20.684814453125000      -0.119785130    
   20.697021484375000      -0.120141953    
   20.709228515625000      -0.120500386    
   20.721435546875000      -0.120860428    
   20.733642578125000      -0.121222079    
   20.745849609375000      -0.121585339    
   20.758056640625000      -0.121950209    
   20.770263671875000      -0.122316718    
   20.782470703125000      -0.122684866    
   20.794677734375000      -0.123054653    
   20.806884765625000      -0.123426110    
   20.819091796875000      -0.123799235    
   20.831298828125000      -0.124173999    
   20.843505859375000      -0.124550462    
   20.855712890625000      -0.124928623    
   20.867919921875000      -0.125308454    
   20.880126953125000      -0.125689983    
   20.892333984375000      -0.126073241    
   20.904541015625000      -0.126458228    
   20.916748046875000      -0.126844913    
   20.928955078125000      -0.127233356    
   20.941162109375000      -0.127623528    
   20.953369140625000      -0.128015459    
   20.965576171875000      -0.128409147    
   20.977783203125000      -0.128804624    
   20.989990234375000      -0.129201859    
   21.002197265625000      -0.129600883    
   21.014404296875000      -0.130001724    
   21.026611328125000      -0.130404353    
   21.038818359375000      -0.130808800    
   21.051025390625000      -0.131215066    
   21.063232421875000      -0.131623179    
   21.075439453125000      -0.132033110    
   21.087646484375000      -0.132444888    
   21.099853515625000      -0.132858545    
   21.112060546875000      -0.133274049    
   21.124267578125000      -0.133691460    
   21.136474609375000      -0.134110719    
   21.148681640625000      -0.134531915    
   21.160888671875000      -0.134954989    
   21.173095703125000      -0.135379970    
   21.185302734375000      -0.135806888    
   21.197509765625000      -0.136235744    
   21.209716796875000      -0.136666536    
   21.221923828125000      -0.137099296    
   21.234130859375000      -0.137533993    
   21.246337890625000      -0.137970686    
   21.258544921875000      -0.138409346    
   21.270751953125000      -0.138850003    
   21.282958984375000      -0.139292657    
   21.295166015625000      -0.139737338    
   21.307373046875000      -0.140184015    
   21.319580078125000      -0.140632749    
   21.331787109375000      -0.141083509    
   21.343994140625000      -0.141536325    
   21.356201171875000      -0.141991198    
   21.368408203125000      -0.142448157    
   21.380615234375000      -0.142907202    
   21.392822265625000      -0.143368334    
   21.405029296875000      -0.143831581    
   21.417236328125000      -0.144296914    
   21.429443359375000      -0.144764394    
   21.441650390625000      -0.145234019    
   21.453857421875000      -0.145705760    
   21.466064453125000      -0.146179706    
   21.478271484375000      -0.146655768    
   21.490478515625000      -0.147134066    
   21.502685546875000      -0.147614509    
   21.514892578125000      -0.148097187    
   21.527099609375000      -0.148582041    
   21.539306640625000      -0.149069160    
   21.551513671875000      -0.149558485    
   21.563720703125000      -0.150050074    
   21.575927734375000      -0.150543928    
   21.588134765625000      -0.151040047    
   21.600341796875000      -0.151538461    
   21.612548828125000      -0.152039140    
   21.624755859375000      -0.152542144    
   21.636962890625000      -0.153047472    
   21.649169921875000      -0.153555125    
   21.661376953125000      -0.154065102    
   21.673583984375000      -0.154577464    
   21.685791015625000      -0.155092180    
   21.697998046875000      -0.155609250    
   21.710205078125000      -0.156128734    
   21.722412109375000      -0.156650633    
   21.734619140625000      -0.157174945    
   21.746826171875000      -0.157701671    
   21.759033203125000      -0.158230841    
   21.771240234375000      -0.158762485    
   21.783447265625000      -0.159296572    
   21.795654296875000      -0.159833163    
   21.807861328125000      -0.160372227    
   21.820068359375000      -0.160913795    
   21.832275390625000      -0.161457896    
   21.844482421875000      -0.162004530    
   21.856689453125000      -0.162553698    
   21.868896484375000      -0.163105428    
   21.881103515625000      -0.163659751    
   21.893310546875000      -0.164216638    
   21.905517578125000      -0.164776146    
   21.917724609375000      -0.165338248    
   21.929931640625000      -0.165903002    
   21.942138671875000      -0.166470379    
   21.954345703125000      -0.167040408    
   21.966552734375000      -0.167613119    
   21.978759765625000      -0.168188542    
   21.990966796875000      -0.168766618    
   22.003173828125000      -0.169347435    
   22.015380859375000      -0.169930995    
   22.027587890625000      -0.170517266    
   22.039794921875000      -0.171106339    
   22.052001953125000      -0.171698153    
   22.064208984375000      -0.172292769    
   22.076416015625000      -0.172890186    
   22.088623046875000      -0.173490435    
   22.100830078125000      -0.174093485    
   22.113037109375000      -0.174699426    
   22.125244140625000      -0.175308228    
   22.137451171875000      -0.175919890    
   22.149658203125000      -0.176534474    
   22.161865234375000      -0.177151948    
   22.174072265625000      -0.177772373    
   22.186279296875000      -0.178395748    
   22.198486328125000      -0.179022074    
   22.210693359375000      -0.179651409    
   22.222900390625000      -0.180283725    
   22.235107421875000      -0.180919051    
   22.247314453125000      -0.181557387    
   22.259521484375000      -0.182198822    
   22.271728515625000      -0.182843268    
   22.283935546875000      -0.183490843    
   22.296142578125000      -0.184141487    
   22.308349609375000      -0.184795290    
   22.320556640625000      -0.185452193    
   22.332763671875000      -0.186112255    
   22.344970703125000      -0.186775506    
   22.357177734375000      -0.187441945    
   22.369384765625000      -0.188111573    
   22.381591796875000      -0.188784450    
   22.393798828125000      -0.189460576    
   22.406005859375000      -0.190139949    
   22.418212890625000      -0.190822631    
   22.430419921875000      -0.191508591    
   22.442626953125000      -0.192197889    
   22.454833984375000      -0.192890555    
   22.467041015625000      -0.193586558    
   22.479248046875000      -0.194285929    
   22.491455078125000      -0.194988728    
   22.503662109375000      -0.195694953    
   22.515869140625000      -0.196404636    
   22.528076171875000      -0.197117746    
   22.540283203125000      -0.197834373    
   22.552490234375000      -0.198554516    
   22.564697265625000      -0.199278146    
   22.576904296875000      -0.200005352    
   22.589111328125000      -0.200736135    
   22.601318359375000      -0.201470524    
   22.613525390625000      -0.202208519    
   22.625732421875000      -0.202950150    
   22.637939453125000      -0.203695446    
   22.650146484375000      -0.204444438    
   22.662353515625000      -0.205197126    
   22.674560546875000      -0.205953538    
   22.686767578125000      -0.206713706    
   22.698974609375000      -0.207477659    
   22.711181640625000      -0.208245426    
   22.723388671875000      -0.209017009    
   22.735595703125000      -0.209792465    
   22.747802734375000      -0.210571766    
   22.760009765625000      -0.211355001    
   22.772216796875000      -0.212142140    
   22.784423828125000      -0.212933242    
   22.796630859375000      -0.213728338    
   22.808837890625000      -0.214527428    
   22.821044921875000      -0.215330571    
   22.833251953125000      -0.216137737    
   22.845458984375000      -0.216949016    
   22.857666015625000      -0.217764407    
   22.869873046875000      -0.218583941    
   22.882080078125000      -0.219407648    
   22.894287109375000      -0.220235556    
   22.906494140625000      -0.221067667    
   22.918701171875000      -0.221904069    
   22.930908203125000      -0.222744733    
   22.943115234375000      -0.223589748    
   22.955322265625000      -0.224439085    
   22.967529296875000      -0.225292802    
   22.979736328125000      -0.226150930    
   22.991943359375000      -0.227013499    
   23.004150390625000      -0.227880567    
   23.016357421875000      -0.228752106    
   23.028564453125000      -0.229628205    
   23.040771484375000      -0.230508894    
   23.052978515625000      -0.231394142    
   23.065185546875000      -0.232284069    
   23.077392578125000      -0.233178645    
   23.089599609375000      -0.234077960    
   23.101806640625000      -0.234982014    
   23.114013671875000      -0.235890836    
   23.126220703125000      -0.236804485    
   23.138427734375000      -0.237722963    
   23.150634765625000      -0.238646358    
   23.162841796875000      -0.239574701    
   23.175048828125000      -0.240507990    
   23.187255859375000      -0.241446286    
   23.199462890625000      -0.242389649    
   23.211669921875000      -0.243338108    
   23.223876953125000      -0.244291693    
   23.236083984375000      -0.245250434    
   23.248291015625000      -0.246214420    
   23.260498046875000      -0.247183651    
   23.272705078125000      -0.248158187    
   23.284912109375000      -0.249138057    
   23.297119140625000      -0.250123322    
   23.309326171875000      -0.251114070    
   23.321533203125000      -0.252110243    
   23.333740234375000      -0.253112018    
   23.345947265625000      -0.254119337    
   23.358154296875000      -0.255132258    
   23.370361328125000      -0.256150901    
   23.382568359375000      -0.257175267    
   23.394775390625000      -0.258205444    
   23.406982421875000      -0.259241432    
   23.419189453125000      -0.260283321    
   23.431396484375000      -0.261331141    
   23.443603515625000      -0.262384981    
   23.455810546875000      -0.263444901    
   23.468017578125000      -0.264510870    
   23.480224609375000      -0.265583098    
   23.492431640625000      -0.266661525    
   23.504638671875000      -0.267746210    
   23.516845703125000      -0.268837303    
   23.529052734375000      -0.269934803    
   23.541259765625000      -0.271038800    
   23.553466796875000      -0.272149324    
   23.565673828125000      -0.273266494    
   23.577880859375000      -0.274390370    
   23.590087890625000      -0.275520980    
   23.602294921875000      -0.276658416    
   23.614501953125000      -0.277802795    
   23.626708984375000      -0.278954148    
   23.638916015625000      -0.280112505    
   23.651123046875000      -0.281278044    
   23.663330078125000      -0.282450795    
   23.675537109375000      -0.283630788    
   23.687744140625000      -0.284818232    
   23.699951171875000      -0.286013067    
   23.712158203125000      -0.287215501    
   23.724365234375000      -0.288425565    
   23.736572265625000      -0.289643347    
   23.748779296875000      -0.290868938    
   23.760986328125000      -0.292102456    
   23.773193359375000      -0.293343991    
   23.785400390625000      -0.294593632    
   23.797607421875000      -0.295851469    
   23.809814453125000      -0.297117651    
   23.822021484375000      -0.298392236    
   23.834228515625000      -0.299675345    
   23.846435546875000      -0.300967097    
   23.858642578125000      -0.302267641    
   23.870849609375000      -0.303577006    
   23.883056640625000      -0.304895401    
   23.895263671875000      -0.306222916    
   23.907470703125000      -0.307559669    
   23.919677734375000      -0.308905780    
   23.931884765625000      -0.310261399    
   23.944091796875000      -0.311626673    
   23.956298828125000      -0.313001692    
   23.968505859375000      -0.314386666    
   23.980712890625000      -0.315781683    
   23.992919921875000      -0.317186952    
   24.005126953125000      -0.318602562    
   24.017333984375000      -0.320028722    
   24.029541015625000      -0.321465552    
   24.041748046875000      -0.322913289    
   24.053955078125000      -0.324372053    
   24.066162109375000      -0.325841993    
   24.078369140625000      -0.327323347    
   24.090576171875000      -0.328816295    
   24.102783203125000      -0.330321014    
   24.114990234375000      -0.331837684    
   24.127197265625000      -0.333366513    
   24.139404296875000      -0.334907770    
   24.151611328125000      -0.336461604    
   24.163818359375000      -0.338028252    
   24.176025390625000      -0.339607954    
   24.188232421875000      -0.341200888    
   24.200439453125000      -0.342807412    
   24.212646484375000      -0.344427675    
   24.224853515625000      -0.346061945    
   24.237060546875000      -0.347710550    
   24.249267578125000      -0.349373698    
   24.261474609375000      -0.351051658    
   24.273681640625000      -0.352744758    
   24.285888671875000      -0.354453295    
   24.298095703125000      -0.356177568    
   24.310302734375000      -0.357917905    
   24.322509765625000      -0.359674573    
   24.334716796875000      -0.361447990    
   24.346923828125000      -0.363238454    
   24.359130859375000      -0.365046322    
   24.371337890625000      -0.366871953    
   24.383544921875000      -0.368715823    
   24.395751953125000      -0.370578200    
   24.407958984375000      -0.372459561    
   24.420166015625000      -0.374360323    
   24.432373046875000      -0.376280874    
   24.444580078125000      -0.378221720    
   24.456787109375000      -0.380183309    
   24.468994140625000      -0.382166088    
   24.481201171875000      -0.384170592    
   24.493408203125000      -0.386197269    
   24.505615234375000      -0.388246745    
   24.517822265625000      -0.390319526    
   24.530029296875000      -0.392416120    
   24.542236328125000      -0.394537210    
   24.554443359375000      -0.396683335    
   24.566650390625000      -0.398855120    
   24.578857421875000      -0.401053250    
   24.591064453125000      -0.403278381    
   24.603271484375000      -0.405531228    
   24.615478515625000      -0.407812476    
   24.627685546875000      -0.410122871    
   24.639892578125000      -0.412463218    
   24.652099609375000      -0.414834291    
   24.664306640625000      -0.417236924    
   24.676513671875000      -0.419672012    
   24.688720703125000      -0.422140419    
   24.700927734375000      -0.424643040    
   24.713134765625000      -0.427180856    
   24.725341796875000      -0.429754883    
   24.737548828125000      -0.432366133    
   24.749755859375000      -0.435015678    
   24.761962890625000      -0.437704593    
   24.774169921875000      -0.440434098    
   24.786376953125000      -0.443205327    
   24.798583984375000      -0.446019560    
   24.810791015625000      -0.448878050    
   24.822998046875000      -0.451782167    
   24.835205078125000      -0.454733253    
   24.847412109375000      -0.457732797    
   24.859619140625000      -0.460782260    
   24.871826171875000      -0.463883251    
   24.884033203125000      -0.467037320    
   24.896240234375000      -0.470246226    
   24.908447265625000      -0.473511577    
   24.920654296875000      -0.476835400    
   24.932861328125000      -0.480219305    
   24.945068359375000      -0.483665645    
   24.957275390625000      -0.487175912    
   24.969482421875000      -0.490753025    
   24.981689453125000      -0.494397849    
   24.993896484375000      -0.498115748    
