   6.1035156250000000E-003 -0.497615397    
   1.8310546875000000E-002 -0.492897213    
   3.0517578125000000E-002 -0.488253325    
   4.2724609375000000E-002 -0.483679086    
   5.4931640625000000E-002 -0.479174316    
   6.7138671875000000E-002 -0.474736780    
   7.9345703125000000E-002 -0.470365554    
   9.1552734375000000E-002 -0.466058880    
  0.10375976562500000      -0.461815655    
  0.11596679687500000      -0.457634389    
  0.12817382812500000      -0.453513950    
  0.14038085937500000      -0.449452937    
  0.15258789062500000      -0.445450246    
  0.16479492187500000      -0.441504627    
  0.17700195312500000      -0.437614977    
  0.18920898437500000      -0.433780104    
  0.20141601562500000      -0.429998994    
  0.21362304687500000      -0.426270515    
  0.22583007812500000      -0.422593713    
  0.23803710937500000      -0.418967485    
  0.25024414062500000      -0.415390909    
  0.26245117187500000      -0.411862969    
  0.27465820312500000      -0.408382803    
  0.28686523437500000      -0.404949456    
  0.29907226562500000      -0.401562065    
  0.31127929687500000      -0.398219705    
  0.32348632812500000      -0.394921601    
  0.33569335937500000      -0.391666859    
  0.34790039062500000      -0.388454765    
  0.36010742187500000      -0.385284424    
  0.37231445312500000      -0.382155180    
  0.38452148437500000      -0.379066229    
  0.39672851562500000      -0.376016855    
  0.40893554687500000      -0.373006314    
  0.42114257812500000      -0.370033979    
  0.43334960937500000      -0.367099106    
  0.44555664062500000      -0.364201069    
  0.45776367187500000      -0.361339182    
  0.46997070312500000      -0.358512878    
  0.48217773437500000      -0.355721474    
  0.49438476562500000      -0.352964461    
  0.50659179687500000      -0.350241125    
  0.51879882812500000      -0.347550988    
  0.53100585937500000      -0.344893426    
  0.54321289062500000      -0.342267931    
  0.55541992187500000      -0.339673966    
  0.56762695312500000      -0.337110966    
  0.57983398437500000      -0.334578454    
  0.59204101562500000      -0.332075894    
  0.60424804687500000      -0.329602838    
  0.61645507812500000      -0.327158779    
  0.62866210937500000      -0.324743241    
  0.64086914062500000      -0.322355777    
  0.65307617187500000      -0.319995940    
  0.66528320312500000      -0.317663282    
  0.67749023437500000      -0.315357357    
  0.68969726562500000      -0.313077778    
  0.70190429687500000      -0.310824096    
  0.71411132812500000      -0.308595926    
  0.72631835937500000      -0.306392878    
  0.73852539062500000      -0.304214537    
  0.75073242187500000      -0.302060544    
  0.76293945312500000      -0.299930543    
  0.77514648437500000      -0.297824115    
  0.78735351562500000      -0.295740962    
  0.79956054687500000      -0.293680698    
  0.81176757812500000      -0.291642964    
  0.82397460937500000      -0.289627492    
  0.83618164062500000      -0.287633896    
  0.84838867187500000      -0.285661846    
  0.86059570312500000      -0.283711076    
  0.87280273437500000      -0.281781226    
  0.88500976562500000      -0.279872000    
  0.89721679687500000      -0.277983129    
  0.90942382812500000      -0.276114315    
  0.92163085937500000      -0.274265230    
  0.93383789062500000      -0.272435606    
  0.94604492187500000      -0.270625234    
  0.95825195312500000      -0.268833727    
  0.97045898437500000      -0.267060906    
  0.98266601562500000      -0.265306473    
  0.99487304687500000      -0.263570189    
   1.0070800781250000      -0.261851817    
   1.0192871093750000      -0.260151058    
   1.0314941406250000      -0.258467704    
   1.0437011718750000      -0.256801516    
   1.0559082031250000      -0.255152255    
   1.0681152343750000      -0.253519684    
   1.0803222656250000      -0.251903594    
   1.0925292968750000      -0.250303745    
   1.1047363281250000      -0.248719931    
   1.1169433593750000      -0.247151941    
   1.1291503906250000      -0.245599568    
   1.1413574218750000      -0.244062603    
   1.1535644531250000      -0.242540807    
   1.1657714843750000      -0.241034031    
   1.1779785156250000      -0.239542067    
   1.1901855468750000      -0.238064706    
   1.2023925781250000      -0.236601770    
   1.2145996093750000      -0.235153049    
   1.2268066406250000      -0.233718395    
   1.2390136718750000      -0.232297629    
   1.2512207031250000      -0.230890542    
   1.2634277343750000      -0.229496986    
   1.2756347656250000      -0.228116781    
   1.2878417968750000      -0.226749778    
   1.3000488281250000      -0.225395769    
   1.3122558593750000      -0.224054605    
   1.3244628906250000      -0.222726166    
   1.3366699218750000      -0.221410245    
   1.3488769531250000      -0.220106721    
   1.3610839843750000      -0.218815416    
   1.3732910156250000      -0.217536181    
   1.3854980468750000      -0.216268897    
   1.3977050781250000      -0.215013385    
   1.4099121093750000      -0.213769525    
   1.4221191406250000      -0.212537169    
   1.4343261718750000      -0.211316168    
   1.4465332031250000      -0.210106403    
   1.4587402343750000      -0.208907723    
   1.4709472656250000      -0.207720011    
   1.4831542968750000      -0.206543148    
   1.4953613281250000      -0.205376953    
   1.5075683593750000      -0.204221368    
   1.5197753906250000      -0.203076214    
   1.5319824218750000      -0.201941401    
   1.5441894531250000      -0.200816780    
   1.5563964843750000      -0.199702263    
   1.5686035156250000      -0.198597699    
   1.5808105468750000      -0.197503000    
   1.5930175781250000      -0.196418047    
   1.6052246093750000      -0.195342749    
   1.6174316406250000      -0.194276929    
   1.6296386718750000      -0.193220556    
   1.6418457031250000      -0.192173481    
   1.6540527343750000      -0.191135585    
   1.6662597656250000      -0.190106809    
   1.6784667968750000      -0.189087003    
   1.6906738281250000      -0.188076109    
   1.7028808593750000      -0.187074006    
   1.7150878906250000      -0.186080575    
   1.7272949218750000      -0.185095757    
   1.7395019531250000      -0.184119433    
   1.7517089843750000      -0.183151513    
   1.7639160156250000      -0.182191908    
   1.7761230468750000      -0.181240529    
   1.7883300781250000      -0.180297285    
   1.8005371093750000      -0.179362088    
   1.8127441406250000      -0.178434849    
   1.8249511718750000      -0.177515477    
   1.8371582031250000      -0.176603854    
   1.8493652343750000      -0.175699979    
   1.8615722656250000      -0.174803674    
   1.8737792968750000      -0.173914939    
   1.8859863281250000      -0.173033625    
   1.8981933593750000      -0.172159702    
   1.9104003906250000      -0.171293080    
   1.9226074218750000      -0.170433670    
   1.9348144531250000      -0.169581383    
   1.9470214843750000      -0.168736190    
   1.9592285156250000      -0.167897969    
   1.9714355468750000      -0.167066664    
   1.9836425781250000      -0.166242182    
   1.9958496093750000      -0.165424496    
   2.0080566406250000      -0.164613515    
   2.0202636718750000      -0.163809150    
   2.0324707031250000      -0.163011342    
   2.0446777343750000      -0.162220031    
   2.0568847656250000      -0.161435157    
   2.0690917968750000      -0.160656631    
   2.0812988281250000      -0.159884423    
   2.0935058593750000      -0.159118414    
   2.1057128906250000      -0.158358574    
   2.1179199218750000      -0.157604843    
   2.1301269531250000      -0.156857163    
   2.1423339843750000      -0.156115472    
   2.1545410156250000      -0.155379683    
   2.1667480468750000      -0.154649734    
   2.1789550781250000      -0.153925598    
   2.1911621093750000      -0.153207213    
   2.2033691406250000      -0.152494490    
   2.2155761718750000      -0.151787430    
   2.2277832031250000      -0.151085913    
   2.2399902343750000      -0.150389910    
   2.2521972656250000      -0.149699360    
   2.2644042968750000      -0.149014235    
   2.2766113281250000      -0.148334444    
   2.2888183593750000      -0.147659957    
   2.3010253906250000      -0.146990716    
   2.3132324218750000      -0.146326661    
   2.3254394531250000      -0.145667762    
   2.3376464843750000      -0.145013958    
   2.3498535156250000      -0.144365191    
   2.3620605468750000      -0.143721402    
   2.3742675781250000      -0.143082589    
   2.3864746093750000      -0.142448664    
   2.3986816406250000      -0.141819566    
   2.4108886718750000      -0.141195297    
   2.4230957031250000      -0.140575767    
   2.4353027343750000      -0.139960974    
   2.4475097656250000      -0.139350832    
   2.4597167968750000      -0.138745308    
   2.4719238281250000      -0.138144344    
   2.4841308593750000      -0.137547940    
   2.4963378906250000      -0.136956006    
   2.5085449218750000      -0.136368513    
   2.5207519531250000      -0.135785431    
   2.5329589843750000      -0.135206729    
   2.5451660156250000      -0.134632349    
   2.5573730468750000      -0.134062231    
   2.5695800781250000      -0.133496344    
   2.5817871093750000      -0.132934690    
   2.5939941406250000      -0.132377177    
   2.6062011718750000      -0.131823778    
   2.6184082031250000      -0.131274492    
   2.6306152343750000      -0.130729228    
   2.6428222656250000      -0.130187988    
   2.6550292968750000      -0.129650682    
   2.6672363281250000      -0.129117340    
   2.6794433593750000      -0.128587902    
   2.6916503906250000      -0.128062308    
   2.7038574218750000      -0.127540559    
   2.7160644531250000      -0.127022594    
   2.7282714843750000      -0.126508385    
   2.7404785156250000      -0.125997871    
   2.7526855468750000      -0.125491083    
   2.7648925781250000      -0.124987930    
   2.7770996093750000      -0.124488384    
   2.7893066406250000      -0.123992443    
   2.8015136718750000      -0.123500079    
   2.8137207031250000      -0.123011202    
   2.8259277343750000      -0.122525841    
   2.8381347656250000      -0.122043937    
   2.8503417968750000      -0.121565431    
   2.8625488281250000      -0.121090353    
   2.8747558593750000      -0.120618641    
   2.8869628906250000      -0.120150268    
   2.8991699218750000      -0.119685173    
   2.9113769531250000      -0.119223386    
   2.9235839843750000      -0.118764848    
   2.9357910156250000      -0.118309528    
   2.9479980468750000      -0.117857397    
   2.9602050781250000      -0.117408425    
   2.9724121093750000      -0.116962582    
   2.9846191406250000      -0.116519839    
   2.9968261718750000      -0.116080195    
   3.0090332031250000      -0.115643591    
   3.0212402343750000      -0.115210027    
   3.0334472656250000      -0.114779472    
   3.0456542968750000      -0.114351869    
   3.0578613281250000      -0.113927215    
   3.0700683593750000      -0.113505483    
   3.0822753906250000      -0.113086671    
   3.0944824218750000      -0.112670690    
   3.1066894531250000      -0.112257600    
   3.1188964843750000      -0.111847311    
   3.1311035156250000      -0.111439824    
   3.1433105468750000      -0.111035079    
   3.1555175781250000      -0.110633135    
   3.1677246093750000      -0.110233873    
   3.1799316406250000      -0.109837353    
   3.1921386718750000      -0.109443486    
   3.2043457031250000      -0.109052271    
   3.2165527343750000      -0.108663708    
   3.2287597656250000      -0.108277738    
   3.2409667968750000      -0.107894391    
   3.2531738281250000      -0.107513577    
   3.2653808593750000      -0.107135326    
   3.2775878906250000      -0.106759608    
   3.2897949218750000      -0.106386364    
   3.3020019531250000      -0.106015623    
   3.3142089843750000      -0.105647326    
   3.3264160156250000      -0.105281502    
   3.3386230468750000      -0.104918063    
   3.3508300781250000      -0.104557037    
   3.3630371093750000      -0.104198396    
   3.3752441406250000      -0.103842109    
   3.3874511718750000      -0.103488147    
   3.3996582031250000      -0.103136539    
   3.4118652343750000      -0.102787226    
   3.4240722656250000      -0.102440178    
   3.4362792968750000      -0.102095395    
   3.4484863281250000      -0.101752847    
   3.4606933593750000      -0.101412565    
   3.4729003906250000      -0.101074457    
   3.4851074218750000      -0.100738555    
   3.4973144531250000      -0.100404799    
   3.5095214843750000      -0.100073218    
   3.5217285156250000       -9.97437835E-02
   3.5339355468750000       -9.94164646E-02
   3.5461425781250000       -9.90912318E-02
   3.5583496093750000       -9.87680852E-02
   3.5705566406250000       -9.84470248E-02
   3.5827636718750000       -9.81279910E-02
   3.5949707031250000       -9.78110135E-02
   3.6071777343750000       -9.74960327E-02
   3.6193847656250000       -9.71830785E-02
   3.6315917968750000       -9.68720913E-02
   3.6437988281250000       -9.65631008E-02
   3.6560058593750000       -9.62560177E-02
   3.6682128906250000       -9.59509015E-02
   3.6804199218750000       -9.56477225E-02
   3.6926269531250000       -9.53464210E-02
   3.7048339843750000       -9.50470269E-02
   3.7170410156250000       -9.47495103E-02
   3.7292480468750000       -9.44538713E-02
   3.7414550781250000       -9.41600502E-02
   3.7536621093750000       -9.38680768E-02
   3.7658691406250000       -9.35779214E-02
   3.7780761718750000       -9.32895541E-02
   3.7902832031250000       -9.30030048E-02
   3.8024902343750000       -9.27182138E-02
   3.8146972656250000       -9.24351811E-02
   3.8269042968750000       -9.21539068E-02
   3.8391113281250000       -9.18743610E-02
   3.8513183593750000       -9.15965438E-02
   3.8635253906250000       -9.13204253E-02
   3.8757324218750000       -9.10460055E-02
   3.8879394531250000       -9.07732844E-02
   3.9001464843750000       -9.05022025E-02
   3.9123535156250000       -9.02327895E-02
   3.9245605468750000       -8.99650156E-02
   3.9367675781250000       -8.96988809E-02
   3.9489746093750000       -8.94343555E-02
   3.9611816406250000       -8.91714096E-02
   3.9733886718750000       -8.89101028E-02
   3.9855957031250000       -8.86503458E-02
   3.9978027343750000       -8.83921683E-02
   4.0100097656250000       -8.81355405E-02
   4.0222167968750000       -8.78804326E-02
   4.0344238281250000       -8.76269042E-02
   4.0466308593750000       -8.73748660E-02
   4.0588378906250000       -8.71243477E-02
   4.0710449218750000       -8.68753195E-02
   4.0832519531250000       -8.66277814E-02
   4.0954589843750000       -8.63817334E-02
   4.1076660156250000       -8.61371160E-02
   4.1198730468750000       -8.58939886E-02
   4.1320800781250000       -8.56522620E-02
   4.1442871093750000       -8.54119956E-02
   4.1564941406250000       -8.51731598E-02
   4.1687011718750000       -8.49356949E-02
   4.1809082031250000       -8.46996605E-02
   4.1931152343750000       -8.44649971E-02
   4.2053222656250000       -8.42317343E-02
   4.2175292968750000       -8.39998126E-02
   4.2297363281250000       -8.37692618E-02
   4.2419433593750000       -8.35400522E-02
   4.2541503906250000       -8.33121836E-02
   4.2663574218750000       -8.30856562E-02
   4.2785644531250000       -8.28604400E-02
   4.2907714843750000       -8.26365352E-02
   4.3029785156250000       -8.24139118E-02
   4.3151855468750000       -8.21925998E-02
   4.3273925781250000       -8.19725394E-02
   4.3395996093750000       -8.17537606E-02
   4.3518066406250000       -8.15362632E-02
   4.3640136718750000       -8.13199878E-02
   4.3762207031250000       -8.11049938E-02
   4.3884277343750000       -8.08911920E-02
   4.4006347656250000       -8.06786418E-02
   4.4128417968750000       -8.04672837E-02
   4.4250488281250000       -8.02571476E-02
   4.4372558593750000       -8.00482333E-02
   4.4494628906250000       -7.98404813E-02
   4.4616699218750000       -7.96339214E-02
   4.4738769531250000       -7.94285238E-02
   4.4860839843750000       -7.92242885E-02
   4.4982910156250000       -7.90212154E-02
   4.5104980468750000       -7.88192749E-02
   4.5227050781250000       -7.86184967E-02
   4.5349121093750000       -7.84188509E-02
   4.5471191406250000       -7.82203078E-02
   4.5593261718750000       -7.80228972E-02
   4.5715332031250000       -7.78265893E-02
   4.5837402343750000       -7.76313543E-02
   4.5959472656250000       -7.74372518E-02
   4.6081542968750000       -7.72442222E-02
   4.6203613281250000       -7.70522654E-02
   4.6325683593750000       -7.68613517E-02
   4.6447753906250000       -7.66715407E-02
   4.6569824218750000       -7.64827728E-02
   4.6691894531250000       -7.62950182E-02
   4.6813964843750000       -7.61083364E-02
   4.6936035156250000       -7.59226680E-02
   4.7058105468750000       -7.57380426E-02
   4.7180175781250000       -7.55544305E-02
   4.7302246093750000       -7.53718317E-02
   4.7424316406250000       -7.51902163E-02
   4.7546386718750000       -7.50096142E-02
   4.7668457031250000       -7.48299956E-02
   4.7790527343750000       -7.46513605E-02
   4.7912597656250000       -7.44737089E-02
   4.8034667968750000       -7.42970109E-02
   4.8156738281250000       -7.41212964E-02
   4.8278808593750000       -7.39465058E-02
   4.8400878906250000       -7.37726986E-02
   4.8522949218750000       -7.35998154E-02
   4.8645019531250000       -7.34278858E-02
   4.8767089843750000       -7.32568502E-02
   4.8889160156250000       -7.30867684E-02
   4.9011230468750000       -7.29176104E-02
   4.9133300781250000       -7.27493465E-02
   4.9255371093750000       -7.25819767E-02
   4.9377441406250000       -7.24155307E-02
   4.9499511718750000       -7.22499490E-02
   4.9621582031250000       -7.20852911E-02
   4.9743652343750000       -7.19214976E-02
   4.9865722656250000       -7.17585683E-02
   4.9987792968750000       -7.15965033E-02
   5.0109863281250000       -7.14353323E-02
   5.0231933593750000       -7.12749958E-02
   5.0354003906250000       -7.11154938E-02
   5.0476074218750000       -7.09568560E-02
   5.0598144531250000       -7.07990825E-02
   5.0720214843750000       -7.06421137E-02
   5.0842285156250000       -7.04859793E-02
   5.0964355468750000       -7.03306794E-02
   5.1086425781250000       -7.01761842E-02
   5.1208496093750000       -7.00225234E-02
   5.1330566406250000       -6.98696375E-02
   5.1452636718750000       -6.97175860E-02
   5.1574707031250000       -6.95663095E-02
   5.1696777343750000       -6.94158375E-02
   5.1818847656250000       -6.92661405E-02
   5.1940917968750000       -6.91172183E-02
   5.2062988281250000       -6.89691007E-02
   5.2185058593750000       -6.88217282E-02
   5.2307128906250000       -6.86751306E-02
   5.2429199218750000       -6.85293078E-02
   5.2551269531250000       -6.83842301E-02
   5.2673339843750000       -6.82398975E-02
   5.2795410156250000       -6.80963099E-02
   5.2917480468750000       -6.79534674E-02
   5.3039550781250000       -6.78113699E-02
   5.3161621093750000       -6.76699877E-02
   5.3283691406250000       -6.75293505E-02
   5.3405761718750000       -6.73894286E-02
   5.3527832031250000       -6.72502220E-02
   5.3649902343750000       -6.71117306E-02
   5.3771972656250000       -6.69739544E-02
   5.3894042968750000       -6.68368936E-02
   5.4016113281250000       -6.67005181E-02
   5.4138183593750000       -6.65648282E-02
   5.4260253906250000       -6.64298534E-02
   5.4382324218750000       -6.62955344E-02
   5.4504394531250000       -6.61619306E-02
   5.4626464843750000       -6.60289824E-02
   5.4748535156250000       -6.58967197E-02
   5.4870605468750000       -6.57651126E-02
   5.4992675781250000       -6.56341910E-02
   5.5114746093750000       -6.55039251E-02
   5.5236816406250000       -6.53743148E-02
   5.5358886718750000       -6.52453303E-02
   5.5480957031250000       -6.51170313E-02
   5.5603027343750000       -6.49893582E-02
   5.5725097656250000       -6.48623407E-02
   5.5847167968750000       -6.47359490E-02
   5.5969238281250000       -6.46101832E-02
   5.6091308593750000       -6.44850731E-02
   5.6213378906250000       -6.43605590E-02
   5.6335449218750000       -6.42367005E-02
   5.6457519531250000       -6.41134381E-02
   5.6579589843750000       -6.39907718E-02
   5.6701660156250000       -6.38687313E-02
   5.6823730468750000       -6.37473166E-02
   5.6945800781250000       -6.36264682E-02
   5.7067871093750000       -6.35062456E-02
   5.7189941406250000       -6.33866191E-02
   5.7312011718750000       -6.32675588E-02
   5.7434082031250000       -6.31491244E-02
   5.7556152343750000       -6.30312264E-02
   5.7678222656250000       -6.29139543E-02
   5.7800292968750000       -6.27972484E-02
   5.7922363281250000       -6.26811087E-02
   5.8044433593750000       -6.25655353E-02
   5.8166503906250000       -6.24505281E-02
   5.8288574218750000       -6.23360872E-02
   5.8410644531250000       -6.22222126E-02
   5.8532714843750000       -6.21089041E-02
   5.8654785156250000       -6.19961321E-02
   5.8776855468750000       -6.18839264E-02
   5.8898925781250000       -6.17722571E-02
   5.9020996093750000       -6.16611242E-02
   5.9143066406250000       -6.15505278E-02
   5.9265136718750000       -6.14404976E-02
   5.9387207031250000       -6.13309741E-02
   5.9509277343750000       -6.12219870E-02
   5.9631347656250000       -6.11135364E-02
   5.9753417968750000       -6.10056221E-02
   5.9875488281250000       -6.08982146E-02
   5.9997558593750000       -6.07913136E-02
   6.0119628906250000       -6.06849492E-02
   6.0241699218750000       -6.05790913E-02
   6.0363769531250000       -6.04737401E-02
   6.0485839843750000       -6.03688955E-02
   6.0607910156250000       -6.02645576E-02
   6.0729980468750000       -6.01607263E-02
   6.0852050781250000       -6.00573719E-02
   6.0974121093750000       -5.99545240E-02
   6.1096191406250000       -5.98521829E-02
   6.1218261718750000       -5.97503185E-02
   6.1340332031250000       -5.96489310E-02
   6.1462402343750000       -5.95480502E-02
   6.1584472656250000       -5.94476163E-02
   6.1706542968750000       -5.93476892E-02
   6.1828613281250000       -5.92482388E-02
   6.1950683593750000       -5.91492653E-02
   6.2072753906250000       -5.90507388E-02
   6.2194824218750000       -5.89526892E-02
   6.2316894531250000       -5.88551164E-02
   6.2438964843750000       -5.87579906E-02
   6.2561035156250000       -5.86613417E-02
   6.2683105468750000       -5.85651398E-02
   6.2805175781250000       -5.84693849E-02
   6.2927246093750000       -5.83740771E-02
   6.3049316406250000       -5.82792461E-02
   6.3171386718750000       -5.81848323E-02
   6.3293457031250000       -5.80908954E-02
   6.3415527343750000       -5.79973757E-02
   6.3537597656250000       -5.79043031E-02
   6.3659667968750000       -5.78116775E-02
   6.3781738281250000       -5.77194691E-02
   6.3903808593750000       -5.76277077E-02
   6.4025878906250000       -5.75363636E-02
   6.4147949218750000       -5.74454367E-02
   6.4270019531250000       -5.73549569E-02
   6.4392089843750000       -5.72648942E-02
   6.4514160156250000       -5.71752489E-02
   6.4636230468750000       -5.70860207E-02
   6.4758300781250000       -5.69972098E-02
   6.4880371093750000       -5.69088161E-02
   6.5002441406250000       -5.68208396E-02
   6.5124511718750000       -5.67332506E-02
   6.5246582031250000       -5.66460788E-02
   6.5368652343750000       -5.65593243E-02
   6.5490722656250000       -5.64729571E-02
   6.5612792968750000       -5.63870072E-02
   6.5734863281250000       -5.63014448E-02
   6.5856933593750000       -5.62162697E-02
   6.5979003906250000       -5.61315119E-02
   6.6101074218750000       -5.60471416E-02
   6.6223144531250000       -5.59631586E-02
   6.6345214843750000       -5.58795333E-02
   6.6467285156250000       -5.57963252E-02
   6.6589355468750000       -5.57135046E-02
   6.6711425781250000       -5.56310415E-02
   6.6833496093750000       -5.55489659E-02
   6.6955566406250000       -5.54672778E-02
   6.7077636718750000       -5.53859472E-02
   6.7199707031250000       -5.53050041E-02
   6.7321777343750000       -5.52244484E-02
   6.7443847656250000       -5.51442504E-02
   6.7565917968750000       -5.50644100E-02
   6.7687988281250000       -5.49849272E-02
   6.7810058593750000       -5.49058318E-02
   6.7932128906250000       -5.48270941E-02
   6.8054199218750000       -5.47487140E-02
   6.8176269531250000       -5.46706915E-02
   6.8298339843750000       -5.45930266E-02
   6.8420410156250000       -5.45156896E-02
   6.8542480468750000       -5.44387400E-02
   6.8664550781250000       -5.43621182E-02
   6.8786621093750000       -5.42858839E-02
   6.8908691406250000       -5.42099476E-02
   6.9030761718750000       -5.41343987E-02
   6.9152832031250000       -5.40591776E-02
   6.9274902343750000       -5.39842844E-02
   6.9396972656250000       -5.39097488E-02
   6.9519042968750000       -5.38355410E-02
   6.9641113281250000       -5.37616909E-02
   6.9763183593750000       -5.36881387E-02
   6.9885253906250000       -5.36149442E-02
   7.0007324218750000       -5.35420775E-02
   7.0129394531250000       -5.34695685E-02
   7.0251464843750000       -5.33973575E-02
   7.0373535156250000       -5.33254743E-02
   7.0495605468750000       -5.32539189E-02
   7.0617675781250000       -5.31826913E-02
   7.0739746093750000       -5.31117916E-02
   7.0861816406250000       -5.30411899E-02
   7.0983886718750000       -5.29709160E-02
   7.1105957031250000       -5.29009700E-02
   7.1228027343750000       -5.28313518E-02
   7.1350097656250000       -5.27620316E-02
   7.1472167968750000       -5.26930094E-02
   7.1594238281250000       -5.26243150E-02
   7.1716308593750000       -5.25559187E-02
   7.1838378906250000       -5.24878502E-02
   7.1960449218750000       -5.24200797E-02
   7.2082519531250000       -5.23526073E-02
   7.2204589843750000       -5.22854328E-02
   7.2326660156250000       -5.22185862E-02
   7.2448730468750000       -5.21520078E-02
   7.2570800781250000       -5.20857573E-02
   7.2692871093750000       -5.20198047E-02
   7.2814941406250000       -5.19541204E-02
   7.2937011718750000       -5.18887639E-02
   7.3059082031250000       -5.18236756E-02
   7.3181152343750000       -5.17588854E-02
   7.3303222656250000       -5.16943932E-02
   7.3425292968750000       -5.16301692E-02
   7.3547363281250000       -5.15662730E-02
   7.3669433593750000       -5.15026152E-02
   7.3791503906250000       -5.14392853E-02
   7.3913574218750000       -5.13762236E-02
   7.4035644531250000       -5.13134301E-02
   7.4157714843750000       -5.12509346E-02
   7.4279785156250000       -5.11887074E-02
   7.4401855468750000       -5.11267781E-02
   7.4523925781250000       -5.10651171E-02
   7.4645996093750000       -5.10037243E-02
   7.4768066406250000       -5.09425998E-02
   7.4890136718750000       -5.08817732E-02
   7.5012207031250000       -5.08212149E-02
   7.5134277343750000       -5.07609248E-02
   7.5256347656250000       -5.07008731E-02
   7.5378417968750000       -5.06411195E-02
   7.5500488281250000       -5.05816340E-02
   7.5622558593750000       -5.05224168E-02
   7.5744628906250000       -5.04634380E-02
   7.5866699218750000       -5.04047573E-02
   7.5988769531250000       -5.03463149E-02
   7.6110839843750000       -5.02881408E-02
   7.6232910156250000       -5.02302349E-02
   7.6354980468750000       -5.01725972E-02
   7.6477050781250000       -5.01151979E-02
   7.6599121093750000       -5.00580370E-02
   7.6721191406250000       -5.00011742E-02
   7.6843261718750000       -4.99445200E-02
   7.6965332031250000       -4.98881638E-02
   7.7087402343750000       -4.98320460E-02
   7.7209472656250000       -4.97761667E-02
   7.7331542968750000       -4.97205257E-02
   7.7453613281250000       -4.96651530E-02
   7.7575683593750000       -4.96100187E-02
   7.7697753906250000       -4.95551527E-02
   7.7819824218750000       -4.95005250E-02
   7.7941894531250000       -4.94461358E-02
   7.8063964843750000       -4.93919849E-02
   7.8186035156250000       -4.93380725E-02
   7.8308105468750000       -4.92843986E-02
   7.8430175781250000       -4.92309630E-02
   7.8552246093750000       -4.91777956E-02
   7.8674316406250000       -4.91248369E-02
   7.8796386718750000       -4.90721464E-02
   7.8918457031250000       -4.90196645E-02
   7.9040527343750000       -4.89674211E-02
   7.9162597656250000       -4.89154160E-02
   7.9284667968750000       -4.88636494E-02
   7.9406738281250000       -4.88120914E-02
   7.9528808593750000       -4.87607718E-02
   7.9650878906250000       -4.87096906E-02
   7.9772949218750000       -4.86588478E-02
   7.9895019531250000       -4.86082137E-02
   8.0017089843750000       -4.85578179E-02
   8.0139160156250000       -4.85076606E-02
   8.0261230468750000       -4.84577119E-02
   8.0383300781250000       -4.84080017E-02
   8.0505371093750000       -4.83585000E-02
   8.0627441406250000       -4.83092070E-02
   8.0749511718750000       -4.82601523E-02
   8.0871582031250000       -4.82113361E-02
   8.0993652343750000       -4.81627285E-02
   8.1115722656250000       -4.81143296E-02
   8.1237792968750000       -4.80661392E-02
   8.1359863281250000       -4.80181873E-02
   8.1481933593750000       -4.79704440E-02
   8.1604003906250000       -4.79229093E-02
   8.1726074218750000       -4.78755832E-02
   8.1848144531250000       -4.78284955E-02
   8.1970214843750000       -4.77815866E-02
   8.2092285156250000       -4.77349162E-02
   8.2214355468750000       -4.76884544E-02
   8.2336425781250000       -4.76422012E-02
   8.2458496093750000       -4.75961566E-02
   8.2580566406250000       -4.75503206E-02
   8.2702636718750000       -4.75046635E-02
   8.2824707031250000       -4.74592447E-02
   8.2946777343750000       -4.74140346E-02
   8.3068847656250000       -4.73690033E-02
   8.3190917968750000       -4.73242104E-02
   8.3312988281250000       -4.72795963E-02
   8.3435058593750000       -4.72351909E-02
   8.3557128906250000       -4.71909940E-02
   8.3679199218750000       -4.71469760E-02
   8.3801269531250000       -4.71031666E-02
   8.3923339843750000       -4.70595658E-02
   8.4045410156250000       -4.70161736E-02
   8.4167480468750000       -4.69729602E-02
   8.4289550781250000       -4.69299555E-02
   8.4411621093750000       -4.68871295E-02
   8.4533691406250000       -4.68445122E-02
   8.4655761718750000       -4.68021035E-02
   8.4777832031250000       -4.67598736E-02
   8.4899902343750000       -4.67178226E-02
   8.5021972656250000       -4.66759801E-02
   8.5144042968750000       -4.66343164E-02
   8.5266113281250000       -4.65928614E-02
   8.5388183593750000       -4.65515852E-02
   8.5510253906250000       -4.65105176E-02
   8.5632324218750000       -4.64696288E-02
   8.5754394531250000       -4.64289188E-02
   8.5876464843750000       -4.63884175E-02
   8.5998535156250000       -4.63480651E-02
   8.6120605468750000       -4.63079214E-02
   8.6242675781250000       -4.62679863E-02
   8.6364746093750000       -4.62282002E-02
   8.6486816406250000       -4.61886227E-02
   8.6608886718750000       -4.61491942E-02
   8.6730957031250000       -4.61099744E-02
   8.6853027343750000       -4.60709333E-02
   8.6975097656250000       -4.60321009E-02
   8.7097167968750000       -4.59934175E-02
   8.7219238281250000       -4.59549129E-02
   8.7341308593750000       -4.59165871E-02
   8.7463378906250000       -4.58784401E-02
   8.7585449218750000       -4.58405018E-02
   8.7707519531250000       -4.58027124E-02
   8.7829589843750000       -4.57651019E-02
   8.7951660156250000       -4.57276702E-02
   8.8073730468750000       -4.56904173E-02
   8.8195800781250000       -4.56533134E-02
   8.8317871093750000       -4.56164181E-02
   8.8439941406250000       -4.55797017E-02
   8.8562011718750000       -4.55431342E-02
   8.8684082031250000       -4.55067456E-02
   8.8806152343750000       -4.54705358E-02
   8.8928222656250000       -4.54344749E-02
   8.9050292968750000       -4.53986228E-02
   8.9172363281250000       -4.53629196E-02
   8.9294433593750000       -4.53273654E-02
   8.9416503906250000       -4.52920198E-02
   8.9538574218750000       -4.52568233E-02
   8.9660644531250000       -4.52217758E-02
   8.9782714843750000       -4.51869369E-02
   8.9904785156250000       -4.51522171E-02
   9.0026855468750000       -4.51177061E-02
   9.0148925781250000       -4.50833440E-02
   9.0270996093750000       -4.50491309E-02
   9.0393066406250000       -4.50150967E-02
   9.0515136718750000       -4.49812412E-02
   9.0637207031250000       -4.49475348E-02
   9.0759277343750000       -4.49140072E-02
   9.0881347656250000       -4.48805988E-02
   9.1003417968750000       -4.48473990E-02
   9.1125488281250000       -4.48143482E-02
   9.1247558593750000       -4.47814465E-02
   9.1369628906250000       -4.47486937E-02
   9.1491699218750000       -4.47161198E-02
   9.1613769531250000       -4.46836948E-02
   9.1735839843750000       -4.46514487E-02
   9.1857910156250000       -4.46193516E-02
   9.1979980468750000       -4.45874035E-02
   9.2102050781250000       -4.45556045E-02
   9.2224121093750000       -4.45239842E-02
   9.2346191406250000       -4.44925129E-02
   9.2468261718750000       -4.44611907E-02
   9.2590332031250000       -4.44300175E-02
   9.2712402343750000       -4.43990231E-02
   9.2834472656250000       -4.43681777E-02
   9.2956542968750000       -4.43374515E-02
   9.3078613281250000       -4.43069041E-02
   9.3200683593750000       -4.42765355E-02
   9.3322753906250000       -4.42462862E-02
   9.3444824218750000       -4.42161858E-02
   9.3566894531250000       -4.41862345E-02
   9.3688964843750000       -4.41564620E-02
   9.3811035156250000       -4.41268086E-02
   9.3933105468750000       -4.40973341E-02
   9.4055175781250000       -4.40679789E-02
   9.4177246093750000       -4.40388024E-02
   9.4299316406250000       -4.40097451E-02
   9.4421386718750000       -4.39808667E-02
   9.4543457031250000       -4.39521074E-02
   9.4665527343750000       -4.39235270E-02
   9.4787597656250000       -4.38950658E-02
   9.4909667968750000       -4.38667536E-02
   9.5031738281250000       -4.38385904E-02
   9.5153808593750000       -4.38105762E-02
   9.5275878906250000       -4.37827110E-02
   9.5397949218750000       -4.37549949E-02
   9.5520019531250000       -4.37273979E-02
   9.5642089843750000       -4.36999500E-02
   9.5764160156250000       -4.36726809E-02
   9.5886230468750000       -4.36455309E-02
   9.6008300781250000       -4.36185002E-02
   9.6130371093750000       -4.35916483E-02
   9.6252441406250000       -4.35649157E-02
   9.6374511718750000       -4.35383320E-02
   9.6496582031250000       -4.35118973E-02
   9.6618652343750000       -4.34855819E-02
   9.6740722656250000       -4.34594154E-02
   9.6862792968750000       -4.34333980E-02
   9.6984863281250000       -4.34075296E-02
   9.7106933593750000       -4.33817804E-02
   9.7229003906250000       -4.33561802E-02
   9.7351074218750000       -4.33306992E-02
   9.7473144531250000       -4.33053672E-02
   9.7595214843750000       -4.32801843E-02
   9.7717285156250000       -4.32551205E-02
   9.7839355468750000       -4.32302058E-02
   9.7961425781250000       -4.32054102E-02
   9.8083496093750000       -4.31807637E-02
   9.8205566406250000       -4.31562662E-02
   9.8327636718750000       -4.31318879E-02
   9.8449707031250000       -4.31076586E-02
   9.8571777343750000       -4.30835485E-02
   9.8693847656250000       -4.30595577E-02
   9.8815917968750000       -4.30357158E-02
   9.8937988281250000       -4.30120230E-02
   9.9060058593750000       -4.29884493E-02
   9.9182128906250000       -4.29650247E-02
   9.9304199218750000       -4.29417193E-02
   9.9426269531250000       -4.29185331E-02
   9.9548339843750000       -4.28954959E-02
   9.9670410156250000       -4.28725779E-02
   9.9792480468750000       -4.28498089E-02
   9.9914550781250000       -4.28271592E-02
   10.003662109375000       -4.28046286E-02
   10.015869140625000       -4.27822471E-02
   10.028076171875000       -4.27599847E-02
   10.040283203125000       -4.27378416E-02
   10.052490234375000       -4.27158475E-02
   10.064697265625000       -4.26939726E-02
   10.076904296875000       -4.26722467E-02
   10.089111328125000       -4.26506102E-02
   10.101318359375000       -4.26291227E-02
   10.113525390625000       -4.26077843E-02
   10.125732421875000       -4.25865352E-02
   10.137939453125000       -4.25654352E-02
   10.150146484375000       -4.25444543E-02
   10.162353515625000       -4.25235927E-02
   10.174560546875000       -4.25028801E-02
   10.186767578125000       -4.24822867E-02
   10.198974609375000       -4.24618125E-02
   10.211181640625000       -4.24414575E-02
   10.223388671875000       -4.24212217E-02
   10.235595703125000       -4.24011350E-02
   10.247802734375000       -4.23811376E-02
   10.260009765625000       -4.23612893E-02
   10.272216796875000       -4.23415601E-02
   10.284423828125000       -4.23219502E-02
   10.296630859375000       -4.23024893E-02
   10.308837890625000       -4.22831178E-02
   10.321044921875000       -4.22638953E-02
   10.333251953125000       -4.22447622E-02
   10.345458984375000       -4.22257781E-02
   10.357666015625000       -4.22069132E-02
   10.369873046875000       -4.21881676E-02
   10.382080078125000       -4.21695411E-02
   10.394287109375000       -4.21510339E-02
   10.406494140625000       -4.21326458E-02
   10.418701171875000       -4.21143770E-02
   10.430908203125000       -4.20962274E-02
   10.443115234375000       -4.20782268E-02
   10.455322265625000       -4.20603156E-02
   10.467529296875000       -4.20425236E-02
   10.479736328125000       -4.20248508E-02
   10.491943359375000       -4.20073271E-02
   10.504150390625000       -4.19898927E-02
   10.516357421875000       -4.19725776E-02
   10.528564453125000       -4.19553816E-02
   10.540771484375000       -4.19383347E-02
   10.552978515625000       -4.19213772E-02
   10.565185546875000       -4.19045389E-02
   10.577392578125000       -4.18878198E-02
   10.589599609375000       -4.18712199E-02
   10.601806640625000       -4.18547094E-02
   10.614013671875000       -4.18383479E-02
   10.626220703125000       -4.18221056E-02
   10.638427734375000       -4.18059826E-02
   10.650634765625000       -4.17899489E-02
   10.662841796875000       -4.17740345E-02
   10.675048828125000       -4.17582691E-02
   10.687255859375000       -4.17425931E-02
   10.699462890625000       -4.17270362E-02
   10.711669921875000       -4.17115986E-02
   10.723876953125000       -4.16962504E-02
   10.736083984375000       -4.16810513E-02
   10.748291015625000       -4.16659415E-02
   10.760498046875000       -4.16509509E-02
   10.772705078125000       -4.16360795E-02
   10.784912109375000       -4.16213274E-02
   10.797119140625000       -4.16066945E-02
   10.809326171875000       -4.15921509E-02
   10.821533203125000       -4.15777564E-02
   10.833740234375000       -4.15634513E-02
   10.845947265625000       -4.15492654E-02
   10.858154296875000       -4.15351689E-02
   10.870361328125000       -4.15212214E-02
   10.882568359375000       -4.15073633E-02
   10.894775390625000       -4.14936244E-02
   10.906982421875000       -4.14799750E-02
   10.919189453125000       -4.14664745E-02
   10.931396484375000       -4.14530635E-02
   10.943603515625000       -4.14397717E-02
   10.955810546875000       -4.14265692E-02
   10.968017578125000       -4.14135158E-02
   10.980224609375000       -4.14005518E-02
   10.992431640625000       -4.13877070E-02
   11.004638671875000       -4.13749516E-02
   11.016845703125000       -4.13623154E-02
   11.029052734375000       -4.13497984E-02
   11.041259765625000       -4.13374007E-02
   11.053466796875000       -4.13250923E-02
   11.065673828125000       -4.13129032E-02
   11.077880859375000       -4.13008034E-02
   11.090087890625000       -4.12888527E-02
   11.102294921875000       -4.12769914E-02
   11.114501953125000       -4.12652194E-02
   11.126708984375000       -4.12535667E-02
   11.138916015625000       -4.12420332E-02
   11.151123046875000       -4.12306190E-02
   11.163330078125000       -4.12192941E-02
   11.175537109375000       -4.12080884E-02
   11.187744140625000       -4.11969721E-02
   11.199951171875000       -4.11859751E-02
   11.212158203125000       -4.11750972E-02
   11.224365234375000       -4.11643088E-02
   11.236572265625000       -4.11536396E-02
   11.248779296875000       -4.11430597E-02
   11.260986328125000       -4.11325991E-02
   11.273193359375000       -4.11222577E-02
   11.285400390625000       -4.11120057E-02
   11.297607421875000       -4.11018729E-02
   11.309814453125000       -4.10918295E-02
   11.322021484375000       -4.10819054E-02
   11.334228515625000       -4.10721004E-02
   11.346435546875000       -4.10623848E-02
   11.358642578125000       -4.10527885E-02
   11.370849609375000       -4.10432816E-02
   11.383056640625000       -4.10338938E-02
   11.395263671875000       -4.10245955E-02
   11.407470703125000       -4.10154164E-02
   11.419677734375000       -4.10063267E-02
   11.431884765625000       -4.09973562E-02
   11.444091796875000       -4.09885049E-02
   11.456298828125000       -4.09797430E-02
   11.468505859375000       -4.09710705E-02
   11.480712890625000       -4.09625173E-02
   11.492919921875000       -4.09540832E-02
   11.505126953125000       -4.09457386E-02
   11.517333984375000       -4.09374833E-02
   11.529541015625000       -4.09293473E-02
   11.541748046875000       -4.09213305E-02
   11.553955078125000       -4.09134030E-02
   11.566162109375000       -4.09055948E-02
   11.578369140625000       -4.08978760E-02
   11.590576171875000       -4.08902466E-02
   11.602783203125000       -4.08827364E-02
   11.614990234375000       -4.08753455E-02
   11.627197265625000       -4.08680439E-02
   11.639404296875000       -4.08608317E-02
   11.651611328125000       -4.08537388E-02
   11.663818359375000       -4.08467650E-02
   11.676025390625000       -4.08398807E-02
   11.688232421875000       -4.08330858E-02
   11.700439453125000       -4.08264101E-02
   11.712646484375000       -4.08198237E-02
   11.724853515625000       -4.08133566E-02
   11.737060546875000       -4.08069789E-02
   11.749267578125000       -4.08007205E-02
   11.761474609375000       -4.07945514E-02
   11.773681640625000       -4.07885015E-02
   11.785888671875000       -4.07825112E-02
   11.798095703125000       -4.07766700E-02
   11.810302734375000       -4.07709181E-02
   11.822509765625000       -4.07652557E-02
   11.834716796875000       -4.07597125E-02
   11.846923828125000       -4.07542586E-02
   11.859130859375000       -4.07489240E-02
   11.871337890625000       -4.07436788E-02
   11.883544921875000       -4.07385230E-02
   11.895751953125000       -4.07334864E-02
   11.907958984375000       -4.07285392E-02
   11.920166015625000       -4.07237113E-02
   11.932373046875000       -4.07189727E-02
   11.944580078125000       -4.07143235E-02
   11.956787109375000       -4.07097936E-02
   11.968994140625000       -4.07053828E-02
   11.981201171875000       -4.07010317E-02
   11.993408203125000       -4.06967998E-02
   12.005615234375000       -4.06926870E-02
   12.017822265625000       -4.06886637E-02
   12.030029296875000       -4.06847298E-02
   12.042236328125000       -4.06809151E-02
   12.054443359375000       -4.06771898E-02
   12.066650390625000       -4.06735837E-02
   12.078857421875000       -4.06700671E-02
   12.091064453125000       -4.06666398E-02
   12.103271484375000       -4.06633317E-02
   12.115478515625000       -4.06601131E-02
   12.127685546875000       -4.06569839E-02
   12.139892578125000       -4.06539738E-02
   12.152099609375000       -4.06510532E-02
   12.164306640625000       -4.06482518E-02
   12.176513671875000       -4.06455398E-02
   12.188720703125000       -4.06429172E-02
   12.200927734375000       -4.06404138E-02
   12.213134765625000       -4.06379998E-02
   12.225341796875000       -4.06357050E-02
   12.237548828125000       -4.06334698E-02
   12.249755859375000       -4.06313837E-02
   12.261962890625000       -4.06293571E-02
   12.274169921875000       -4.06274498E-02
   12.286376953125000       -4.06256616E-02
   12.298583984375000       -4.06239629E-02
   12.310791015625000       -4.06223536E-02
   12.322998046875000       -4.06208336E-02
   12.335205078125000       -4.06194329E-02
   12.347412109375000       -4.06181216E-02
   12.359619140625000       -4.06169295E-02
   12.371826171875000       -4.06158268E-02
   12.384033203125000       -4.06148136E-02
   12.396240234375000       -4.06139195E-02
   12.408447265625000       -4.06131148E-02
   12.420654296875000       -4.06123996E-02
   12.432861328125000       -4.06118035E-02
   12.445068359375000       -4.06112969E-02
   12.457275390625000       -4.06109095E-02
   12.469482421875000       -4.06106114E-02
   12.481689453125000       -4.06104028E-02
   12.493896484375000       -4.06103134E-02
   12.506103515625000       -4.06103134E-02
   12.518310546875000       -4.06104028E-02
   12.530517578125000       -4.06106114E-02
   12.542724609375000       -4.06109095E-02
   12.554931640625000       -4.06112969E-02
   12.567138671875000       -4.06118035E-02
   12.579345703125000       -4.06123996E-02
   12.591552734375000       -4.06131148E-02
   12.603759765625000       -4.06139195E-02
   12.615966796875000       -4.06148136E-02
   12.628173828125000       -4.06158268E-02
   12.640380859375000       -4.06169295E-02
   12.652587890625000       -4.06181216E-02
   12.664794921875000       -4.06194329E-02
   12.677001953125000       -4.06208336E-02
   12.689208984375000       -4.06223536E-02
   12.701416015625000       -4.06239629E-02
   12.713623046875000       -4.06256616E-02
   12.725830078125000       -4.06274498E-02
   12.738037109375000       -4.06293571E-02
   12.750244140625000       -4.06313837E-02
   12.762451171875000       -4.06334698E-02
   12.774658203125000       -4.06357050E-02
   12.786865234375000       -4.06379998E-02
   12.799072265625000       -4.06404138E-02
   12.811279296875000       -4.06429172E-02
   12.823486328125000       -4.06455398E-02
   12.835693359375000       -4.06482518E-02
   12.847900390625000       -4.06510532E-02
   12.860107421875000       -4.06539738E-02
   12.872314453125000       -4.06569839E-02
   12.884521484375000       -4.06601131E-02
   12.896728515625000       -4.06633317E-02
   12.908935546875000       -4.06666398E-02
   12.921142578125000       -4.06700671E-02
   12.933349609375000       -4.06735837E-02
   12.945556640625000       -4.06771898E-02
   12.957763671875000       -4.06809151E-02
   12.969970703125000       -4.06847298E-02
   12.982177734375000       -4.06886637E-02
   12.994384765625000       -4.06926870E-02
   13.006591796875000       -4.06967998E-02
   13.018798828125000       -4.07010317E-02
   13.031005859375000       -4.07053828E-02
   13.043212890625000       -4.07097936E-02
   13.055419921875000       -4.07143235E-02
   13.067626953125000       -4.07189727E-02
   13.079833984375000       -4.07237113E-02
   13.092041015625000       -4.07285392E-02
   13.104248046875000       -4.07334864E-02
   13.116455078125000       -4.07385230E-02
   13.128662109375000       -4.07436788E-02
   13.140869140625000       -4.07489240E-02
   13.153076171875000       -4.07542586E-02
   13.165283203125000       -4.07597125E-02
   13.177490234375000       -4.07652557E-02
   13.189697265625000       -4.07709181E-02
   13.201904296875000       -4.07766700E-02
   13.214111328125000       -4.07825112E-02
   13.226318359375000       -4.07885015E-02
   13.238525390625000       -4.07945514E-02
   13.250732421875000       -4.08007205E-02
   13.262939453125000       -4.08069789E-02
   13.275146484375000       -4.08133566E-02
   13.287353515625000       -4.08198237E-02
   13.299560546875000       -4.08264101E-02
   13.311767578125000       -4.08330858E-02
   13.323974609375000       -4.08398807E-02
   13.336181640625000       -4.08467650E-02
   13.348388671875000       -4.08537388E-02
   13.360595703125000       -4.08608317E-02
   13.372802734375000       -4.08680439E-02
   13.385009765625000       -4.08753455E-02
   13.397216796875000       -4.08827364E-02
   13.409423828125000       -4.08902466E-02
   13.421630859375000       -4.08978760E-02
   13.433837890625000       -4.09055948E-02
   13.446044921875000       -4.09134030E-02
   13.458251953125000       -4.09213305E-02
   13.470458984375000       -4.09293473E-02
   13.482666015625000       -4.09374833E-02
   13.494873046875000       -4.09457386E-02
   13.507080078125000       -4.09540832E-02
   13.519287109375000       -4.09625173E-02
   13.531494140625000       -4.09710705E-02
   13.543701171875000       -4.09797430E-02
   13.555908203125000       -4.09885049E-02
   13.568115234375000       -4.09973562E-02
   13.580322265625000       -4.10063267E-02
   13.592529296875000       -4.10154164E-02
   13.604736328125000       -4.10245955E-02
   13.616943359375000       -4.10338938E-02
   13.629150390625000       -4.10432816E-02
   13.641357421875000       -4.10527885E-02
   13.653564453125000       -4.10623848E-02
   13.665771484375000       -4.10721004E-02
   13.677978515625000       -4.10819054E-02
   13.690185546875000       -4.10918295E-02
   13.702392578125000       -4.11018729E-02
   13.714599609375000       -4.11120057E-02
   13.726806640625000       -4.11222577E-02
   13.739013671875000       -4.11325991E-02
   13.751220703125000       -4.11430597E-02
   13.763427734375000       -4.11536396E-02
   13.775634765625000       -4.11643088E-02
   13.787841796875000       -4.11750972E-02
   13.800048828125000       -4.11859751E-02
   13.812255859375000       -4.11969721E-02
   13.824462890625000       -4.12080884E-02
   13.836669921875000       -4.12192941E-02
   13.848876953125000       -4.12306190E-02
   13.861083984375000       -4.12420332E-02
   13.873291015625000       -4.12535667E-02
   13.885498046875000       -4.12652194E-02
   13.897705078125000       -4.12769914E-02
   13.909912109375000       -4.12888527E-02
   13.922119140625000       -4.13008034E-02
   13.934326171875000       -4.13129032E-02
   13.946533203125000       -4.13250923E-02
   13.958740234375000       -4.13374007E-02
   13.970947265625000       -4.13497984E-02
   13.983154296875000       -4.13623154E-02
   13.995361328125000       -4.13749516E-02
   14.007568359375000       -4.13877070E-02
   14.019775390625000       -4.14005518E-02
   14.031982421875000       -4.14135158E-02
   14.044189453125000       -4.14265692E-02
   14.056396484375000       -4.14397717E-02
   14.068603515625000       -4.14530635E-02
   14.080810546875000       -4.14664745E-02
   14.093017578125000       -4.14799750E-02
   14.105224609375000       -4.14936244E-02
   14.117431640625000       -4.15073633E-02
   14.129638671875000       -4.15212214E-02
   14.141845703125000       -4.15351689E-02
   14.154052734375000       -4.15492654E-02
   14.166259765625000       -4.15634513E-02
   14.178466796875000       -4.15777564E-02
   14.190673828125000       -4.15921509E-02
   14.202880859375000       -4.16066945E-02
   14.215087890625000       -4.16213274E-02
   14.227294921875000       -4.16360795E-02
   14.239501953125000       -4.16509509E-02
   14.251708984375000       -4.16659415E-02
   14.263916015625000       -4.16810513E-02
   14.276123046875000       -4.16962504E-02
   14.288330078125000       -4.17115986E-02
   14.300537109375000       -4.17270362E-02
   14.312744140625000       -4.17425931E-02
   14.324951171875000       -4.17582691E-02
   14.337158203125000       -4.17740345E-02
   14.349365234375000       -4.17899489E-02
   14.361572265625000       -4.18059826E-02
   14.373779296875000       -4.18221056E-02
   14.385986328125000       -4.18383479E-02
   14.398193359375000       -4.18547094E-02
   14.410400390625000       -4.18712199E-02
   14.422607421875000       -4.18878198E-02
   14.434814453125000       -4.19045389E-02
   14.447021484375000       -4.19213772E-02
   14.459228515625000       -4.19383347E-02
   14.471435546875000       -4.19553816E-02
   14.483642578125000       -4.19725776E-02
   14.495849609375000       -4.19898927E-02
   14.508056640625000       -4.20073271E-02
   14.520263671875000       -4.20248508E-02
   14.532470703125000       -4.20425236E-02
   14.544677734375000       -4.20603156E-02
   14.556884765625000       -4.20782268E-02
   14.569091796875000       -4.20962274E-02
   14.581298828125000       -4.21143770E-02
   14.593505859375000       -4.21326458E-02
   14.605712890625000       -4.21510339E-02
   14.617919921875000       -4.21695411E-02
   14.630126953125000       -4.21881676E-02
   14.642333984375000       -4.22069132E-02
   14.654541015625000       -4.22257781E-02
   14.666748046875000       -4.22447622E-02
   14.678955078125000       -4.22638953E-02
   14.691162109375000       -4.22831178E-02
   14.703369140625000       -4.23024893E-02
   14.715576171875000       -4.23219502E-02
   14.727783203125000       -4.23415601E-02
   14.739990234375000       -4.23612893E-02
   14.752197265625000       -4.23811376E-02
   14.764404296875000       -4.24011350E-02
   14.776611328125000       -4.24212217E-02
   14.788818359375000       -4.24414575E-02
   14.801025390625000       -4.24618125E-02
   14.813232421875000       -4.24822867E-02
   14.825439453125000       -4.25028801E-02
   14.837646484375000       -4.25235927E-02
   14.849853515625000       -4.25444543E-02
   14.862060546875000       -4.25654352E-02
   14.874267578125000       -4.25865352E-02
   14.886474609375000       -4.26077843E-02
   14.898681640625000       -4.26291227E-02
   14.910888671875000       -4.26506102E-02
   14.923095703125000       -4.26722467E-02
   14.935302734375000       -4.26939726E-02
   14.947509765625000       -4.27158475E-02
   14.959716796875000       -4.27378416E-02
   14.971923828125000       -4.27599847E-02
   14.984130859375000       -4.27822471E-02
   14.996337890625000       -4.28046286E-02
   15.008544921875000       -4.28271592E-02
   15.020751953125000       -4.28498089E-02
   15.032958984375000       -4.28725779E-02
   15.045166015625000       -4.28954959E-02
   15.057373046875000       -4.29185331E-02
   15.069580078125000       -4.29417193E-02
   15.081787109375000       -4.29650247E-02
   15.093994140625000       -4.29884493E-02
   15.106201171875000       -4.30120230E-02
   15.118408203125000       -4.30357158E-02
   15.130615234375000       -4.30595577E-02
   15.142822265625000       -4.30835485E-02
   15.155029296875000       -4.31076586E-02
   15.167236328125000       -4.31318879E-02
   15.179443359375000       -4.31562662E-02
   15.191650390625000       -4.31807637E-02
   15.203857421875000       -4.32054102E-02
   15.216064453125000       -4.32302058E-02
   15.228271484375000       -4.32551205E-02
   15.240478515625000       -4.32801843E-02
   15.252685546875000       -4.33053672E-02
   15.264892578125000       -4.33306992E-02
   15.277099609375000       -4.33561802E-02
   15.289306640625000       -4.33817804E-02
   15.301513671875000       -4.34075296E-02
   15.313720703125000       -4.34333980E-02
   15.325927734375000       -4.34594154E-02
   15.338134765625000       -4.34855819E-02
   15.350341796875000       -4.35118973E-02
   15.362548828125000       -4.35383320E-02
   15.374755859375000       -4.35649157E-02
   15.386962890625000       -4.35916483E-02
   15.399169921875000       -4.36185002E-02
   15.411376953125000       -4.36455309E-02
   15.423583984375000       -4.36726809E-02
   15.435791015625000       -4.36999500E-02
   15.447998046875000       -4.37273979E-02
   15.460205078125000       -4.37549949E-02
   15.472412109375000       -4.37827110E-02
   15.484619140625000       -4.38105762E-02
   15.496826171875000       -4.38385904E-02
   15.509033203125000       -4.38667536E-02
   15.521240234375000       -4.38950658E-02
   15.533447265625000       -4.39235270E-02
   15.545654296875000       -4.39521074E-02
   15.557861328125000       -4.39808667E-02
   15.570068359375000       -4.40097451E-02
   15.582275390625000       -4.40388024E-02
   15.594482421875000       -4.40679789E-02
   15.606689453125000       -4.40973341E-02
   15.618896484375000       -4.41268086E-02
   15.631103515625000       -4.41564620E-02
   15.643310546875000       -4.41862345E-02
   15.655517578125000       -4.42161858E-02
   15.667724609375000       -4.42462862E-02
   15.679931640625000       -4.42765355E-02
   15.692138671875000       -4.43069041E-02
   15.704345703125000       -4.43374515E-02
   15.716552734375000       -4.43681777E-02
   15.728759765625000       -4.43990231E-02
   15.740966796875000       -4.44300175E-02
   15.753173828125000       -4.44611907E-02
   15.765380859375000       -4.44925129E-02
   15.777587890625000       -4.45239842E-02
   15.789794921875000       -4.45556045E-02
   15.802001953125000       -4.45874035E-02
   15.814208984375000       -4.46193516E-02
   15.826416015625000       -4.46514487E-02
   15.838623046875000       -4.46836948E-02
   15.850830078125000       -4.47161198E-02
   15.863037109375000       -4.47486937E-02
   15.875244140625000       -4.47814465E-02
   15.887451171875000       -4.48143482E-02
   15.899658203125000       -4.48473990E-02
   15.911865234375000       -4.48805988E-02
   15.924072265625000       -4.49140072E-02
   15.936279296875000       -4.49475348E-02
   15.948486328125000       -4.49812412E-02
   15.960693359375000       -4.50150967E-02
   15.972900390625000       -4.50491309E-02
   15.985107421875000       -4.50833440E-02
   15.997314453125000       -4.51177061E-02
   16.009521484375000       -4.51522171E-02
   16.021728515625000       -4.51869369E-02
   16.033935546875000       -4.52217758E-02
   16.046142578125000       -4.52568233E-02
   16.058349609375000       -4.52920198E-02
   16.070556640625000       -4.53273654E-02
   16.082763671875000       -4.53629196E-02
   16.094970703125000       -4.53986228E-02
   16.107177734375000       -4.54344749E-02
   16.119384765625000       -4.54705358E-02
   16.131591796875000       -4.55067456E-02
   16.143798828125000       -4.55431342E-02
   16.156005859375000       -4.55797017E-02
   16.168212890625000       -4.56164181E-02
   16.180419921875000       -4.56533134E-02
   16.192626953125000       -4.56904173E-02
   16.204833984375000       -4.57276702E-02
   16.217041015625000       -4.57651019E-02
   16.229248046875000       -4.58027124E-02
   16.241455078125000       -4.58405018E-02
   16.253662109375000       -4.58784401E-02
   16.265869140625000       -4.59165871E-02
   16.278076171875000       -4.59549129E-02
   16.290283203125000       -4.59934175E-02
   16.302490234375000       -4.60321009E-02
   16.314697265625000       -4.60709333E-02
   16.326904296875000       -4.61099744E-02
   16.339111328125000       -4.61491942E-02
   16.351318359375000       -4.61886227E-02
   16.363525390625000       -4.62282002E-02
   16.375732421875000       -4.62679863E-02
   16.387939453125000       -4.63079214E-02
   16.400146484375000       -4.63480651E-02
   16.412353515625000       -4.63884175E-02
   16.424560546875000       -4.64289188E-02
   16.436767578125000       -4.64696288E-02
   16.448974609375000       -4.65105176E-02
   16.461181640625000       -4.65515852E-02
   16.473388671875000       -4.65928614E-02
   16.485595703125000       -4.66343164E-02
   16.497802734375000       -4.66759801E-02
   16.510009765625000       -4.67178226E-02
   16.522216796875000       -4.67598736E-02
   16.534423828125000       -4.68021035E-02
   16.546630859375000       -4.68445122E-02
   16.558837890625000       -4.68871295E-02
   16.571044921875000       -4.69299555E-02
   16.583251953125000       -4.69729602E-02
   16.595458984375000       -4.70161736E-02
   16.607666015625000       -4.70595658E-02
   16.619873046875000       -4.71031666E-02
   16.632080078125000       -4.71469760E-02
   16.644287109375000       -4.71909940E-02
   16.656494140625000       -4.72351909E-02
   16.668701171875000       -4.72795963E-02
   16.680908203125000       -4.73242104E-02
   16.693115234375000       -4.73690033E-02
   16.705322265625000       -4.74140346E-02
   16.717529296875000       -4.74592447E-02
   16.729736328125000       -4.75046635E-02
   16.741943359375000       -4.75503206E-02
   16.754150390625000       -4.75961566E-02
   16.766357421875000       -4.76422012E-02
   16.778564453125000       -4.76884544E-02
   16.790771484375000       -4.77349162E-02
   16.802978515625000       -4.77815866E-02
   16.815185546875000       -4.78284955E-02
   16.827392578125000       -4.78755832E-02
   16.839599609375000       -4.79229093E-02
   16.851806640625000       -4.79704440E-02
   16.864013671875000       -4.80181873E-02
   16.876220703125000       -4.80661392E-02
   16.888427734375000       -4.81143296E-02
   16.900634765625000       -4.81627285E-02
   16.912841796875000       -4.82113361E-02
   16.925048828125000       -4.82601523E-02
   16.937255859375000       -4.83092070E-02
   16.949462890625000       -4.83585000E-02
   16.961669921875000       -4.84080017E-02
   16.973876953125000       -4.84577119E-02
   16.986083984375000       -4.85076606E-02
   16.998291015625000       -4.85578179E-02
   17.010498046875000       -4.86082137E-02
   17.022705078125000       -4.86588478E-02
   17.034912109375000       -4.87096906E-02
   17.047119140625000       -4.87607718E-02
   17.059326171875000       -4.88120914E-02
   17.071533203125000       -4.88636494E-02
   17.083740234375000       -4.89154160E-02
   17.095947265625000       -4.89674211E-02
   17.108154296875000       -4.90196645E-02
   17.120361328125000       -4.90721464E-02
   17.132568359375000       -4.91248369E-02
   17.144775390625000       -4.91777956E-02
   17.156982421875000       -4.92309630E-02
   17.169189453125000       -4.92843986E-02
   17.181396484375000       -4.93380725E-02
   17.193603515625000       -4.93919849E-02
   17.205810546875000       -4.94461358E-02
   17.218017578125000       -4.95005250E-02
   17.230224609375000       -4.95551527E-02
   17.242431640625000       -4.96100187E-02
   17.254638671875000       -4.96651530E-02
   17.266845703125000       -4.97205257E-02
   17.279052734375000       -4.97761667E-02
   17.291259765625000       -4.98320460E-02
   17.303466796875000       -4.98881638E-02
   17.315673828125000       -4.99445200E-02
   17.327880859375000       -5.00011742E-02
   17.340087890625000       -5.00580370E-02
   17.352294921875000       -5.01151979E-02
   17.364501953125000       -5.01725972E-02
   17.376708984375000       -5.02302349E-02
   17.388916015625000       -5.02881408E-02
   17.401123046875000       -5.03463149E-02
   17.413330078125000       -5.04047573E-02
   17.425537109375000       -5.04634380E-02
   17.437744140625000       -5.05224168E-02
   17.449951171875000       -5.05816340E-02
   17.462158203125000       -5.06411195E-02
   17.474365234375000       -5.07008731E-02
   17.486572265625000       -5.07609248E-02
   17.498779296875000       -5.08212149E-02
   17.510986328125000       -5.08817732E-02
   17.523193359375000       -5.09425998E-02
   17.535400390625000       -5.10037243E-02
   17.547607421875000       -5.10651171E-02
   17.559814453125000       -5.11267781E-02
   17.572021484375000       -5.11887074E-02
   17.584228515625000       -5.12509346E-02
   17.596435546875000       -5.13134301E-02
   17.608642578125000       -5.13762236E-02
   17.620849609375000       -5.14392853E-02
   17.633056640625000       -5.15026152E-02
   17.645263671875000       -5.15662730E-02
   17.657470703125000       -5.16301692E-02
   17.669677734375000       -5.16943932E-02
   17.681884765625000       -5.17588854E-02
   17.694091796875000       -5.18236756E-02
   17.706298828125000       -5.18887639E-02
   17.718505859375000       -5.19541204E-02
   17.730712890625000       -5.20198047E-02
   17.742919921875000       -5.20857573E-02
   17.755126953125000       -5.21520078E-02
   17.767333984375000       -5.22185862E-02
   17.779541015625000       -5.22854328E-02
   17.791748046875000       -5.23526073E-02
   17.803955078125000       -5.24200797E-02
   17.816162109375000       -5.24878502E-02
   17.828369140625000       -5.25559187E-02
   17.840576171875000       -5.26243150E-02
   17.852783203125000       -5.26930094E-02
   17.864990234375000       -5.27620316E-02
   17.877197265625000       -5.28313518E-02
   17.889404296875000       -5.29009700E-02
   17.901611328125000       -5.29709160E-02
   17.913818359375000       -5.30411899E-02
   17.926025390625000       -5.31117916E-02
   17.938232421875000       -5.31826913E-02
   17.950439453125000       -5.32539189E-02
   17.962646484375000       -5.33254743E-02
   17.974853515625000       -5.33973575E-02
   17.987060546875000       -5.34695685E-02
   17.999267578125000       -5.35420775E-02
   18.011474609375000       -5.36149442E-02
   18.023681640625000       -5.36881387E-02
   18.035888671875000       -5.37616909E-02
   18.048095703125000       -5.38355410E-02
   18.060302734375000       -5.39097488E-02
   18.072509765625000       -5.39842844E-02
   18.084716796875000       -5.40591776E-02
   18.096923828125000       -5.41343987E-02
   18.109130859375000       -5.42099476E-02
   18.121337890625000       -5.42858839E-02
   18.133544921875000       -5.43621182E-02
   18.145751953125000       -5.44387400E-02
   18.157958984375000       -5.45156896E-02
   18.170166015625000       -5.45930266E-02
   18.182373046875000       -5.46706915E-02
   18.194580078125000       -5.47487140E-02
   18.206787109375000       -5.48270941E-02
   18.218994140625000       -5.49058318E-02
   18.231201171875000       -5.49849272E-02
   18.243408203125000       -5.50644100E-02
   18.255615234375000       -5.51442504E-02
   18.267822265625000       -5.52244484E-02
   18.280029296875000       -5.53050041E-02
   18.292236328125000       -5.53859472E-02
   18.304443359375000       -5.54672778E-02
   18.316650390625000       -5.55489659E-02
   18.328857421875000       -5.56310415E-02
   18.341064453125000       -5.57135046E-02
   18.353271484375000       -5.57963252E-02
   18.365478515625000       -5.58795333E-02
   18.377685546875000       -5.59631586E-02
   18.389892578125000       -5.60471416E-02
   18.402099609375000       -5.61315119E-02
   18.414306640625000       -5.62162697E-02
   18.426513671875000       -5.63014448E-02
   18.438720703125000       -5.63870072E-02
   18.450927734375000       -5.64729571E-02
   18.463134765625000       -5.65593243E-02
   18.475341796875000       -5.66460788E-02
   18.487548828125000       -5.67332506E-02
   18.499755859375000       -5.68208396E-02
   18.511962890625000       -5.69088161E-02
   18.524169921875000       -5.69972098E-02
   18.536376953125000       -5.70860207E-02
   18.548583984375000       -5.71752489E-02
   18.560791015625000       -5.72648942E-02
   18.572998046875000       -5.73549569E-02
   18.585205078125000       -5.74454367E-02
   18.597412109375000       -5.75363636E-02
   18.609619140625000       -5.76277077E-02
   18.621826171875000       -5.77194691E-02
   18.634033203125000       -5.78116775E-02
   18.646240234375000       -5.79043031E-02
   18.658447265625000       -5.79973757E-02
   18.670654296875000       -5.80908954E-02
   18.682861328125000       -5.81848323E-02
   18.695068359375000       -5.82792461E-02
   18.707275390625000       -5.83740771E-02
   18.719482421875000       -5.84693849E-02
   18.731689453125000       -5.85651398E-02
   18.743896484375000       -5.86613417E-02
   18.756103515625000       -5.87579906E-02
   18.768310546875000       -5.88551164E-02
   18.780517578125000       -5.89526892E-02
   18.792724609375000       -5.90507388E-02
   18.804931640625000       -5.91492653E-02
   18.817138671875000       -5.92482388E-02
   18.829345703125000       -5.93476892E-02
   18.841552734375000       -5.94476163E-02
   18.853759765625000       -5.95480502E-02
   18.865966796875000       -5.96489310E-02
   18.878173828125000       -5.97503185E-02
   18.890380859375000       -5.98521829E-02
   18.902587890625000       -5.99545240E-02
   18.914794921875000       -6.00573719E-02
   18.927001953125000       -6.01607263E-02
   18.939208984375000       -6.02645576E-02
   18.951416015625000       -6.03688955E-02
   18.963623046875000       -6.04737401E-02
   18.975830078125000       -6.05790913E-02
   18.988037109375000       -6.06849492E-02
   19.000244140625000       -6.07913136E-02
   19.012451171875000       -6.08982146E-02
   19.024658203125000       -6.10056221E-02
   19.036865234375000       -6.11135364E-02
   19.049072265625000       -6.12219870E-02
   19.061279296875000       -6.13309741E-02
   19.073486328125000       -6.14404976E-02
   19.085693359375000       -6.15505278E-02
   19.097900390625000       -6.16611242E-02
   19.110107421875000       -6.17722571E-02
   19.122314453125000       -6.18839264E-02
   19.134521484375000       -6.19961321E-02
   19.146728515625000       -6.21089041E-02
   19.158935546875000       -6.22222126E-02
   19.171142578125000       -6.23360872E-02
   19.183349609375000       -6.24505281E-02
   19.195556640625000       -6.25655353E-02
   19.207763671875000       -6.26811087E-02
   19.219970703125000       -6.27972484E-02
   19.232177734375000       -6.29139543E-02
   19.244384765625000       -6.30312264E-02
   19.256591796875000       -6.31491244E-02
   19.268798828125000       -6.32675588E-02
   19.281005859375000       -6.33866191E-02
   19.293212890625000       -6.35062456E-02
   19.305419921875000       -6.36264682E-02
   19.317626953125000       -6.37473166E-02
   19.329833984375000       -6.38687313E-02
   19.342041015625000       -6.39907718E-02
   19.354248046875000       -6.41134381E-02
   19.366455078125000       -6.42367005E-02
   19.378662109375000       -6.43605590E-02
   19.390869140625000       -6.44850731E-02
   19.403076171875000       -6.46101832E-02
   19.415283203125000       -6.47359490E-02
   19.427490234375000       -6.48623407E-02
   19.439697265625000       -6.49893582E-02
   19.451904296875000       -6.51170313E-02
   19.464111328125000       -6.52453303E-02
   19.476318359375000       -6.53743148E-02
   19.488525390625000       -6.55039251E-02
   19.500732421875000       -6.56341910E-02
   19.512939453125000       -6.57651126E-02
   19.525146484375000       -6.58967197E-02
   19.537353515625000       -6.60289824E-02
   19.549560546875000       -6.61619306E-02
   19.561767578125000       -6.62955344E-02
   19.573974609375000       -6.64298534E-02
   19.586181640625000       -6.65648282E-02
   19.598388671875000       -6.67005181E-02
   19.610595703125000       -6.68368936E-02
   19.622802734375000       -6.69739544E-02
   19.635009765625000       -6.71117306E-02
   19.647216796875000       -6.72502220E-02
   19.659423828125000       -6.73894286E-02
   19.671630859375000       -6.75293505E-02
   19.683837890625000       -6.76699877E-02
   19.696044921875000       -6.78113699E-02
   19.708251953125000       -6.79534674E-02
   19.720458984375000       -6.80963099E-02
   19.732666015625000       -6.82398975E-02
   19.744873046875000       -6.83842301E-02
   19.757080078125000       -6.85293078E-02
   19.769287109375000       -6.86751306E-02
   19.781494140625000       -6.88217282E-02
   19.793701171875000       -6.89691007E-02
   19.805908203125000       -6.91172183E-02
   19.818115234375000       -6.92661405E-02
   19.830322265625000       -6.94158375E-02
   19.842529296875000       -6.95663095E-02
   19.854736328125000       -6.97175860E-02
   19.866943359375000       -6.98696375E-02
   19.879150390625000       -7.00225234E-02
   19.891357421875000       -7.01761842E-02
   19.903564453125000       -7.03306794E-02
   19.915771484375000       -7.04859793E-02
   19.927978515625000       -7.06421137E-02
   19.940185546875000       -7.07990825E-02
   19.952392578125000       -7.09568560E-02
   19.964599609375000       -7.11154938E-02
   19.976806640625000       -7.12749958E-02
   19.989013671875000       -7.14353323E-02
   20.001220703125000       -7.15965033E-02
   20.013427734375000       -7.17585683E-02
   20.025634765625000       -7.19214976E-02
   20.037841796875000       -7.20852911E-02
   20.050048828125000       -7.22499490E-02
   20.062255859375000       -7.24155307E-02
   20.074462890625000       -7.25819767E-02
   20.086669921875000       -7.27493465E-02
   20.098876953125000       -7.29176104E-02
   20.111083984375000       -7.30867684E-02
   20.123291015625000       -7.32568502E-02
   20.135498046875000       -7.34278858E-02
   20.147705078125000       -7.35998154E-02
   20.159912109375000       -7.37726986E-02
   20.172119140625000       -7.39465058E-02
   20.184326171875000       -7.41212964E-02
   20.196533203125000       -7.42970109E-02
   20.208740234375000       -7.44737089E-02
   20.220947265625000       -7.46513605E-02
   20.233154296875000       -7.48299956E-02
   20.245361328125000       -7.50096142E-02
   20.257568359375000       -7.51902163E-02
   20.269775390625000       -7.53718317E-02
   20.281982421875000       -7.55544305E-02
   20.294189453125000       -7.57380426E-02
   20.306396484375000       -7.59226680E-02
   20.318603515625000       -7.61083364E-02
   20.330810546875000       -7.62950182E-02
   20.343017578125000       -7.64827728E-02
   20.355224609375000       -7.66715407E-02
   20.367431640625000       -7.68613517E-02
   20.379638671875000       -7.70522654E-02
   20.391845703125000       -7.72442222E-02
   20.404052734375000       -7.74372518E-02
   20.416259765625000       -7.76313543E-02
   20.428466796875000       -7.78265893E-02
   20.440673828125000       -7.80228972E-02
   20.452880859375000       -7.82203078E-02
   20.465087890625000       -7.84188509E-02
   20.477294921875000       -7.86184967E-02
   20.489501953125000       -7.88192749E-02
   20.501708984375000       -7.90212154E-02
   20.513916015625000       -7.92242885E-02
   20.526123046875000       -7.94285238E-02
   20.538330078125000       -7.96339214E-02
   20.550537109375000       -7.98404813E-02
   20.562744140625000       -8.00482333E-02
   20.574951171875000       -8.02571476E-02
   20.587158203125000       -8.04672837E-02
   20.599365234375000       -8.06786418E-02
   20.611572265625000       -8.08911920E-02
   20.623779296875000       -8.11049938E-02
   20.635986328125000       -8.13199878E-02
   20.648193359375000       -8.15362632E-02
   20.660400390625000       -8.17537606E-02
   20.672607421875000       -8.19725394E-02
   20.684814453125000       -8.21925998E-02
   20.697021484375000       -8.24139118E-02
   20.709228515625000       -8.26365352E-02
   20.721435546875000       -8.28604400E-02
   20.733642578125000       -8.30856562E-02
   20.745849609375000       -8.33121836E-02
   20.758056640625000       -8.35400522E-02
   20.770263671875000       -8.37692618E-02
   20.782470703125000       -8.39998126E-02
   20.794677734375000       -8.42317343E-02
   20.806884765625000       -8.44649971E-02
   20.819091796875000       -8.46996605E-02
   20.831298828125000       -8.49356949E-02
   20.843505859375000       -8.51731598E-02
   20.855712890625000       -8.54119956E-02
   20.867919921875000       -8.56522620E-02
   20.880126953125000       -8.58939886E-02
   20.892333984375000       -8.61371160E-02
   20.904541015625000       -8.63817334E-02
   20.916748046875000       -8.66277814E-02
   20.928955078125000       -8.68753195E-02
   20.941162109375000       -8.71243477E-02
   20.953369140625000       -8.73748660E-02
   20.965576171875000       -8.76269042E-02
   20.977783203125000       -8.78804326E-02
   20.989990234375000       -8.81355405E-02
   21.002197265625000       -8.83921683E-02
   21.014404296875000       -8.86503458E-02
   21.026611328125000       -8.89101028E-02
   21.038818359375000       -8.91714096E-02
   21.051025390625000       -8.94343555E-02
   21.063232421875000       -8.96988809E-02
   21.075439453125000       -8.99650156E-02
   21.087646484375000       -9.02327895E-02
   21.099853515625000       -9.05022025E-02
   21.112060546875000       -9.07732844E-02
   21.124267578125000       -9.10460055E-02
   21.136474609375000       -9.13204253E-02
   21.148681640625000       -9.15965438E-02
   21.160888671875000       -9.18743610E-02
   21.173095703125000       -9.21539068E-02
   21.185302734375000       -9.24351811E-02
   21.197509765625000       -9.27182138E-02
   21.209716796875000       -9.30030048E-02
   21.221923828125000       -9.32895541E-02
   21.234130859375000       -9.35779214E-02
   21.246337890625000       -9.38680768E-02
   21.258544921875000       -9.41600502E-02
   21.270751953125000       -9.44538713E-02
   21.282958984375000       -9.47495103E-02
   21.295166015625000       -9.50470269E-02
   21.307373046875000       -9.53464210E-02
   21.319580078125000       -9.56477225E-02
   21.331787109375000       -9.59509015E-02
   21.343994140625000       -9.62560177E-02
   21.356201171875000       -9.65631008E-02
   21.368408203125000       -9.68720913E-02
   21.380615234375000       -9.71830785E-02
   21.392822265625000       -9.74960327E-02
   21.405029296875000       -9.78110135E-02
   21.417236328125000       -9.81279910E-02
   21.429443359375000       -9.84470248E-02
   21.441650390625000       -9.87680852E-02
   21.453857421875000       -9.90912318E-02
   21.466064453125000       -9.94164646E-02
   21.478271484375000       -9.97437835E-02
   21.490478515625000      -0.100073218    
   21.502685546875000      -0.100404799    
   21.514892578125000      -0.100738555    
   21.527099609375000      -0.101074457    
   21.539306640625000      -0.101412565    
   21.551513671875000      -0.101752847    
   21.563720703125000      -0.102095395    
   21.575927734375000      -0.102440178    
   21.588134765625000      -0.102787226    
   21.600341796875000      -0.103136539    
   21.612548828125000      -0.103488147    
   21.624755859375000      -0.103842109    
   21.636962890625000      -0.104198396    
   21.649169921875000      -0.104557037    
   21.661376953125000      -0.104918063    
   21.673583984375000      -0.105281502    
   21.685791015625000      -0.105647326    
   21.697998046875000      -0.106015623    
   21.710205078125000      -0.106386364    
   21.722412109375000      -0.106759608    
   21.734619140625000      -0.107135326    
   21.746826171875000      -0.107513577    
   21.759033203125000      -0.107894391    
   21.771240234375000      -0.108277738    
   21.783447265625000      -0.108663708    
   21.795654296875000      -0.109052271    
   21.807861328125000      -0.109443486    
   21.820068359375000      -0.109837353    
   21.832275390625000      -0.110233873    
   21.844482421875000      -0.110633135    
   21.856689453125000      -0.111035079    
   21.868896484375000      -0.111439824    
   21.881103515625000      -0.111847311    
   21.893310546875000      -0.112257600    
   21.905517578125000      -0.112670690    
   21.917724609375000      -0.113086671    
   21.929931640625000      -0.113505483    
   21.942138671875000      -0.113927215    
   21.954345703125000      -0.114351869    
   21.966552734375000      -0.114779472    
   21.978759765625000      -0.115210027    
   21.990966796875000      -0.115643591    
   22.003173828125000      -0.116080195    
   22.015380859375000      -0.116519839    
   22.027587890625000      -0.116962582    
   22.039794921875000      -0.117408425    
   22.052001953125000      -0.117857397    
   22.064208984375000      -0.118309528    
   22.076416015625000      -0.118764848    
   22.088623046875000      -0.119223386    
   22.100830078125000      -0.119685173    
   22.113037109375000      -0.120150268    
   22.125244140625000      -0.120618641    
   22.137451171875000      -0.121090353    
   22.149658203125000      -0.121565431    
   22.161865234375000      -0.122043937    
   22.174072265625000      -0.122525841    
   22.186279296875000      -0.123011202    
   22.198486328125000      -0.123500079    
   22.210693359375000      -0.123992443    
   22.222900390625000      -0.124488384    
   22.235107421875000      -0.124987930    
   22.247314453125000      -0.125491083    
   22.259521484375000      -0.125997871    
   22.271728515625000      -0.126508385    
   22.283935546875000      -0.127022594    
   22.296142578125000      -0.127540559    
   22.308349609375000      -0.128062308    
   22.320556640625000      -0.128587902    
   22.332763671875000      -0.129117340    
   22.344970703125000      -0.129650682    
   22.357177734375000      -0.130187988    
   22.369384765625000      -0.130729228    
   22.381591796875000      -0.131274492    
   22.393798828125000      -0.131823778    
   22.406005859375000      -0.132377177    
   22.418212890625000      -0.132934690    
   22.430419921875000      -0.133496344    
   22.442626953125000      -0.134062231    
   22.454833984375000      -0.134632349    
   22.467041015625000      -0.135206729    
   22.479248046875000      -0.135785431    
   22.491455078125000      -0.136368513    
   22.503662109375000      -0.136956006    
   22.515869140625000      -0.137547940    
   22.528076171875000      -0.138144344    
   22.540283203125000      -0.138745308    
   22.552490234375000      -0.139350832    
   22.564697265625000      -0.139960974    
   22.576904296875000      -0.140575767    
   22.589111328125000      -0.141195297    
   22.601318359375000      -0.141819566    
   22.613525390625000      -0.142448664    
   22.625732421875000      -0.143082589    
   22.637939453125000      -0.143721402    
   22.650146484375000      -0.144365191    
   22.662353515625000      -0.145013958    
   22.674560546875000      -0.145667762    
   22.686767578125000      -0.146326661    
   22.698974609375000      -0.146990716    
   22.711181640625000      -0.147659957    
   22.723388671875000      -0.148334444    
   22.735595703125000      -0.149014235    
   22.747802734375000      -0.149699360    
   22.760009765625000      -0.150389910    
   22.772216796875000      -0.151085913    
   22.784423828125000      -0.151787430    
   22.796630859375000      -0.152494490    
   22.808837890625000      -0.153207213    
   22.821044921875000      -0.153925598    
   22.833251953125000      -0.154649734    
   22.845458984375000      -0.155379683    
   22.857666015625000      -0.156115472    
   22.869873046875000      -0.156857163    
   22.882080078125000      -0.157604843    
   22.894287109375000      -0.158358574    
   22.906494140625000      -0.159118414    
   22.918701171875000      -0.159884423    
   22.930908203125000      -0.160656631    
   22.943115234375000      -0.161435157    
   22.955322265625000      -0.162220031    
   22.967529296875000      -0.163011342    
   22.979736328125000      -0.163809150    
   22.991943359375000      -0.164613515    
   23.004150390625000      -0.165424496    
   23.016357421875000      -0.166242182    
   23.028564453125000      -0.167066664    
   23.040771484375000      -0.167897969    
   23.052978515625000      -0.168736190    
   23.065185546875000      -0.169581383    
   23.077392578125000      -0.170433670    
   23.089599609375000      -0.171293080    
   23.101806640625000      -0.172159702    
   23.114013671875000      -0.173033625    
   23.126220703125000      -0.173914939    
   23.138427734375000      -0.174803674    
   23.150634765625000      -0.175699979    
   23.162841796875000      -0.176603854    
   23.175048828125000      -0.177515477    
   23.187255859375000      -0.178434849    
   23.199462890625000      -0.179362088    
   23.211669921875000      -0.180297285    
   23.223876953125000      -0.181240529    
   23.236083984375000      -0.182191908    
   23.248291015625000      -0.183151513    
   23.260498046875000      -0.184119433    
   23.272705078125000      -0.185095757    
   23.284912109375000      -0.186080575    
   23.297119140625000      -0.187074006    
   23.309326171875000      -0.188076109    
   23.321533203125000      -0.189087003    
   23.333740234375000      -0.190106809    
   23.345947265625000      -0.191135585    
   23.358154296875000      -0.192173481    
   23.370361328125000      -0.193220556    
   23.382568359375000      -0.194276929    
   23.394775390625000      -0.195342749    
   23.406982421875000      -0.196418047    
   23.419189453125000      -0.197503000    
   23.431396484375000      -0.198597699    
   23.443603515625000      -0.199702263    
   23.455810546875000      -0.200816780    
   23.468017578125000      -0.201941401    
   23.480224609375000      -0.203076214    
   23.492431640625000      -0.204221368    
   23.504638671875000      -0.205376953    
   23.516845703125000      -0.206543148    
   23.529052734375000      -0.207720011    
   23.541259765625000      -0.208907723    
   23.553466796875000      -0.210106403    
   23.565673828125000      -0.211316168    
   23.577880859375000      -0.212537169    
   23.590087890625000      -0.213769525    
   23.602294921875000      -0.215013385    
   23.614501953125000      -0.216268897    
   23.626708984375000      -0.217536181    
   23.638916015625000      -0.218815416    
   23.651123046875000      -0.220106721    
   23.663330078125000      -0.221410245    
   23.675537109375000      -0.222726166    
   23.687744140625000      -0.224054605    
   23.699951171875000      -0.225395769    
   23.712158203125000      -0.226749778    
   23.724365234375000      -0.228116781    
   23.736572265625000      -0.229496986    
   23.748779296875000      -0.230890542    
   23.760986328125000      -0.232297629    
   23.773193359375000      -0.233718395    
   23.785400390625000      -0.235153049    
   23.797607421875000      -0.236601770    
   23.809814453125000      -0.238064706    
   23.822021484375000      -0.239542067    
   23.834228515625000      -0.241034031    
   23.846435546875000      -0.242540807    
   23.858642578125000      -0.244062603    
   23.870849609375000      -0.245599568    
   23.883056640625000      -0.247151941    
   23.895263671875000      -0.248719931    
   23.907470703125000      -0.250303745    
   23.919677734375000      -0.251903594    
   23.931884765625000      -0.253519684    
   23.944091796875000      -0.255152255    
   23.956298828125000      -0.256801516    
   23.968505859375000      -0.258467704    
   23.980712890625000      -0.260151058    
   23.992919921875000      -0.261851817    
   24.005126953125000      -0.263570189    
   24.017333984375000      -0.265306473    
   24.029541015625000      -0.267060906    
   24.041748046875000      -0.268833727    
   24.053955078125000      -0.270625234    
   24.066162109375000      -0.272435606    
   24.078369140625000      -0.274265230    
   24.090576171875000      -0.276114315    
   24.102783203125000      -0.277983129    
   24.114990234375000      -0.279872000    
   24.127197265625000      -0.281781226    
   24.139404296875000      -0.283711076    
   24.151611328125000      -0.285661846    
   24.163818359375000      -0.287633896    
   24.176025390625000      -0.289627492    
   24.188232421875000      -0.291642964    
   24.200439453125000      -0.293680698    
   24.212646484375000      -0.295740962    
   24.224853515625000      -0.297824115    
   24.237060546875000      -0.299930543    
   24.249267578125000      -0.302060544    
   24.261474609375000      -0.304214537    
   24.273681640625000      -0.306392878    
   24.285888671875000      -0.308595926    
   24.298095703125000      -0.310824096    
   24.310302734375000      -0.313077778    
   24.322509765625000      -0.315357357    
   24.334716796875000      -0.317663282    
   24.346923828125000      -0.319995940    
   24.359130859375000      -0.322355777    
   24.371337890625000      -0.324743241    
   24.383544921875000      -0.327158779    
   24.395751953125000      -0.329602838    
   24.407958984375000      -0.332075894    
   24.420166015625000      -0.334578454    
   24.432373046875000      -0.337110966    
   24.444580078125000      -0.339673966    
   24.456787109375000      -0.342267931    
   24.468994140625000      -0.344893426    
   24.481201171875000      -0.347550988    
   24.493408203125000      -0.350241125    
   24.505615234375000      -0.352964461    
   24.517822265625000      -0.355721474    
   24.530029296875000      -0.358512878    
   24.542236328125000      -0.361339182    
   24.554443359375000      -0.364201069    
   24.566650390625000      -0.367099106    
   24.578857421875000      -0.370033979    
   24.591064453125000      -0.373006314    
   24.603271484375000      -0.376016855    
   24.615478515625000      -0.379066229    
   24.627685546875000      -0.382155180    
   24.639892578125000      -0.385284424    
   24.652099609375000      -0.388454765    
   24.664306640625000      -0.391666859    
   24.676513671875000      -0.394921601    
   24.688720703125000      -0.398219705    
   24.700927734375000      -0.401562065    
   24.713134765625000      -0.404949456    
   24.725341796875000      -0.408382803    
   24.737548828125000      -0.411862969    
   24.749755859375000      -0.415390909    
   24.761962890625000      -0.418967485    
   24.774169921875000      -0.422593713    
   24.786376953125000      -0.426270515    
   24.798583984375000      -0.429998994    
   24.810791015625000      -0.433780104    
   24.822998046875000      -0.437614977    
   24.835205078125000      -0.441504627    
   24.847412109375000      -0.445450246    
   24.859619140625000      -0.449452937    
   24.871826171875000      -0.453513950    
   24.884033203125000      -0.457634389    
   24.896240234375000      -0.461815655    
   24.908447265625000      -0.466058880    
   24.920654296875000      -0.470365554    
   24.932861328125000      -0.474736780    
   24.945068359375000      -0.479174316    
   24.957275390625000      -0.483679086    
   24.969482421875000      -0.488253325    
   24.981689453125000      -0.492897213    
   24.993896484375000      -0.497615397    
