   6.1035156250000000E-003 -0.498919487    
   1.8310546875000000E-002 -0.496808827    
   3.0517578125000000E-002 -0.494770676    
   4.2724609375000000E-002 -0.492799312    
   5.4931640625000000E-002 -0.490893483    
   6.7138671875000000E-002 -0.489050031    
   7.9345703125000000E-002 -0.487267077    
   9.1552734375000000E-002 -0.485542059    
  0.10375976562500000      -0.483873069    
  0.11596679687500000      -0.482257813    
  0.12817382812500000      -0.480694473    
  0.14038085937500000      -0.479181051    
  0.15258789062500000      -0.477715790    
  0.16479492187500000      -0.476296902    
  0.17700195312500000      -0.474922717    
  0.18920898437500000      -0.473591626    
  0.20141601562500000      -0.472302049    
  0.21362304687500000      -0.471052527    
  0.22583007812500000      -0.469841659    
  0.23803710937500000      -0.468667984    
  0.25024414062500000      -0.467530310    
  0.26245117187500000      -0.466427237    
  0.27465820312500000      -0.465357661    
  0.28686523437500000      -0.464320332    
  0.29907226562500000      -0.463314176    
  0.31127929687500000      -0.462338060    
  0.32348632812500000      -0.461391032    
  0.33569335937500000      -0.460471988    
  0.34790039062500000      -0.459580064    
  0.36010742187500000      -0.458714277    
  0.37231445312500000      -0.457873762    
  0.38452148437500000      -0.457057655    
  0.39672851562500000      -0.456265122    
  0.40893554687500000      -0.455495417    
  0.42114257812500000      -0.454747736    
  0.43334960937500000      -0.454021335    
  0.44555664062500000      -0.453315556    
  0.45776367187500000      -0.452629685    
  0.46997070312500000      -0.451963097    
  0.48217773437500000      -0.451315105    
  0.49438476562500000      -0.450685173    
  0.50659179687500000      -0.450072676    
  0.51879882812500000      -0.449477047    
  0.53100585937500000      -0.448897779    
  0.54321289062500000      -0.448334306    
  0.55541992187500000      -0.447786123    
  0.56762695312500000      -0.447252780    
  0.57983398437500000      -0.446733803    
  0.59204101562500000      -0.446228713    
  0.60424804687500000      -0.445737094    
  0.61645507812500000      -0.445258528    
  0.62866210937500000      -0.444792569    
  0.64086914062500000      -0.444338888    
  0.65307617187500000      -0.443897069    
  0.66528320312500000      -0.443466783    
  0.67749023437500000      -0.443047613    
  0.68969726562500000      -0.442639291    
  0.70190429687500000      -0.442241430    
  0.71411132812500000      -0.441853762    
  0.72631835937500000      -0.441475958    
  0.73852539062500000      -0.441107720    
  0.75073242187500000      -0.440748781    
  0.76293945312500000      -0.440398842    
  0.77514648437500000      -0.440057635    
  0.78735351562500000      -0.439724952    
  0.79956054687500000      -0.439400494    
  0.81176757812500000      -0.439084023    
  0.82397460937500000      -0.438775331    
  0.83618164062500000      -0.438474178    
  0.84838867187500000      -0.438180357    
  0.86059570312500000      -0.437893659    
  0.87280273437500000      -0.437613875    
  0.88500976562500000      -0.437340796    
  0.89721679687500000      -0.437074244    
  0.90942382812500000      -0.436814070    
  0.92163085937500000      -0.436560035    
  0.93383789062500000      -0.436311990    
  0.94604492187500000      -0.436069787    
  0.95825195312500000      -0.435833246    
  0.97045898437500000      -0.435602218    
  0.98266601562500000      -0.435376525    
  0.99487304687500000      -0.435156077    
   1.0070800781250000      -0.434940696    
   1.0192871093750000      -0.434730232    
   1.0314941406250000      -0.434524566    
   1.0437011718750000      -0.434323579    
   1.0559082031250000      -0.434127152    
   1.0681152343750000      -0.433935136    
   1.0803222656250000      -0.433747441    
   1.0925292968750000      -0.433563948    
   1.1047363281250000      -0.433384508    
   1.1169433593750000      -0.433209062    
   1.1291503906250000      -0.433037490    
   1.1413574218750000      -0.432869703    
   1.1535644531250000      -0.432705581    
   1.1657714843750000      -0.432545036    
   1.1779785156250000      -0.432387978    
   1.1901855468750000      -0.432234317    
   1.2023925781250000      -0.432083964    
   1.2145996093750000      -0.431936860    
   1.2268066406250000      -0.431792915    
   1.2390136718750000      -0.431652009    
   1.2512207031250000      -0.431514114    
   1.2634277343750000      -0.431379139    
   1.2756347656250000      -0.431246996    
   1.2878417968750000      -0.431117624    
   1.3000488281250000      -0.430990964    
   1.3122558593750000      -0.430866927    
   1.3244628906250000      -0.430745482    
   1.3366699218750000      -0.430626571    
   1.3488769531250000      -0.430510074    
   1.3610839843750000      -0.430395991    
   1.3732910156250000      -0.430284232    
   1.3854980468750000      -0.430174768    
   1.3977050781250000      -0.430067509    
   1.4099121093750000      -0.429962456    
   1.4221191406250000      -0.429859489    
   1.4343261718750000      -0.429758608    
   1.4465332031250000      -0.429659724    
   1.4587402343750000      -0.429562837    
   1.4709472656250000      -0.429467887    
   1.4831542968750000      -0.429374814    
   1.4953613281250000      -0.429283559    
   1.5075683593750000      -0.429194123    
   1.5197753906250000      -0.429106444    
   1.5319824218750000      -0.429020464    
   1.5441894531250000      -0.428936183    
   1.5563964843750000      -0.428853542    
   1.5686035156250000      -0.428772479    
   1.5808105468750000      -0.428692997    
   1.5930175781250000      -0.428615063    
   1.6052246093750000      -0.428538591    
   1.6174316406250000      -0.428463578    
   1.6296386718750000      -0.428390026    
   1.6418457031250000      -0.428317875    
   1.6540527343750000      -0.428247064    
   1.6662597656250000      -0.428177625    
   1.6784667968750000      -0.428109467    
   1.6906738281250000      -0.428042591    
   1.7028808593750000      -0.427976966    
   1.7150878906250000      -0.427912563    
   1.7272949218750000      -0.427849382    
   1.7395019531250000      -0.427787364    
   1.7517089843750000      -0.427726477    
   1.7639160156250000      -0.427666724    
   1.7761230468750000      -0.427608073    
   1.7883300781250000      -0.427550495    
   1.8005371093750000      -0.427493960    
   1.8127441406250000      -0.427438468    
   1.8249511718750000      -0.427383989    
   1.8371582031250000      -0.427330494    
   1.8493652343750000      -0.427277952    
   1.8615722656250000      -0.427226365    
   1.8737792968750000      -0.427175730    
   1.8859863281250000      -0.427125990    
   1.8981933593750000      -0.427077115    
   1.9104003906250000      -0.427029133    
   1.9226074218750000      -0.426981986    
   1.9348144531250000      -0.426935703    
   1.9470214843750000      -0.426890224    
   1.9592285156250000      -0.426845551    
   1.9714355468750000      -0.426801652    
   1.9836425781250000      -0.426758528    
   1.9958496093750000      -0.426716179    
   2.0080566406250000      -0.426674545    
   2.0202636718750000      -0.426633656    
   2.0324707031250000      -0.426593453    
   2.0446777343750000      -0.426553965    
   2.0568847656250000      -0.426515162    
   2.0690917968750000      -0.426477015    
   2.0812988281250000      -0.426439553    
   2.0935058593750000      -0.426402688    
   2.1057128906250000      -0.426366478    
   2.1179199218750000      -0.426330894    
   2.1301269531250000      -0.426295906    
   2.1423339843750000      -0.426261514    
   2.1545410156250000      -0.426227689    
   2.1667480468750000      -0.426194459    
   2.1789550781250000      -0.426161796    
   2.1911621093750000      -0.426129669    
   2.2033691406250000      -0.426098078    
   2.2155761718750000      -0.426067024    
   2.2277832031250000      -0.426036477    
   2.2399902343750000      -0.426006466    
   2.2521972656250000      -0.425976932    
   2.2644042968750000      -0.425947875    
   2.2766113281250000      -0.425919324    
   2.2888183593750000      -0.425891221    
   2.3010253906250000      -0.425863624    
   2.3132324218750000      -0.425836444    
   2.3254394531250000      -0.425809741    
   2.3376464843750000      -0.425783455    
   2.3498535156250000      -0.425757587    
   2.3620605468750000      -0.425732136    
   2.3742675781250000      -0.425707132    
   2.3864746093750000      -0.425682515    
   2.3986816406250000      -0.425658315    
   2.4108886718750000      -0.425634474    
   2.4230957031250000      -0.425611049    
   2.4353027343750000      -0.425587982    
   2.4475097656250000      -0.425565302    
   2.4597167968750000      -0.425542980    
   2.4719238281250000      -0.425521016    
   2.4841308593750000      -0.425499380    
   2.4963378906250000      -0.425478131    
   2.5085449218750000      -0.425457180    
   2.5207519531250000      -0.425436586    
   2.5329589843750000      -0.425416291    
   2.5451660156250000      -0.425396353    
   2.5573730468750000      -0.425376713    
   2.5695800781250000      -0.425357401    
   2.5817871093750000      -0.425338358    
   2.5939941406250000      -0.425319642    
   2.6062011718750000      -0.425301194    
   2.6184082031250000      -0.425283074    
   2.6306152343750000      -0.425265193    
   2.6428222656250000      -0.425247610    
   2.6550292968750000      -0.425230324    
   2.6672363281250000      -0.425213277    
   2.6794433593750000      -0.425196499    
   2.6916503906250000      -0.425179958    
   2.7038574218750000      -0.425163716    
   2.7160644531250000      -0.425147712    
   2.7282714843750000      -0.425131947    
   2.7404785156250000      -0.425116420    
   2.7526855468750000      -0.425101131    
   2.7648925781250000      -0.425086081    
   2.7770996093750000      -0.425071269    
   2.7893066406250000      -0.425056666    
   2.8015136718750000      -0.425042301    
   2.8137207031250000      -0.425028145    
   2.8259277343750000      -0.425014198    
   2.8381347656250000      -0.425000489    
   2.8503417968750000      -0.424986959    
   2.8625488281250000      -0.424973637    
   2.8747558593750000      -0.424960524    
   2.8869628906250000      -0.424947619    
   2.8991699218750000      -0.424934894    
   2.9113769531250000      -0.424922347    
   2.9235839843750000      -0.424910009    
   2.9357910156250000      -0.424897850    
   2.9479980468750000      -0.424885869    
   2.9602050781250000      -0.424874067    
   2.9724121093750000      -0.424862444    
   2.9846191406250000      -0.424851000    
   2.9968261718750000      -0.424839705    
   3.0090332031250000      -0.424828589    
   3.0212402343750000      -0.424817652    
   3.0334472656250000      -0.424806863    
   3.0456542968750000      -0.424796224    
   3.0578613281250000      -0.424785763    
   3.0700683593750000      -0.424775422    
   3.0822753906250000      -0.424765259    
   3.0944824218750000      -0.424755245    
   3.1066894531250000      -0.424745381    
   3.1188964843750000      -0.424735665    
   3.1311035156250000      -0.424726069    
   3.1433105468750000      -0.424716622    
   3.1555175781250000      -0.424707294    
   3.1677246093750000      -0.424698144    
   3.1799316406250000      -0.424689114    
   3.1921386718750000      -0.424680173    
   3.2043457031250000      -0.424671412    
   3.2165527343750000      -0.424662769    
   3.2287597656250000      -0.424654216    
   3.2409667968750000      -0.424645811    
   3.2531738281250000      -0.424637526    
   3.2653808593750000      -0.424629360    
   3.2775878906250000      -0.424621314    
   3.2897949218750000      -0.424613386    
   3.3020019531250000      -0.424605548    
   3.3142089843750000      -0.424597859    
   3.3264160156250000      -0.424590260    
   3.3386230468750000      -0.424582779    
   3.3508300781250000      -0.424575388    
   3.3630371093750000      -0.424568117    
   3.3752441406250000      -0.424560934    
   3.3874511718750000      -0.424553871    
   3.3996582031250000      -0.424546897    
   3.4118652343750000      -0.424540013    
   3.4240722656250000      -0.424533248    
   3.4362792968750000      -0.424526542    
   3.4484863281250000      -0.424519956    
   3.4606933593750000      -0.424513459    
   3.4729003906250000      -0.424507052    
   3.4851074218750000      -0.424500763    
   3.4973144531250000      -0.424494505    
   3.5095214843750000      -0.424488395    
   3.5217285156250000      -0.424482346    
   3.5339355468750000      -0.424476355    
   3.5461425781250000      -0.424470484    
   3.5583496093750000      -0.424464673    
   3.5705566406250000      -0.424458951    
   3.5827636718750000      -0.424453318    
   3.5949707031250000      -0.424447745    
   3.6071777343750000      -0.424442261    
   3.6193847656250000      -0.424436837    
   3.6315917968750000      -0.424431503    
   3.6437988281250000      -0.424426258    
   3.6560058593750000      -0.424421042    
   3.6682128906250000      -0.424415946    
   3.6804199218750000      -0.424410880    
   3.6926269531250000      -0.424405903    
   3.7048339843750000      -0.424400985    
   3.7170410156250000      -0.424396157    
   3.7292480468750000      -0.424391389    
   3.7414550781250000      -0.424386650    
   3.7536621093750000      -0.424382001    
   3.7658691406250000      -0.424377441    
   3.7780761718750000      -0.424372911    
   3.7902832031250000      -0.424368441    
   3.8024902343750000      -0.424364060    
   3.8146972656250000      -0.424359709    
   3.8269042968750000      -0.424355417    
   3.8391113281250000      -0.424351215    
   3.8513183593750000      -0.424347043    
   3.8635253906250000      -0.424342930    
   3.8757324218750000      -0.424338877    
   3.8879394531250000      -0.424334884    
   3.9001464843750000      -0.424330950    
   3.9123535156250000      -0.424327046    
   3.9245605468750000      -0.424323201    
   3.9367675781250000      -0.424319416    
   3.9489746093750000      -0.424315691    
   3.9611816406250000      -0.424311996    
   3.9733886718750000      -0.424308360    
   3.9855957031250000      -0.424304783    
   3.9978027343750000      -0.424301237    
   4.0100097656250000      -0.424297750    
   4.0222167968750000      -0.424294293    
   4.0344238281250000      -0.424290895    
   4.0466308593750000      -0.424287528    
   4.0588378906250000      -0.424284220    
   4.0710449218750000      -0.424280971    
   4.0832519531250000      -0.424277723    
   4.0954589843750000      -0.424274564    
   4.1076660156250000      -0.424271435    
   4.1198730468750000      -0.424268305    
   4.1320800781250000      -0.424265265    
   4.1442871093750000      -0.424262255    
   4.1564941406250000      -0.424259275    
   4.1687011718750000      -0.424256325    
   4.1809082031250000      -0.424253434    
   4.1931152343750000      -0.424250573    
   4.2053222656250000      -0.424247772    
   4.2175292968750000      -0.424244970    
   4.2297363281250000      -0.424242228    
   4.2419433593750000      -0.424239516    
   4.2541503906250000      -0.424236834    
   4.2663574218750000      -0.424234211    
   4.2785644531250000      -0.424231589    
   4.2907714843750000      -0.424229026    
   4.3029785156250000      -0.424226493    
   4.3151855468750000      -0.424223989    
   4.3273925781250000      -0.424221516    
   4.3395996093750000      -0.424219072    
   4.3518066406250000      -0.424216658    
   4.3640136718750000      -0.424214274    
   4.3762207031250000      -0.424211919    
   4.3884277343750000      -0.424209595    
   4.4006347656250000      -0.424207330    
   4.4128417968750000      -0.424205065    
   4.4250488281250000      -0.424202859    
   4.4372558593750000      -0.424200654    
   4.4494628906250000      -0.424198478    
   4.4616699218750000      -0.424196333    
   4.4738769531250000      -0.424194217    
   4.4860839843750000      -0.424192131    
   4.4982910156250000      -0.424190074    
   4.5104980468750000      -0.424188018    
   4.5227050781250000      -0.424186021    
   4.5349121093750000      -0.424184054    
   4.5471191406250000      -0.424182087    
   4.5593261718750000      -0.424180150    
   4.5715332031250000      -0.424178243    
   4.5837402343750000      -0.424176365    
   4.5959472656250000      -0.424174517    
   4.6081542968750000      -0.424172670    
   4.6203613281250000      -0.424170852    
   4.6325683593750000      -0.424169064    
   4.6447753906250000      -0.424167305    
   4.6569824218750000      -0.424165577    
   4.6691894531250000      -0.424163848    
   4.6813964843750000      -0.424162149    
   4.6936035156250000      -0.424160480    
   4.7058105468750000      -0.424158812    
   4.7180175781250000      -0.424157172    
   4.7302246093750000      -0.424155563    
   4.7424316406250000      -0.424153984    
   4.7546386718750000      -0.424152404    
   4.7668457031250000      -0.424150854    
   4.7790527343750000      -0.424149305    
   4.7912597656250000      -0.424147785    
   4.8034667968750000      -0.424146295    
   4.8156738281250000      -0.424144834    
   4.8278808593750000      -0.424143374    
   4.8400878906250000      -0.424141943    
   4.8522949218750000      -0.424140513    
   4.8645019531250000      -0.424139112    
   4.8767089843750000      -0.424137712    
   4.8889160156250000      -0.424136370    
   4.9011230468750000      -0.424135000    
   4.9133300781250000      -0.424133658    
   4.9255371093750000      -0.424132347    
   4.9377441406250000      -0.424131066    
   4.9499511718750000      -0.424129754    
   4.9621582031250000      -0.424128503    
   4.9743652343750000      -0.424127251    
   4.9865722656250000      -0.424125999    
   4.9987792968750000      -0.424124777    
   5.0109863281250000      -0.424123585    
   5.0231933593750000      -0.424122393    
   5.0354003906250000      -0.424121201    
   5.0476074218750000      -0.424120039    
   5.0598144531250000      -0.424118906    
   5.0720214843750000      -0.424117774    
   5.0842285156250000      -0.424116641    
   5.0964355468750000      -0.424115539    
   5.1086425781250000      -0.424114466    
   5.1208496093750000      -0.424113363    
   5.1330566406250000      -0.424112320    
   5.1452636718750000      -0.424111247    
   5.1574707031250000      -0.424110234    
   5.1696777343750000      -0.424109191    
   5.1818847656250000      -0.424108177    
   5.1940917968750000      -0.424107194    
   5.2062988281250000      -0.424106181    
   5.2185058593750000      -0.424105227    
   5.2307128906250000      -0.424104244    
   5.2429199218750000      -0.424103290    
   5.2551269531250000      -0.424102366    
   5.2673339843750000      -0.424101412    
   5.2795410156250000      -0.424100518    
   5.2917480468750000      -0.424099624    
   5.3039550781250000      -0.424098730    
   5.3161621093750000      -0.424097836    
   5.3283691406250000      -0.424096942    
   5.3405761718750000      -0.424096107    
   5.3527832031250000      -0.424095243    
   5.3649902343750000      -0.424094409    
   5.3771972656250000      -0.424093574    
   5.3894042968750000      -0.424092740    
   5.4016113281250000      -0.424091935    
   5.4138183593750000      -0.424091130    
   5.4260253906250000      -0.424090326    
   5.4382324218750000      -0.424089551    
   5.4504394531250000      -0.424088776    
   5.4626464843750000      -0.424088031    
   5.4748535156250000      -0.424087286    
   5.4870605468750000      -0.424086511    
   5.4992675781250000      -0.424085796    
   5.5114746093750000      -0.424085081    
   5.5236816406250000      -0.424084365    
   5.5358886718750000      -0.424083650    
   5.5480957031250000      -0.424082935    
   5.5603027343750000      -0.424082249    
   5.5725097656250000      -0.424081564    
   5.5847167968750000      -0.424080878    
   5.5969238281250000      -0.424080223    
   5.6091308593750000      -0.424079567    
   5.6213378906250000      -0.424078912    
   5.6335449218750000      -0.424078286    
   5.6457519531250000      -0.424077630    
   5.6579589843750000      -0.424077004    
   5.6701660156250000      -0.424076378    
   5.6823730468750000      -0.424075782    
   5.6945800781250000      -0.424075156    
   5.7067871093750000      -0.424074560    
   5.7189941406250000      -0.424073994    
   5.7312011718750000      -0.424073398    
   5.7434082031250000      -0.424072802    
   5.7556152343750000      -0.424072236    
   5.7678222656250000      -0.424071699    
   5.7800292968750000      -0.424071133    
   5.7922363281250000      -0.424070567    
   5.8044433593750000      -0.424070030    
   5.8166503906250000      -0.424069494    
   5.8288574218750000      -0.424068958    
   5.8410644531250000      -0.424068451    
   5.8532714843750000      -0.424067914    
   5.8654785156250000      -0.424067408    
   5.8776855468750000      -0.424066901    
   5.8898925781250000      -0.424066424    
   5.9020996093750000      -0.424065918    
   5.9143066406250000      -0.424065441    
   5.9265136718750000      -0.424064934    
   5.9387207031250000      -0.424064457    
   5.9509277343750000      -0.424064010    
   5.9631347656250000      -0.424063534    
   5.9753417968750000      -0.424063087    
   5.9875488281250000      -0.424062610    
   5.9997558593750000      -0.424062192    
   6.0119628906250000      -0.424061716    
   6.0241699218750000      -0.424061298    
   6.0363769531250000      -0.424060881    
   6.0485839843750000      -0.424060434    
   6.0607910156250000      -0.424060017    
   6.0729980468750000      -0.424059600    
   6.0852050781250000      -0.424059182    
   6.0974121093750000      -0.424058795    
   6.1096191406250000      -0.424058378    
   6.1218261718750000      -0.424057990    
   6.1340332031250000      -0.424057573    
   6.1462402343750000      -0.424057186    
   6.1584472656250000      -0.424056828    
   6.1706542968750000      -0.424056441    
   6.1828613281250000      -0.424056053    
   6.1950683593750000      -0.424055696    
   6.2072753906250000      -0.424055308    
   6.2194824218750000      -0.424054950    
   6.2316894531250000      -0.424054593    
   6.2438964843750000      -0.424054235    
   6.2561035156250000      -0.424053907    
   6.2683105468750000      -0.424053550    
   6.2805175781250000      -0.424053222    
   6.2927246093750000      -0.424052864    
   6.3049316406250000      -0.424052536    
   6.3171386718750000      -0.424052209    
   6.3293457031250000      -0.424051881    
   6.3415527343750000      -0.424051553    
   6.3537597656250000      -0.424051255    
   6.3659667968750000      -0.424050927    
   6.3781738281250000      -0.424050629    
   6.3903808593750000      -0.424050331    
   6.4025878906250000      -0.424050003    
   6.4147949218750000      -0.424049705    
   6.4270019531250000      -0.424049407    
   6.4392089843750000      -0.424049139    
   6.4514160156250000      -0.424048841    
   6.4636230468750000      -0.424048543    
   6.4758300781250000      -0.424048275    
   6.4880371093750000      -0.424047977    
   6.5002441406250000      -0.424047709    
   6.5124511718750000      -0.424047440    
   6.5246582031250000      -0.424047172    
   6.5368652343750000      -0.424046904    
   6.5490722656250000      -0.424046636    
   6.5612792968750000      -0.424046367    
   6.5734863281250000      -0.424046129    
   6.5856933593750000      -0.424045861    
   6.5979003906250000      -0.424045622    
   6.6101074218750000      -0.424045354    
   6.6223144531250000      -0.424045116    
   6.6345214843750000      -0.424044877    
   6.6467285156250000      -0.424044639    
   6.6589355468750000      -0.424044400    
   6.6711425781250000      -0.424044162    
   6.6833496093750000      -0.424043924    
   6.6955566406250000      -0.424043715    
   6.7077636718750000      -0.424043477    
   6.7199707031250000      -0.424043238    
   6.7321777343750000      -0.424043030    
   6.7443847656250000      -0.424042821    
   6.7565917968750000      -0.424042583    
   6.7687988281250000      -0.424042374    
   6.7810058593750000      -0.424042165    
   6.7932128906250000      -0.424041957    
   6.8054199218750000      -0.424041748    
   6.8176269531250000      -0.424041569    
   6.8298339843750000      -0.424041361    
   6.8420410156250000      -0.424041152    
   6.8542480468750000      -0.424040943    
   6.8664550781250000      -0.424040765    
   6.8786621093750000      -0.424040556    
   6.8908691406250000      -0.424040377    
   6.9030761718750000      -0.424040198    
   6.9152832031250000      -0.424039990    
   6.9274902343750000      -0.424039811    
   6.9396972656250000      -0.424039632    
   6.9519042968750000      -0.424039453    
   6.9641113281250000      -0.424039274    
   6.9763183593750000      -0.424039096    
   6.9885253906250000      -0.424038917    
   7.0007324218750000      -0.424038768    
   7.0129394531250000      -0.424038589    
   7.0251464843750000      -0.424038410    
   7.0373535156250000      -0.424038261    
   7.0495605468750000      -0.424038082    
   7.0617675781250000      -0.424037933    
   7.0739746093750000      -0.424037784    
   7.0861816406250000      -0.424037606    
   7.0983886718750000      -0.424037457    
   7.1105957031250000      -0.424037308    
   7.1228027343750000      -0.424037158    
   7.1350097656250000      -0.424036980    
   7.1472167968750000      -0.424036860    
   7.1594238281250000      -0.424036682    
   7.1716308593750000      -0.424036562    
   7.1838378906250000      -0.424036413    
   7.1960449218750000      -0.424036264    
   7.2082519531250000      -0.424036115    
   7.2204589843750000      -0.424035996    
   7.2326660156250000      -0.424035847    
   7.2448730468750000      -0.424035698    
   7.2570800781250000      -0.424035579    
   7.2692871093750000      -0.424035430    
   7.2814941406250000      -0.424035311    
   7.2937011718750000      -0.424035192    
   7.3059082031250000      -0.424035043    
   7.3181152343750000      -0.424034923    
   7.3303222656250000      -0.424034804    
   7.3425292968750000      -0.424034655    
   7.3547363281250000      -0.424034536    
   7.3669433593750000      -0.424034417    
   7.3791503906250000      -0.424034297    
   7.3913574218750000      -0.424034178    
   7.4035644531250000      -0.424034059    
   7.4157714843750000      -0.424033940    
   7.4279785156250000      -0.424033850    
   7.4401855468750000      -0.424033731    
   7.4523925781250000      -0.424033612    
   7.4645996093750000      -0.424033493    
   7.4768066406250000      -0.424033403    
   7.4890136718750000      -0.424033284    
   7.5012207031250000      -0.424033165    
   7.5134277343750000      -0.424033046    
   7.5256347656250000      -0.424032956    
   7.5378417968750000      -0.424032867    
   7.5500488281250000      -0.424032748    
   7.5622558593750000      -0.424032658    
   7.5744628906250000      -0.424032569    
   7.5866699218750000      -0.424032450    
   7.5988769531250000      -0.424032360    
   7.6110839843750000      -0.424032271    
   7.6232910156250000      -0.424032152    
   7.6354980468750000      -0.424032062    
   7.6477050781250000      -0.424031973    
   7.6599121093750000      -0.424031883    
   7.6721191406250000      -0.424031794    
   7.6843261718750000      -0.424031705    
   7.6965332031250000      -0.424031615    
   7.7087402343750000      -0.424031526    
   7.7209472656250000      -0.424031436    
   7.7331542968750000      -0.424031347    
   7.7453613281250000      -0.424031258    
   7.7575683593750000      -0.424031168    
   7.7697753906250000      -0.424031079    
   7.7819824218750000      -0.424031019    
   7.7941894531250000      -0.424030930    
   7.8063964843750000      -0.424030840    
   7.8186035156250000      -0.424030751    
   7.8308105468750000      -0.424030691    
   7.8430175781250000      -0.424030602    
   7.8552246093750000      -0.424030542    
   7.8674316406250000      -0.424030453    
   7.8796386718750000      -0.424030364    
   7.8918457031250000      -0.424030304    
   7.9040527343750000      -0.424030215    
   7.9162597656250000      -0.424030155    
   7.9284667968750000      -0.424030066    
   7.9406738281250000      -0.424030006    
   7.9528808593750000      -0.424029946    
   7.9650878906250000      -0.424029857    
   7.9772949218750000      -0.424029797    
   7.9895019531250000      -0.424029738    
   8.0017089843750000      -0.424029678    
   8.0139160156250000      -0.424029589    
   8.0261230468750000      -0.424029529    
   8.0383300781250000      -0.424029469    
   8.0505371093750000      -0.424029410    
   8.0627441406250000      -0.424029350    
   8.0749511718750000      -0.424029261    
   8.0871582031250000      -0.424029201    
   8.0993652343750000      -0.424029142    
   8.1115722656250000      -0.424029082    
   8.1237792968750000      -0.424029022    
   8.1359863281250000      -0.424028963    
   8.1481933593750000      -0.424028903    
   8.1604003906250000      -0.424028844    
   8.1726074218750000      -0.424028784    
   8.1848144531250000      -0.424028724    
   8.1970214843750000      -0.424028665    
   8.2092285156250000      -0.424028605    
   8.2214355468750000      -0.424028575    
   8.2336425781250000      -0.424028516    
   8.2458496093750000      -0.424028456    
   8.2580566406250000      -0.424028397    
   8.2702636718750000      -0.424028337    
   8.2824707031250000      -0.424028277    
   8.2946777343750000      -0.424028248    
   8.3068847656250000      -0.424028188    
   8.3190917968750000      -0.424028128    
   8.3312988281250000      -0.424028099    
   8.3435058593750000      -0.424028039    
   8.3557128906250000      -0.424027979    
   8.3679199218750000      -0.424027950    
   8.3801269531250000      -0.424027890    
   8.3923339843750000      -0.424027860    
   8.4045410156250000      -0.424027801    
   8.4167480468750000      -0.424027741    
   8.4289550781250000      -0.424027711    
   8.4411621093750000      -0.424027652    
   8.4533691406250000      -0.424027622    
   8.4655761718750000      -0.424027562    
   8.4777832031250000      -0.424027532    
   8.4899902343750000      -0.424027473    
   8.5021972656250000      -0.424027443    
   8.5144042968750000      -0.424027383    
   8.5266113281250000      -0.424027354    
   8.5388183593750000      -0.424027324    
   8.5510253906250000      -0.424027264    
   8.5632324218750000      -0.424027234    
   8.5754394531250000      -0.424027205    
   8.5876464843750000      -0.424027145    
   8.5998535156250000      -0.424027115    
   8.6120605468750000      -0.424027085    
   8.6242675781250000      -0.424027026    
   8.6364746093750000      -0.424026996    
   8.6486816406250000      -0.424026966    
   8.6608886718750000      -0.424026906    
   8.6730957031250000      -0.424026877    
   8.6853027343750000      -0.424026847    
   8.6975097656250000      -0.424026817    
   8.7097167968750000      -0.424026787    
   8.7219238281250000      -0.424026757    
   8.7341308593750000      -0.424026698    
   8.7463378906250000      -0.424026668    
   8.7585449218750000      -0.424026638    
   8.7707519531250000      -0.424026608    
   8.7829589843750000      -0.424026579    
   8.7951660156250000      -0.424026549    
   8.8073730468750000      -0.424026489    
   8.8195800781250000      -0.424026489    
   8.8317871093750000      -0.424026459    
   8.8439941406250000      -0.424026400    
   8.8562011718750000      -0.424026370    
   8.8684082031250000      -0.424026340    
   8.8806152343750000      -0.424026310    
   8.8928222656250000      -0.424026281    
   8.9050292968750000      -0.424026251    
   8.9172363281250000      -0.424026221    
   8.9294433593750000      -0.424026191    
   8.9416503906250000      -0.424026161    
   8.9538574218750000      -0.424026132    
   8.9660644531250000      -0.424026132    
   8.9782714843750000      -0.424026102    
   8.9904785156250000      -0.424026072    
   9.0026855468750000      -0.424026012    
   9.0148925781250000      -0.424026012    
   9.0270996093750000      -0.424025983    
   9.0393066406250000      -0.424025953    
   9.0515136718750000      -0.424025923    
   9.0637207031250000      -0.424025893    
   9.0759277343750000      -0.424025863    
   9.0881347656250000      -0.424025863    
   9.1003417968750000      -0.424025834    
   9.1125488281250000      -0.424025804    
   9.1247558593750000      -0.424025774    
   9.1369628906250000      -0.424025744    
   9.1491699218750000      -0.424025714    
   9.1613769531250000      -0.424025714    
   9.1735839843750000      -0.424025685    
   9.1857910156250000      -0.424025655    
   9.1979980468750000      -0.424025625    
   9.2102050781250000      -0.424025595    
   9.2224121093750000      -0.424025595    
   9.2346191406250000      -0.424025565    
   9.2468261718750000      -0.424025536    
   9.2590332031250000      -0.424025536    
   9.2712402343750000      -0.424025506    
   9.2834472656250000      -0.424025476    
   9.2956542968750000      -0.424025446    
   9.3078613281250000      -0.424025416    
   9.3200683593750000      -0.424025416    
   9.3322753906250000      -0.424025387    
   9.3444824218750000      -0.424025357    
   9.3566894531250000      -0.424025357    
   9.3688964843750000      -0.424025327    
   9.3811035156250000      -0.424025297    
   9.3933105468750000      -0.424025297    
   9.4055175781250000      -0.424025267    
   9.4177246093750000      -0.424025267    
   9.4299316406250000      -0.424025238    
   9.4421386718750000      -0.424025238    
   9.4543457031250000      -0.424025208    
   9.4665527343750000      -0.424025178    
   9.4787597656250000      -0.424025178    
   9.4909667968750000      -0.424025148    
   9.5031738281250000      -0.424025118    
   9.5153808593750000      -0.424025118    
   9.5275878906250000      -0.424025089    
   9.5397949218750000      -0.424025089    
   9.5520019531250000      -0.424025059    
   9.5642089843750000      -0.424025059    
   9.5764160156250000      -0.424025029    
   9.5886230468750000      -0.424024999    
   9.6008300781250000      -0.424024999    
   9.6130371093750000      -0.424024999    
   9.6252441406250000      -0.424024969    
   9.6374511718750000      -0.424024940    
   9.6496582031250000      -0.424024940    
   9.6618652343750000      -0.424024910    
   9.6740722656250000      -0.424024910    
   9.6862792968750000      -0.424024880    
   9.6984863281250000      -0.424024880    
   9.7106933593750000      -0.424024850    
   9.7229003906250000      -0.424024850    
   9.7351074218750000      -0.424024820    
   9.7473144531250000      -0.424024820    
   9.7595214843750000      -0.424024820    
   9.7717285156250000      -0.424024791    
   9.7839355468750000      -0.424024761    
   9.7961425781250000      -0.424024761    
   9.8083496093750000      -0.424024761    
   9.8205566406250000      -0.424024731    
   9.8327636718750000      -0.424024731    
   9.8449707031250000      -0.424024701    
   9.8571777343750000      -0.424024701    
   9.8693847656250000      -0.424024701    
   9.8815917968750000      -0.424024671    
   9.8937988281250000      -0.424024671    
   9.9060058593750000      -0.424024642    
   9.9182128906250000      -0.424024642    
   9.9304199218750000      -0.424024642    
   9.9426269531250000      -0.424024612    
   9.9548339843750000      -0.424024612    
   9.9670410156250000      -0.424024582    
   9.9792480468750000      -0.424024582    
   9.9914550781250000      -0.424024582    
   10.003662109375000      -0.424024552    
   10.015869140625000      -0.424024552    
   10.028076171875000      -0.424024522    
   10.040283203125000      -0.424024522    
   10.052490234375000      -0.424024522    
   10.064697265625000      -0.424024493    
   10.076904296875000      -0.424024493    
   10.089111328125000      -0.424024463    
   10.101318359375000      -0.424024463    
   10.113525390625000      -0.424024463    
   10.125732421875000      -0.424024463    
   10.137939453125000      -0.424024433    
   10.150146484375000      -0.424024433    
   10.162353515625000      -0.424024403    
   10.174560546875000      -0.424024403    
   10.186767578125000      -0.424024403    
   10.198974609375000      -0.424024403    
   10.211181640625000      -0.424024373    
   10.223388671875000      -0.424024373    
   10.235595703125000      -0.424024373    
   10.247802734375000      -0.424024373    
   10.260009765625000      -0.424024343    
   10.272216796875000      -0.424024343    
   10.284423828125000      -0.424024343    
   10.296630859375000      -0.424024314    
   10.308837890625000      -0.424024314    
   10.321044921875000      -0.424024314    
   10.333251953125000      -0.424024314    
   10.345458984375000      -0.424024284    
   10.357666015625000      -0.424024284    
   10.369873046875000      -0.424024284    
   10.382080078125000      -0.424024254    
   10.394287109375000      -0.424024254    
   10.406494140625000      -0.424024254    
   10.418701171875000      -0.424024224    
   10.430908203125000      -0.424024224    
   10.443115234375000      -0.424024224    
   10.455322265625000      -0.424024224    
   10.467529296875000      -0.424024224    
   10.479736328125000      -0.424024194    
   10.491943359375000      -0.424024194    
   10.504150390625000      -0.424024194    
   10.516357421875000      -0.424024165    
   10.528564453125000      -0.424024165    
   10.540771484375000      -0.424024165    
   10.552978515625000      -0.424024165    
   10.565185546875000      -0.424024165    
   10.577392578125000      -0.424024165    
   10.589599609375000      -0.424024135    
   10.601806640625000      -0.424024135    
   10.614013671875000      -0.424024135    
   10.626220703125000      -0.424024105    
   10.638427734375000      -0.424024105    
   10.650634765625000      -0.424024105    
   10.662841796875000      -0.424024105    
   10.675048828125000      -0.424024105    
   10.687255859375000      -0.424024105    
   10.699462890625000      -0.424024105    
   10.711669921875000      -0.424024075    
   10.723876953125000      -0.424024075    
   10.736083984375000      -0.424024075    
   10.748291015625000      -0.424024075    
   10.760498046875000      -0.424024075    
   10.772705078125000      -0.424024045    
   10.784912109375000      -0.424024045    
   10.797119140625000      -0.424024045    
   10.809326171875000      -0.424024045    
   10.821533203125000      -0.424024045    
   10.833740234375000      -0.424024016    
   10.845947265625000      -0.424024016    
   10.858154296875000      -0.424024016    
   10.870361328125000      -0.424024016    
   10.882568359375000      -0.424024016    
   10.894775390625000      -0.424024016    
   10.906982421875000      -0.424023986    
   10.919189453125000      -0.424023986    
   10.931396484375000      -0.424023986    
   10.943603515625000      -0.424023986    
   10.955810546875000      -0.424023986    
   10.968017578125000      -0.424023986    
   10.980224609375000      -0.424023986    
   10.992431640625000      -0.424023956    
   11.004638671875000      -0.424023956    
   11.016845703125000      -0.424023956    
   11.029052734375000      -0.424023956    
   11.041259765625000      -0.424023956    
   11.053466796875000      -0.424023926    
   11.065673828125000      -0.424023926    
   11.077880859375000      -0.424023926    
   11.090087890625000      -0.424023926    
   11.102294921875000      -0.424023926    
   11.114501953125000      -0.424023926    
   11.126708984375000      -0.424023926    
   11.138916015625000      -0.424023926    
   11.151123046875000      -0.424023926    
   11.163330078125000      -0.424023926    
   11.175537109375000      -0.424023896    
   11.187744140625000      -0.424023896    
   11.199951171875000      -0.424023896    
   11.212158203125000      -0.424023896    
   11.224365234375000      -0.424023896    
   11.236572265625000      -0.424023896    
   11.248779296875000      -0.424023867    
   11.260986328125000      -0.424023867    
   11.273193359375000      -0.424023867    
   11.285400390625000      -0.424023867    
   11.297607421875000      -0.424023867    
   11.309814453125000      -0.424023867    
   11.322021484375000      -0.424023867    
   11.334228515625000      -0.424023867    
   11.346435546875000      -0.424023867    
   11.358642578125000      -0.424023867    
   11.370849609375000      -0.424023867    
   11.383056640625000      -0.424023867    
   11.395263671875000      -0.424023837    
   11.407470703125000      -0.424023837    
   11.419677734375000      -0.424023837    
   11.431884765625000      -0.424023837    
   11.444091796875000      -0.424023837    
   11.456298828125000      -0.424023837    
   11.468505859375000      -0.424023837    
   11.480712890625000      -0.424023837    
   11.492919921875000      -0.424023807    
   11.505126953125000      -0.424023807    
   11.517333984375000      -0.424023807    
   11.529541015625000      -0.424023807    
   11.541748046875000      -0.424023807    
   11.553955078125000      -0.424023807    
   11.566162109375000      -0.424023807    
   11.578369140625000      -0.424023807    
   11.590576171875000      -0.424023807    
   11.602783203125000      -0.424023807    
   11.614990234375000      -0.424023807    
   11.627197265625000      -0.424023807    
   11.639404296875000      -0.424023807    
   11.651611328125000      -0.424023807    
   11.663818359375000      -0.424023807    
   11.676025390625000      -0.424023807    
   11.688232421875000      -0.424023777    
   11.700439453125000      -0.424023777    
   11.712646484375000      -0.424023777    
   11.724853515625000      -0.424023777    
   11.737060546875000      -0.424023777    
   11.749267578125000      -0.424023777    
   11.761474609375000      -0.424023777    
   11.773681640625000      -0.424023777    
   11.785888671875000      -0.424023777    
   11.798095703125000      -0.424023777    
   11.810302734375000      -0.424023777    
   11.822509765625000      -0.424023777    
   11.834716796875000      -0.424023777    
   11.846923828125000      -0.424023777    
   11.859130859375000      -0.424023777    
   11.871337890625000      -0.424023777    
   11.883544921875000      -0.424023777    
   11.895751953125000      -0.424023777    
   11.907958984375000      -0.424023747    
   11.920166015625000      -0.424023747    
   11.932373046875000      -0.424023747    
   11.944580078125000      -0.424023747    
   11.956787109375000      -0.424023747    
   11.968994140625000      -0.424023747    
   11.981201171875000      -0.424023747    
   11.993408203125000      -0.424023747    
   12.005615234375000      -0.424023747    
   12.017822265625000      -0.424023747    
   12.030029296875000      -0.424023747    
   12.042236328125000      -0.424023747    
   12.054443359375000      -0.424023747    
   12.066650390625000      -0.424023747    
   12.078857421875000      -0.424023747    
   12.091064453125000      -0.424023747    
   12.103271484375000      -0.424023747    
   12.115478515625000      -0.424023747    
   12.127685546875000      -0.424023747    
   12.139892578125000      -0.424023747    
   12.152099609375000      -0.424023747    
   12.164306640625000      -0.424023747    
   12.176513671875000      -0.424023747    
   12.188720703125000      -0.424023747    
   12.200927734375000      -0.424023747    
   12.213134765625000      -0.424023747    
   12.225341796875000      -0.424023747    
   12.237548828125000      -0.424023747    
   12.249755859375000      -0.424023747    
   12.261962890625000      -0.424023747    
   12.274169921875000      -0.424023747    
   12.286376953125000      -0.424023747    
   12.298583984375000      -0.424023747    
   12.310791015625000      -0.424023747    
   12.322998046875000      -0.424023718    
   12.335205078125000      -0.424023718    
   12.347412109375000      -0.424023718    
   12.359619140625000      -0.424023718    
   12.371826171875000      -0.424023718    
   12.384033203125000      -0.424023718    
   12.396240234375000      -0.424023718    
   12.408447265625000      -0.424023718    
   12.420654296875000      -0.424023718    
   12.432861328125000      -0.424023718    
   12.445068359375000      -0.424023718    
   12.457275390625000      -0.424023718    
   12.469482421875000      -0.424023718    
   12.481689453125000      -0.424023718    
   12.493896484375000      -0.424023718    
   12.506103515625000      -0.424023718    
   12.518310546875000      -0.424023718    
   12.530517578125000      -0.424023718    
   12.542724609375000      -0.424023718    
   12.554931640625000      -0.424023718    
   12.567138671875000      -0.424023718    
   12.579345703125000      -0.424023718    
   12.591552734375000      -0.424023718    
   12.603759765625000      -0.424023718    
   12.615966796875000      -0.424023718    
   12.628173828125000      -0.424023718    
   12.640380859375000      -0.424023718    
   12.652587890625000      -0.424023718    
   12.664794921875000      -0.424023718    
   12.677001953125000      -0.424023718    
   12.689208984375000      -0.424023747    
   12.701416015625000      -0.424023747    
   12.713623046875000      -0.424023747    
   12.725830078125000      -0.424023747    
   12.738037109375000      -0.424023747    
   12.750244140625000      -0.424023747    
   12.762451171875000      -0.424023747    
   12.774658203125000      -0.424023747    
   12.786865234375000      -0.424023747    
   12.799072265625000      -0.424023747    
   12.811279296875000      -0.424023747    
   12.823486328125000      -0.424023747    
   12.835693359375000      -0.424023747    
   12.847900390625000      -0.424023747    
   12.860107421875000      -0.424023747    
   12.872314453125000      -0.424023747    
   12.884521484375000      -0.424023747    
   12.896728515625000      -0.424023747    
   12.908935546875000      -0.424023747    
   12.921142578125000      -0.424023747    
   12.933349609375000      -0.424023747    
   12.945556640625000      -0.424023747    
   12.957763671875000      -0.424023747    
   12.969970703125000      -0.424023747    
   12.982177734375000      -0.424023747    
   12.994384765625000      -0.424023747    
   13.006591796875000      -0.424023747    
   13.018798828125000      -0.424023747    
   13.031005859375000      -0.424023747    
   13.043212890625000      -0.424023747    
   13.055419921875000      -0.424023747    
   13.067626953125000      -0.424023747    
   13.079833984375000      -0.424023747    
   13.092041015625000      -0.424023747    
   13.104248046875000      -0.424023777    
   13.116455078125000      -0.424023777    
   13.128662109375000      -0.424023777    
   13.140869140625000      -0.424023777    
   13.153076171875000      -0.424023777    
   13.165283203125000      -0.424023777    
   13.177490234375000      -0.424023777    
   13.189697265625000      -0.424023777    
   13.201904296875000      -0.424023777    
   13.214111328125000      -0.424023777    
   13.226318359375000      -0.424023777    
   13.238525390625000      -0.424023777    
   13.250732421875000      -0.424023777    
   13.262939453125000      -0.424023777    
   13.275146484375000      -0.424023777    
   13.287353515625000      -0.424023777    
   13.299560546875000      -0.424023777    
   13.311767578125000      -0.424023777    
   13.323974609375000      -0.424023807    
   13.336181640625000      -0.424023807    
   13.348388671875000      -0.424023807    
   13.360595703125000      -0.424023807    
   13.372802734375000      -0.424023807    
   13.385009765625000      -0.424023807    
   13.397216796875000      -0.424023807    
   13.409423828125000      -0.424023807    
   13.421630859375000      -0.424023807    
   13.433837890625000      -0.424023807    
   13.446044921875000      -0.424023807    
   13.458251953125000      -0.424023807    
   13.470458984375000      -0.424023807    
   13.482666015625000      -0.424023807    
   13.494873046875000      -0.424023807    
   13.507080078125000      -0.424023807    
   13.519287109375000      -0.424023837    
   13.531494140625000      -0.424023837    
   13.543701171875000      -0.424023837    
   13.555908203125000      -0.424023837    
   13.568115234375000      -0.424023837    
   13.580322265625000      -0.424023837    
   13.592529296875000      -0.424023837    
   13.604736328125000      -0.424023837    
   13.616943359375000      -0.424023867    
   13.629150390625000      -0.424023867    
   13.641357421875000      -0.424023867    
   13.653564453125000      -0.424023867    
   13.665771484375000      -0.424023867    
   13.677978515625000      -0.424023867    
   13.690185546875000      -0.424023867    
   13.702392578125000      -0.424023867    
   13.714599609375000      -0.424023867    
   13.726806640625000      -0.424023867    
   13.739013671875000      -0.424023867    
   13.751220703125000      -0.424023867    
   13.763427734375000      -0.424023896    
   13.775634765625000      -0.424023896    
   13.787841796875000      -0.424023896    
   13.800048828125000      -0.424023896    
   13.812255859375000      -0.424023896    
   13.824462890625000      -0.424023896    
   13.836669921875000      -0.424023926    
   13.848876953125000      -0.424023926    
   13.861083984375000      -0.424023926    
   13.873291015625000      -0.424023926    
   13.885498046875000      -0.424023926    
   13.897705078125000      -0.424023926    
   13.909912109375000      -0.424023926    
   13.922119140625000      -0.424023926    
   13.934326171875000      -0.424023926    
   13.946533203125000      -0.424023926    
   13.958740234375000      -0.424023956    
   13.970947265625000      -0.424023956    
   13.983154296875000      -0.424023956    
   13.995361328125000      -0.424023956    
   14.007568359375000      -0.424023956    
   14.019775390625000      -0.424023986    
   14.031982421875000      -0.424023986    
   14.044189453125000      -0.424023986    
   14.056396484375000      -0.424023986    
   14.068603515625000      -0.424023986    
   14.080810546875000      -0.424023986    
   14.093017578125000      -0.424023986    
   14.105224609375000      -0.424024016    
   14.117431640625000      -0.424024016    
   14.129638671875000      -0.424024016    
   14.141845703125000      -0.424024016    
   14.154052734375000      -0.424024016    
   14.166259765625000      -0.424024016    
   14.178466796875000      -0.424024045    
   14.190673828125000      -0.424024045    
   14.202880859375000      -0.424024045    
   14.215087890625000      -0.424024045    
   14.227294921875000      -0.424024045    
   14.239501953125000      -0.424024075    
   14.251708984375000      -0.424024075    
   14.263916015625000      -0.424024075    
   14.276123046875000      -0.424024075    
   14.288330078125000      -0.424024075    
   14.300537109375000      -0.424024105    
   14.312744140625000      -0.424024105    
   14.324951171875000      -0.424024105    
   14.337158203125000      -0.424024105    
   14.349365234375000      -0.424024105    
   14.361572265625000      -0.424024105    
   14.373779296875000      -0.424024105    
   14.385986328125000      -0.424024135    
   14.398193359375000      -0.424024135    
   14.410400390625000      -0.424024135    
   14.422607421875000      -0.424024165    
   14.434814453125000      -0.424024165    
   14.447021484375000      -0.424024165    
   14.459228515625000      -0.424024165    
   14.471435546875000      -0.424024165    
   14.483642578125000      -0.424024165    
   14.495849609375000      -0.424024194    
   14.508056640625000      -0.424024194    
   14.520263671875000      -0.424024194    
   14.532470703125000      -0.424024224    
   14.544677734375000      -0.424024224    
   14.556884765625000      -0.424024224    
   14.569091796875000      -0.424024224    
   14.581298828125000      -0.424024224    
   14.593505859375000      -0.424024254    
   14.605712890625000      -0.424024254    
   14.617919921875000      -0.424024254    
   14.630126953125000      -0.424024284    
   14.642333984375000      -0.424024284    
   14.654541015625000      -0.424024284    
   14.666748046875000      -0.424024314    
   14.678955078125000      -0.424024314    
   14.691162109375000      -0.424024314    
   14.703369140625000      -0.424024314    
   14.715576171875000      -0.424024343    
   14.727783203125000      -0.424024343    
   14.739990234375000      -0.424024343    
   14.752197265625000      -0.424024373    
   14.764404296875000      -0.424024373    
   14.776611328125000      -0.424024373    
   14.788818359375000      -0.424024373    
   14.801025390625000      -0.424024403    
   14.813232421875000      -0.424024403    
   14.825439453125000      -0.424024403    
   14.837646484375000      -0.424024403    
   14.849853515625000      -0.424024433    
   14.862060546875000      -0.424024433    
   14.874267578125000      -0.424024463    
   14.886474609375000      -0.424024463    
   14.898681640625000      -0.424024463    
   14.910888671875000      -0.424024463    
   14.923095703125000      -0.424024493    
   14.935302734375000      -0.424024493    
   14.947509765625000      -0.424024522    
   14.959716796875000      -0.424024522    
   14.971923828125000      -0.424024522    
   14.984130859375000      -0.424024552    
   14.996337890625000      -0.424024552    
   15.008544921875000      -0.424024582    
   15.020751953125000      -0.424024582    
   15.032958984375000      -0.424024582    
   15.045166015625000      -0.424024612    
   15.057373046875000      -0.424024612    
   15.069580078125000      -0.424024642    
   15.081787109375000      -0.424024642    
   15.093994140625000      -0.424024642    
   15.106201171875000      -0.424024671    
   15.118408203125000      -0.424024671    
   15.130615234375000      -0.424024701    
   15.142822265625000      -0.424024701    
   15.155029296875000      -0.424024701    
   15.167236328125000      -0.424024731    
   15.179443359375000      -0.424024731    
   15.191650390625000      -0.424024761    
   15.203857421875000      -0.424024761    
   15.216064453125000      -0.424024761    
   15.228271484375000      -0.424024791    
   15.240478515625000      -0.424024820    
   15.252685546875000      -0.424024820    
   15.264892578125000      -0.424024820    
   15.277099609375000      -0.424024850    
   15.289306640625000      -0.424024850    
   15.301513671875000      -0.424024880    
   15.313720703125000      -0.424024880    
   15.325927734375000      -0.424024910    
   15.338134765625000      -0.424024910    
   15.350341796875000      -0.424024940    
   15.362548828125000      -0.424024940    
   15.374755859375000      -0.424024969    
   15.386962890625000      -0.424024999    
   15.399169921875000      -0.424024999    
   15.411376953125000      -0.424024999    
   15.423583984375000      -0.424025029    
   15.435791015625000      -0.424025059    
   15.447998046875000      -0.424025059    
   15.460205078125000      -0.424025089    
   15.472412109375000      -0.424025089    
   15.484619140625000      -0.424025118    
   15.496826171875000      -0.424025118    
   15.509033203125000      -0.424025148    
   15.521240234375000      -0.424025178    
   15.533447265625000      -0.424025178    
   15.545654296875000      -0.424025208    
   15.557861328125000      -0.424025238    
   15.570068359375000      -0.424025238    
   15.582275390625000      -0.424025267    
   15.594482421875000      -0.424025267    
   15.606689453125000      -0.424025297    
   15.618896484375000      -0.424025297    
   15.631103515625000      -0.424025327    
   15.643310546875000      -0.424025357    
   15.655517578125000      -0.424025357    
   15.667724609375000      -0.424025387    
   15.679931640625000      -0.424025416    
   15.692138671875000      -0.424025416    
   15.704345703125000      -0.424025446    
   15.716552734375000      -0.424025476    
   15.728759765625000      -0.424025506    
   15.740966796875000      -0.424025536    
   15.753173828125000      -0.424025536    
   15.765380859375000      -0.424025565    
   15.777587890625000      -0.424025595    
   15.789794921875000      -0.424025595    
   15.802001953125000      -0.424025625    
   15.814208984375000      -0.424025655    
   15.826416015625000      -0.424025685    
   15.838623046875000      -0.424025714    
   15.850830078125000      -0.424025714    
   15.863037109375000      -0.424025744    
   15.875244140625000      -0.424025774    
   15.887451171875000      -0.424025804    
   15.899658203125000      -0.424025834    
   15.911865234375000      -0.424025863    
   15.924072265625000      -0.424025863    
   15.936279296875000      -0.424025893    
   15.948486328125000      -0.424025923    
   15.960693359375000      -0.424025953    
   15.972900390625000      -0.424025983    
   15.985107421875000      -0.424026012    
   15.997314453125000      -0.424026012    
   16.009521484375000      -0.424026072    
   16.021728515625000      -0.424026102    
   16.033935546875000      -0.424026132    
   16.046142578125000      -0.424026132    
   16.058349609375000      -0.424026161    
   16.070556640625000      -0.424026191    
   16.082763671875000      -0.424026221    
   16.094970703125000      -0.424026251    
   16.107177734375000      -0.424026281    
   16.119384765625000      -0.424026310    
   16.131591796875000      -0.424026340    
   16.143798828125000      -0.424026370    
   16.156005859375000      -0.424026400    
   16.168212890625000      -0.424026459    
   16.180419921875000      -0.424026489    
   16.192626953125000      -0.424026489    
   16.204833984375000      -0.424026549    
   16.217041015625000      -0.424026579    
   16.229248046875000      -0.424026608    
   16.241455078125000      -0.424026638    
   16.253662109375000      -0.424026668    
   16.265869140625000      -0.424026698    
   16.278076171875000      -0.424026757    
   16.290283203125000      -0.424026787    
   16.302490234375000      -0.424026817    
   16.314697265625000      -0.424026847    
   16.326904296875000      -0.424026877    
   16.339111328125000      -0.424026906    
   16.351318359375000      -0.424026966    
   16.363525390625000      -0.424026996    
   16.375732421875000      -0.424027026    
   16.387939453125000      -0.424027085    
   16.400146484375000      -0.424027115    
   16.412353515625000      -0.424027145    
   16.424560546875000      -0.424027205    
   16.436767578125000      -0.424027234    
   16.448974609375000      -0.424027264    
   16.461181640625000      -0.424027324    
   16.473388671875000      -0.424027354    
   16.485595703125000      -0.424027383    
   16.497802734375000      -0.424027443    
   16.510009765625000      -0.424027473    
   16.522216796875000      -0.424027532    
   16.534423828125000      -0.424027562    
   16.546630859375000      -0.424027622    
   16.558837890625000      -0.424027652    
   16.571044921875000      -0.424027711    
   16.583251953125000      -0.424027741    
   16.595458984375000      -0.424027801    
   16.607666015625000      -0.424027860    
   16.619873046875000      -0.424027890    
   16.632080078125000      -0.424027950    
   16.644287109375000      -0.424027979    
   16.656494140625000      -0.424028039    
   16.668701171875000      -0.424028099    
   16.680908203125000      -0.424028128    
   16.693115234375000      -0.424028188    
   16.705322265625000      -0.424028248    
   16.717529296875000      -0.424028277    
   16.729736328125000      -0.424028337    
   16.741943359375000      -0.424028397    
   16.754150390625000      -0.424028456    
   16.766357421875000      -0.424028516    
   16.778564453125000      -0.424028575    
   16.790771484375000      -0.424028605    
   16.802978515625000      -0.424028665    
   16.815185546875000      -0.424028724    
   16.827392578125000      -0.424028784    
   16.839599609375000      -0.424028844    
   16.851806640625000      -0.424028903    
   16.864013671875000      -0.424028963    
   16.876220703125000      -0.424029022    
   16.888427734375000      -0.424029082    
   16.900634765625000      -0.424029142    
   16.912841796875000      -0.424029201    
   16.925048828125000      -0.424029261    
   16.937255859375000      -0.424029350    
   16.949462890625000      -0.424029410    
   16.961669921875000      -0.424029469    
   16.973876953125000      -0.424029529    
   16.986083984375000      -0.424029589    
   16.998291015625000      -0.424029678    
   17.010498046875000      -0.424029738    
   17.022705078125000      -0.424029797    
   17.034912109375000      -0.424029857    
   17.047119140625000      -0.424029946    
   17.059326171875000      -0.424030006    
   17.071533203125000      -0.424030066    
   17.083740234375000      -0.424030155    
   17.095947265625000      -0.424030215    
   17.108154296875000      -0.424030304    
   17.120361328125000      -0.424030364    
   17.132568359375000      -0.424030453    
   17.144775390625000      -0.424030542    
   17.156982421875000      -0.424030602    
   17.169189453125000      -0.424030691    
   17.181396484375000      -0.424030751    
   17.193603515625000      -0.424030840    
   17.205810546875000      -0.424030930    
   17.218017578125000      -0.424031019    
   17.230224609375000      -0.424031079    
   17.242431640625000      -0.424031168    
   17.254638671875000      -0.424031258    
   17.266845703125000      -0.424031347    
   17.279052734375000      -0.424031436    
   17.291259765625000      -0.424031526    
   17.303466796875000      -0.424031615    
   17.315673828125000      -0.424031705    
   17.327880859375000      -0.424031794    
   17.340087890625000      -0.424031883    
   17.352294921875000      -0.424031973    
   17.364501953125000      -0.424032062    
   17.376708984375000      -0.424032152    
   17.388916015625000      -0.424032271    
   17.401123046875000      -0.424032360    
   17.413330078125000      -0.424032450    
   17.425537109375000      -0.424032569    
   17.437744140625000      -0.424032658    
   17.449951171875000      -0.424032748    
   17.462158203125000      -0.424032867    
   17.474365234375000      -0.424032956    
   17.486572265625000      -0.424033046    
   17.498779296875000      -0.424033165    
   17.510986328125000      -0.424033284    
   17.523193359375000      -0.424033403    
   17.535400390625000      -0.424033493    
   17.547607421875000      -0.424033612    
   17.559814453125000      -0.424033731    
   17.572021484375000      -0.424033850    
   17.584228515625000      -0.424033940    
   17.596435546875000      -0.424034059    
   17.608642578125000      -0.424034178    
   17.620849609375000      -0.424034297    
   17.633056640625000      -0.424034417    
   17.645263671875000      -0.424034536    
   17.657470703125000      -0.424034655    
   17.669677734375000      -0.424034804    
   17.681884765625000      -0.424034923    
   17.694091796875000      -0.424035043    
   17.706298828125000      -0.424035192    
   17.718505859375000      -0.424035311    
   17.730712890625000      -0.424035430    
   17.742919921875000      -0.424035579    
   17.755126953125000      -0.424035698    
   17.767333984375000      -0.424035847    
   17.779541015625000      -0.424035996    
   17.791748046875000      -0.424036115    
   17.803955078125000      -0.424036264    
   17.816162109375000      -0.424036413    
   17.828369140625000      -0.424036562    
   17.840576171875000      -0.424036682    
   17.852783203125000      -0.424036860    
   17.864990234375000      -0.424036980    
   17.877197265625000      -0.424037158    
   17.889404296875000      -0.424037308    
   17.901611328125000      -0.424037457    
   17.913818359375000      -0.424037606    
   17.926025390625000      -0.424037784    
   17.938232421875000      -0.424037933    
   17.950439453125000      -0.424038082    
   17.962646484375000      -0.424038261    
   17.974853515625000      -0.424038410    
   17.987060546875000      -0.424038589    
   17.999267578125000      -0.424038768    
   18.011474609375000      -0.424038917    
   18.023681640625000      -0.424039096    
   18.035888671875000      -0.424039274    
   18.048095703125000      -0.424039453    
   18.060302734375000      -0.424039632    
   18.072509765625000      -0.424039811    
   18.084716796875000      -0.424039990    
   18.096923828125000      -0.424040198    
   18.109130859375000      -0.424040377    
   18.121337890625000      -0.424040556    
   18.133544921875000      -0.424040765    
   18.145751953125000      -0.424040943    
   18.157958984375000      -0.424041152    
   18.170166015625000      -0.424041361    
   18.182373046875000      -0.424041569    
   18.194580078125000      -0.424041748    
   18.206787109375000      -0.424041957    
   18.218994140625000      -0.424042165    
   18.231201171875000      -0.424042374    
   18.243408203125000      -0.424042583    
   18.255615234375000      -0.424042821    
   18.267822265625000      -0.424043030    
   18.280029296875000      -0.424043238    
   18.292236328125000      -0.424043477    
   18.304443359375000      -0.424043715    
   18.316650390625000      -0.424043924    
   18.328857421875000      -0.424044162    
   18.341064453125000      -0.424044400    
   18.353271484375000      -0.424044639    
   18.365478515625000      -0.424044877    
   18.377685546875000      -0.424045116    
   18.389892578125000      -0.424045354    
   18.402099609375000      -0.424045622    
   18.414306640625000      -0.424045861    
   18.426513671875000      -0.424046129    
   18.438720703125000      -0.424046367    
   18.450927734375000      -0.424046636    
   18.463134765625000      -0.424046904    
   18.475341796875000      -0.424047172    
   18.487548828125000      -0.424047440    
   18.499755859375000      -0.424047709    
   18.511962890625000      -0.424047977    
   18.524169921875000      -0.424048275    
   18.536376953125000      -0.424048543    
   18.548583984375000      -0.424048841    
   18.560791015625000      -0.424049139    
   18.572998046875000      -0.424049407    
   18.585205078125000      -0.424049705    
   18.597412109375000      -0.424050003    
   18.609619140625000      -0.424050331    
   18.621826171875000      -0.424050629    
   18.634033203125000      -0.424050927    
   18.646240234375000      -0.424051255    
   18.658447265625000      -0.424051553    
   18.670654296875000      -0.424051881    
   18.682861328125000      -0.424052209    
   18.695068359375000      -0.424052536    
   18.707275390625000      -0.424052864    
   18.719482421875000      -0.424053222    
   18.731689453125000      -0.424053550    
   18.743896484375000      -0.424053907    
   18.756103515625000      -0.424054235    
   18.768310546875000      -0.424054593    
   18.780517578125000      -0.424054950    
   18.792724609375000      -0.424055308    
   18.804931640625000      -0.424055696    
   18.817138671875000      -0.424056053    
   18.829345703125000      -0.424056441    
   18.841552734375000      -0.424056828    
   18.853759765625000      -0.424057186    
   18.865966796875000      -0.424057573    
   18.878173828125000      -0.424057990    
   18.890380859375000      -0.424058378    
   18.902587890625000      -0.424058795    
   18.914794921875000      -0.424059182    
   18.927001953125000      -0.424059600    
   18.939208984375000      -0.424060017    
   18.951416015625000      -0.424060434    
   18.963623046875000      -0.424060881    
   18.975830078125000      -0.424061298    
   18.988037109375000      -0.424061716    
   19.000244140625000      -0.424062192    
   19.012451171875000      -0.424062610    
   19.024658203125000      -0.424063087    
   19.036865234375000      -0.424063534    
   19.049072265625000      -0.424064010    
   19.061279296875000      -0.424064457    
   19.073486328125000      -0.424064934    
   19.085693359375000      -0.424065441    
   19.097900390625000      -0.424065918    
   19.110107421875000      -0.424066424    
   19.122314453125000      -0.424066901    
   19.134521484375000      -0.424067408    
   19.146728515625000      -0.424067914    
   19.158935546875000      -0.424068451    
   19.171142578125000      -0.424068958    
   19.183349609375000      -0.424069494    
   19.195556640625000      -0.424070030    
   19.207763671875000      -0.424070567    
   19.219970703125000      -0.424071133    
   19.232177734375000      -0.424071699    
   19.244384765625000      -0.424072236    
   19.256591796875000      -0.424072802    
   19.268798828125000      -0.424073398    
   19.281005859375000      -0.424073994    
   19.293212890625000      -0.424074560    
   19.305419921875000      -0.424075156    
   19.317626953125000      -0.424075782    
   19.329833984375000      -0.424076378    
   19.342041015625000      -0.424077004    
   19.354248046875000      -0.424077630    
   19.366455078125000      -0.424078286    
   19.378662109375000      -0.424078912    
   19.390869140625000      -0.424079567    
   19.403076171875000      -0.424080223    
   19.415283203125000      -0.424080878    
   19.427490234375000      -0.424081564    
   19.439697265625000      -0.424082249    
   19.451904296875000      -0.424082935    
   19.464111328125000      -0.424083650    
   19.476318359375000      -0.424084365    
   19.488525390625000      -0.424085081    
   19.500732421875000      -0.424085796    
   19.512939453125000      -0.424086511    
   19.525146484375000      -0.424087286    
   19.537353515625000      -0.424088031    
   19.549560546875000      -0.424088776    
   19.561767578125000      -0.424089551    
   19.573974609375000      -0.424090326    
   19.586181640625000      -0.424091130    
   19.598388671875000      -0.424091935    
   19.610595703125000      -0.424092740    
   19.622802734375000      -0.424093574    
   19.635009765625000      -0.424094409    
   19.647216796875000      -0.424095243    
   19.659423828125000      -0.424096107    
   19.671630859375000      -0.424096942    
   19.683837890625000      -0.424097836    
   19.696044921875000      -0.424098730    
   19.708251953125000      -0.424099624    
   19.720458984375000      -0.424100518    
   19.732666015625000      -0.424101412    
   19.744873046875000      -0.424102366    
   19.757080078125000      -0.424103290    
   19.769287109375000      -0.424104244    
   19.781494140625000      -0.424105227    
   19.793701171875000      -0.424106181    
   19.805908203125000      -0.424107194    
   19.818115234375000      -0.424108177    
   19.830322265625000      -0.424109191    
   19.842529296875000      -0.424110234    
   19.854736328125000      -0.424111247    
   19.866943359375000      -0.424112320    
   19.879150390625000      -0.424113363    
   19.891357421875000      -0.424114466    
   19.903564453125000      -0.424115539    
   19.915771484375000      -0.424116641    
   19.927978515625000      -0.424117774    
   19.940185546875000      -0.424118906    
   19.952392578125000      -0.424120039    
   19.964599609375000      -0.424121201    
   19.976806640625000      -0.424122393    
   19.989013671875000      -0.424123585    
   20.001220703125000      -0.424124777    
   20.013427734375000      -0.424125999    
   20.025634765625000      -0.424127251    
   20.037841796875000      -0.424128503    
   20.050048828125000      -0.424129754    
   20.062255859375000      -0.424131066    
   20.074462890625000      -0.424132347    
   20.086669921875000      -0.424133658    
   20.098876953125000      -0.424135000    
   20.111083984375000      -0.424136370    
   20.123291015625000      -0.424137712    
   20.135498046875000      -0.424139112    
   20.147705078125000      -0.424140513    
   20.159912109375000      -0.424141943    
   20.172119140625000      -0.424143374    
   20.184326171875000      -0.424144834    
   20.196533203125000      -0.424146295    
   20.208740234375000      -0.424147785    
   20.220947265625000      -0.424149305    
   20.233154296875000      -0.424150854    
   20.245361328125000      -0.424152404    
   20.257568359375000      -0.424153984    
   20.269775390625000      -0.424155563    
   20.281982421875000      -0.424157172    
   20.294189453125000      -0.424158812    
   20.306396484375000      -0.424160480    
   20.318603515625000      -0.424162149    
   20.330810546875000      -0.424163848    
   20.343017578125000      -0.424165577    
   20.355224609375000      -0.424167305    
   20.367431640625000      -0.424169064    
   20.379638671875000      -0.424170852    
   20.391845703125000      -0.424172670    
   20.404052734375000      -0.424174517    
   20.416259765625000      -0.424176365    
   20.428466796875000      -0.424178243    
   20.440673828125000      -0.424180150    
   20.452880859375000      -0.424182087    
   20.465087890625000      -0.424184054    
   20.477294921875000      -0.424186021    
   20.489501953125000      -0.424188018    
   20.501708984375000      -0.424190074    
   20.513916015625000      -0.424192131    
   20.526123046875000      -0.424194217    
   20.538330078125000      -0.424196333    
   20.550537109375000      -0.424198478    
   20.562744140625000      -0.424200654    
   20.574951171875000      -0.424202859    
   20.587158203125000      -0.424205065    
   20.599365234375000      -0.424207330    
   20.611572265625000      -0.424209595    
   20.623779296875000      -0.424211919    
   20.635986328125000      -0.424214274    
   20.648193359375000      -0.424216658    
   20.660400390625000      -0.424219072    
   20.672607421875000      -0.424221516    
   20.684814453125000      -0.424223989    
   20.697021484375000      -0.424226493    
   20.709228515625000      -0.424229026    
   20.721435546875000      -0.424231589    
   20.733642578125000      -0.424234211    
   20.745849609375000      -0.424236834    
   20.758056640625000      -0.424239516    
   20.770263671875000      -0.424242228    
   20.782470703125000      -0.424244970    
   20.794677734375000      -0.424247772    
   20.806884765625000      -0.424250573    
   20.819091796875000      -0.424253434    
   20.831298828125000      -0.424256325    
   20.843505859375000      -0.424259275    
   20.855712890625000      -0.424262255    
   20.867919921875000      -0.424265265    
   20.880126953125000      -0.424268305    
   20.892333984375000      -0.424271435    
   20.904541015625000      -0.424274564    
   20.916748046875000      -0.424277723    
   20.928955078125000      -0.424280971    
   20.941162109375000      -0.424284220    
   20.953369140625000      -0.424287528    
   20.965576171875000      -0.424290895    
   20.977783203125000      -0.424294293    
   20.989990234375000      -0.424297750    
   21.002197265625000      -0.424301237    
   21.014404296875000      -0.424304783    
   21.026611328125000      -0.424308360    
   21.038818359375000      -0.424311996    
   21.051025390625000      -0.424315691    
   21.063232421875000      -0.424319416    
   21.075439453125000      -0.424323201    
   21.087646484375000      -0.424327046    
   21.099853515625000      -0.424330950    
   21.112060546875000      -0.424334884    
   21.124267578125000      -0.424338877    
   21.136474609375000      -0.424342930    
   21.148681640625000      -0.424347043    
   21.160888671875000      -0.424351215    
   21.173095703125000      -0.424355417    
   21.185302734375000      -0.424359709    
   21.197509765625000      -0.424364060    
   21.209716796875000      -0.424368441    
   21.221923828125000      -0.424372911    
   21.234130859375000      -0.424377441    
   21.246337890625000      -0.424382001    
   21.258544921875000      -0.424386650    
   21.270751953125000      -0.424391389    
   21.282958984375000      -0.424396157    
   21.295166015625000      -0.424400985    
   21.307373046875000      -0.424405903    
   21.319580078125000      -0.424410880    
   21.331787109375000      -0.424415946    
   21.343994140625000      -0.424421042    
   21.356201171875000      -0.424426258    
   21.368408203125000      -0.424431503    
   21.380615234375000      -0.424436837    
   21.392822265625000      -0.424442261    
   21.405029296875000      -0.424447745    
   21.417236328125000      -0.424453318    
   21.429443359375000      -0.424458951    
   21.441650390625000      -0.424464673    
   21.453857421875000      -0.424470484    
   21.466064453125000      -0.424476355    
   21.478271484375000      -0.424482346    
   21.490478515625000      -0.424488395    
   21.502685546875000      -0.424494505    
   21.514892578125000      -0.424500763    
   21.527099609375000      -0.424507052    
   21.539306640625000      -0.424513459    
   21.551513671875000      -0.424519956    
   21.563720703125000      -0.424526542    
   21.575927734375000      -0.424533248    
   21.588134765625000      -0.424540013    
   21.600341796875000      -0.424546897    
   21.612548828125000      -0.424553871    
   21.624755859375000      -0.424560934    
   21.636962890625000      -0.424568117    
   21.649169921875000      -0.424575388    
   21.661376953125000      -0.424582779    
   21.673583984375000      -0.424590260    
   21.685791015625000      -0.424597859    
   21.697998046875000      -0.424605548    
   21.710205078125000      -0.424613386    
   21.722412109375000      -0.424621314    
   21.734619140625000      -0.424629360    
   21.746826171875000      -0.424637526    
   21.759033203125000      -0.424645811    
   21.771240234375000      -0.424654216    
   21.783447265625000      -0.424662769    
   21.795654296875000      -0.424671412    
   21.807861328125000      -0.424680173    
   21.820068359375000      -0.424689114    
   21.832275390625000      -0.424698144    
   21.844482421875000      -0.424707294    
   21.856689453125000      -0.424716622    
   21.868896484375000      -0.424726069    
   21.881103515625000      -0.424735665    
   21.893310546875000      -0.424745381    
   21.905517578125000      -0.424755245    
   21.917724609375000      -0.424765259    
   21.929931640625000      -0.424775422    
   21.942138671875000      -0.424785763    
   21.954345703125000      -0.424796224    
   21.966552734375000      -0.424806863    
   21.978759765625000      -0.424817652    
   21.990966796875000      -0.424828589    
   22.003173828125000      -0.424839705    
   22.015380859375000      -0.424851000    
   22.027587890625000      -0.424862444    
   22.039794921875000      -0.424874067    
   22.052001953125000      -0.424885869    
   22.064208984375000      -0.424897850    
   22.076416015625000      -0.424910009    
   22.088623046875000      -0.424922347    
   22.100830078125000      -0.424934894    
   22.113037109375000      -0.424947619    
   22.125244140625000      -0.424960524    
   22.137451171875000      -0.424973637    
   22.149658203125000      -0.424986959    
   22.161865234375000      -0.425000489    
   22.174072265625000      -0.425014198    
   22.186279296875000      -0.425028145    
   22.198486328125000      -0.425042301    
   22.210693359375000      -0.425056666    
   22.222900390625000      -0.425071269    
   22.235107421875000      -0.425086081    
   22.247314453125000      -0.425101131    
   22.259521484375000      -0.425116420    
   22.271728515625000      -0.425131947    
   22.283935546875000      -0.425147712    
   22.296142578125000      -0.425163716    
   22.308349609375000      -0.425179958    
   22.320556640625000      -0.425196499    
   22.332763671875000      -0.425213277    
   22.344970703125000      -0.425230324    
   22.357177734375000      -0.425247610    
   22.369384765625000      -0.425265193    
   22.381591796875000      -0.425283074    
   22.393798828125000      -0.425301194    
   22.406005859375000      -0.425319642    
   22.418212890625000      -0.425338358    
   22.430419921875000      -0.425357401    
   22.442626953125000      -0.425376713    
   22.454833984375000      -0.425396353    
   22.467041015625000      -0.425416291    
   22.479248046875000      -0.425436586    
   22.491455078125000      -0.425457180    
   22.503662109375000      -0.425478131    
   22.515869140625000      -0.425499380    
   22.528076171875000      -0.425521016    
   22.540283203125000      -0.425542980    
   22.552490234375000      -0.425565302    
   22.564697265625000      -0.425587982    
   22.576904296875000      -0.425611049    
   22.589111328125000      -0.425634474    
   22.601318359375000      -0.425658315    
   22.613525390625000      -0.425682515    
   22.625732421875000      -0.425707132    
   22.637939453125000      -0.425732136    
   22.650146484375000      -0.425757587    
   22.662353515625000      -0.425783455    
   22.674560546875000      -0.425809741    
   22.686767578125000      -0.425836444    
   22.698974609375000      -0.425863624    
   22.711181640625000      -0.425891221    
   22.723388671875000      -0.425919324    
   22.735595703125000      -0.425947875    
   22.747802734375000      -0.425976932    
   22.760009765625000      -0.426006466    
   22.772216796875000      -0.426036477    
   22.784423828125000      -0.426067024    
   22.796630859375000      -0.426098078    
   22.808837890625000      -0.426129669    
   22.821044921875000      -0.426161796    
   22.833251953125000      -0.426194459    
   22.845458984375000      -0.426227689    
   22.857666015625000      -0.426261514    
   22.869873046875000      -0.426295906    
   22.882080078125000      -0.426330894    
   22.894287109375000      -0.426366478    
   22.906494140625000      -0.426402688    
   22.918701171875000      -0.426439553    
   22.930908203125000      -0.426477015    
   22.943115234375000      -0.426515162    
   22.955322265625000      -0.426553965    
   22.967529296875000      -0.426593453    
   22.979736328125000      -0.426633656    
   22.991943359375000      -0.426674545    
   23.004150390625000      -0.426716179    
   23.016357421875000      -0.426758528    
   23.028564453125000      -0.426801652    
   23.040771484375000      -0.426845551    
   23.052978515625000      -0.426890224    
   23.065185546875000      -0.426935703    
   23.077392578125000      -0.426981986    
   23.089599609375000      -0.427029133    
   23.101806640625000      -0.427077115    
   23.114013671875000      -0.427125990    
   23.126220703125000      -0.427175730    
   23.138427734375000      -0.427226365    
   23.150634765625000      -0.427277952    
   23.162841796875000      -0.427330494    
   23.175048828125000      -0.427383989    
   23.187255859375000      -0.427438468    
   23.199462890625000      -0.427493960    
   23.211669921875000      -0.427550495    
   23.223876953125000      -0.427608073    
   23.236083984375000      -0.427666724    
   23.248291015625000      -0.427726477    
   23.260498046875000      -0.427787364    
   23.272705078125000      -0.427849382    
   23.284912109375000      -0.427912563    
   23.297119140625000      -0.427976966    
   23.309326171875000      -0.428042591    
   23.321533203125000      -0.428109467    
   23.333740234375000      -0.428177625    
   23.345947265625000      -0.428247064    
   23.358154296875000      -0.428317875    
   23.370361328125000      -0.428390026    
   23.382568359375000      -0.428463578    
   23.394775390625000      -0.428538591    
   23.406982421875000      -0.428615063    
   23.419189453125000      -0.428692997    
   23.431396484375000      -0.428772479    
   23.443603515625000      -0.428853542    
   23.455810546875000      -0.428936183    
   23.468017578125000      -0.429020464    
   23.480224609375000      -0.429106444    
   23.492431640625000      -0.429194123    
   23.504638671875000      -0.429283559    
   23.516845703125000      -0.429374814    
   23.529052734375000      -0.429467887    
   23.541259765625000      -0.429562837    
   23.553466796875000      -0.429659724    
   23.565673828125000      -0.429758608    
   23.577880859375000      -0.429859489    
   23.590087890625000      -0.429962456    
   23.602294921875000      -0.430067509    
   23.614501953125000      -0.430174768    
   23.626708984375000      -0.430284232    
   23.638916015625000      -0.430395991    
   23.651123046875000      -0.430510074    
   23.663330078125000      -0.430626571    
   23.675537109375000      -0.430745482    
   23.687744140625000      -0.430866927    
   23.699951171875000      -0.430990964    
   23.712158203125000      -0.431117624    
   23.724365234375000      -0.431246996    
   23.736572265625000      -0.431379139    
   23.748779296875000      -0.431514114    
   23.760986328125000      -0.431652009    
   23.773193359375000      -0.431792915    
   23.785400390625000      -0.431936860    
   23.797607421875000      -0.432083964    
   23.809814453125000      -0.432234317    
   23.822021484375000      -0.432387978    
   23.834228515625000      -0.432545036    
   23.846435546875000      -0.432705581    
   23.858642578125000      -0.432869703    
   23.870849609375000      -0.433037490    
   23.883056640625000      -0.433209062    
   23.895263671875000      -0.433384508    
   23.907470703125000      -0.433563948    
   23.919677734375000      -0.433747441    
   23.931884765625000      -0.433935136    
   23.944091796875000      -0.434127152    
   23.956298828125000      -0.434323579    
   23.968505859375000      -0.434524566    
   23.980712890625000      -0.434730232    
   23.992919921875000      -0.434940696    
   24.005126953125000      -0.435156077    
   24.017333984375000      -0.435376525    
   24.029541015625000      -0.435602218    
   24.041748046875000      -0.435833246    
   24.053955078125000      -0.436069787    
   24.066162109375000      -0.436311990    
   24.078369140625000      -0.436560035    
   24.090576171875000      -0.436814070    
   24.102783203125000      -0.437074244    
   24.114990234375000      -0.437340796    
   24.127197265625000      -0.437613875    
   24.139404296875000      -0.437893659    
   24.151611328125000      -0.438180357    
   24.163818359375000      -0.438474178    
   24.176025390625000      -0.438775331    
   24.188232421875000      -0.439084023    
   24.200439453125000      -0.439400494    
   24.212646484375000      -0.439724952    
   24.224853515625000      -0.440057635    
   24.237060546875000      -0.440398842    
   24.249267578125000      -0.440748781    
   24.261474609375000      -0.441107720    
   24.273681640625000      -0.441475958    
   24.285888671875000      -0.441853762    
   24.298095703125000      -0.442241430    
   24.310302734375000      -0.442639291    
   24.322509765625000      -0.443047613    
   24.334716796875000      -0.443466783    
   24.346923828125000      -0.443897069    
   24.359130859375000      -0.444338888    
   24.371337890625000      -0.444792569    
   24.383544921875000      -0.445258528    
   24.395751953125000      -0.445737094    
   24.407958984375000      -0.446228713    
   24.420166015625000      -0.446733803    
   24.432373046875000      -0.447252780    
   24.444580078125000      -0.447786123    
   24.456787109375000      -0.448334306    
   24.468994140625000      -0.448897779    
   24.481201171875000      -0.449477047    
   24.493408203125000      -0.450072676    
   24.505615234375000      -0.450685173    
   24.517822265625000      -0.451315105    
   24.530029296875000      -0.451963097    
   24.542236328125000      -0.452629685    
   24.554443359375000      -0.453315556    
   24.566650390625000      -0.454021335    
   24.578857421875000      -0.454747736    
   24.591064453125000      -0.455495417    
   24.603271484375000      -0.456265122    
   24.615478515625000      -0.457057655    
   24.627685546875000      -0.457873762    
   24.639892578125000      -0.458714277    
   24.652099609375000      -0.459580064    
   24.664306640625000      -0.460471988    
   24.676513671875000      -0.461391032    
   24.688720703125000      -0.462338060    
   24.700927734375000      -0.463314176    
   24.713134765625000      -0.464320332    
   24.725341796875000      -0.465357661    
   24.737548828125000      -0.466427237    
   24.749755859375000      -0.467530310    
   24.761962890625000      -0.468667984    
   24.774169921875000      -0.469841659    
   24.786376953125000      -0.471052527    
   24.798583984375000      -0.472302049    
   24.810791015625000      -0.473591626    
   24.822998046875000      -0.474922717    
   24.835205078125000      -0.476296902    
   24.847412109375000      -0.477715790    
   24.859619140625000      -0.479181051    
   24.871826171875000      -0.480694473    
   24.884033203125000      -0.482257813    
   24.896240234375000      -0.483873069    
   24.908447265625000      -0.485542059    
   24.920654296875000      -0.487267077    
   24.932861328125000      -0.489050031    
   24.945068359375000      -0.490893483    
   24.957275390625000      -0.492799312    
   24.969482421875000      -0.494770676    
   24.981689453125000      -0.496808827    
   24.993896484375000      -0.498919487    
