   6.1035156250000000E-003  -2.61201191    
   1.8310546875000000E-002  -2.54764605    
   3.0517578125000000E-002  -2.48546553    
   4.2724609375000000E-002  -2.42532945    
   5.4931640625000000E-002  -2.36716986    
   6.7138671875000000E-002  -2.31089211    
   7.9345703125000000E-002  -2.25642371    
   9.1552734375000000E-002  -2.20368457    
  0.10375976562500000       -2.15260673    
  0.11596679687500000       -2.10311961    
  0.12817382812500000       -2.05516052    
  0.14038085937500000       -2.00866675    
  0.15258789062500000       -1.96358144    
  0.16479492187500000       -1.91984761    
  0.17700195312500000       -1.87741351    
  0.18920898437500000       -1.83622801    
  0.20141601562500000       -1.79624391    
  0.21362304687500000       -1.75741494    
  0.22583007812500000       -1.71969795    
  0.23803710937500000       -1.68305123    
  0.25024414062500000       -1.64743543    
  0.26245117187500000       -1.61281240    
  0.27465820312500000       -1.57914639    
  0.28686523437500000       -1.54640257    
  0.29907226562500000       -1.51454842    
  0.31127929687500000       -1.48355198    
  0.32348632812500000       -1.45338368    
  0.33569335937500000       -1.42401421    
  0.34790039062500000       -1.39541650    
  0.36010742187500000       -1.36756384    
  0.37231445312500000       -1.34043109    
  0.38452148437500000       -1.31399417    
  0.39672851562500000       -1.28822982    
  0.40893554687500000       -1.26311588    
  0.42114257812500000       -1.23863101    
  0.43334960937500000       -1.21475470    
  0.44555664062500000       -1.19146752    
  0.45776367187500000       -1.16875064    
  0.46997070312500000       -1.14658606    
  0.48217773437500000       -1.12495625    
  0.49438476562500000       -1.10384464    
  0.50659179687500000       -1.08323538    
  0.51879882812500000       -1.06311285    
  0.53100585937500000       -1.04346240    
  0.54321289062500000       -1.02426982    
  0.55541992187500000       -1.00552130    
  0.56762695312500000      -0.987203836    
  0.57983398437500000      -0.969304442    
  0.59204101562500000      -0.951811254    
  0.60424804687500000      -0.934712291    
  0.61645507812500000      -0.917996347    
  0.62866210937500000      -0.901652277    
  0.64086914062500000      -0.885669827    
  0.65307617187500000      -0.870038629    
  0.66528320312500000      -0.854748964    
  0.67749023437500000      -0.839791298    
  0.68969726562500000      -0.825156689    
  0.70190429687500000      -0.810836196    
  0.71411132812500000      -0.796821237    
  0.72631835937500000      -0.783103704    
  0.73852539062500000      -0.769675612    
  0.75073242187500000      -0.756529331    
  0.76293945312500000      -0.743657470    
  0.77514648437500000      -0.731052697    
  0.78735351562500000      -0.718708098    
  0.79956054687500000      -0.706617177    
  0.81176757812500000      -0.694773197    
  0.82397460937500000      -0.683170021    
  0.83618164062500000      -0.671801507    
  0.84838867187500000      -0.660661697    
  0.86059570312500000      -0.649745047    
  0.87280273437500000      -0.639045954    
  0.88500976562500000      -0.628558874    
  0.89721679687500000      -0.618278921    
  0.90942382812500000      -0.608200848    
  0.92163085937500000      -0.598319888    
  0.93383789062500000      -0.588631332    
  0.94604492187500000      -0.579130352    
  0.95825195312500000      -0.569812834    
  0.97045898437500000      -0.560674131    
  0.98266601562500000      -0.551710248    
  0.99487304687500000      -0.542917073    
   1.0070800781250000      -0.534290612    
   1.0192871093750000      -0.525827050    
   1.0314941406250000      -0.517522633    
   1.0437011718750000      -0.509373724    
   1.0559082031250000      -0.501376867    
   1.0681152343750000      -0.493528605    
   1.0803222656250000      -0.485825568    
   1.0925292968750000      -0.478264481    
   1.1047363281250000      -0.470842302    
   1.1169433593750000      -0.463555872    
   1.1291503906250000      -0.456402242    
   1.1413574218750000      -0.449378580    
   1.1535644531250000      -0.442482024    
   1.1657714843750000      -0.435709715    
   1.1779785156250000      -0.429059088    
   1.1901855468750000      -0.422527552    
   1.2023925781250000      -0.416112542    
   1.2145996093750000      -0.409811527    
   1.2268066406250000      -0.403622240    
   1.2390136718750000      -0.397542149    
   1.2512207031250000      -0.391569108    
   1.2634277343750000      -0.385700881    
   1.2756347656250000      -0.379935235    
   1.2878417968750000      -0.374270111    
   1.3000488281250000      -0.368703455    
   1.3122558593750000      -0.363233119    
   1.3244628906250000      -0.357857317    
   1.3366699218750000      -0.352573991    
   1.3488769531250000      -0.347381413    
   1.3610839843750000      -0.342277646    
   1.3732910156250000      -0.337260872    
   1.3854980468750000      -0.332329512    
   1.3977050781250000      -0.327481776    
   1.4099121093750000      -0.322716057    
   1.4221191406250000      -0.318030685    
   1.4343261718750000      -0.313424081    
   1.4465332031250000      -0.308894724    
   1.4587402343750000      -0.304441124    
   1.4709472656250000      -0.300061882    
   1.4831542968750000      -0.295755357    
   1.4953613281250000      -0.291520238    
   1.5075683593750000      -0.287355274    
   1.5197753906250000      -0.283259064    
   1.5319824218750000      -0.279230267    
   1.5441894531250000      -0.275267482    
   1.5563964843750000      -0.271369725    
   1.5686035156250000      -0.267535537    
   1.5808105468750000      -0.263763785    
   1.5930175781250000      -0.260053426    
   1.6052246093750000      -0.256403178    
   1.6174316406250000      -0.252811879    
   1.6296386718750000      -0.249278650    
   1.6418457031250000      -0.245802179    
   1.6540527343750000      -0.242381543    
   1.6662597656250000      -0.239015728    
   1.6784667968750000      -0.235703692    
   1.6906738281250000      -0.232444435    
   1.7028808593750000      -0.229236960    
   1.7150878906250000      -0.226080507    
   1.7272949218750000      -0.222973987    
   1.7395019531250000      -0.219916508    
   1.7517089843750000      -0.216907188    
   1.7639160156250000      -0.213945270    
   1.7761230468750000      -0.211029798    
   1.7883300781250000      -0.208160058    
   1.8005371093750000      -0.205335110    
   1.8127441406250000      -0.202554196    
   1.8249511718750000      -0.199816495    
   1.8371582031250000      -0.197121412    
   1.8493652343750000      -0.194467932    
   1.8615722656250000      -0.191855580    
   1.8737792968750000      -0.189283505    
   1.8859863281250000      -0.186751097    
   1.8981933593750000      -0.184257463    
   1.9104003906250000      -0.181802168    
   1.9226074218750000      -0.179384425    
   1.9348144531250000      -0.177003577    
   1.9470214843750000      -0.174659029    
   1.9592285156250000      -0.172350124    
   1.9714355468750000      -0.170076326    
   1.9836425781250000      -0.167836905    
   1.9958496093750000      -0.165631399    
   2.0080566406250000      -0.163459107    
   2.0202636718750000      -0.161319613    
   2.0324707031250000      -0.159212232    
   2.0446777343750000      -0.157136545    
   2.0568847656250000      -0.155091882    
   2.0690917968750000      -0.153077781    
   2.0812988281250000      -0.151093736    
   2.0935058593750000      -0.149139240    
   2.1057128906250000      -0.147213787    
   2.1179199218750000      -0.145316884    
   2.1301269531250000      -0.143448129    
   2.1423339843750000      -0.141606957    
   2.1545410156250000      -0.139792919    
   2.1667480468750000      -0.138005674    
   2.1789550781250000      -0.136244670    
   2.1911621093750000      -0.134509474    
   2.2033691406250000      -0.132799774    
   2.2155761718750000      -0.131115019    
   2.2277832031250000      -0.129454821    
   2.2399902343750000      -0.127818868    
   2.2521972656250000      -0.126206696    
   2.2644042968750000      -0.124617904    
   2.2766113281250000      -0.123052165    
   2.2888183593750000      -0.121509053    
   2.3010253906250000      -0.119988285    
   2.3132324218750000      -0.118489385    
   2.3254394531250000      -0.117012069    
   2.3376464843750000      -0.115556009    
   2.3498535156250000      -0.114120796    
   2.3620605468750000      -0.112706177    
   2.3742675781250000      -0.111311764    
   2.3864746093750000      -0.109937243    
   2.3986816406250000      -0.108582303    
   2.4108886718750000      -0.107246630    
   2.4230957031250000      -0.105929874    
   2.4353027343750000      -0.104631849    
   2.4475097656250000      -0.103352152    
   2.4597167968750000      -0.102090597    
   2.4719238281250000      -0.100846745    
   2.4841308593750000       -9.96204838E-02
   2.4963378906250000       -9.84114185E-02
   2.5085449218750000       -9.72193405E-02
   2.5207519531250000       -9.60439295E-02
   2.5329589843750000       -9.48849767E-02
   2.5451660156250000       -9.37422216E-02
   2.5573730468750000       -9.26154107E-02
   2.5695800781250000       -9.15042460E-02
   2.5817871093750000       -9.04085264E-02
   2.5939941406250000       -8.93280134E-02
   2.6062011718750000       -8.82624686E-02
   2.6184082031250000       -8.72116610E-02
   2.6306152343750000       -8.61753970E-02
   2.6428222656250000       -8.51533562E-02
   2.6550292968750000       -8.41454193E-02
   2.6672363281250000       -8.31513032E-02
   2.6794433593750000       -8.21708441E-02
   2.6916503906250000       -8.12038258E-02
   2.7038574218750000       -8.02500397E-02
   2.7160644531250000       -7.93092251E-02
   2.7282714843750000       -7.83812776E-02
   2.7404785156250000       -7.74659365E-02
   2.7526855468750000       -7.65630156E-02
   2.7648925781250000       -7.56723583E-02
   2.7770996093750000       -7.47938231E-02
   2.7893066406250000       -7.39271119E-02
   2.8015136718750000       -7.30720982E-02
   2.8137207031250000       -7.22286329E-02
   2.8259277343750000       -7.13964924E-02
   2.8381347656250000       -7.05755427E-02
   2.8503417968750000       -6.97656423E-02
   2.8625488281250000       -6.89665824E-02
   2.8747558593750000       -6.81781843E-02
   2.8869628906250000       -6.74003214E-02
   2.8991699218750000       -6.66328296E-02
   2.9113769531250000       -6.58755824E-02
   2.9235839843750000       -6.51283786E-02
   2.9357910156250000       -6.43910915E-02
   2.9479980468750000       -6.36635795E-02
   2.9602050781250000       -6.29457086E-02
   2.9724121093750000       -6.22372925E-02
   2.9846191406250000       -6.15382604E-02
   2.9968261718750000       -6.08483851E-02
   3.0090332031250000       -6.01676367E-02
   3.0212402343750000       -5.94957881E-02
   3.0334472656250000       -5.88327385E-02
   3.0456542968750000       -5.81783801E-02
   3.0578613281250000       -5.75325824E-02
   3.0700683593750000       -5.68952337E-02
   3.0822753906250000       -5.62661365E-02
   3.0944824218750000       -5.56452610E-02
   3.1066894531250000       -5.50324395E-02
   3.1188964843750000       -5.44275790E-02
   3.1311035156250000       -5.38305156E-02
   3.1433105468750000       -5.32411970E-02
   3.1555175781250000       -5.26594929E-02
   3.1677246093750000       -5.20852841E-02
   3.1799316406250000       -5.15184477E-02
   3.1921386718750000       -5.09589016E-02
   3.2043457031250000       -5.04065603E-02
   3.2165527343750000       -4.98612709E-02
   3.2287597656250000       -4.93229553E-02
   3.2409667968750000       -4.87915352E-02
   3.2531738281250000       -4.82668951E-02
   3.2653808593750000       -4.77489270E-02
   3.2775878906250000       -4.72375192E-02
   3.2897949218750000       -4.67326343E-02
   3.3020019531250000       -4.62341309E-02
   3.3142089843750000       -4.57419641E-02
   3.3264160156250000       -4.52560075E-02
   3.3386230468750000       -4.47761565E-02
   3.3508300781250000       -4.43023704E-02
   3.3630371093750000       -4.38345484E-02
   3.3752441406250000       -4.33726013E-02
   3.3874511718750000       -4.29164544E-02
   3.3996582031250000       -4.24660146E-02
   3.4118652343750000       -4.20212187E-02
   3.4240722656250000       -4.15819436E-02
   3.4362792968750000       -4.11481895E-02
   3.4484863281250000       -4.07197997E-02
   3.4606933593750000       -4.02967520E-02
   3.4729003906250000       -3.98789495E-02
   3.4851074218750000       -3.94663140E-02
   3.4973144531250000       -3.90587784E-02
   3.5095214843750000       -3.86562981E-02
   3.5217285156250000       -3.82587761E-02
   3.5339355468750000       -3.78661677E-02
   3.5461425781250000       -3.74783576E-02
   3.5583496093750000       -3.70953232E-02
   3.5705566406250000       -3.67169827E-02
   3.5827636718750000       -3.63432840E-02
   3.5949707031250000       -3.59741524E-02
   3.6071777343750000       -3.56095098E-02
   3.6193847656250000       -3.52493338E-02
   3.6315917968750000       -3.48935239E-02
   3.6437988281250000       -3.45420539E-02
   3.6560058593750000       -3.41948308E-02
   3.6682128906250000       -3.38518284E-02
   3.6804199218750000       -3.35129537E-02
   3.6926269531250000       -3.31781879E-02
   3.7048339843750000       -3.28474566E-02
   3.7170410156250000       -3.25207226E-02
   3.7292480468750000       -3.21978889E-02
   3.7414550781250000       -3.18789370E-02
   3.7536621093750000       -3.15638296E-02
   3.7658691406250000       -3.12524736E-02
   3.7780761718750000       -3.09448522E-02
   3.7902832031250000       -3.06408796E-02
   3.8024902343750000       -3.03405393E-02
   3.8146972656250000       -3.00437938E-02
   3.8269042968750000       -2.97505576E-02
   3.8391113281250000       -2.94607896E-02
   3.8513183593750000       -2.91744582E-02
   3.8635253906250000       -2.88915243E-02
   3.8757324218750000       -2.86119059E-02
   3.8879394531250000       -2.83356141E-02
   3.9001464843750000       -2.80625466E-02
   3.9123535156250000       -2.77927127E-02
   3.9245605468750000       -2.75260359E-02
   3.9367675781250000       -2.72624809E-02
   3.9489746093750000       -2.70020142E-02
   3.9611816406250000       -2.67445855E-02
   3.9733886718750000       -2.64901593E-02
   3.9855957031250000       -2.62387060E-02
   3.9978027343750000       -2.59901714E-02
   4.0100097656250000       -2.57445276E-02
   4.0222167968750000       -2.55017225E-02
   4.0344238281250000       -2.52617244E-02
   4.0466308593750000       -2.50245072E-02
   4.0588378906250000       -2.47900411E-02
   4.0710449218750000       -2.45582554E-02
   4.0832519531250000       -2.43291669E-02
   4.0954589843750000       -2.41026822E-02
   4.1076660156250000       -2.38787960E-02
   4.1198730468750000       -2.36574840E-02
   4.1320800781250000       -2.34387163E-02
   4.1442871093750000       -2.32224315E-02
   4.1564941406250000       -2.30086185E-02
   4.1687011718750000       -2.27972381E-02
   4.1809082031250000       -2.25882418E-02
   4.1931152343750000       -2.23816466E-02
   4.2053222656250000       -2.21773889E-02
   4.2175292968750000       -2.19754241E-02
   4.2297363281250000       -2.17757504E-02
   4.2419433593750000       -2.15783436E-02
   4.2541503906250000       -2.13831440E-02
   4.2663574218750000       -2.11901478E-02
   4.2785644531250000       -2.09993143E-02
   4.2907714843750000       -2.08106209E-02
   4.3029785156250000       -2.06240453E-02
   4.3151855468750000       -2.04395521E-02
   4.3273925781250000       -2.02571172E-02
   4.3395996093750000       -2.00767200E-02
   4.3518066406250000       -1.98983252E-02
   4.3640136718750000       -1.97219085E-02
   4.3762207031250000       -1.95474718E-02
   4.3884277343750000       -1.93749405E-02
   4.4006347656250000       -1.92043334E-02
   4.4128417968750000       -1.90356113E-02
   4.4250488281250000       -1.88687388E-02
   4.4372558593750000       -1.87037159E-02
   4.4494628906250000       -1.85405053E-02
   4.4616699218750000       -1.83790755E-02
   4.4738769531250000       -1.82194244E-02
   4.4860839843750000       -1.80615168E-02
   4.4982910156250000       -1.79053359E-02
   4.5104980468750000       -1.77508667E-02
   4.5227050781250000       -1.75980758E-02
   4.5349121093750000       -1.74469445E-02
   4.5471191406250000       -1.72974430E-02
   4.5593261718750000       -1.71495862E-02
   4.5715332031250000       -1.70033108E-02
   4.5837402343750000       -1.68586336E-02
   4.5959472656250000       -1.67155061E-02
   4.6081542968750000       -1.65739153E-02
   4.6203613281250000       -1.64338611E-02
   4.6325683593750000       -1.62953138E-02
   4.6447753906250000       -1.61582436E-02
   4.6569824218750000       -1.60226505E-02
   4.6691894531250000       -1.58885065E-02
   4.6813964843750000       -1.57557800E-02
   4.6936035156250000       -1.56244915E-02
   4.7058105468750000       -1.54945794E-02
   4.7180175781250000       -1.53660625E-02
   4.7302246093750000       -1.52389109E-02
   4.7424316406250000       -1.51130985E-02
   4.7546386718750000       -1.49886264E-02
   4.7668457031250000       -1.48654673E-02
   4.7790527343750000       -1.47436103E-02
   4.7912597656250000       -1.46230264E-02
   4.8034667968750000       -1.45037193E-02
   4.8156738281250000       -1.43856630E-02
   4.8278808593750000       -1.42688453E-02
   4.8400878906250000       -1.41532412E-02
   4.8522949218750000       -1.40388524E-02
   4.8645019531250000       -1.39256548E-02
   4.8767089843750000       -1.38136502E-02
   4.8889160156250000       -1.37028005E-02
   4.9011230468750000       -1.35931093E-02
   4.9133300781250000       -1.34845367E-02
   4.9255371093750000       -1.33771151E-02
   4.9377441406250000       -1.32707926E-02
   4.9499511718750000       -1.31655587E-02
   4.9621582031250000       -1.30614182E-02
   4.9743652343750000       -1.29583599E-02
   4.9865722656250000       -1.28563466E-02
   4.9987792968750000       -1.27553837E-02
   5.0109863281250000       -1.26554612E-02
   5.0231933593750000       -1.25565566E-02
   5.0354003906250000       -1.24586597E-02
   5.0476074218750000       -1.23617621E-02
   5.0598144531250000       -1.22658545E-02
   5.0720214843750000       -1.21709164E-02
   5.0842285156250000       -1.20769506E-02
   5.0964355468750000       -1.19839357E-02
   5.1086425781250000       -1.18918633E-02
   5.1208496093750000       -1.18007129E-02
   5.1330566406250000       -1.17104882E-02
   5.1452636718750000       -1.16211688E-02
   5.1574707031250000       -1.15327584E-02
   5.1696777343750000       -1.14452252E-02
   5.1818847656250000       -1.13585731E-02
   5.1940917968750000       -1.12727955E-02
   5.2062988281250000       -1.11878701E-02
   5.2185058593750000       -1.11037921E-02
   5.2307128906250000       -1.10205514E-02
   5.2429199218750000       -1.09381434E-02
   5.2551269531250000       -1.08565465E-02
   5.2673339843750000       -1.07757663E-02
   5.2795410156250000       -1.06957853E-02
   5.2917480468750000       -1.06165940E-02
   5.3039550781250000       -1.05381869E-02
   5.3161621093750000       -1.04605574E-02
   5.3283691406250000       -1.03836870E-02
   5.3405761718750000       -1.03075691E-02
   5.3527832031250000       -1.02321962E-02
   5.3649902343750000       -1.01575749E-02
   5.3771972656250000       -1.00836745E-02
   5.3894042968750000       -1.00105014E-02
   5.4016113281250000       -9.93803795E-03
   5.4138183593750000       -9.86627769E-03
   5.4260253906250000       -9.79521405E-03
   5.4382324218750000       -9.72485263E-03
   5.4504394531250000       -9.65516642E-03
   5.4626464843750000       -9.58615914E-03
   5.4748535156250000       -9.51781496E-03
   5.4870605468750000       -9.45012737E-03
   5.4992675781250000       -9.38309263E-03
   5.5114746093750000       -9.31671448E-03
   5.5236816406250000       -9.25095472E-03
   5.5358886718750000       -9.18584224E-03
   5.5480957031250000       -9.12134815E-03
   5.5603027343750000       -9.05746873E-03
   5.5725097656250000       -8.99419840E-03
   5.5847167968750000       -8.93154368E-03
   5.5969238281250000       -8.86947569E-03
   5.6091308593750000       -8.80799256E-03
   5.6213378906250000       -8.74709804E-03
   5.6335449218750000       -8.68678745E-03
   5.6457519531250000       -8.62703659E-03
   5.6579589843750000       -8.56785942E-03
   5.6701660156250000       -8.50923266E-03
   5.6823730468750000       -8.45117122E-03
   5.6945800781250000       -8.39364063E-03
   5.7067871093750000       -8.33665580E-03
   5.7189941406250000       -8.28021299E-03
   5.7312011718750000       -8.22428707E-03
   5.7434082031250000       -8.16889480E-03
   5.7556152343750000       -8.11401196E-03
   5.7678222656250000       -8.05964321E-03
   5.7800292968750000       -8.00577458E-03
   5.7922363281250000       -7.95241352E-03
   5.8044433593750000       -7.89954513E-03
   5.8166503906250000       -7.84716476E-03
   5.8288574218750000       -7.79527985E-03
   5.8410644531250000       -7.74386525E-03
   5.8532714843750000       -7.69291865E-03
   5.8654785156250000       -7.64244562E-03
   5.8776855468750000       -7.59244198E-03
   5.8898925781250000       -7.54289469E-03
   5.9020996093750000       -7.49380002E-03
   5.9143066406250000       -7.44515471E-03
   5.9265136718750000       -7.39695504E-03
   5.9387207031250000       -7.34919729E-03
   5.9509277343750000       -7.30186934E-03
   5.9631347656250000       -7.25497678E-03
   5.9753417968750000       -7.20850658E-03
   5.9875488281250000       -7.16246478E-03
   5.9997558593750000       -7.11683044E-03
   6.0119628906250000       -7.07161753E-03
   6.0241699218750000       -7.02680554E-03
   6.0363769531250000       -6.98240008E-03
   6.0485839843750000       -6.93839788E-03
   6.0607910156250000       -6.89478731E-03
   6.0729980468750000       -6.85157347E-03
   6.0852050781250000       -6.80874521E-03
   6.0974121093750000       -6.76629879E-03
   6.1096191406250000       -6.72422349E-03
   6.1218261718750000       -6.68253331E-03
   6.1340332031250000       -6.64121704E-03
   6.1462402343750000       -6.60026260E-03
   6.1584472656250000       -6.55966764E-03
   6.1706542968750000       -6.51943777E-03
   6.1828613281250000       -6.47957018E-03
   6.1950683593750000       -6.44004578E-03
   6.2072753906250000       -6.40086969E-03
   6.2194824218750000       -6.36204798E-03
   6.2316894531250000       -6.32356154E-03
   6.2438964843750000       -6.28541550E-03
   6.2561035156250000       -6.24759961E-03
   6.2683105468750000       -6.21011946E-03
   6.2805175781250000       -6.17297227E-03
   6.2927246093750000       -6.13613985E-03
   6.3049316406250000       -6.09963527E-03
   6.3171386718750000       -6.06344873E-03
   6.3293457031250000       -6.02757744E-03
   6.3415527343750000       -5.99201163E-03
   6.3537597656250000       -5.95676433E-03
   6.3659667968750000       -5.92180900E-03
   6.3781738281250000       -5.88716846E-03
   6.3903808593750000       -5.85282408E-03
   6.4025878906250000       -5.81877306E-03
   6.4147949218750000       -5.78501401E-03
   6.4270019531250000       -5.75154461E-03
   6.4392089843750000       -5.71837043E-03
   6.4514160156250000       -5.68547379E-03
   6.4636230468750000       -5.65286074E-03
   6.4758300781250000       -5.62052848E-03
   6.4880371093750000       -5.58846816E-03
   6.5002441406250000       -5.55668492E-03
   6.5124511718750000       -5.52516943E-03
   6.5246582031250000       -5.49391937E-03
   6.5368652343750000       -5.46294125E-03
   6.5490722656250000       -5.43222437E-03
   6.5612792968750000       -5.40176034E-03
   6.5734863281250000       -5.37156174E-03
   6.5856933593750000       -5.34161227E-03
   6.5979003906250000       -5.31191751E-03
   6.6101074218750000       -5.28247515E-03
   6.6223144531250000       -5.25327632E-03
   6.6345214843750000       -5.22432663E-03
   6.6467285156250000       -5.19561721E-03
   6.6589355468750000       -5.16714621E-03
   6.6711425781250000       -5.13891224E-03
   6.6833496093750000       -5.11092041E-03
   6.6955566406250000       -5.08315489E-03
   6.7077636718750000       -5.05562080E-03
   6.7199707031250000       -5.02832467E-03
   6.7321777343750000       -5.00124227E-03
   6.7443847656250000       -4.97439457E-03
   6.7565917968750000       -4.94776480E-03
   6.7687988281250000       -4.92135249E-03
   6.7810058593750000       -4.89516230E-03
   6.7932128906250000       -4.86918585E-03
   6.8054199218750000       -4.84342175E-03
   6.8176269531250000       -4.81786905E-03
   6.8298339843750000       -4.79252543E-03
   6.8420410156250000       -4.76739043E-03
   6.8542480468750000       -4.74246172E-03
   6.8664550781250000       -4.71773837E-03
   6.8786621093750000       -4.69321897E-03
   6.8908691406250000       -4.66889516E-03
   6.9030761718750000       -4.64476552E-03
   6.9152832031250000       -4.62083612E-03
   6.9274902343750000       -4.59710509E-03
   6.9396972656250000       -4.57355799E-03
   6.9519042968750000       -4.55020647E-03
   6.9641113281250000       -4.52704309E-03
   6.9763183593750000       -4.50406643E-03
   6.9885253906250000       -4.48127463E-03
   7.0007324218750000       -4.45866771E-03
   7.0129394531250000       -4.43623681E-03
   7.0251464843750000       -4.41399449E-03
   7.0373535156250000       -4.39192588E-03
   7.0495605468750000       -4.37003002E-03
   7.0617675781250000       -4.34831297E-03
   7.0739746093750000       -4.32677241E-03
   7.0861816406250000       -4.30539530E-03
   7.0983886718750000       -4.28419933E-03
   7.1105957031250000       -4.26316401E-03
   7.1228027343750000       -4.24229493E-03
   7.1350097656250000       -4.22159769E-03
   7.1472167968750000       -4.20105783E-03
   7.1594238281250000       -4.18068748E-03
   7.1716308593750000       -4.16047219E-03
   7.1838378906250000       -4.14041849E-03
   7.1960449218750000       -4.12052404E-03
   7.2082519531250000       -4.10078233E-03
   7.2204589843750000       -4.08119848E-03
   7.2326660156250000       -4.06176550E-03
   7.2448730468750000       -4.04248806E-03
   7.2570800781250000       -4.02335962E-03
   7.2692871093750000       -4.00437880E-03
   7.2814941406250000       -3.98555119E-03
   7.2937011718750000       -3.96686886E-03
   7.3059082031250000       -3.94833228E-03
   7.3181152343750000       -3.92993912E-03
   7.3303222656250000       -3.91168334E-03
   7.3425292968750000       -3.89357563E-03
   7.3547363281250000       -3.87560972E-03
   7.3669433593750000       -3.85777792E-03
   7.3791503906250000       -3.84008605E-03
   7.3913574218750000       -3.82253272E-03
   7.4035644531250000       -3.80511163E-03
   7.4157714843750000       -3.78782139E-03
   7.4279785156250000       -3.77067365E-03
   7.4401855468750000       -3.75364930E-03
   7.4523925781250000       -3.73675977E-03
   7.4645996093750000       -3.71999806E-03
   7.4768066406250000       -3.70336347E-03
   7.4890136718750000       -3.68685531E-03
   7.5012207031250000       -3.67047871E-03
   7.5134277343750000       -3.65422084E-03
   7.5256347656250000       -3.63809313E-03
   7.5378417968750000       -3.62208299E-03
   7.5500488281250000       -3.60619556E-03
   7.5622558593750000       -3.59042990E-03
   7.5744628906250000       -3.57477949E-03
   7.5866699218750000       -3.55924969E-03
   7.5988769531250000       -3.54383979E-03
   7.6110839843750000       -3.52854305E-03
   7.6232910156250000       -3.51336482E-03
   7.6354980468750000       -3.49829858E-03
   7.6477050781250000       -3.48334922E-03
   7.6599121093750000       -3.46851046E-03
   7.6721191406250000       -3.45378183E-03
   7.6843261718750000       -3.43916239E-03
   7.6965332031250000       -3.42465751E-03
   7.7087402343750000       -3.41025507E-03
   7.7209472656250000       -3.39596556E-03
   7.7331542968750000       -3.38177755E-03
   7.7453613281250000       -3.36770108E-03
   7.7575683593750000       -3.35372472E-03
   7.7697753906250000       -3.33985360E-03
   7.7819824218750000       -3.32608679E-03
   7.7941894531250000       -3.31242359E-03
   7.8063964843750000       -3.29885841E-03
   7.8186035156250000       -3.28539591E-03
   7.8308105468750000       -3.27203539E-03
   7.8430175781250000       -3.25876544E-03
   7.8552246093750000       -3.24560190E-03
   7.8674316406250000       -3.23253334E-03
   7.8796386718750000       -3.21955932E-03
   7.8918457031250000       -3.20667913E-03
   7.9040527343750000       -3.19389766E-03
   7.9162597656250000       -3.18120909E-03
   7.9284667968750000       -3.16861272E-03
   7.9406738281250000       -3.15610832E-03
   7.9528808593750000       -3.14369518E-03
   7.9650878906250000       -3.13137309E-03
   7.9772949218750000       -3.11914110E-03
   7.9895019531250000       -3.10699875E-03
   8.0017089843750000       -3.09494603E-03
   8.0139160156250000       -3.08298203E-03
   8.0261230468750000       -3.07110627E-03
   8.0383300781250000       -3.05931340E-03
   8.0505371093750000       -3.04760761E-03
   8.0627441406250000       -3.03598377E-03
   8.0749511718750000       -3.02444655E-03
   8.0871582031250000       -3.01299500E-03
   8.0993652343750000       -3.00162425E-03
   8.1115722656250000       -2.99033313E-03
   8.1237792968750000       -2.97912676E-03
   8.1359863281250000       -2.96799955E-03
   8.1481933593750000       -2.95695616E-03
   8.1604003906250000       -2.94599100E-03
   8.1726074218750000       -2.93510361E-03
   8.1848144531250000       -2.92429375E-03
   8.1970214843750000       -2.91356584E-03
   8.2092285156250000       -2.90290941E-03
   8.2214355468750000       -2.89233448E-03
   8.2336425781250000       -2.88183009E-03
   8.2458496093750000       -2.87140626E-03
   8.2580566406250000       -2.86105252E-03
   8.2702636718750000       -2.85077328E-03
   8.2824707031250000       -2.84056831E-03
   8.2946777343750000       -2.83043715E-03
   8.3068847656250000       -2.82037957E-03
   8.3190917968750000       -2.81039020E-03
   8.3312988281250000       -2.80047348E-03
   8.3435058593750000       -2.79062917E-03
   8.3557128906250000       -2.78085191E-03
   8.3679199218750000       -2.77114636E-03
   8.3801269531250000       -2.76151206E-03
   8.3923339843750000       -2.75193900E-03
   8.4045410156250000       -2.74244137E-03
   8.4167480468750000       -2.73300428E-03
   8.4289550781250000       -2.72363727E-03
   8.4411621093750000       -2.71433964E-03
   8.4533691406250000       -2.70510162E-03
   8.4655761718750000       -2.69593229E-03
   8.4777832031250000       -2.68682698E-03
   8.4899902343750000       -2.67778500E-03
   8.5021972656250000       -2.66881101E-03
   8.5144042968750000       -2.65989499E-03
   8.5266113281250000       -2.65104626E-03
   8.5388183593750000       -2.64225504E-03
   8.5510253906250000       -2.63353018E-03
   8.5632324218750000       -2.62486236E-03
   8.5754394531250000       -2.61625601E-03
   8.5876464843750000       -2.60771508E-03
   8.5998535156250000       -2.59923027E-03
   8.6120605468750000       -2.59080110E-03
   8.6242675781250000       -2.58243689E-03
   8.6364746093750000       -2.57412787E-03
   8.6486816406250000       -2.56587821E-03
   8.6608886718750000       -2.55768793E-03
   8.6730957031250000       -2.54955655E-03
   8.6853027343750000       -2.54147477E-03
   8.6975097656250000       -2.53345608E-03
   8.7097167968750000       -2.52549094E-03
   8.7219238281250000       -2.51758355E-03
   8.7341308593750000       -2.50972947E-03
   8.7463378906250000       -2.50192801E-03
   8.7585449218750000       -2.49418360E-03
   8.7707519531250000       -2.48649158E-03
   8.7829589843750000       -2.47885170E-03
   8.7951660156250000       -2.47126818E-03
   8.8073730468750000       -2.46373611E-03
   8.8195800781250000       -2.45625991E-03
   8.8317871093750000       -2.44883029E-03
   8.8439941406250000       -2.44145608E-03
   8.8562011718750000       -2.43412796E-03
   8.8684082031250000       -2.42685480E-03
   8.8806152343750000       -2.41963170E-03
   8.8928222656250000       -2.41245865E-03
   8.9050292968750000       -2.40533520E-03
   8.9172363281250000       -2.39826133E-03
   8.9294433593750000       -2.39123660E-03
   8.9416503906250000       -2.38426100E-03
   8.9538574218750000       -2.37733405E-03
   8.9660644531250000       -2.37045600E-03
   8.9782714843750000       -2.36362172E-03
   8.9904785156250000       -2.35684006E-03
   9.0026855468750000       -2.35010195E-03
   9.0148925781250000       -2.34340713E-03
   9.0270996093750000       -2.33676448E-03
   9.0393066406250000       -2.33016466E-03
   9.0515136718750000       -2.32361211E-03
   9.0637207031250000       -2.31710635E-03
   9.0759277343750000       -2.31064297E-03
   9.0881347656250000       -2.30422197E-03
   9.1003417968750000       -2.29785172E-03
   9.1125488281250000       -2.29151873E-03
   9.1247558593750000       -2.28523626E-03
   9.1369628906250000       -2.27899081E-03
   9.1491699218750000       -2.27279100E-03
   9.1613769531250000       -2.26663658E-03
   9.1735839843750000       -2.26052292E-03
   9.1857910156250000       -2.25445023E-03
   9.1979980468750000       -2.24842248E-03
   9.2102050781250000       -2.24243500E-03
   9.2224121093750000       -2.23648758E-03
   9.2346191406250000       -2.23058462E-03
   9.2468261718750000       -2.22471752E-03
   9.2590332031250000       -2.21889419E-03
   9.2712402343750000       -2.21311045E-03
   9.2834472656250000       -2.20736605E-03
   9.2956542968750000       -2.20166519E-03
   9.3078613281250000       -2.19599926E-03
   9.3200683593750000       -2.19037640E-03
   9.3322753906250000       -2.18478800E-03
   9.3444824218750000       -2.17924244E-03
   9.3566894531250000       -2.17373529E-03
   9.3688964843750000       -2.16826238E-03
   9.3811035156250000       -2.16283160E-03
   9.3933105468750000       -2.15743482E-03
   9.4055175781250000       -2.15207995E-03
   9.4177246093750000       -2.14675860E-03
   9.4299316406250000       -2.14147475E-03
   9.4421386718750000       -2.13622837E-03
   9.4543457031250000       -2.13101925E-03
   9.4665527343750000       -2.12584320E-03
   9.4787597656250000       -2.12070788E-03
   9.4909667968750000       -2.11560563E-03
   9.5031738281250000       -2.11053994E-03
   9.5153808593750000       -2.10550660E-03
   9.5275878906250000       -2.10050982E-03
   9.5397949218750000       -2.09554937E-03
   9.5520019531250000       -2.09062081E-03
   9.5642089843750000       -2.08572834E-03
   9.5764160156250000       -2.08087149E-03
   9.5886230468750000       -2.07604654E-03
   9.6008300781250000       -2.07125721E-03
   9.6130371093750000       -2.06649932E-03
   9.6252441406250000       -2.06177682E-03
   9.6374511718750000       -2.05708528E-03
   9.6496582031250000       -2.05242890E-03
   9.6618652343750000       -2.04780372E-03
   9.6740722656250000       -2.04321300E-03
   9.6862792968750000       -2.03865324E-03
   9.6984863281250000       -2.03412399E-03
   9.7106933593750000       -2.02962942E-03
   9.7229003906250000       -2.02516490E-03
   9.7351074218750000       -2.02073087E-03
   9.7473144531250000       -2.01633084E-03
   9.7595214843750000       -2.01196084E-03
   9.7717285156250000       -2.00762087E-03
   9.7839355468750000       -2.00331467E-03
   9.7961425781250000       -1.99903408E-03
   9.8083496093750000       -1.99478725E-03
   9.8205566406250000       -1.99056976E-03
   9.8327636718750000       -1.98638160E-03
   9.8449707031250000       -1.98222673E-03
   9.8571777343750000       -1.97809725E-03
   9.8693847656250000       -1.97400060E-03
   9.8815917968750000       -1.96992909E-03
   9.8937988281250000       -1.96589041E-03
   9.9060058593750000       -1.96188036E-03
   9.9182128906250000       -1.95789919E-03
   9.9304199218750000       -1.95394247E-03
   9.9426269531250000       -1.95001834E-03
   9.9548339843750000       -1.94612250E-03
   9.9670410156250000       -1.94225495E-03
   9.9792480468750000       -1.93841173E-03
   9.9914550781250000       -1.93460053E-03
   10.003662109375000       -1.93081726E-03
   10.015869140625000       -1.92705810E-03
   10.028076171875000       -1.92332675E-03
   10.040283203125000       -1.91962312E-03
   10.052490234375000       -1.91594718E-03
   10.064697265625000       -1.91229885E-03
   10.076904296875000       -1.90867786E-03
   10.089111328125000       -1.90508051E-03
   10.101318359375000       -1.90151052E-03
   10.113525390625000       -1.89796765E-03
   10.125732421875000       -1.89445191E-03
   10.137939453125000       -1.89095945E-03
   10.150146484375000       -1.88749761E-03
   10.162353515625000       -1.88405521E-03
   10.174560546875000       -1.88064342E-03
   10.186767578125000       -1.87725446E-03
   10.198974609375000       -1.87389215E-03
   10.211181640625000       -1.87055266E-03
   10.223388671875000       -1.86723960E-03
   10.235595703125000       -1.86395296E-03
   10.247802734375000       -1.86068879E-03
   10.260009765625000       -1.85745093E-03
   10.272216796875000       -1.85423554E-03
   10.284423828125000       -1.85104623E-03
   10.296630859375000       -1.84787903E-03
   10.308837890625000       -1.84473791E-03
   10.321044921875000       -1.84162264E-03
   10.333251953125000       -1.83852937E-03
   10.345458984375000       -1.83545821E-03
   10.357666015625000       -1.83241256E-03
   10.369873046875000       -1.82938890E-03
   10.382080078125000       -1.82639062E-03
   10.394287109375000       -1.82341412E-03
   10.406494140625000       -1.82045938E-03
   10.418701171875000       -1.81752979E-03
   10.430908203125000       -1.81462185E-03
   10.443115234375000       -1.81173894E-03
   10.455322265625000       -1.80887757E-03
   10.467529296875000       -1.80603750E-03
   10.479736328125000       -1.80322235E-03
   10.491943359375000       -1.80042849E-03
   10.504150390625000       -1.79765571E-03
   10.516357421875000       -1.79490785E-03
   10.528564453125000       -1.79217721E-03
   10.540771484375000       -1.78947125E-03
   10.552978515625000       -1.78678997E-03
   10.565185546875000       -1.78412581E-03
   10.577392578125000       -1.78148621E-03
   10.589599609375000       -1.77886721E-03
   10.601806640625000       -1.77626905E-03
   10.614013671875000       -1.77369150E-03
   10.626220703125000       -1.77113456E-03
   10.638427734375000       -1.76860171E-03
   10.650634765625000       -1.76608935E-03
   10.662841796875000       -1.76359748E-03
   10.675048828125000       -1.76112598E-03
   10.687255859375000       -1.75867474E-03
   10.699462890625000       -1.75624387E-03
   10.711669921875000       -1.75383314E-03
   10.723876953125000       -1.75144628E-03
   10.736083984375000       -1.74907583E-03
   10.748291015625000       -1.74672913E-03
   10.760498046875000       -1.74439873E-03
   10.772705078125000       -1.74209208E-03
   10.784912109375000       -1.73980161E-03
   10.797119140625000       -1.73753465E-03
   10.809326171875000       -1.73528749E-03
   10.821533203125000       -1.73305662E-03
   10.833740234375000       -1.73084904E-03
   10.845947265625000       -1.72865752E-03
   10.858154296875000       -1.72648916E-03
   10.870361328125000       -1.72433688E-03
   10.882568359375000       -1.72220776E-03
   10.894775390625000       -1.72009459E-03
   10.906982421875000       -1.71800086E-03
   10.919189453125000       -1.71592657E-03
   10.931396484375000       -1.71387161E-03
   10.943603515625000       -1.71183608E-03
   10.955810546875000       -1.70981977E-03
   10.968017578125000       -1.70782267E-03
   10.980224609375000       -1.70584128E-03
   10.992431640625000       -1.70388259E-03
   11.004638671875000       -1.70193950E-03
   11.016845703125000       -1.70001562E-03
   11.029052734375000       -1.69811060E-03
   11.041259765625000       -1.69622467E-03
   11.053466796875000       -1.69435423E-03
   11.065673828125000       -1.69250625E-03
   11.077880859375000       -1.69067353E-03
   11.090087890625000       -1.68885977E-03
   11.102294921875000       -1.68706488E-03
   11.114501953125000       -1.68528513E-03
   11.126708984375000       -1.68352423E-03
   11.138916015625000       -1.68178196E-03
   11.151123046875000       -1.68005843E-03
   11.163330078125000       -1.67835003E-03
   11.175537109375000       -1.67666026E-03
   11.187744140625000       -1.67498912E-03
   11.199951171875000       -1.67333637E-03
   11.212158203125000       -1.67169876E-03
   11.224365234375000       -1.67007954E-03
   11.236572265625000       -1.66847883E-03
   11.248779296875000       -1.66689302E-03
   11.260986328125000       -1.66532560E-03
   11.273193359375000       -1.66377646E-03
   11.285400390625000       -1.66224223E-03
   11.297607421875000       -1.66072627E-03
   11.309814453125000       -1.65922858E-03
   11.322021484375000       -1.65774557E-03
   11.334228515625000       -1.65628083E-03
   11.346435546875000       -1.65483076E-03
   11.358642578125000       -1.65340235E-03
   11.370849609375000       -1.65198511E-03
   11.383056640625000       -1.65058929E-03
   11.395263671875000       -1.64920476E-03
   11.407470703125000       -1.64784153E-03
   11.419677734375000       -1.64649298E-03
   11.431884765625000       -1.64516235E-03
   11.444091796875000       -1.64384628E-03
   11.456298828125000       -1.64254801E-03
   11.468505859375000       -1.64126430E-03
   11.480712890625000       -1.63999840E-03
   11.492919921875000       -1.63874694E-03
   11.505126953125000       -1.63751317E-03
   11.517333984375000       -1.63629733E-03
   11.529541015625000       -1.63509569E-03
   11.541748046875000       -1.63391198E-03
   11.553955078125000       -1.63274235E-03
   11.566162109375000       -1.63158716E-03
   11.578369140625000       -1.63044955E-03
   11.590576171875000       -1.62932964E-03
   11.602783203125000       -1.62822381E-03
   11.614990234375000       -1.62713230E-03
   11.627197265625000       -1.62606174E-03
   11.639404296875000       -1.62500190E-03
   11.651611328125000       -1.62395963E-03
   11.663818359375000       -1.62293483E-03
   11.676025390625000       -1.62192073E-03
   11.688232421875000       -1.62092759E-03
   11.700439453125000       -1.61994842E-03
   11.712646484375000       -1.61898334E-03
   11.724853515625000       -1.61803560E-03
   11.737060546875000       -1.61710195E-03
   11.749267578125000       -1.61618565E-03
   11.761474609375000       -1.61528331E-03
   11.773681640625000       -1.61439495E-03
   11.785888671875000       -1.61352381E-03
   11.798095703125000       -1.61266676E-03
   11.810302734375000       -1.61182694E-03
   11.822509765625000       -1.61100097E-03
   11.834716796875000       -1.61019224E-03
   11.846923828125000       -1.60939747E-03
   11.859130859375000       -1.60861644E-03
   11.871337890625000       -1.60785264E-03
   11.883544921875000       -1.60710269E-03
   11.895751953125000       -1.60636997E-03
   11.907958984375000       -1.60564762E-03
   11.920166015625000       -1.60494575E-03
   11.932373046875000       -1.60425436E-03
   11.944580078125000       -1.60358008E-03
   11.956787109375000       -1.60292292E-03
   11.968994140625000       -1.60227949E-03
   11.981201171875000       -1.60164968E-03
   11.993408203125000       -1.60103373E-03
   12.005615234375000       -1.60043477E-03
   12.017822265625000       -1.59984943E-03
   12.030029296875000       -1.59928121E-03
   12.042236328125000       -1.59872661E-03
   12.054443359375000       -1.59818574E-03
   12.066650390625000       -1.59766187E-03
   12.078857421875000       -1.59715163E-03
   12.091064453125000       -1.59665488E-03
   12.103271484375000       -1.59617525E-03
   12.115478515625000       -1.59570924E-03
   12.127685546875000       -1.59525673E-03
   12.139892578125000       -1.59482122E-03
   12.152099609375000       -1.59439933E-03
   12.164306640625000       -1.59399107E-03
   12.176513671875000       -1.59359956E-03
   12.188720703125000       -1.59322179E-03
   12.200927734375000       -1.59285753E-03
   12.213134765625000       -1.59251015E-03
   12.225341796875000       -1.59217627E-03
   12.237548828125000       -1.59185601E-03
   12.249755859375000       -1.59155251E-03
   12.261962890625000       -1.59126264E-03
   12.274169921875000       -1.59098627E-03
   12.286376953125000       -1.59072340E-03
   12.298583984375000       -1.59047742E-03
   12.310791015625000       -1.59024494E-03
   12.322998046875000       -1.59002934E-03
   12.335205078125000       -1.58982386E-03
   12.347412109375000       -1.58963865E-03
   12.359619140625000       -1.58946344E-03
   12.371826171875000       -1.58930512E-03
   12.384033203125000       -1.58916030E-03
   12.396240234375000       -1.58902898E-03
   12.408447265625000       -1.58891117E-03
   12.420654296875000       -1.58881012E-03
   12.432861328125000       -1.58872595E-03
   12.445068359375000       -1.58865191E-03
   12.457275390625000       -1.58859463E-03
   12.469482421875000       -1.58855086E-03
   12.481689453125000       -1.58852059E-03
   12.493896484375000       -1.58850709E-03
   12.506103515625000       -1.58850709E-03
   12.518310546875000       -1.58852059E-03
   12.530517578125000       -1.58855086E-03
   12.542724609375000       -1.58859463E-03
   12.554931640625000       -1.58865191E-03
   12.567138671875000       -1.58872595E-03
   12.579345703125000       -1.58881012E-03
   12.591552734375000       -1.58891117E-03
   12.603759765625000       -1.58902898E-03
   12.615966796875000       -1.58916030E-03
   12.628173828125000       -1.58930512E-03
   12.640380859375000       -1.58946344E-03
   12.652587890625000       -1.58963865E-03
   12.664794921875000       -1.58982386E-03
   12.677001953125000       -1.59002934E-03
   12.689208984375000       -1.59024494E-03
   12.701416015625000       -1.59047742E-03
   12.713623046875000       -1.59072340E-03
   12.725830078125000       -1.59098627E-03
   12.738037109375000       -1.59126264E-03
   12.750244140625000       -1.59155251E-03
   12.762451171875000       -1.59185601E-03
   12.774658203125000       -1.59217627E-03
   12.786865234375000       -1.59251015E-03
   12.799072265625000       -1.59285753E-03
   12.811279296875000       -1.59322179E-03
   12.823486328125000       -1.59359956E-03
   12.835693359375000       -1.59399107E-03
   12.847900390625000       -1.59439933E-03
   12.860107421875000       -1.59482122E-03
   12.872314453125000       -1.59525673E-03
   12.884521484375000       -1.59570924E-03
   12.896728515625000       -1.59617525E-03
   12.908935546875000       -1.59665488E-03
   12.921142578125000       -1.59715163E-03
   12.933349609375000       -1.59766187E-03
   12.945556640625000       -1.59818574E-03
   12.957763671875000       -1.59872661E-03
   12.969970703125000       -1.59928121E-03
   12.982177734375000       -1.59984943E-03
   12.994384765625000       -1.60043477E-03
   13.006591796875000       -1.60103373E-03
   13.018798828125000       -1.60164968E-03
   13.031005859375000       -1.60227949E-03
   13.043212890625000       -1.60292292E-03
   13.055419921875000       -1.60358008E-03
   13.067626953125000       -1.60425436E-03
   13.079833984375000       -1.60494575E-03
   13.092041015625000       -1.60564762E-03
   13.104248046875000       -1.60636997E-03
   13.116455078125000       -1.60710269E-03
   13.128662109375000       -1.60785264E-03
   13.140869140625000       -1.60861644E-03
   13.153076171875000       -1.60939747E-03
   13.165283203125000       -1.61019224E-03
   13.177490234375000       -1.61100097E-03
   13.189697265625000       -1.61182694E-03
   13.201904296875000       -1.61266676E-03
   13.214111328125000       -1.61352381E-03
   13.226318359375000       -1.61439495E-03
   13.238525390625000       -1.61528331E-03
   13.250732421875000       -1.61618565E-03
   13.262939453125000       -1.61710195E-03
   13.275146484375000       -1.61803560E-03
   13.287353515625000       -1.61898334E-03
   13.299560546875000       -1.61994842E-03
   13.311767578125000       -1.62092759E-03
   13.323974609375000       -1.62192073E-03
   13.336181640625000       -1.62293483E-03
   13.348388671875000       -1.62395963E-03
   13.360595703125000       -1.62500190E-03
   13.372802734375000       -1.62606174E-03
   13.385009765625000       -1.62713230E-03
   13.397216796875000       -1.62822381E-03
   13.409423828125000       -1.62932964E-03
   13.421630859375000       -1.63044955E-03
   13.433837890625000       -1.63158716E-03
   13.446044921875000       -1.63274235E-03
   13.458251953125000       -1.63391198E-03
   13.470458984375000       -1.63509569E-03
   13.482666015625000       -1.63629733E-03
   13.494873046875000       -1.63751317E-03
   13.507080078125000       -1.63874694E-03
   13.519287109375000       -1.63999840E-03
   13.531494140625000       -1.64126430E-03
   13.543701171875000       -1.64254801E-03
   13.555908203125000       -1.64384628E-03
   13.568115234375000       -1.64516235E-03
   13.580322265625000       -1.64649298E-03
   13.592529296875000       -1.64784153E-03
   13.604736328125000       -1.64920476E-03
   13.616943359375000       -1.65058929E-03
   13.629150390625000       -1.65198511E-03
   13.641357421875000       -1.65340235E-03
   13.653564453125000       -1.65483076E-03
   13.665771484375000       -1.65628083E-03
   13.677978515625000       -1.65774557E-03
   13.690185546875000       -1.65922858E-03
   13.702392578125000       -1.66072627E-03
   13.714599609375000       -1.66224223E-03
   13.726806640625000       -1.66377646E-03
   13.739013671875000       -1.66532560E-03
   13.751220703125000       -1.66689302E-03
   13.763427734375000       -1.66847883E-03
   13.775634765625000       -1.67007954E-03
   13.787841796875000       -1.67169876E-03
   13.800048828125000       -1.67333637E-03
   13.812255859375000       -1.67498912E-03
   13.824462890625000       -1.67666026E-03
   13.836669921875000       -1.67835003E-03
   13.848876953125000       -1.68005843E-03
   13.861083984375000       -1.68178196E-03
   13.873291015625000       -1.68352423E-03
   13.885498046875000       -1.68528513E-03
   13.897705078125000       -1.68706488E-03
   13.909912109375000       -1.68885977E-03
   13.922119140625000       -1.69067353E-03
   13.934326171875000       -1.69250625E-03
   13.946533203125000       -1.69435423E-03
   13.958740234375000       -1.69622467E-03
   13.970947265625000       -1.69811060E-03
   13.983154296875000       -1.70001562E-03
   13.995361328125000       -1.70193950E-03
   14.007568359375000       -1.70388259E-03
   14.019775390625000       -1.70584128E-03
   14.031982421875000       -1.70782267E-03
   14.044189453125000       -1.70981977E-03
   14.056396484375000       -1.71183608E-03
   14.068603515625000       -1.71387161E-03
   14.080810546875000       -1.71592657E-03
   14.093017578125000       -1.71800086E-03
   14.105224609375000       -1.72009459E-03
   14.117431640625000       -1.72220776E-03
   14.129638671875000       -1.72433688E-03
   14.141845703125000       -1.72648916E-03
   14.154052734375000       -1.72865752E-03
   14.166259765625000       -1.73084904E-03
   14.178466796875000       -1.73305662E-03
   14.190673828125000       -1.73528749E-03
   14.202880859375000       -1.73753465E-03
   14.215087890625000       -1.73980161E-03
   14.227294921875000       -1.74209208E-03
   14.239501953125000       -1.74439873E-03
   14.251708984375000       -1.74672913E-03
   14.263916015625000       -1.74907583E-03
   14.276123046875000       -1.75144628E-03
   14.288330078125000       -1.75383314E-03
   14.300537109375000       -1.75624387E-03
   14.312744140625000       -1.75867474E-03
   14.324951171875000       -1.76112598E-03
   14.337158203125000       -1.76359748E-03
   14.349365234375000       -1.76608935E-03
   14.361572265625000       -1.76860171E-03
   14.373779296875000       -1.77113456E-03
   14.385986328125000       -1.77369150E-03
   14.398193359375000       -1.77626905E-03
   14.410400390625000       -1.77886721E-03
   14.422607421875000       -1.78148621E-03
   14.434814453125000       -1.78412581E-03
   14.447021484375000       -1.78678997E-03
   14.459228515625000       -1.78947125E-03
   14.471435546875000       -1.79217721E-03
   14.483642578125000       -1.79490785E-03
   14.495849609375000       -1.79765571E-03
   14.508056640625000       -1.80042849E-03
   14.520263671875000       -1.80322235E-03
   14.532470703125000       -1.80603750E-03
   14.544677734375000       -1.80887757E-03
   14.556884765625000       -1.81173894E-03
   14.569091796875000       -1.81462185E-03
   14.581298828125000       -1.81752979E-03
   14.593505859375000       -1.82045938E-03
   14.605712890625000       -1.82341412E-03
   14.617919921875000       -1.82639062E-03
   14.630126953125000       -1.82938890E-03
   14.642333984375000       -1.83241256E-03
   14.654541015625000       -1.83545821E-03
   14.666748046875000       -1.83852937E-03
   14.678955078125000       -1.84162264E-03
   14.691162109375000       -1.84473791E-03
   14.703369140625000       -1.84787903E-03
   14.715576171875000       -1.85104623E-03
   14.727783203125000       -1.85423554E-03
   14.739990234375000       -1.85745093E-03
   14.752197265625000       -1.86068879E-03
   14.764404296875000       -1.86395296E-03
   14.776611328125000       -1.86723960E-03
   14.788818359375000       -1.87055266E-03
   14.801025390625000       -1.87389215E-03
   14.813232421875000       -1.87725446E-03
   14.825439453125000       -1.88064342E-03
   14.837646484375000       -1.88405521E-03
   14.849853515625000       -1.88749761E-03
   14.862060546875000       -1.89095945E-03
   14.874267578125000       -1.89445191E-03
   14.886474609375000       -1.89796765E-03
   14.898681640625000       -1.90151052E-03
   14.910888671875000       -1.90508051E-03
   14.923095703125000       -1.90867786E-03
   14.935302734375000       -1.91229885E-03
   14.947509765625000       -1.91594718E-03
   14.959716796875000       -1.91962312E-03
   14.971923828125000       -1.92332675E-03
   14.984130859375000       -1.92705810E-03
   14.996337890625000       -1.93081726E-03
   15.008544921875000       -1.93460053E-03
   15.020751953125000       -1.93841173E-03
   15.032958984375000       -1.94225495E-03
   15.045166015625000       -1.94612250E-03
   15.057373046875000       -1.95001834E-03
   15.069580078125000       -1.95394247E-03
   15.081787109375000       -1.95789919E-03
   15.093994140625000       -1.96188036E-03
   15.106201171875000       -1.96589041E-03
   15.118408203125000       -1.96992909E-03
   15.130615234375000       -1.97400060E-03
   15.142822265625000       -1.97809725E-03
   15.155029296875000       -1.98222673E-03
   15.167236328125000       -1.98638160E-03
   15.179443359375000       -1.99056976E-03
   15.191650390625000       -1.99478725E-03
   15.203857421875000       -1.99903408E-03
   15.216064453125000       -2.00331467E-03
   15.228271484375000       -2.00762087E-03
   15.240478515625000       -2.01196084E-03
   15.252685546875000       -2.01633084E-03
   15.264892578125000       -2.02073087E-03
   15.277099609375000       -2.02516490E-03
   15.289306640625000       -2.02962942E-03
   15.301513671875000       -2.03412399E-03
   15.313720703125000       -2.03865324E-03
   15.325927734375000       -2.04321300E-03
   15.338134765625000       -2.04780372E-03
   15.350341796875000       -2.05242890E-03
   15.362548828125000       -2.05708528E-03
   15.374755859375000       -2.06177682E-03
   15.386962890625000       -2.06649932E-03
   15.399169921875000       -2.07125721E-03
   15.411376953125000       -2.07604654E-03
   15.423583984375000       -2.08087149E-03
   15.435791015625000       -2.08572834E-03
   15.447998046875000       -2.09062081E-03
   15.460205078125000       -2.09554937E-03
   15.472412109375000       -2.10050982E-03
   15.484619140625000       -2.10550660E-03
   15.496826171875000       -2.11053994E-03
   15.509033203125000       -2.11560563E-03
   15.521240234375000       -2.12070788E-03
   15.533447265625000       -2.12584320E-03
   15.545654296875000       -2.13101925E-03
   15.557861328125000       -2.13622837E-03
   15.570068359375000       -2.14147475E-03
   15.582275390625000       -2.14675860E-03
   15.594482421875000       -2.15207995E-03
   15.606689453125000       -2.15743482E-03
   15.618896484375000       -2.16283160E-03
   15.631103515625000       -2.16826238E-03
   15.643310546875000       -2.17373529E-03
   15.655517578125000       -2.17924244E-03
   15.667724609375000       -2.18478800E-03
   15.679931640625000       -2.19037640E-03
   15.692138671875000       -2.19599926E-03
   15.704345703125000       -2.20166519E-03
   15.716552734375000       -2.20736605E-03
   15.728759765625000       -2.21311045E-03
   15.740966796875000       -2.21889419E-03
   15.753173828125000       -2.22471752E-03
   15.765380859375000       -2.23058462E-03
   15.777587890625000       -2.23648758E-03
   15.789794921875000       -2.24243500E-03
   15.802001953125000       -2.24842248E-03
   15.814208984375000       -2.25445023E-03
   15.826416015625000       -2.26052292E-03
   15.838623046875000       -2.26663658E-03
   15.850830078125000       -2.27279100E-03
   15.863037109375000       -2.27899081E-03
   15.875244140625000       -2.28523626E-03
   15.887451171875000       -2.29151873E-03
   15.899658203125000       -2.29785172E-03
   15.911865234375000       -2.30422197E-03
   15.924072265625000       -2.31064297E-03
   15.936279296875000       -2.31710635E-03
   15.948486328125000       -2.32361211E-03
   15.960693359375000       -2.33016466E-03
   15.972900390625000       -2.33676448E-03
   15.985107421875000       -2.34340713E-03
   15.997314453125000       -2.35010195E-03
   16.009521484375000       -2.35684006E-03
   16.021728515625000       -2.36362172E-03
   16.033935546875000       -2.37045600E-03
   16.046142578125000       -2.37733405E-03
   16.058349609375000       -2.38426100E-03
   16.070556640625000       -2.39123660E-03
   16.082763671875000       -2.39826133E-03
   16.094970703125000       -2.40533520E-03
   16.107177734375000       -2.41245865E-03
   16.119384765625000       -2.41963170E-03
   16.131591796875000       -2.42685480E-03
   16.143798828125000       -2.43412796E-03
   16.156005859375000       -2.44145608E-03
   16.168212890625000       -2.44883029E-03
   16.180419921875000       -2.45625991E-03
   16.192626953125000       -2.46373611E-03
   16.204833984375000       -2.47126818E-03
   16.217041015625000       -2.47885170E-03
   16.229248046875000       -2.48649158E-03
   16.241455078125000       -2.49418360E-03
   16.253662109375000       -2.50192801E-03
   16.265869140625000       -2.50972947E-03
   16.278076171875000       -2.51758355E-03
   16.290283203125000       -2.52549094E-03
   16.302490234375000       -2.53345608E-03
   16.314697265625000       -2.54147477E-03
   16.326904296875000       -2.54955655E-03
   16.339111328125000       -2.55768793E-03
   16.351318359375000       -2.56587821E-03
   16.363525390625000       -2.57412787E-03
   16.375732421875000       -2.58243689E-03
   16.387939453125000       -2.59080110E-03
   16.400146484375000       -2.59923027E-03
   16.412353515625000       -2.60771508E-03
   16.424560546875000       -2.61625601E-03
   16.436767578125000       -2.62486236E-03
   16.448974609375000       -2.63353018E-03
   16.461181640625000       -2.64225504E-03
   16.473388671875000       -2.65104626E-03
   16.485595703125000       -2.65989499E-03
   16.497802734375000       -2.66881101E-03
   16.510009765625000       -2.67778500E-03
   16.522216796875000       -2.68682698E-03
   16.534423828125000       -2.69593229E-03
   16.546630859375000       -2.70510162E-03
   16.558837890625000       -2.71433964E-03
   16.571044921875000       -2.72363727E-03
   16.583251953125000       -2.73300428E-03
   16.595458984375000       -2.74244137E-03
   16.607666015625000       -2.75193900E-03
   16.619873046875000       -2.76151206E-03
   16.632080078125000       -2.77114636E-03
   16.644287109375000       -2.78085191E-03
   16.656494140625000       -2.79062917E-03
   16.668701171875000       -2.80047348E-03
   16.680908203125000       -2.81039020E-03
   16.693115234375000       -2.82037957E-03
   16.705322265625000       -2.83043715E-03
   16.717529296875000       -2.84056831E-03
   16.729736328125000       -2.85077328E-03
   16.741943359375000       -2.86105252E-03
   16.754150390625000       -2.87140626E-03
   16.766357421875000       -2.88183009E-03
   16.778564453125000       -2.89233448E-03
   16.790771484375000       -2.90290941E-03
   16.802978515625000       -2.91356584E-03
   16.815185546875000       -2.92429375E-03
   16.827392578125000       -2.93510361E-03
   16.839599609375000       -2.94599100E-03
   16.851806640625000       -2.95695616E-03
   16.864013671875000       -2.96799955E-03
   16.876220703125000       -2.97912676E-03
   16.888427734375000       -2.99033313E-03
   16.900634765625000       -3.00162425E-03
   16.912841796875000       -3.01299500E-03
   16.925048828125000       -3.02444655E-03
   16.937255859375000       -3.03598377E-03
   16.949462890625000       -3.04760761E-03
   16.961669921875000       -3.05931340E-03
   16.973876953125000       -3.07110627E-03
   16.986083984375000       -3.08298203E-03
   16.998291015625000       -3.09494603E-03
   17.010498046875000       -3.10699875E-03
   17.022705078125000       -3.11914110E-03
   17.034912109375000       -3.13137309E-03
   17.047119140625000       -3.14369518E-03
   17.059326171875000       -3.15610832E-03
   17.071533203125000       -3.16861272E-03
   17.083740234375000       -3.18120909E-03
   17.095947265625000       -3.19389766E-03
   17.108154296875000       -3.20667913E-03
   17.120361328125000       -3.21955932E-03
   17.132568359375000       -3.23253334E-03
   17.144775390625000       -3.24560190E-03
   17.156982421875000       -3.25876544E-03
   17.169189453125000       -3.27203539E-03
   17.181396484375000       -3.28539591E-03
   17.193603515625000       -3.29885841E-03
   17.205810546875000       -3.31242359E-03
   17.218017578125000       -3.32608679E-03
   17.230224609375000       -3.33985360E-03
   17.242431640625000       -3.35372472E-03
   17.254638671875000       -3.36770108E-03
   17.266845703125000       -3.38177755E-03
   17.279052734375000       -3.39596556E-03
   17.291259765625000       -3.41025507E-03
   17.303466796875000       -3.42465751E-03
   17.315673828125000       -3.43916239E-03
   17.327880859375000       -3.45378183E-03
   17.340087890625000       -3.46851046E-03
   17.352294921875000       -3.48334922E-03
   17.364501953125000       -3.49829858E-03
   17.376708984375000       -3.51336482E-03
   17.388916015625000       -3.52854305E-03
   17.401123046875000       -3.54383979E-03
   17.413330078125000       -3.55924969E-03
   17.425537109375000       -3.57477949E-03
   17.437744140625000       -3.59042990E-03
   17.449951171875000       -3.60619556E-03
   17.462158203125000       -3.62208299E-03
   17.474365234375000       -3.63809313E-03
   17.486572265625000       -3.65422084E-03
   17.498779296875000       -3.67047871E-03
   17.510986328125000       -3.68685531E-03
   17.523193359375000       -3.70336347E-03
   17.535400390625000       -3.71999806E-03
   17.547607421875000       -3.73675977E-03
   17.559814453125000       -3.75364930E-03
   17.572021484375000       -3.77067365E-03
   17.584228515625000       -3.78782139E-03
   17.596435546875000       -3.80511163E-03
   17.608642578125000       -3.82253272E-03
   17.620849609375000       -3.84008605E-03
   17.633056640625000       -3.85777792E-03
   17.645263671875000       -3.87560972E-03
   17.657470703125000       -3.89357563E-03
   17.669677734375000       -3.91168334E-03
   17.681884765625000       -3.92993912E-03
   17.694091796875000       -3.94833228E-03
   17.706298828125000       -3.96686886E-03
   17.718505859375000       -3.98555119E-03
   17.730712890625000       -4.00437880E-03
   17.742919921875000       -4.02335962E-03
   17.755126953125000       -4.04248806E-03
   17.767333984375000       -4.06176550E-03
   17.779541015625000       -4.08119848E-03
   17.791748046875000       -4.10078233E-03
   17.803955078125000       -4.12052404E-03
   17.816162109375000       -4.14041849E-03
   17.828369140625000       -4.16047219E-03
   17.840576171875000       -4.18068748E-03
   17.852783203125000       -4.20105783E-03
   17.864990234375000       -4.22159769E-03
   17.877197265625000       -4.24229493E-03
   17.889404296875000       -4.26316401E-03
   17.901611328125000       -4.28419933E-03
   17.913818359375000       -4.30539530E-03
   17.926025390625000       -4.32677241E-03
   17.938232421875000       -4.34831297E-03
   17.950439453125000       -4.37003002E-03
   17.962646484375000       -4.39192588E-03
   17.974853515625000       -4.41399449E-03
   17.987060546875000       -4.43623681E-03
   17.999267578125000       -4.45866771E-03
   18.011474609375000       -4.48127463E-03
   18.023681640625000       -4.50406643E-03
   18.035888671875000       -4.52704309E-03
   18.048095703125000       -4.55020647E-03
   18.060302734375000       -4.57355799E-03
   18.072509765625000       -4.59710509E-03
   18.084716796875000       -4.62083612E-03
   18.096923828125000       -4.64476552E-03
   18.109130859375000       -4.66889516E-03
   18.121337890625000       -4.69321897E-03
   18.133544921875000       -4.71773837E-03
   18.145751953125000       -4.74246172E-03
   18.157958984375000       -4.76739043E-03
   18.170166015625000       -4.79252543E-03
   18.182373046875000       -4.81786905E-03
   18.194580078125000       -4.84342175E-03
   18.206787109375000       -4.86918585E-03
   18.218994140625000       -4.89516230E-03
   18.231201171875000       -4.92135249E-03
   18.243408203125000       -4.94776480E-03
   18.255615234375000       -4.97439457E-03
   18.267822265625000       -5.00124227E-03
   18.280029296875000       -5.02832467E-03
   18.292236328125000       -5.05562080E-03
   18.304443359375000       -5.08315489E-03
   18.316650390625000       -5.11092041E-03
   18.328857421875000       -5.13891224E-03
   18.341064453125000       -5.16714621E-03
   18.353271484375000       -5.19561721E-03
   18.365478515625000       -5.22432663E-03
   18.377685546875000       -5.25327632E-03
   18.389892578125000       -5.28247515E-03
   18.402099609375000       -5.31191751E-03
   18.414306640625000       -5.34161227E-03
   18.426513671875000       -5.37156174E-03
   18.438720703125000       -5.40176034E-03
   18.450927734375000       -5.43222437E-03
   18.463134765625000       -5.46294125E-03
   18.475341796875000       -5.49391937E-03
   18.487548828125000       -5.52516943E-03
   18.499755859375000       -5.55668492E-03
   18.511962890625000       -5.58846816E-03
   18.524169921875000       -5.62052848E-03
   18.536376953125000       -5.65286074E-03
   18.548583984375000       -5.68547379E-03
   18.560791015625000       -5.71837043E-03
   18.572998046875000       -5.75154461E-03
   18.585205078125000       -5.78501401E-03
   18.597412109375000       -5.81877306E-03
   18.609619140625000       -5.85282408E-03
   18.621826171875000       -5.88716846E-03
   18.634033203125000       -5.92180900E-03
   18.646240234375000       -5.95676433E-03
   18.658447265625000       -5.99201163E-03
   18.670654296875000       -6.02757744E-03
   18.682861328125000       -6.06344873E-03
   18.695068359375000       -6.09963527E-03
   18.707275390625000       -6.13613985E-03
   18.719482421875000       -6.17297227E-03
   18.731689453125000       -6.21011946E-03
   18.743896484375000       -6.24759961E-03
   18.756103515625000       -6.28541550E-03
   18.768310546875000       -6.32356154E-03
   18.780517578125000       -6.36204798E-03
   18.792724609375000       -6.40086969E-03
   18.804931640625000       -6.44004578E-03
   18.817138671875000       -6.47957018E-03
   18.829345703125000       -6.51943777E-03
   18.841552734375000       -6.55966764E-03
   18.853759765625000       -6.60026260E-03
   18.865966796875000       -6.64121704E-03
   18.878173828125000       -6.68253331E-03
   18.890380859375000       -6.72422349E-03
   18.902587890625000       -6.76629879E-03
   18.914794921875000       -6.80874521E-03
   18.927001953125000       -6.85157347E-03
   18.939208984375000       -6.89478731E-03
   18.951416015625000       -6.93839788E-03
   18.963623046875000       -6.98240008E-03
   18.975830078125000       -7.02680554E-03
   18.988037109375000       -7.07161753E-03
   19.000244140625000       -7.11683044E-03
   19.012451171875000       -7.16246478E-03
   19.024658203125000       -7.20850658E-03
   19.036865234375000       -7.25497678E-03
   19.049072265625000       -7.30186934E-03
   19.061279296875000       -7.34919729E-03
   19.073486328125000       -7.39695504E-03
   19.085693359375000       -7.44515471E-03
   19.097900390625000       -7.49380002E-03
   19.110107421875000       -7.54289469E-03
   19.122314453125000       -7.59244198E-03
   19.134521484375000       -7.64244562E-03
   19.146728515625000       -7.69291865E-03
   19.158935546875000       -7.74386525E-03
   19.171142578125000       -7.79527985E-03
   19.183349609375000       -7.84716476E-03
   19.195556640625000       -7.89954513E-03
   19.207763671875000       -7.95241352E-03
   19.219970703125000       -8.00577458E-03
   19.232177734375000       -8.05964321E-03
   19.244384765625000       -8.11401196E-03
   19.256591796875000       -8.16889480E-03
   19.268798828125000       -8.22428707E-03
   19.281005859375000       -8.28021299E-03
   19.293212890625000       -8.33665580E-03
   19.305419921875000       -8.39364063E-03
   19.317626953125000       -8.45117122E-03
   19.329833984375000       -8.50923266E-03
   19.342041015625000       -8.56785942E-03
   19.354248046875000       -8.62703659E-03
   19.366455078125000       -8.68678745E-03
   19.378662109375000       -8.74709804E-03
   19.390869140625000       -8.80799256E-03
   19.403076171875000       -8.86947569E-03
   19.415283203125000       -8.93154368E-03
   19.427490234375000       -8.99419840E-03
   19.439697265625000       -9.05746873E-03
   19.451904296875000       -9.12134815E-03
   19.464111328125000       -9.18584224E-03
   19.476318359375000       -9.25095472E-03
   19.488525390625000       -9.31671448E-03
   19.500732421875000       -9.38309263E-03
   19.512939453125000       -9.45012737E-03
   19.525146484375000       -9.51781496E-03
   19.537353515625000       -9.58615914E-03
   19.549560546875000       -9.65516642E-03
   19.561767578125000       -9.72485263E-03
   19.573974609375000       -9.79521405E-03
   19.586181640625000       -9.86627769E-03
   19.598388671875000       -9.93803795E-03
   19.610595703125000       -1.00105014E-02
   19.622802734375000       -1.00836745E-02
   19.635009765625000       -1.01575749E-02
   19.647216796875000       -1.02321962E-02
   19.659423828125000       -1.03075691E-02
   19.671630859375000       -1.03836870E-02
   19.683837890625000       -1.04605574E-02
   19.696044921875000       -1.05381869E-02
   19.708251953125000       -1.06165940E-02
   19.720458984375000       -1.06957853E-02
   19.732666015625000       -1.07757663E-02
   19.744873046875000       -1.08565465E-02
   19.757080078125000       -1.09381434E-02
   19.769287109375000       -1.10205514E-02
   19.781494140625000       -1.11037921E-02
   19.793701171875000       -1.11878701E-02
   19.805908203125000       -1.12727955E-02
   19.818115234375000       -1.13585731E-02
   19.830322265625000       -1.14452252E-02
   19.842529296875000       -1.15327584E-02
   19.854736328125000       -1.16211688E-02
   19.866943359375000       -1.17104882E-02
   19.879150390625000       -1.18007129E-02
   19.891357421875000       -1.18918633E-02
   19.903564453125000       -1.19839357E-02
   19.915771484375000       -1.20769506E-02
   19.927978515625000       -1.21709164E-02
   19.940185546875000       -1.22658545E-02
   19.952392578125000       -1.23617621E-02
   19.964599609375000       -1.24586597E-02
   19.976806640625000       -1.25565566E-02
   19.989013671875000       -1.26554612E-02
   20.001220703125000       -1.27553837E-02
   20.013427734375000       -1.28563466E-02
   20.025634765625000       -1.29583599E-02
   20.037841796875000       -1.30614182E-02
   20.050048828125000       -1.31655587E-02
   20.062255859375000       -1.32707926E-02
   20.074462890625000       -1.33771151E-02
   20.086669921875000       -1.34845367E-02
   20.098876953125000       -1.35931093E-02
   20.111083984375000       -1.37028005E-02
   20.123291015625000       -1.38136502E-02
   20.135498046875000       -1.39256548E-02
   20.147705078125000       -1.40388524E-02
   20.159912109375000       -1.41532412E-02
   20.172119140625000       -1.42688453E-02
   20.184326171875000       -1.43856630E-02
   20.196533203125000       -1.45037193E-02
   20.208740234375000       -1.46230264E-02
   20.220947265625000       -1.47436103E-02
   20.233154296875000       -1.48654673E-02
   20.245361328125000       -1.49886264E-02
   20.257568359375000       -1.51130985E-02
   20.269775390625000       -1.52389109E-02
   20.281982421875000       -1.53660625E-02
   20.294189453125000       -1.54945794E-02
   20.306396484375000       -1.56244915E-02
   20.318603515625000       -1.57557800E-02
   20.330810546875000       -1.58885065E-02
   20.343017578125000       -1.60226505E-02
   20.355224609375000       -1.61582436E-02
   20.367431640625000       -1.62953138E-02
   20.379638671875000       -1.64338611E-02
   20.391845703125000       -1.65739153E-02
   20.404052734375000       -1.67155061E-02
   20.416259765625000       -1.68586336E-02
   20.428466796875000       -1.70033108E-02
   20.440673828125000       -1.71495862E-02
   20.452880859375000       -1.72974430E-02
   20.465087890625000       -1.74469445E-02
   20.477294921875000       -1.75980758E-02
   20.489501953125000       -1.77508667E-02
   20.501708984375000       -1.79053359E-02
   20.513916015625000       -1.80615168E-02
   20.526123046875000       -1.82194244E-02
   20.538330078125000       -1.83790755E-02
   20.550537109375000       -1.85405053E-02
   20.562744140625000       -1.87037159E-02
   20.574951171875000       -1.88687388E-02
   20.587158203125000       -1.90356113E-02
   20.599365234375000       -1.92043334E-02
   20.611572265625000       -1.93749405E-02
   20.623779296875000       -1.95474718E-02
   20.635986328125000       -1.97219085E-02
   20.648193359375000       -1.98983252E-02
   20.660400390625000       -2.00767200E-02
   20.672607421875000       -2.02571172E-02
   20.684814453125000       -2.04395521E-02
   20.697021484375000       -2.06240453E-02
   20.709228515625000       -2.08106209E-02
   20.721435546875000       -2.09993143E-02
   20.733642578125000       -2.11901478E-02
   20.745849609375000       -2.13831440E-02
   20.758056640625000       -2.15783436E-02
   20.770263671875000       -2.17757504E-02
   20.782470703125000       -2.19754241E-02
   20.794677734375000       -2.21773889E-02
   20.806884765625000       -2.23816466E-02
   20.819091796875000       -2.25882418E-02
   20.831298828125000       -2.27972381E-02
   20.843505859375000       -2.30086185E-02
   20.855712890625000       -2.32224315E-02
   20.867919921875000       -2.34387163E-02
   20.880126953125000       -2.36574840E-02
   20.892333984375000       -2.38787960E-02
   20.904541015625000       -2.41026822E-02
   20.916748046875000       -2.43291669E-02
   20.928955078125000       -2.45582554E-02
   20.941162109375000       -2.47900411E-02
   20.953369140625000       -2.50245072E-02
   20.965576171875000       -2.52617244E-02
   20.977783203125000       -2.55017225E-02
   20.989990234375000       -2.57445276E-02
   21.002197265625000       -2.59901714E-02
   21.014404296875000       -2.62387060E-02
   21.026611328125000       -2.64901593E-02
   21.038818359375000       -2.67445855E-02
   21.051025390625000       -2.70020142E-02
   21.063232421875000       -2.72624809E-02
   21.075439453125000       -2.75260359E-02
   21.087646484375000       -2.77927127E-02
   21.099853515625000       -2.80625466E-02
   21.112060546875000       -2.83356141E-02
   21.124267578125000       -2.86119059E-02
   21.136474609375000       -2.88915243E-02
   21.148681640625000       -2.91744582E-02
   21.160888671875000       -2.94607896E-02
   21.173095703125000       -2.97505576E-02
   21.185302734375000       -3.00437938E-02
   21.197509765625000       -3.03405393E-02
   21.209716796875000       -3.06408796E-02
   21.221923828125000       -3.09448522E-02
   21.234130859375000       -3.12524736E-02
   21.246337890625000       -3.15638296E-02
   21.258544921875000       -3.18789370E-02
   21.270751953125000       -3.21978889E-02
   21.282958984375000       -3.25207226E-02
   21.295166015625000       -3.28474566E-02
   21.307373046875000       -3.31781879E-02
   21.319580078125000       -3.35129537E-02
   21.331787109375000       -3.38518284E-02
   21.343994140625000       -3.41948308E-02
   21.356201171875000       -3.45420539E-02
   21.368408203125000       -3.48935239E-02
   21.380615234375000       -3.52493338E-02
   21.392822265625000       -3.56095098E-02
   21.405029296875000       -3.59741524E-02
   21.417236328125000       -3.63432840E-02
   21.429443359375000       -3.67169827E-02
   21.441650390625000       -3.70953232E-02
   21.453857421875000       -3.74783576E-02
   21.466064453125000       -3.78661677E-02
   21.478271484375000       -3.82587761E-02
   21.490478515625000       -3.86562981E-02
   21.502685546875000       -3.90587784E-02
   21.514892578125000       -3.94663140E-02
   21.527099609375000       -3.98789495E-02
   21.539306640625000       -4.02967520E-02
   21.551513671875000       -4.07197997E-02
   21.563720703125000       -4.11481895E-02
   21.575927734375000       -4.15819436E-02
   21.588134765625000       -4.20212187E-02
   21.600341796875000       -4.24660146E-02
   21.612548828125000       -4.29164544E-02
   21.624755859375000       -4.33726013E-02
   21.636962890625000       -4.38345484E-02
   21.649169921875000       -4.43023704E-02
   21.661376953125000       -4.47761565E-02
   21.673583984375000       -4.52560075E-02
   21.685791015625000       -4.57419641E-02
   21.697998046875000       -4.62341309E-02
   21.710205078125000       -4.67326343E-02
   21.722412109375000       -4.72375192E-02
   21.734619140625000       -4.77489270E-02
   21.746826171875000       -4.82668951E-02
   21.759033203125000       -4.87915352E-02
   21.771240234375000       -4.93229553E-02
   21.783447265625000       -4.98612709E-02
   21.795654296875000       -5.04065603E-02
   21.807861328125000       -5.09589016E-02
   21.820068359375000       -5.15184477E-02
   21.832275390625000       -5.20852841E-02
   21.844482421875000       -5.26594929E-02
   21.856689453125000       -5.32411970E-02
   21.868896484375000       -5.38305156E-02
   21.881103515625000       -5.44275790E-02
   21.893310546875000       -5.50324395E-02
   21.905517578125000       -5.56452610E-02
   21.917724609375000       -5.62661365E-02
   21.929931640625000       -5.68952337E-02
   21.942138671875000       -5.75325824E-02
   21.954345703125000       -5.81783801E-02
   21.966552734375000       -5.88327385E-02
   21.978759765625000       -5.94957881E-02
   21.990966796875000       -6.01676367E-02
   22.003173828125000       -6.08483851E-02
   22.015380859375000       -6.15382604E-02
   22.027587890625000       -6.22372925E-02
   22.039794921875000       -6.29457086E-02
   22.052001953125000       -6.36635795E-02
   22.064208984375000       -6.43910915E-02
   22.076416015625000       -6.51283786E-02
   22.088623046875000       -6.58755824E-02
   22.100830078125000       -6.66328296E-02
   22.113037109375000       -6.74003214E-02
   22.125244140625000       -6.81781843E-02
   22.137451171875000       -6.89665824E-02
   22.149658203125000       -6.97656423E-02
   22.161865234375000       -7.05755427E-02
   22.174072265625000       -7.13964924E-02
   22.186279296875000       -7.22286329E-02
   22.198486328125000       -7.30720982E-02
   22.210693359375000       -7.39271119E-02
   22.222900390625000       -7.47938231E-02
   22.235107421875000       -7.56723583E-02
   22.247314453125000       -7.65630156E-02
   22.259521484375000       -7.74659365E-02
   22.271728515625000       -7.83812776E-02
   22.283935546875000       -7.93092251E-02
   22.296142578125000       -8.02500397E-02
   22.308349609375000       -8.12038258E-02
   22.320556640625000       -8.21708441E-02
   22.332763671875000       -8.31513032E-02
   22.344970703125000       -8.41454193E-02
   22.357177734375000       -8.51533562E-02
   22.369384765625000       -8.61753970E-02
   22.381591796875000       -8.72116610E-02
   22.393798828125000       -8.82624686E-02
   22.406005859375000       -8.93280134E-02
   22.418212890625000       -9.04085264E-02
   22.430419921875000       -9.15042460E-02
   22.442626953125000       -9.26154107E-02
   22.454833984375000       -9.37422216E-02
   22.467041015625000       -9.48849767E-02
   22.479248046875000       -9.60439295E-02
   22.491455078125000       -9.72193405E-02
   22.503662109375000       -9.84114185E-02
   22.515869140625000       -9.96204838E-02
   22.528076171875000      -0.100846745    
   22.540283203125000      -0.102090597    
   22.552490234375000      -0.103352152    
   22.564697265625000      -0.104631849    
   22.576904296875000      -0.105929874    
   22.589111328125000      -0.107246630    
   22.601318359375000      -0.108582303    
   22.613525390625000      -0.109937243    
   22.625732421875000      -0.111311764    
   22.637939453125000      -0.112706177    
   22.650146484375000      -0.114120796    
   22.662353515625000      -0.115556009    
   22.674560546875000      -0.117012069    
   22.686767578125000      -0.118489385    
   22.698974609375000      -0.119988285    
   22.711181640625000      -0.121509053    
   22.723388671875000      -0.123052165    
   22.735595703125000      -0.124617904    
   22.747802734375000      -0.126206696    
   22.760009765625000      -0.127818868    
   22.772216796875000      -0.129454821    
   22.784423828125000      -0.131115019    
   22.796630859375000      -0.132799774    
   22.808837890625000      -0.134509474    
   22.821044921875000      -0.136244670    
   22.833251953125000      -0.138005674    
   22.845458984375000      -0.139792919    
   22.857666015625000      -0.141606957    
   22.869873046875000      -0.143448129    
   22.882080078125000      -0.145316884    
   22.894287109375000      -0.147213787    
   22.906494140625000      -0.149139240    
   22.918701171875000      -0.151093736    
   22.930908203125000      -0.153077781    
   22.943115234375000      -0.155091882    
   22.955322265625000      -0.157136545    
   22.967529296875000      -0.159212232    
   22.979736328125000      -0.161319613    
   22.991943359375000      -0.163459107    
   23.004150390625000      -0.165631399    
   23.016357421875000      -0.167836905    
   23.028564453125000      -0.170076326    
   23.040771484375000      -0.172350124    
   23.052978515625000      -0.174659029    
   23.065185546875000      -0.177003577    
   23.077392578125000      -0.179384425    
   23.089599609375000      -0.181802168    
   23.101806640625000      -0.184257463    
   23.114013671875000      -0.186751097    
   23.126220703125000      -0.189283505    
   23.138427734375000      -0.191855580    
   23.150634765625000      -0.194467932    
   23.162841796875000      -0.197121412    
   23.175048828125000      -0.199816495    
   23.187255859375000      -0.202554196    
   23.199462890625000      -0.205335110    
   23.211669921875000      -0.208160058    
   23.223876953125000      -0.211029798    
   23.236083984375000      -0.213945270    
   23.248291015625000      -0.216907188    
   23.260498046875000      -0.219916508    
   23.272705078125000      -0.222973987    
   23.284912109375000      -0.226080507    
   23.297119140625000      -0.229236960    
   23.309326171875000      -0.232444435    
   23.321533203125000      -0.235703692    
   23.333740234375000      -0.239015728    
   23.345947265625000      -0.242381543    
   23.358154296875000      -0.245802179    
   23.370361328125000      -0.249278650    
   23.382568359375000      -0.252811879    
   23.394775390625000      -0.256403178    
   23.406982421875000      -0.260053426    
   23.419189453125000      -0.263763785    
   23.431396484375000      -0.267535537    
   23.443603515625000      -0.271369725    
   23.455810546875000      -0.275267482    
   23.468017578125000      -0.279230267    
   23.480224609375000      -0.283259064    
   23.492431640625000      -0.287355274    
   23.504638671875000      -0.291520238    
   23.516845703125000      -0.295755357    
   23.529052734375000      -0.300061882    
   23.541259765625000      -0.304441124    
   23.553466796875000      -0.308894724    
   23.565673828125000      -0.313424081    
   23.577880859375000      -0.318030685    
   23.590087890625000      -0.322716057    
   23.602294921875000      -0.327481776    
   23.614501953125000      -0.332329512    
   23.626708984375000      -0.337260872    
   23.638916015625000      -0.342277646    
   23.651123046875000      -0.347381413    
   23.663330078125000      -0.352573991    
   23.675537109375000      -0.357857317    
   23.687744140625000      -0.363233119    
   23.699951171875000      -0.368703455    
   23.712158203125000      -0.374270111    
   23.724365234375000      -0.379935235    
   23.736572265625000      -0.385700881    
   23.748779296875000      -0.391569108    
   23.760986328125000      -0.397542149    
   23.773193359375000      -0.403622240    
   23.785400390625000      -0.409811527    
   23.797607421875000      -0.416112542    
   23.809814453125000      -0.422527552    
   23.822021484375000      -0.429059088    
   23.834228515625000      -0.435709715    
   23.846435546875000      -0.442482024    
   23.858642578125000      -0.449378580    
   23.870849609375000      -0.456402242    
   23.883056640625000      -0.463555872    
   23.895263671875000      -0.470842302    
   23.907470703125000      -0.478264481    
   23.919677734375000      -0.485825568    
   23.931884765625000      -0.493528605    
   23.944091796875000      -0.501376867    
   23.956298828125000      -0.509373724    
   23.968505859375000      -0.517522633    
   23.980712890625000      -0.525827050    
   23.992919921875000      -0.534290612    
   24.005126953125000      -0.542917073    
   24.017333984375000      -0.551710248    
   24.029541015625000      -0.560674131    
   24.041748046875000      -0.569812834    
   24.053955078125000      -0.579130352    
   24.066162109375000      -0.588631332    
   24.078369140625000      -0.598319888    
   24.090576171875000      -0.608200848    
   24.102783203125000      -0.618278921    
   24.114990234375000      -0.628558874    
   24.127197265625000      -0.639045954    
   24.139404296875000      -0.649745047    
   24.151611328125000      -0.660661697    
   24.163818359375000      -0.671801507    
   24.176025390625000      -0.683170021    
   24.188232421875000      -0.694773197    
   24.200439453125000      -0.706617177    
   24.212646484375000      -0.718708098    
   24.224853515625000      -0.731052697    
   24.237060546875000      -0.743657470    
   24.249267578125000      -0.756529331    
   24.261474609375000      -0.769675612    
   24.273681640625000      -0.783103704    
   24.285888671875000      -0.796821237    
   24.298095703125000      -0.810836196    
   24.310302734375000      -0.825156689    
   24.322509765625000      -0.839791298    
   24.334716796875000      -0.854748964    
   24.346923828125000      -0.870038629    
   24.359130859375000      -0.885669827    
   24.371337890625000      -0.901652277    
   24.383544921875000      -0.917996347    
   24.395751953125000      -0.934712291    
   24.407958984375000      -0.951811254    
   24.420166015625000      -0.969304442    
   24.432373046875000      -0.987203836    
   24.444580078125000       -1.00552130    
   24.456787109375000       -1.02426982    
   24.468994140625000       -1.04346240    
   24.481201171875000       -1.06311285    
   24.493408203125000       -1.08323538    
   24.505615234375000       -1.10384464    
   24.517822265625000       -1.12495625    
   24.530029296875000       -1.14658606    
   24.542236328125000       -1.16875064    
   24.554443359375000       -1.19146752    
   24.566650390625000       -1.21475470    
   24.578857421875000       -1.23863101    
   24.591064453125000       -1.26311588    
   24.603271484375000       -1.28822982    
   24.615478515625000       -1.31399417    
   24.627685546875000       -1.34043109    
   24.639892578125000       -1.36756384    
   24.652099609375000       -1.39541650    
   24.664306640625000       -1.42401421    
   24.676513671875000       -1.45338368    
   24.688720703125000       -1.48355198    
   24.700927734375000       -1.51454842    
   24.713134765625000       -1.54640257    
   24.725341796875000       -1.57914639    
   24.737548828125000       -1.61281240    
   24.749755859375000       -1.64743543    
   24.761962890625000       -1.68305123    
   24.774169921875000       -1.71969795    
   24.786376953125000       -1.75741494    
   24.798583984375000       -1.79624391    
   24.810791015625000       -1.83622801    
   24.822998046875000       -1.87741351    
   24.835205078125000       -1.91984761    
   24.847412109375000       -1.96358144    
   24.859619140625000       -2.00866675    
   24.871826171875000       -2.05516052    
   24.884033203125000       -2.10311961    
   24.896240234375000       -2.15260673    
   24.908447265625000       -2.20368457    
   24.920654296875000       -2.25642371    
   24.932861328125000       -2.31089211    
   24.945068359375000       -2.36716986    
   24.957275390625000       -2.42532945    
   24.969482421875000       -2.48546553    
   24.981689453125000       -2.54764605    
   24.993896484375000       -2.61201191    
