   6.1035156250000000E-003  -6.03122152E-02
   1.8310546875000000E-002  -5.84837012E-02
   3.0517578125000000E-002  -5.67186512E-02
   4.2724609375000000E-002  -5.50136119E-02
   5.4931640625000000E-002  -5.33667915E-02
   6.7138671875000000E-002  -5.17757684E-02
   7.9345703125000000E-002  -5.02386205E-02
   9.1552734375000000E-002  -4.87532392E-02
  0.10375976562500000       -4.73177880E-02
  0.11596679687500000       -4.59303670E-02
  0.12817382812500000       -4.45892513E-02
  0.14038085937500000       -4.32927087E-02
  0.15258789062500000       -4.20391373E-02
  0.16479492187500000       -4.08269502E-02
  0.17700195312500000       -3.96546572E-02
  0.18920898437500000       -3.85207981E-02
  0.20141601562500000       -3.74239944E-02
  0.21362304687500000       -3.63629088E-02
  0.22583007812500000       -3.53362598E-02
  0.23803710937500000       -3.43428068E-02
  0.25024414062500000       -3.33813727E-02
  0.26245117187500000       -3.24508138E-02
  0.27465820312500000       -3.15500349E-02
  0.28686523437500000       -3.06779835E-02
  0.29907226562500000       -2.98336446E-02
  0.31127929687500000       -2.90160459E-02
  0.32348632812500000       -2.82242466E-02
  0.33569335937500000       -2.74573453E-02
  0.34790039062500000       -2.67144777E-02
  0.36010742187500000       -2.59948038E-02
  0.37231445312500000       -2.52975244E-02
  0.38452148437500000       -2.46218629E-02
  0.39672851562500000       -2.39670780E-02
  0.40893554687500000       -2.33324487E-02
  0.42114257812500000       -2.27172915E-02
  0.43334960937500000       -2.21209377E-02
  0.44555664062500000       -2.15427484E-02
  0.45776367187500000       -2.09821090E-02
  0.46997070312500000       -2.04384271E-02
  0.48217773437500000       -1.99111272E-02
  0.49438476562500000       -1.93996616E-02
  0.50659179687500000       -1.89034995E-02
  0.51879882812500000       -1.84221342E-02
  0.53100585937500000       -1.79550648E-02
  0.54321289062500000       -1.75018236E-02
  0.55541992187500000       -1.70619488E-02
  0.56762695312500000       -1.66350063E-02
  0.57983398437500000       -1.62205622E-02
  0.59204101562500000       -1.58182140E-02
  0.60424804687500000       -1.54275624E-02
  0.61645507812500000       -1.50482291E-02
  0.62866210937500000       -1.46798436E-02
  0.64086914062500000       -1.43220555E-02
  0.65307617187500000       -1.39745185E-02
  0.66528320312500000       -1.36369066E-02
  0.67749023437500000       -1.33088985E-02
  0.68969726562500000       -1.29901906E-02
  0.70190429687500000       -1.26804831E-02
  0.71411132812500000       -1.23794917E-02
  0.72631835937500000       -1.20869409E-02
  0.73852539062500000       -1.18025634E-02
  0.75073242187500000       -1.15261041E-02
  0.76293945312500000       -1.12573113E-02
  0.77514648437500000       -1.09959468E-02
  0.78735351562500000       -1.07417777E-02
  0.79956054687500000       -1.04945833E-02
  0.81176757812500000       -1.02541465E-02
  0.82397460937500000       -1.00202570E-02
  0.83618164062500000       -9.79271624E-03
  0.84838867187500000       -9.57132597E-03
  0.86059570312500000       -9.35589988E-03
  0.87280273437500000       -9.14625544E-03
  0.88500976562500000       -8.94221850E-03
  0.89721679687500000       -8.74361675E-03
  0.90942382812500000       -8.55028816E-03
  0.92163085937500000       -8.36207345E-03
  0.93383789062500000       -8.17881897E-03
  0.94604492187500000       -8.00037477E-03
  0.95825195312500000       -7.82659929E-03
  0.97045898437500000       -7.65735470E-03
  0.98266601562500000       -7.49250548E-03
  0.99487304687500000       -7.33191846E-03
   1.0070800781250000       -7.17547489E-03
   1.0192871093750000       -7.02304626E-03
   1.0314941406250000       -6.87452219E-03
   1.0437011718750000       -6.72978209E-03
   1.0559082031250000       -6.58872072E-03
   1.0681152343750000       -6.45122724E-03
   1.0803222656250000       -6.31720386E-03
   1.0925292968750000       -6.18654583E-03
   1.1047363281250000       -6.05915906E-03
   1.1169433593750000       -5.93494950E-03
   1.1291503906250000       -5.81382541E-03
   1.1413574218750000       -5.69570251E-03
   1.1535644531250000       -5.58049232E-03
   1.1657714843750000       -5.46811242E-03
   1.1779785156250000       -5.35848457E-03
   1.1901855468750000       -5.25153242E-03
   1.2023925781250000       -5.14717912E-03
   1.2145996093750000       -5.04535157E-03
   1.2268066406250000       -4.94598271E-03
   1.2390136718750000       -4.84900177E-03
   1.2512207031250000       -4.75434493E-03
   1.2634277343750000       -4.66194469E-03
   1.2756347656250000       -4.57174378E-03
   1.2878417968750000       -4.48367791E-03
   1.3000488281250000       -4.39769216E-03
   1.3122558593750000       -4.31372644E-03
   1.3244628906250000       -4.23172861E-03
   1.3366699218750000       -4.15164512E-03
   1.3488769531250000       -4.07342520E-03
   1.3610839843750000       -3.99701577E-03
   1.3732910156250000       -3.92237259E-03
   1.3854980468750000       -3.84944514E-03
   1.3977050781250000       -3.77818826E-03
   1.4099121093750000       -3.70855909E-03
   1.4221191406250000       -3.64051457E-03
   1.4343261718750000       -3.57401278E-03
   1.4465332031250000       -3.50901089E-03
   1.4587402343750000       -3.44547257E-03
   1.4709472656250000       -3.38336034E-03
   1.4831542968750000       -3.32263298E-03
   1.4953613281250000       -3.26325861E-03
   1.5075683593750000       -3.20520112E-03
   1.5197753906250000       -3.14842514E-03
   1.5319824218750000       -3.09289969E-03
   1.5441894531250000       -3.03859287E-03
   1.5563964843750000       -2.98547209E-03
   1.5686035156250000       -2.93350685E-03
   1.5808105468750000       -2.88267084E-03
   1.5930175781250000       -2.83293216E-03
   1.6052246093750000       -2.78426544E-03
   1.6174316406250000       -2.73664179E-03
   1.6296386718750000       -2.69003748E-03
   1.6418457031250000       -2.64442642E-03
   1.6540527343750000       -2.59978278E-03
   1.6662597656250000       -2.55608326E-03
   1.6784667968750000       -2.51330342E-03
   1.6906738281250000       -2.47142371E-03
   1.7028808593750000       -2.43041827E-03
   1.7150878906250000       -2.39026849E-03
   1.7272949218750000       -2.35095317E-03
   1.7395019531250000       -2.31244997E-03
   1.7517089843750000       -2.27474119E-03
   1.7639160156250000       -2.23780749E-03
   1.7761230468750000       -2.20162887E-03
   1.7883300781250000       -2.16618902E-03
   1.8005371093750000       -2.13146908E-03
   1.8127441406250000       -2.09745253E-03
   1.8249511718750000       -2.06412189E-03
   1.8371582031250000       -2.03146180E-03
   1.8493652343750000       -1.99945550E-03
   1.8615722656250000       -1.96808740E-03
   1.8737792968750000       -1.93734467E-03
   1.8859863281250000       -1.90720998E-03
   1.8981933593750000       -1.87767041E-03
   1.9104003906250000       -1.84871245E-03
   1.9226074218750000       -1.82032166E-03
   1.9348144531250000       -1.79248629E-03
   1.9470214843750000       -1.76519237E-03
   1.9592285156250000       -1.73842767E-03
   1.9714355468750000       -1.71218102E-03
   1.9836425781250000       -1.68643950E-03
   1.9958496093750000       -1.66119158E-03
   2.0080566406250000       -1.63642701E-03
   2.0202636718750000       -1.61213358E-03
   2.0324707031250000       -1.58830162E-03
   2.0446777343750000       -1.56492123E-03
   2.0568847656250000       -1.54198124E-03
   2.0690917968750000       -1.51947152E-03
   2.0812988281250000       -1.49738393E-03
   2.0935058593750000       -1.47570879E-03
   2.1057128906250000       -1.45443552E-03
   2.1179199218750000       -1.43355690E-03
   2.1301269531250000       -1.41306361E-03
   2.1423339843750000       -1.39294681E-03
   2.1545410156250000       -1.37319951E-03
   2.1667480468750000       -1.35381229E-03
   2.1789550781250000       -1.33477827E-03
   2.1911621093750000       -1.31608953E-03
   2.2033691406250000       -1.29773794E-03
   2.2155761718750000       -1.27971719E-03
   2.2277832031250000       -1.26202044E-03
   2.2399902343750000       -1.24464009E-03
   2.2521972656250000       -1.22756872E-03
   2.2644042968750000       -1.21080154E-03
   2.2766113281250000       -1.19433051E-03
   2.2888183593750000       -1.17815030E-03
   2.3010253906250000       -1.16225402E-03
   2.3132324218750000       -1.14663725E-03
   2.3254394531250000       -1.13129197E-03
   2.3376464843750000       -1.11621455E-03
   2.3498535156250000       -1.10139803E-03
   2.3620605468750000       -1.08683761E-03
   2.3742675781250000       -1.07252796E-03
   2.3864746093750000       -1.05846452E-03
   2.3986816406250000       -1.04464055E-03
   2.4108886718750000       -1.03105267E-03
   2.4230957031250000       -1.01769518E-03
   2.4353027343750000       -1.00456446E-03
   2.4475097656250000       -9.91655048E-04
   2.4597167968750000       -9.78962402E-04
   2.4719238281250000       -9.66482563E-04
   2.4841308593750000       -9.54211049E-04
   2.4963378906250000       -9.42143437E-04
   2.5085449218750000       -9.30276699E-04
   2.5207519531250000       -9.18605248E-04
   2.5329589843750000       -9.07126989E-04
   2.5451660156250000       -8.95836449E-04
   2.5573730468750000       -8.84730893E-04
   2.5695800781250000       -8.73807061E-04
   2.5817871093750000       -8.63059773E-04
   2.5939941406250000       -8.52487166E-04
   2.6062011718750000       -8.42085457E-04
   2.6184082031250000       -8.31851037E-04
   2.6306152343750000       -8.21780239E-04
   2.6428222656250000       -8.11870792E-04
   2.6550292968750000       -8.02119263E-04
   2.6672363281250000       -7.92522158E-04
   2.6794433593750000       -7.83077325E-04
   2.6916503906250000       -7.73781503E-04
   2.7038574218750000       -7.64632074E-04
   2.7160644531250000       -7.55625195E-04
   2.7282714843750000       -7.46759528E-04
   2.7404785156250000       -7.38031988E-04
   2.7526855468750000       -7.29439547E-04
   2.7648925781250000       -7.20980344E-04
   2.7770996093750000       -7.12651468E-04
   2.7893066406250000       -7.04450067E-04
   2.8015136718750000       -6.96374918E-04
   2.8137207031250000       -6.88422762E-04
   2.8259277343750000       -6.80591329E-04
   2.8381347656250000       -6.72879047E-04
   2.8503417968750000       -6.65283296E-04
   2.8625488281250000       -6.57801924E-04
   2.8747558593750000       -6.50432426E-04
   2.8869628906250000       -6.43173873E-04
   2.8991699218750000       -6.36023702E-04
   2.9113769531250000       -6.28979527E-04
   2.9235839843750000       -6.22039952E-04
   2.9357910156250000       -6.15203055E-04
   2.9479980468750000       -6.08466566E-04
   2.9602050781250000       -6.01829204E-04
   2.9724121093750000       -5.95288642E-04
   2.9846191406250000       -5.88844181E-04
   2.9968261718750000       -5.82493085E-04
   3.0090332031250000       -5.76234190E-04
   3.0212402343750000       -5.70065342E-04
   3.0334472656250000       -5.63985901E-04
   3.0456542968750000       -5.57993364E-04
   3.0578613281250000       -5.52087033E-04
   3.0700683593750000       -5.46264462E-04
   3.0822753906250000       -5.40525070E-04
   3.0944824218750000       -5.34867344E-04
   3.1066894531250000       -5.29288896E-04
   3.1188964843750000       -5.23789669E-04
   3.1311035156250000       -5.18367335E-04
   3.1433105468750000       -5.13021369E-04
   3.1555175781250000       -5.07749559E-04
   3.1677246093750000       -5.02551382E-04
   3.1799316406250000       -4.97425557E-04
   3.1921386718750000       -4.92370280E-04
   3.2043457031250000       -4.87384765E-04
   3.2165527343750000       -4.82467702E-04
   3.2287597656250000       -4.77618247E-04
   3.2409667968750000       -4.72835207E-04
   3.2531738281250000       -4.68116923E-04
   3.2653808593750000       -4.63463075E-04
   3.2775878906250000       -4.58872033E-04
   3.2897949218750000       -4.54342633E-04
   3.3020019531250000       -4.49874613E-04
   3.3142089843750000       -4.45466401E-04
   3.3264160156250000       -4.41117299E-04
   3.3386230468750000       -4.36826231E-04
   3.3508300781250000       -4.32592089E-04
   3.3630371093750000       -4.28413856E-04
   3.3752441406250000       -4.24290862E-04
   3.3874511718750000       -4.20222466E-04
   3.3996582031250000       -4.16207302E-04
   3.4118652343750000       -4.12244699E-04
   3.4240722656250000       -4.08334134E-04
   3.4362792968750000       -4.04474180E-04
   3.4484863281250000       -4.00664314E-04
   3.4606933593750000       -3.96903924E-04
   3.4729003906250000       -3.93192138E-04
   3.4851074218750000       -3.89527995E-04
   3.4973144531250000       -3.85910593E-04
   3.5095214843750000       -3.82339786E-04
   3.5217285156250000       -3.78814322E-04
   3.5339355468750000       -3.75333679E-04
   3.5461425781250000       -3.71897069E-04
   3.5583496093750000       -3.68504290E-04
   3.5705566406250000       -3.65153828E-04
   3.5827636718750000       -3.61845567E-04
   3.5949707031250000       -3.58579040E-04
   3.6071777343750000       -3.55352764E-04
   3.6193847656250000       -3.52167321E-04
   3.6315917968750000       -3.49020906E-04
   3.6437988281250000       -3.45913752E-04
   3.6560058593750000       -3.42844782E-04
   3.6682128906250000       -3.39813589E-04
   3.6804199218750000       -3.36819765E-04
   3.6926269531250000       -3.33862583E-04
   3.7048339843750000       -3.30941635E-04
   3.7170410156250000       -3.28055874E-04
   3.7292480468750000       -3.25205299E-04
   3.7414550781250000       -3.22389475E-04
   3.7536621093750000       -3.19607439E-04
   3.7658691406250000       -3.16858786E-04
   3.7780761718750000       -3.14143224E-04
   3.7902832031250000       -3.11460055E-04
   3.8024902343750000       -3.08808958E-04
   3.8146972656250000       -3.06189293E-04
   3.8269042968750000       -3.03601031E-04
   3.8391113281250000       -3.01043212E-04
   3.8513183593750000       -2.98515544E-04
   3.8635253906250000       -2.96017737E-04
   3.8757324218750000       -2.93549150E-04
   3.8879394531250000       -2.91109172E-04
   3.9001464843750000       -2.88698153E-04
   3.9123535156250000       -2.86314898E-04
   3.9245605468750000       -2.83959380E-04
   3.9367675781250000       -2.81631073E-04
   3.9489746093750000       -2.79329659E-04
   3.9611816406250000       -2.77054933E-04
   3.9733886718750000       -2.74805963E-04
   3.9855957031250000       -2.72582838E-04
   3.9978027343750000       -2.70385295E-04
   4.0100097656250000       -2.68212490E-04
   4.0222167968750000       -2.66064482E-04
   4.0344238281250000       -2.63941009E-04
   4.0466308593750000       -2.61841284E-04
   4.0588378906250000       -2.59765075E-04
   4.0710449218750000       -2.57712411E-04
   4.0832519531250000       -2.55682506E-04
   4.0954589843750000       -2.53675447E-04
   4.1076660156250000       -2.51690741E-04
   4.1198730468750000       -2.49728124E-04
   4.1320800781250000       -2.47787160E-04
   4.1442871093750000       -2.45867588E-04
   4.1564941406250000       -2.43969538E-04
   4.1687011718750000       -2.42091963E-04
   4.1809082031250000       -2.40235197E-04
   4.1931152343750000       -2.38398527E-04
   4.2053222656250000       -2.36582026E-04
   4.2175292968750000       -2.34785242E-04
   4.2297363281250000       -2.33007988E-04
   4.2419433593750000       -2.31249811E-04
   4.2541503906250000       -2.29510813E-04
   4.2663574218750000       -2.27790530E-04
   4.2785644531250000       -2.26088552E-04
   4.2907714843750000       -2.24404968E-04
   4.3029785156250000       -2.22739080E-04
   4.3151855468750000       -2.21091264E-04
   4.3273925781250000       -2.19460810E-04
   4.3395996093750000       -2.17847584E-04
   4.3518066406250000       -2.16251428E-04
   4.3640136718750000       -2.14672182E-04
   4.3762207031250000       -2.13109452E-04
   4.3884277343750000       -2.11563325E-04
   4.4006347656250000       -2.10033162E-04
   4.4128417968750000       -2.08519079E-04
   4.4250488281250000       -2.07020668E-04
   4.4372558593750000       -2.05537814E-04
   4.4494628906250000       -2.04070340E-04
   4.4616699218750000       -2.02617914E-04
   4.4738769531250000       -2.01180606E-04
   4.4860839843750000       -1.99758069E-04
   4.4982910156250000       -1.98350172E-04
   4.5104980468750000       -1.96956535E-04
   4.5227050781250000       -1.95577028E-04
   4.5349121093750000       -1.94211796E-04
   4.5471191406250000       -1.92860214E-04
   4.5593261718750000       -1.91522427E-04
   4.5715332031250000       -1.90198291E-04
   4.5837402343750000       -1.88887221E-04
   4.5959472656250000       -1.87589598E-04
   4.6081542968750000       -1.86304824E-04
   4.6203613281250000       -1.85032797E-04
   4.6325683593750000       -1.83773634E-04
   4.6447753906250000       -1.82527001E-04
   4.6569824218750000       -1.81292795E-04
   4.6691894531250000       -1.80070681E-04
   4.6813964843750000       -1.78860559E-04
   4.6936035156250000       -1.77662558E-04
   4.7058105468750000       -1.76476125E-04
   4.7180175781250000       -1.75301611E-04
   4.7302246093750000       -1.74138462E-04
   4.7424316406250000       -1.72986620E-04
   4.7546386718750000       -1.71845953E-04
   4.7668457031250000       -1.70716390E-04
   4.7790527343750000       -1.69597828E-04
   4.7912597656250000       -1.68490180E-04
   4.8034667968750000       -1.67392951E-04
   4.8156738281250000       -1.66306447E-04
   4.8278808593750000       -1.65230391E-04
   4.8400878906250000       -1.64164696E-04
   4.8522949218750000       -1.63109056E-04
   4.8645019531250000       -1.62063399E-04
   4.8767089843750000       -1.61027856E-04
   4.8889160156250000       -1.60002135E-04
   4.9011230468750000       -1.58985960E-04
   4.9133300781250000       -1.57979433E-04
   4.9255371093750000       -1.56982511E-04
   4.9377441406250000       -1.55994901E-04
   4.9499511718750000       -1.55016518E-04
   4.9621582031250000       -1.54047302E-04
   4.9743652343750000       -1.53087167E-04
   4.9865722656250000       -1.52135864E-04
   4.9987792968750000       -1.51193497E-04
   5.0109863281250000       -1.50259832E-04
   5.0231933593750000       -1.49334955E-04
   5.0354003906250000       -1.48418447E-04
   5.0476074218750000       -1.47510407E-04
   5.0598144531250000       -1.46610590E-04
   5.0720214843750000       -1.45719125E-04
   5.0842285156250000       -1.44835940E-04
   5.0964355468750000       -1.43960599E-04
   5.1086425781250000       -1.43093406E-04
   5.1208496093750000       -1.42233941E-04
   5.1330566406250000       -1.41382319E-04
   5.1452636718750000       -1.40538483E-04
   5.1574707031250000       -1.39702199E-04
   5.1696777343750000       -1.38873380E-04
   5.1818847656250000       -1.38051997E-04
   5.1940917968750000       -1.37237977E-04
   5.2062988281250000       -1.36431292E-04
   5.2185058593750000       -1.35631853E-04
   5.2307128906250000       -1.34839429E-04
   5.2429199218750000       -1.34054178E-04
   5.2551269531250000       -1.33275826E-04
   5.2673339843750000       -1.32504356E-04
   5.2795410156250000       -1.31739682E-04
   5.2917480468750000       -1.30981614E-04
   5.3039550781250000       -1.30230430E-04
   5.3161621093750000       -1.29485736E-04
   5.3283691406250000       -1.28747473E-04
   5.3405761718750000       -1.28015789E-04
   5.3527832031250000       -1.27290448E-04
   5.3649902343750000       -1.26571395E-04
   5.3771972656250000       -1.25858438E-04
   5.3894042968750000       -1.25151855E-04
   5.4016113281250000       -1.24451253E-04
   5.4138183593750000       -1.23756792E-04
   5.4260253906250000       -1.23068210E-04
   5.4382324218750000       -1.22385682E-04
   5.4504394531250000       -1.21708785E-04
   5.4626464843750000       -1.21037840E-04
   5.4748535156250000       -1.20372461E-04
   5.4870605468750000       -1.19712953E-04
   5.4992675781250000       -1.19058925E-04
   5.5114746093750000       -1.18410513E-04
   5.5236816406250000       -1.17767500E-04
   5.5358886718750000       -1.17129865E-04
   5.5480957031250000       -1.16497729E-04
   5.5603027343750000       -1.15870891E-04
   5.5725097656250000       -1.15249139E-04
   5.5847167968750000       -1.14632770E-04
   5.5969238281250000       -1.14021597E-04
   5.6091308593750000       -1.13415401E-04
   5.6213378906250000       -1.12814152E-04
   5.6335449218750000       -1.12218157E-04
   5.6457519531250000       -1.11626869E-04
   5.6579589843750000       -1.11040601E-04
   5.6701660156250000       -1.10459143E-04
   5.6823730468750000       -1.09882465E-04
   5.6945800781250000       -1.09310546E-04
   5.7067871093750000       -1.08743334E-04
   5.7189941406250000       -1.08180655E-04
   5.7312011718750000       -1.07622633E-04
   5.7434082031250000       -1.07069231E-04
   5.7556152343750000       -1.06520267E-04
   5.7678222656250000       -1.05975705E-04
   5.7800292968750000       -1.05435676E-04
   5.7922363281250000       -1.04899998E-04
   5.8044433593750000       -1.04368635E-04
   5.8166503906250000       -1.03841558E-04
   5.8288574218750000       -1.03318591E-04
   5.8410644531250000       -1.02800004E-04
   5.8532714843750000       -1.02285478E-04
   5.8654785156250000       -1.01775120E-04
   5.8776855468750000       -1.01268772E-04
   5.8898925781250000       -1.00766389E-04
   5.9020996093750000       -1.00268102E-04
   5.9143066406250000       -9.97737370E-05
   5.9265136718750000       -9.92834175E-05
   5.9387207031250000       -9.87968160E-05
   5.9509277343750000       -9.83140562E-05
   5.9631347656250000       -9.78352691E-05
   5.9753417968750000       -9.73601273E-05
   5.9875488281250000       -9.68886088E-05
   5.9997558593750000       -9.64209903E-05
   6.0119628906250000       -9.59567915E-05
   6.0241699218750000       -9.54964416E-05
   6.0363769531250000       -9.50394824E-05
   6.0485839843750000       -9.45861757E-05
   6.0607910156250000       -9.41364924E-05
   6.0729980468750000       -9.36901342E-05
   6.0852050781250000       -9.32472176E-05
   6.0974121093750000       -9.28078662E-05
   6.1096191406250000       -9.23717671E-05
   6.1218261718750000       -9.19390513E-05
   6.1340332031250000       -9.15096898E-05
   6.1462402343750000       -9.10835224E-05
   6.1584472656250000       -9.06606729E-05
   6.1706542968750000       -9.02411193E-05
   6.1828613281250000       -8.98246944E-05
   6.1950683593750000       -8.94113909E-05
   6.2072753906250000       -8.90013180E-05
   6.2194824218750000       -8.85943300E-05
   6.2316894531250000       -8.81903979E-05
   6.2438964843750000       -8.77895000E-05
   6.2561035156250000       -8.73916288E-05
   6.2683105468750000       -8.69967625E-05
   6.2805175781250000       -8.66048722E-05
   6.2927246093750000       -8.62159577E-05
   6.3049316406250000       -8.58299900E-05
   6.3171386718750000       -8.54468162E-05
   6.3293457031250000       -8.50664146E-05
   6.3415527343750000       -8.46890543E-05
   6.3537597656250000       -8.43142989E-05
   6.3659667968750000       -8.39424101E-05
   6.3781738281250000       -8.35733663E-05
   6.3903808593750000       -8.32068836E-05
   6.4025878906250000       -8.28432167E-05
   6.4147949218750000       -8.24822127E-05
   6.4270019531250000       -8.21238573E-05
   6.4392089843750000       -8.17681357E-05
   6.4514160156250000       -8.14150262E-05
   6.4636230468750000       -8.10645288E-05
   6.4758300781250000       -8.07164761E-05
   6.4880371093750000       -8.03711373E-05
   6.5002441406250000       -8.00282141E-05
   6.5124511718750000       -7.96878448E-05
   6.5246582031250000       -7.93498693E-05
   6.5368652343750000       -7.90144040E-05
   6.5490722656250000       -7.86813180E-05
   6.5612792968750000       -7.83505820E-05
   6.5734863281250000       -7.80223199E-05
   6.5856933593750000       -7.76963861E-05
   6.5979003906250000       -7.73729043E-05
   6.6101074218750000       -7.70515908E-05
   6.6223144531250000       -7.67327001E-05
   6.6345214843750000       -7.64160795E-05
   6.6467285156250000       -7.61016054E-05
   6.6589355468750000       -7.57895032E-05
   6.6711425781250000       -7.54795183E-05
   6.6833496093750000       -7.51717598E-05
   6.6955566406250000       -7.48662205E-05
   6.7077636718750000       -7.45628786E-05
   6.7199707031250000       -7.42617267E-05
   6.7321777343750000       -7.39626339E-05
   6.7443847656250000       -7.36655784E-05
   6.7565917968750000       -7.33706765E-05
   6.7687988281250000       -7.30779211E-05
   6.7810058593750000       -7.27871811E-05
   6.7932128906250000       -7.24984275E-05
   6.8054199218750000       -7.22116674E-05
   6.8176269531250000       -7.19270029E-05
   6.8298339843750000       -7.16443028E-05
   6.8420410156250000       -7.13635600E-05
   6.8542480468750000       -7.10847598E-05
   6.8664550781250000       -7.08078951E-05
   6.8786621093750000       -7.05330676E-05
   6.8908691406250000       -7.02600373E-05
   6.9030761718750000       -6.99889133E-05
   6.9152832031250000       -6.97196738E-05
   6.9274902343750000       -6.94522023E-05
   6.9396972656250000       -6.91867172E-05
   6.9519042968750000       -6.89229782E-05
   6.9641113281250000       -6.86609783E-05
   6.9763183593750000       -6.84009356E-05
   6.9885253906250000       -6.81426100E-05
   7.0007324218750000       -6.78859942E-05
   7.0129394531250000       -6.76311902E-05
   7.0251464843750000       -6.73781906E-05
   7.0373535156250000       -6.71267553E-05
   7.0495605468750000       -6.68771099E-05
   7.0617675781250000       -6.66292399E-05
   7.0739746093750000       -6.63829123E-05
   7.0861816406250000       -6.61383383E-05
   7.0983886718750000       -6.58954013E-05
   7.1105957031250000       -6.56541015E-05
   7.1228027343750000       -6.54145260E-05
   7.1350097656250000       -6.51764494E-05
   7.1472167968750000       -6.49399808E-05
   7.1594238281250000       -6.47051056E-05
   7.1716308593750000       -6.44718093E-05
   7.1838378906250000       -6.42400992E-05
   7.1960449218750000       -6.40099606E-05
   7.2082519531250000       -6.37813864E-05
   7.2204589843750000       -6.35542528E-05
   7.2326660156250000       -6.33286618E-05
   7.2448730468750000       -6.31046132E-05
   7.2570800781250000       -6.28819907E-05
   7.2692871093750000       -6.26608889E-05
   7.2814941406250000       -6.24413078E-05
   7.2937011718750000       -6.22231237E-05
   7.3059082031250000       -6.20063292E-05
   7.3181152343750000       -6.17910337E-05
   7.3303222656250000       -6.15771132E-05
   7.3425292968750000       -6.13646771E-05
   7.3547363281250000       -6.11536016E-05
   7.3669433593750000       -6.09438903E-05
   7.3791503906250000       -6.07356342E-05
   7.3913574218750000       -6.05287241E-05
   7.4035644531250000       -6.03231529E-05
   7.4157714843750000       -6.01189095E-05
   7.4279785156250000       -5.99159939E-05
   7.4401855468750000       -5.97143953E-05
   7.4523925781250000       -5.95141100E-05
   7.4645996093750000       -5.93152363E-05
   7.4768066406250000       -5.91175594E-05
   7.4890136718750000       -5.89211704E-05
   7.5012207031250000       -5.87260729E-05
   7.5134277343750000       -5.85322559E-05
   7.5256347656250000       -5.83397123E-05
   7.5378417968750000       -5.81483328E-05
   7.5500488281250000       -5.79583211E-05
   7.5622558593750000       -5.77694627E-05
   7.5744628906250000       -5.75818558E-05
   7.5866699218750000       -5.73953876E-05
   7.5988769531250000       -5.72101635E-05
   7.6110839843750000       -5.70261691E-05
   7.6232910156250000       -5.68433024E-05
   7.6354980468750000       -5.66615563E-05
   7.6477050781250000       -5.64811271E-05
   7.6599121093750000       -5.63017056E-05
   7.6721191406250000       -5.61234920E-05
   7.6843261718750000       -5.59464788E-05
   7.6965332031250000       -5.57705571E-05
   7.7087402343750000       -5.55957231E-05
   7.7209472656250000       -5.54219732E-05
   7.7331542968750000       -5.52494057E-05
   7.7453613281250000       -5.50779077E-05
   7.7575683593750000       -5.49075812E-05
   7.7697753906250000       -5.47382151E-05
   7.7819824218750000       -5.45700095E-05
   7.7941894531250000       -5.44028553E-05
   7.8063964843750000       -5.42366506E-05
   7.8186035156250000       -5.40715919E-05
   7.8308105468750000       -5.39075736E-05
   7.8430175781250000       -5.37445849E-05
   7.8552246093750000       -5.35826293E-05
   7.8674316406250000       -5.34216997E-05
   7.8796386718750000       -5.32617923E-05
   7.8918457031250000       -5.31029000E-05
   7.9040527343750000       -5.29450190E-05
   7.9162597656250000       -5.27880475E-05
   7.9284667968750000       -5.26321783E-05
   7.9406738281250000       -5.24772076E-05
   7.9528808593750000       -5.23232338E-05
   7.9650878906250000       -5.21701513E-05
   7.9772949218750000       -5.20181529E-05
   7.9895019531250000       -5.18670386E-05
   8.0017089843750000       -5.17168010E-05
   8.0139160156250000       -5.15676402E-05
   8.0261230468750000       -5.14193489E-05
   8.0383300781250000       -5.12719271E-05
   8.0505371093750000       -5.11254657E-05
   8.0627441406250000       -5.09799611E-05
   8.0749511718750000       -5.08353151E-05
   8.0871582031250000       -5.06916185E-05
   8.0993652343750000       -5.05487697E-05
   8.1115722656250000       -5.04067684E-05
   8.1237792968750000       -5.02657022E-05
   8.1359863281250000       -5.01254763E-05
   8.1481933593750000       -4.99861817E-05
   8.1604003906250000       -4.98477166E-05
   8.1726074218750000       -4.97100809E-05
   8.1848144531250000       -4.95733657E-05
   8.1970214843750000       -4.94374690E-05
   8.2092285156250000       -4.93023908E-05
   8.2214355468750000       -4.91681240E-05
   8.2336425781250000       -4.90347629E-05
   8.2458496093750000       -4.89021149E-05
   8.2580566406250000       -4.87703655E-05
   8.2702636718750000       -4.86394165E-05
   8.2824707031250000       -4.85092642E-05
   8.2946777343750000       -4.83799085E-05
   8.3068847656250000       -4.82513387E-05
   8.3190917968750000       -4.81235584E-05
   8.3312988281250000       -4.79966584E-05
   8.3435058593750000       -4.78704424E-05
   8.3557128906250000       -4.77450048E-05
   8.3679199218750000       -4.76203459E-05
   8.3801269531250000       -4.74964545E-05
   8.3923339843750000       -4.73733344E-05
   8.4045410156250000       -4.72509782E-05
   8.4167480468750000       -4.71292951E-05
   8.4289550781250000       -4.70084597E-05
   8.4411621093750000       -4.68882936E-05
   8.4533691406250000       -4.67688806E-05
   8.4655761718750000       -4.66502170E-05
   8.4777832031250000       -4.65323028E-05
   8.4899902343750000       -4.64150398E-05
   8.5021972656250000       -4.62985226E-05
   8.5144042968750000       -4.61827440E-05
   8.5266113281250000       -4.60676092E-05
   8.5388183593750000       -4.59533039E-05
   8.5510253906250000       -4.58395443E-05
   8.5632324218750000       -4.57266069E-05
   8.5754394531250000       -4.56143025E-05
   8.5876464843750000       -4.55026311E-05
   8.5998535156250000       -4.53916837E-05
   8.6120605468750000       -4.52814493E-05
   8.6242675781250000       -4.51718442E-05
   8.6364746093750000       -4.50629486E-05
   8.6486816406250000       -4.49546751E-05
   8.6608886718750000       -4.48471110E-05
   8.6730957031250000       -4.47401617E-05
   8.6853027343750000       -4.46338236E-05
   8.6975097656250000       -4.45281876E-05
   8.7097167968750000       -4.44231628E-05
   8.7219238281250000       -4.43188292E-05
   8.7341308593750000       -4.42150995E-05
   8.7463378906250000       -4.41119737E-05
   8.7585449218750000       -4.40095355E-05
   8.7707519531250000       -4.39076939E-05
   8.7829589843750000       -4.38064490E-05
   8.7951660156250000       -4.37057970E-05
   8.8073730468750000       -4.36058217E-05
   8.8195800781250000       -4.35064358E-05
   8.8317871093750000       -4.34076355E-05
   8.8439941406250000       -4.33095047E-05
   8.8562011718750000       -4.32118723E-05
   8.8684082031250000       -4.31149056E-05
   8.8806152343750000       -4.30185173E-05
   8.8928222656250000       -4.29227039E-05
   8.9050292968750000       -4.28274652E-05
   8.9172363281250000       -4.27327977E-05
   8.9294433593750000       -4.26387014E-05
   8.9416503906250000       -4.25452563E-05
   8.9538574218750000       -4.24522914E-05
   8.9660644531250000       -4.23599777E-05
   8.9782714843750000       -4.22681369E-05
   8.9904785156250000       -4.21768600E-05
   9.0026855468750000       -4.20862234E-05
   9.0148925781250000       -4.19960597E-05
   9.0270996093750000       -4.19065327E-05
   9.0393066406250000       -4.18174750E-05
   9.0515136718750000       -4.17289630E-05
   9.0637207031250000       -4.16410039E-05
   9.0759277343750000       -4.15535906E-05
   9.0881347656250000       -4.14667229E-05
   9.1003417968750000       -4.13803937E-05
   9.1125488281250000       -4.12946101E-05
   9.1247558593750000       -4.12092777E-05
   9.1369628906250000       -4.11244873E-05
   9.1491699218750000       -4.10402281E-05
   9.1613769531250000       -4.09565037E-05
   9.1735839843750000       -4.08733140E-05
   9.1857910156250000       -4.07905682E-05
   9.1979980468750000       -4.07083535E-05
   9.2102050781250000       -4.06266663E-05
   9.2224121093750000       -4.05455030E-05
   9.2346191406250000       -4.04647799E-05
   9.2468261718750000       -4.03845806E-05
   9.2590332031250000       -4.03048980E-05
   9.2712402343750000       -4.02256555E-05
   9.2834472656250000       -4.01469260E-05
   9.2956542968750000       -4.00687131E-05
   9.3078613281250000       -3.99909331E-05
   9.3200683593750000       -3.99136661E-05
   9.3322753906250000       -3.98368247E-05
   9.3444824218750000       -3.97604963E-05
   9.3566894531250000       -3.96846735E-05
   9.3688964843750000       -3.96092728E-05
   9.3811035156250000       -3.95343814E-05
   9.3933105468750000       -3.94599083E-05
   9.4055175781250000       -3.93859373E-05
   9.4177246093750000       -3.93123810E-05
   9.4299316406250000       -3.92393267E-05
   9.4421386718750000       -3.91666908E-05
   9.4543457031250000       -3.90945461E-05
   9.4665527343750000       -3.90228161E-05
   9.4787597656250000       -3.89515808E-05
   9.4909667968750000       -3.88807530E-05
   9.5031738281250000       -3.88103363E-05
   9.5153808593750000       -3.87404070E-05
   9.5275878906250000       -3.86709653E-05
   9.5397949218750000       -3.86018473E-05
   9.5520019531250000       -3.85332132E-05
   9.5642089843750000       -3.84650630E-05
   9.5764160156250000       -3.83972329E-05
   9.5886230468750000       -3.83299666E-05
   9.6008300781250000       -3.82630169E-05
   9.6130371093750000       -3.81965438E-05
   9.6252441406250000       -3.81304671E-05
   9.6374511718750000       -3.80647871E-05
   9.6496582031250000       -3.79995799E-05
   9.6618652343750000       -3.79347657E-05
   9.6740722656250000       -3.78703444E-05
   9.6862792968750000       -3.78063123E-05
   9.6984863281250000       -3.77427532E-05
   9.7106933593750000       -3.76795761E-05
   9.7229003906250000       -3.76167882E-05
   9.7351074218750000       -3.75543896E-05
   9.7473144531250000       -3.74924493E-05
   9.7595214843750000       -3.74308947E-05
   9.7717285156250000       -3.73696457E-05
   9.7839355468750000       -3.73088551E-05
   9.7961425781250000       -3.72485265E-05
   9.8083496093750000       -3.71884962E-05
   9.8205566406250000       -3.71288443E-05
   9.8327636718750000       -3.70696471E-05
   9.8449707031250000       -3.70108282E-05
   9.8571777343750000       -3.69523841E-05
   9.8693847656250000       -3.68942347E-05
   9.8815917968750000       -3.68365363E-05
   9.8937988281250000       -3.67792891E-05
   9.9060058593750000       -3.67223329E-05
   9.9182128906250000       -3.66657478E-05
   9.9304199218750000       -3.66095301E-05
   9.9426269531250000       -3.65536835E-05
   9.9548339843750000       -3.64982807E-05
   9.9670410156250000       -3.64431653E-05
   9.9792480468750000       -3.63884137E-05
   9.9914550781250000       -3.63341060E-05
   10.003662109375000       -3.62800856E-05
   10.015869140625000       -3.62264254E-05
   10.028076171875000       -3.61731254E-05
   10.040283203125000       -3.61202619E-05
   10.052490234375000       -3.60676859E-05
   10.064697265625000       -3.60154627E-05
   10.076904296875000       -3.59635997E-05
   10.089111328125000       -3.59120932E-05
   10.101318359375000       -3.58609432E-05
   10.113525390625000       -3.58101497E-05
   10.125732421875000       -3.57596291E-05
   10.137939453125000       -3.57095414E-05
   10.150146484375000       -3.56597302E-05
   10.162353515625000       -3.56103446E-05
   10.174560546875000       -3.55612356E-05
   10.186767578125000       -3.55124721E-05
   10.198974609375000       -3.54640615E-05
   10.211181640625000       -3.54159965E-05
   10.223388671875000       -3.53682044E-05
   10.235595703125000       -3.53208343E-05
   10.247802734375000       -3.52737370E-05
   10.260009765625000       -3.52269817E-05
   10.272216796875000       -3.51805684E-05
   10.284423828125000       -3.51345006E-05
   10.296630859375000       -3.50886985E-05
   10.308837890625000       -3.50433147E-05
   10.321044921875000       -3.49981965E-05
   10.333251953125000       -3.49533439E-05
   10.345458984375000       -3.49089059E-05
   10.357666015625000       -3.48647300E-05
   10.369873046875000       -3.48208923E-05
   10.382080078125000       -3.47773894E-05
   10.394287109375000       -3.47341520E-05
   10.406494140625000       -3.46913221E-05
   10.418701171875000       -3.46486813E-05
   10.430908203125000       -3.46064444E-05
   10.443115234375000       -3.45644694E-05
   10.455322265625000       -3.45228291E-05
   10.467529296875000       -3.44815162E-05
   10.479736328125000       -3.44404652E-05
   10.491943359375000       -3.43997417E-05
   10.504150390625000       -3.43593492E-05
   10.516357421875000       -3.43192842E-05
   10.528564453125000       -3.42794774E-05
   10.540771484375000       -3.42399217E-05
   10.552978515625000       -3.42006933E-05
   10.565185546875000       -3.41617924E-05
   10.577392578125000       -3.41232189E-05
   10.589599609375000       -3.40848928E-05
   10.601806640625000       -3.40468941E-05
   10.614013671875000       -3.40091465E-05
   10.626220703125000       -3.39717226E-05
   10.638427734375000       -3.39346225E-05
   10.650634765625000       -3.38977661E-05
   10.662841796875000       -3.38612372E-05
   10.675048828125000       -3.38249520E-05
   10.687255859375000       -3.37889905E-05
   10.699462890625000       -3.37532729E-05
   10.711669921875000       -3.37178753E-05
   10.723876953125000       -3.36827943E-05
   10.736083984375000       -3.36479607E-05
   10.748291015625000       -3.36133708E-05
   10.760498046875000       -3.35791738E-05
   10.772705078125000       -3.35451441E-05
   10.784912109375000       -3.35114310E-05
   10.797119140625000       -3.34780307E-05
   10.809326171875000       -3.34448741E-05
   10.821533203125000       -3.34120341E-05
   10.833740234375000       -3.33794342E-05
   10.845947265625000       -3.33471435E-05
   10.858154296875000       -3.33150965E-05
   10.870361328125000       -3.32833624E-05
   10.882568359375000       -3.32518648E-05
   10.894775390625000       -3.32206801E-05
   10.906982421875000       -3.31897318E-05
   10.919189453125000       -3.31590199E-05
   10.931396484375000       -3.31286210E-05
   10.943603515625000       -3.30985276E-05
   10.955810546875000       -3.30686744E-05
   10.968017578125000       -3.30390540E-05
   10.980224609375000       -3.30097428E-05
   10.992431640625000       -3.29806644E-05
   11.004638671875000       -3.29518225E-05
   11.016845703125000       -3.29232862E-05
   11.029052734375000       -3.28950555E-05
   11.041259765625000       -3.28670576E-05
   11.053466796875000       -3.28392962E-05
   11.065673828125000       -3.28118367E-05
   11.077880859375000       -3.27846064E-05
   11.090087890625000       -3.27576126E-05
   11.102294921875000       -3.27309172E-05
   11.114501953125000       -3.27044581E-05
   11.126708984375000       -3.26782974E-05
   11.138916015625000       -3.26523659E-05
   11.151123046875000       -3.26266672E-05
   11.163330078125000       -3.26012669E-05
   11.175537109375000       -3.25760993E-05
   11.187744140625000       -3.25512301E-05
   11.199951171875000       -3.25265137E-05
   11.212158203125000       -3.25021720E-05
   11.224365234375000       -3.24779867E-05
   11.236572265625000       -3.24540997E-05
   11.248779296875000       -3.24304383E-05
   11.260986328125000       -3.24070788E-05
   11.273193359375000       -3.23838685E-05
   11.285400390625000       -3.23610293E-05
   11.297607421875000       -3.23383465E-05
   11.309814453125000       -3.23159547E-05
   11.322021484375000       -3.22937922E-05
   11.334228515625000       -3.22718515E-05
   11.346435546875000       -3.22502092E-05
   11.358642578125000       -3.22287888E-05
   11.370849609375000       -3.22075939E-05
   11.383056640625000       -3.21866901E-05
   11.395263671875000       -3.21660118E-05
   11.407470703125000       -3.21455555E-05
   11.419677734375000       -3.21253938E-05
   11.431884765625000       -3.21053813E-05
   11.444091796875000       -3.20857362E-05
   11.456298828125000       -3.20662366E-05
   11.468505859375000       -3.20469626E-05
   11.480712890625000       -3.20279760E-05
   11.492919921875000       -3.20092840E-05
   11.505126953125000       -3.19907413E-05
   11.517333984375000       -3.19724895E-05
   11.529541015625000       -3.19543869E-05
   11.541748046875000       -3.19366482E-05
   11.553955078125000       -3.19190549E-05
   11.566162109375000       -3.19017527E-05
   11.578369140625000       -3.18846687E-05
   11.590576171875000       -3.18678030E-05
   11.602783203125000       -3.18511557E-05
   11.614990234375000       -3.18347957E-05
   11.627197265625000       -3.18186576E-05
   11.639404296875000       -3.18027342E-05
   11.651611328125000       -3.17870290E-05
   11.663818359375000       -3.17716149E-05
   11.676025390625000       -3.17564154E-05
   11.688232421875000       -3.17414306E-05
   11.700439453125000       -3.17266640E-05
   11.712646484375000       -3.17121157E-05
   11.724853515625000       -3.16978512E-05
   11.737060546875000       -3.16838050E-05
   11.749267578125000       -3.16699734E-05
   11.761474609375000       -3.16563601E-05
   11.773681640625000       -3.16429614E-05
   11.785888671875000       -3.16298465E-05
   11.798095703125000       -3.16169462E-05
   11.810302734375000       -3.16042606E-05
   11.822509765625000       -3.15917932E-05
   11.834716796875000       -3.15796096E-05
   11.846923828125000       -3.15676371E-05
   11.859130859375000       -3.15558100E-05
   11.871337890625000       -3.15442703E-05
   11.883544921875000       -3.15330108E-05
   11.895751953125000       -3.15218967E-05
   11.907958984375000       -3.15110665E-05
   11.920166015625000       -3.15003781E-05
   11.932373046875000       -3.14899771E-05
   11.944580078125000       -3.14797835E-05
   11.956787109375000       -3.14698773E-05
   11.968994140625000       -3.14601130E-05
   11.981201171875000       -3.14506287E-05
   11.993408203125000       -3.14413592E-05
   12.005615234375000       -3.14323042E-05
   12.017822265625000       -3.14234603E-05
   12.030029296875000       -3.14148274E-05
   12.042236328125000       -3.14064746E-05
   12.054443359375000       -3.13982673E-05
   12.066650390625000       -3.13903402E-05
   12.078857421875000       -3.13826276E-05
   12.091064453125000       -3.13751225E-05
   12.103271484375000       -3.13678320E-05
   12.115478515625000       -3.13608216E-05
   12.127685546875000       -3.13539531E-05
   12.139892578125000       -3.13473647E-05
   12.152099609375000       -3.13409873E-05
   12.164306640625000       -3.13348246E-05
   12.176513671875000       -3.13288692E-05
   12.188720703125000       -3.13231249E-05
   12.200927734375000       -3.13176606E-05
   12.213134765625000       -3.13124110E-05
   12.225341796875000       -3.13072997E-05
   12.237548828125000       -3.13024684E-05
   12.249755859375000       -3.12978482E-05
   12.261962890625000       -3.12935081E-05
   12.274169921875000       -3.12893062E-05
   12.286376953125000       -3.12853190E-05
   12.298583984375000       -3.12816082E-05
   12.310791015625000       -3.12781121E-05
   12.322998046875000       -3.12748234E-05
   12.335205078125000       -3.12717420E-05
   12.347412109375000       -3.12688753E-05
   12.359619140625000       -3.12662160E-05
   12.371826171875000       -3.12638367E-05
   12.384033203125000       -3.12616685E-05
   12.396240234375000       -3.12596421E-05
   12.408447265625000       -3.12578923E-05
   12.420654296875000       -3.12563534E-05
   12.432861328125000       -3.12550255E-05
   12.445068359375000       -3.12539778E-05
   12.457275390625000       -3.12530683E-05
   12.469482421875000       -3.12524389E-05
   12.481689453125000       -3.12520169E-05
   12.493896484375000       -3.12517368E-05
   12.506103515625000       -3.12517368E-05
   12.518310546875000       -3.12520169E-05
   12.530517578125000       -3.12524389E-05
   12.542724609375000       -3.12530683E-05
   12.554931640625000       -3.12539778E-05
   12.567138671875000       -3.12550255E-05
   12.579345703125000       -3.12563534E-05
   12.591552734375000       -3.12578923E-05
   12.603759765625000       -3.12596421E-05
   12.615966796875000       -3.12616685E-05
   12.628173828125000       -3.12638367E-05
   12.640380859375000       -3.12662160E-05
   12.652587890625000       -3.12688753E-05
   12.664794921875000       -3.12717420E-05
   12.677001953125000       -3.12748234E-05
   12.689208984375000       -3.12781121E-05
   12.701416015625000       -3.12816082E-05
   12.713623046875000       -3.12853190E-05
   12.725830078125000       -3.12893062E-05
   12.738037109375000       -3.12935081E-05
   12.750244140625000       -3.12978482E-05
   12.762451171875000       -3.13024684E-05
   12.774658203125000       -3.13072997E-05
   12.786865234375000       -3.13124110E-05
   12.799072265625000       -3.13176606E-05
   12.811279296875000       -3.13231249E-05
   12.823486328125000       -3.13288692E-05
   12.835693359375000       -3.13348246E-05
   12.847900390625000       -3.13409873E-05
   12.860107421875000       -3.13473647E-05
   12.872314453125000       -3.13539531E-05
   12.884521484375000       -3.13608216E-05
   12.896728515625000       -3.13678320E-05
   12.908935546875000       -3.13751225E-05
   12.921142578125000       -3.13826276E-05
   12.933349609375000       -3.13903402E-05
   12.945556640625000       -3.13982673E-05
   12.957763671875000       -3.14064746E-05
   12.969970703125000       -3.14148274E-05
   12.982177734375000       -3.14234603E-05
   12.994384765625000       -3.14323042E-05
   13.006591796875000       -3.14413592E-05
   13.018798828125000       -3.14506287E-05
   13.031005859375000       -3.14601130E-05
   13.043212890625000       -3.14698773E-05
   13.055419921875000       -3.14797835E-05
   13.067626953125000       -3.14899771E-05
   13.079833984375000       -3.15003781E-05
   13.092041015625000       -3.15110665E-05
   13.104248046875000       -3.15218967E-05
   13.116455078125000       -3.15330108E-05
   13.128662109375000       -3.15442703E-05
   13.140869140625000       -3.15558100E-05
   13.153076171875000       -3.15676371E-05
   13.165283203125000       -3.15796096E-05
   13.177490234375000       -3.15917932E-05
   13.189697265625000       -3.16042606E-05
   13.201904296875000       -3.16169462E-05
   13.214111328125000       -3.16298465E-05
   13.226318359375000       -3.16429614E-05
   13.238525390625000       -3.16563601E-05
   13.250732421875000       -3.16699734E-05
   13.262939453125000       -3.16838050E-05
   13.275146484375000       -3.16978512E-05
   13.287353515625000       -3.17121157E-05
   13.299560546875000       -3.17266640E-05
   13.311767578125000       -3.17414306E-05
   13.323974609375000       -3.17564154E-05
   13.336181640625000       -3.17716149E-05
   13.348388671875000       -3.17870290E-05
   13.360595703125000       -3.18027342E-05
   13.372802734375000       -3.18186576E-05
   13.385009765625000       -3.18347957E-05
   13.397216796875000       -3.18511557E-05
   13.409423828125000       -3.18678030E-05
   13.421630859375000       -3.18846687E-05
   13.433837890625000       -3.19017527E-05
   13.446044921875000       -3.19190549E-05
   13.458251953125000       -3.19366482E-05
   13.470458984375000       -3.19543869E-05
   13.482666015625000       -3.19724895E-05
   13.494873046875000       -3.19907413E-05
   13.507080078125000       -3.20092840E-05
   13.519287109375000       -3.20279760E-05
   13.531494140625000       -3.20469626E-05
   13.543701171875000       -3.20662366E-05
   13.555908203125000       -3.20857362E-05
   13.568115234375000       -3.21053813E-05
   13.580322265625000       -3.21253938E-05
   13.592529296875000       -3.21455555E-05
   13.604736328125000       -3.21660118E-05
   13.616943359375000       -3.21866901E-05
   13.629150390625000       -3.22075939E-05
   13.641357421875000       -3.22287888E-05
   13.653564453125000       -3.22502092E-05
   13.665771484375000       -3.22718515E-05
   13.677978515625000       -3.22937922E-05
   13.690185546875000       -3.23159547E-05
   13.702392578125000       -3.23383465E-05
   13.714599609375000       -3.23610293E-05
   13.726806640625000       -3.23838685E-05
   13.739013671875000       -3.24070788E-05
   13.751220703125000       -3.24304383E-05
   13.763427734375000       -3.24540997E-05
   13.775634765625000       -3.24779867E-05
   13.787841796875000       -3.25021720E-05
   13.800048828125000       -3.25265137E-05
   13.812255859375000       -3.25512301E-05
   13.824462890625000       -3.25760993E-05
   13.836669921875000       -3.26012669E-05
   13.848876953125000       -3.26266672E-05
   13.861083984375000       -3.26523659E-05
   13.873291015625000       -3.26782974E-05
   13.885498046875000       -3.27044581E-05
   13.897705078125000       -3.27309172E-05
   13.909912109375000       -3.27576126E-05
   13.922119140625000       -3.27846064E-05
   13.934326171875000       -3.28118367E-05
   13.946533203125000       -3.28392962E-05
   13.958740234375000       -3.28670576E-05
   13.970947265625000       -3.28950555E-05
   13.983154296875000       -3.29232862E-05
   13.995361328125000       -3.29518225E-05
   14.007568359375000       -3.29806644E-05
   14.019775390625000       -3.30097428E-05
   14.031982421875000       -3.30390540E-05
   14.044189453125000       -3.30686744E-05
   14.056396484375000       -3.30985276E-05
   14.068603515625000       -3.31286210E-05
   14.080810546875000       -3.31590199E-05
   14.093017578125000       -3.31897318E-05
   14.105224609375000       -3.32206801E-05
   14.117431640625000       -3.32518648E-05
   14.129638671875000       -3.32833624E-05
   14.141845703125000       -3.33150965E-05
   14.154052734375000       -3.33471435E-05
   14.166259765625000       -3.33794342E-05
   14.178466796875000       -3.34120341E-05
   14.190673828125000       -3.34448741E-05
   14.202880859375000       -3.34780307E-05
   14.215087890625000       -3.35114310E-05
   14.227294921875000       -3.35451441E-05
   14.239501953125000       -3.35791738E-05
   14.251708984375000       -3.36133708E-05
   14.263916015625000       -3.36479607E-05
   14.276123046875000       -3.36827943E-05
   14.288330078125000       -3.37178753E-05
   14.300537109375000       -3.37532729E-05
   14.312744140625000       -3.37889905E-05
   14.324951171875000       -3.38249520E-05
   14.337158203125000       -3.38612372E-05
   14.349365234375000       -3.38977661E-05
   14.361572265625000       -3.39346225E-05
   14.373779296875000       -3.39717226E-05
   14.385986328125000       -3.40091465E-05
   14.398193359375000       -3.40468941E-05
   14.410400390625000       -3.40848928E-05
   14.422607421875000       -3.41232189E-05
   14.434814453125000       -3.41617924E-05
   14.447021484375000       -3.42006933E-05
   14.459228515625000       -3.42399217E-05
   14.471435546875000       -3.42794774E-05
   14.483642578125000       -3.43192842E-05
   14.495849609375000       -3.43593492E-05
   14.508056640625000       -3.43997417E-05
   14.520263671875000       -3.44404652E-05
   14.532470703125000       -3.44815162E-05
   14.544677734375000       -3.45228291E-05
   14.556884765625000       -3.45644694E-05
   14.569091796875000       -3.46064444E-05
   14.581298828125000       -3.46486813E-05
   14.593505859375000       -3.46913221E-05
   14.605712890625000       -3.47341520E-05
   14.617919921875000       -3.47773894E-05
   14.630126953125000       -3.48208923E-05
   14.642333984375000       -3.48647300E-05
   14.654541015625000       -3.49089059E-05
   14.666748046875000       -3.49533439E-05
   14.678955078125000       -3.49981965E-05
   14.691162109375000       -3.50433147E-05
   14.703369140625000       -3.50886985E-05
   14.715576171875000       -3.51345006E-05
   14.727783203125000       -3.51805684E-05
   14.739990234375000       -3.52269817E-05
   14.752197265625000       -3.52737370E-05
   14.764404296875000       -3.53208343E-05
   14.776611328125000       -3.53682044E-05
   14.788818359375000       -3.54159965E-05
   14.801025390625000       -3.54640615E-05
   14.813232421875000       -3.55124721E-05
   14.825439453125000       -3.55612356E-05
   14.837646484375000       -3.56103446E-05
   14.849853515625000       -3.56597302E-05
   14.862060546875000       -3.57095414E-05
   14.874267578125000       -3.57596291E-05
   14.886474609375000       -3.58101497E-05
   14.898681640625000       -3.58609432E-05
   14.910888671875000       -3.59120932E-05
   14.923095703125000       -3.59635997E-05
   14.935302734375000       -3.60154627E-05
   14.947509765625000       -3.60676859E-05
   14.959716796875000       -3.61202619E-05
   14.971923828125000       -3.61731254E-05
   14.984130859375000       -3.62264254E-05
   14.996337890625000       -3.62800856E-05
   15.008544921875000       -3.63341060E-05
   15.020751953125000       -3.63884137E-05
   15.032958984375000       -3.64431653E-05
   15.045166015625000       -3.64982807E-05
   15.057373046875000       -3.65536835E-05
   15.069580078125000       -3.66095301E-05
   15.081787109375000       -3.66657478E-05
   15.093994140625000       -3.67223329E-05
   15.106201171875000       -3.67792891E-05
   15.118408203125000       -3.68365363E-05
   15.130615234375000       -3.68942347E-05
   15.142822265625000       -3.69523841E-05
   15.155029296875000       -3.70108282E-05
   15.167236328125000       -3.70696471E-05
   15.179443359375000       -3.71288443E-05
   15.191650390625000       -3.71884962E-05
   15.203857421875000       -3.72485265E-05
   15.216064453125000       -3.73088551E-05
   15.228271484375000       -3.73696457E-05
   15.240478515625000       -3.74308947E-05
   15.252685546875000       -3.74924493E-05
   15.264892578125000       -3.75543896E-05
   15.277099609375000       -3.76167882E-05
   15.289306640625000       -3.76795761E-05
   15.301513671875000       -3.77427532E-05
   15.313720703125000       -3.78063123E-05
   15.325927734375000       -3.78703444E-05
   15.338134765625000       -3.79347657E-05
   15.350341796875000       -3.79995799E-05
   15.362548828125000       -3.80647871E-05
   15.374755859375000       -3.81304671E-05
   15.386962890625000       -3.81965438E-05
   15.399169921875000       -3.82630169E-05
   15.411376953125000       -3.83299666E-05
   15.423583984375000       -3.83972329E-05
   15.435791015625000       -3.84650630E-05
   15.447998046875000       -3.85332132E-05
   15.460205078125000       -3.86018473E-05
   15.472412109375000       -3.86709653E-05
   15.484619140625000       -3.87404070E-05
   15.496826171875000       -3.88103363E-05
   15.509033203125000       -3.88807530E-05
   15.521240234375000       -3.89515808E-05
   15.533447265625000       -3.90228161E-05
   15.545654296875000       -3.90945461E-05
   15.557861328125000       -3.91666908E-05
   15.570068359375000       -3.92393267E-05
   15.582275390625000       -3.93123810E-05
   15.594482421875000       -3.93859373E-05
   15.606689453125000       -3.94599083E-05
   15.618896484375000       -3.95343814E-05
   15.631103515625000       -3.96092728E-05
   15.643310546875000       -3.96846735E-05
   15.655517578125000       -3.97604963E-05
   15.667724609375000       -3.98368247E-05
   15.679931640625000       -3.99136661E-05
   15.692138671875000       -3.99909331E-05
   15.704345703125000       -4.00687131E-05
   15.716552734375000       -4.01469260E-05
   15.728759765625000       -4.02256555E-05
   15.740966796875000       -4.03048980E-05
   15.753173828125000       -4.03845806E-05
   15.765380859375000       -4.04647799E-05
   15.777587890625000       -4.05455030E-05
   15.789794921875000       -4.06266663E-05
   15.802001953125000       -4.07083535E-05
   15.814208984375000       -4.07905682E-05
   15.826416015625000       -4.08733140E-05
   15.838623046875000       -4.09565037E-05
   15.850830078125000       -4.10402281E-05
   15.863037109375000       -4.11244873E-05
   15.875244140625000       -4.12092777E-05
   15.887451171875000       -4.12946101E-05
   15.899658203125000       -4.13803937E-05
   15.911865234375000       -4.14667229E-05
   15.924072265625000       -4.15535906E-05
   15.936279296875000       -4.16410039E-05
   15.948486328125000       -4.17289630E-05
   15.960693359375000       -4.18174750E-05
   15.972900390625000       -4.19065327E-05
   15.985107421875000       -4.19960597E-05
   15.997314453125000       -4.20862234E-05
   16.009521484375000       -4.21768600E-05
   16.021728515625000       -4.22681369E-05
   16.033935546875000       -4.23599777E-05
   16.046142578125000       -4.24522914E-05
   16.058349609375000       -4.25452563E-05
   16.070556640625000       -4.26387014E-05
   16.082763671875000       -4.27327977E-05
   16.094970703125000       -4.28274652E-05
   16.107177734375000       -4.29227039E-05
   16.119384765625000       -4.30185173E-05
   16.131591796875000       -4.31149056E-05
   16.143798828125000       -4.32118723E-05
   16.156005859375000       -4.33095047E-05
   16.168212890625000       -4.34076355E-05
   16.180419921875000       -4.35064358E-05
   16.192626953125000       -4.36058217E-05
   16.204833984375000       -4.37057970E-05
   16.217041015625000       -4.38064490E-05
   16.229248046875000       -4.39076939E-05
   16.241455078125000       -4.40095355E-05
   16.253662109375000       -4.41119737E-05
   16.265869140625000       -4.42150995E-05
   16.278076171875000       -4.43188292E-05
   16.290283203125000       -4.44231628E-05
   16.302490234375000       -4.45281876E-05
   16.314697265625000       -4.46338236E-05
   16.326904296875000       -4.47401617E-05
   16.339111328125000       -4.48471110E-05
   16.351318359375000       -4.49546751E-05
   16.363525390625000       -4.50629486E-05
   16.375732421875000       -4.51718442E-05
   16.387939453125000       -4.52814493E-05
   16.400146484375000       -4.53916837E-05
   16.412353515625000       -4.55026311E-05
   16.424560546875000       -4.56143025E-05
   16.436767578125000       -4.57266069E-05
   16.448974609375000       -4.58395443E-05
   16.461181640625000       -4.59533039E-05
   16.473388671875000       -4.60676092E-05
   16.485595703125000       -4.61827440E-05
   16.497802734375000       -4.62985226E-05
   16.510009765625000       -4.64150398E-05
   16.522216796875000       -4.65323028E-05
   16.534423828125000       -4.66502170E-05
   16.546630859375000       -4.67688806E-05
   16.558837890625000       -4.68882936E-05
   16.571044921875000       -4.70084597E-05
   16.583251953125000       -4.71292951E-05
   16.595458984375000       -4.72509782E-05
   16.607666015625000       -4.73733344E-05
   16.619873046875000       -4.74964545E-05
   16.632080078125000       -4.76203459E-05
   16.644287109375000       -4.77450048E-05
   16.656494140625000       -4.78704424E-05
   16.668701171875000       -4.79966584E-05
   16.680908203125000       -4.81235584E-05
   16.693115234375000       -4.82513387E-05
   16.705322265625000       -4.83799085E-05
   16.717529296875000       -4.85092642E-05
   16.729736328125000       -4.86394165E-05
   16.741943359375000       -4.87703655E-05
   16.754150390625000       -4.89021149E-05
   16.766357421875000       -4.90347629E-05
   16.778564453125000       -4.91681240E-05
   16.790771484375000       -4.93023908E-05
   16.802978515625000       -4.94374690E-05
   16.815185546875000       -4.95733657E-05
   16.827392578125000       -4.97100809E-05
   16.839599609375000       -4.98477166E-05
   16.851806640625000       -4.99861817E-05
   16.864013671875000       -5.01254763E-05
   16.876220703125000       -5.02657022E-05
   16.888427734375000       -5.04067684E-05
   16.900634765625000       -5.05487697E-05
   16.912841796875000       -5.06916185E-05
   16.925048828125000       -5.08353151E-05
   16.937255859375000       -5.09799611E-05
   16.949462890625000       -5.11254657E-05
   16.961669921875000       -5.12719271E-05
   16.973876953125000       -5.14193489E-05
   16.986083984375000       -5.15676402E-05
   16.998291015625000       -5.17168010E-05
   17.010498046875000       -5.18670386E-05
   17.022705078125000       -5.20181529E-05
   17.034912109375000       -5.21701513E-05
   17.047119140625000       -5.23232338E-05
   17.059326171875000       -5.24772076E-05
   17.071533203125000       -5.26321783E-05
   17.083740234375000       -5.27880475E-05
   17.095947265625000       -5.29450190E-05
   17.108154296875000       -5.31029000E-05
   17.120361328125000       -5.32617923E-05
   17.132568359375000       -5.34216997E-05
   17.144775390625000       -5.35826293E-05
   17.156982421875000       -5.37445849E-05
   17.169189453125000       -5.39075736E-05
   17.181396484375000       -5.40715919E-05
   17.193603515625000       -5.42366506E-05
   17.205810546875000       -5.44028553E-05
   17.218017578125000       -5.45700095E-05
   17.230224609375000       -5.47382151E-05
   17.242431640625000       -5.49075812E-05
   17.254638671875000       -5.50779077E-05
   17.266845703125000       -5.52494057E-05
   17.279052734375000       -5.54219732E-05
   17.291259765625000       -5.55957231E-05
   17.303466796875000       -5.57705571E-05
   17.315673828125000       -5.59464788E-05
   17.327880859375000       -5.61234920E-05
   17.340087890625000       -5.63017056E-05
   17.352294921875000       -5.64811271E-05
   17.364501953125000       -5.66615563E-05
   17.376708984375000       -5.68433024E-05
   17.388916015625000       -5.70261691E-05
   17.401123046875000       -5.72101635E-05
   17.413330078125000       -5.73953876E-05
   17.425537109375000       -5.75818558E-05
   17.437744140625000       -5.77694627E-05
   17.449951171875000       -5.79583211E-05
   17.462158203125000       -5.81483328E-05
   17.474365234375000       -5.83397123E-05
   17.486572265625000       -5.85322559E-05
   17.498779296875000       -5.87260729E-05
   17.510986328125000       -5.89211704E-05
   17.523193359375000       -5.91175594E-05
   17.535400390625000       -5.93152363E-05
   17.547607421875000       -5.95141100E-05
   17.559814453125000       -5.97143953E-05
   17.572021484375000       -5.99159939E-05
   17.584228515625000       -6.01189095E-05
   17.596435546875000       -6.03231529E-05
   17.608642578125000       -6.05287241E-05
   17.620849609375000       -6.07356342E-05
   17.633056640625000       -6.09438903E-05
   17.645263671875000       -6.11536016E-05
   17.657470703125000       -6.13646771E-05
   17.669677734375000       -6.15771132E-05
   17.681884765625000       -6.17910337E-05
   17.694091796875000       -6.20063292E-05
   17.706298828125000       -6.22231237E-05
   17.718505859375000       -6.24413078E-05
   17.730712890625000       -6.26608889E-05
   17.742919921875000       -6.28819907E-05
   17.755126953125000       -6.31046132E-05
   17.767333984375000       -6.33286618E-05
   17.779541015625000       -6.35542528E-05
   17.791748046875000       -6.37813864E-05
   17.803955078125000       -6.40099606E-05
   17.816162109375000       -6.42400992E-05
   17.828369140625000       -6.44718093E-05
   17.840576171875000       -6.47051056E-05
   17.852783203125000       -6.49399808E-05
   17.864990234375000       -6.51764494E-05
   17.877197265625000       -6.54145260E-05
   17.889404296875000       -6.56541015E-05
   17.901611328125000       -6.58954013E-05
   17.913818359375000       -6.61383383E-05
   17.926025390625000       -6.63829123E-05
   17.938232421875000       -6.66292399E-05
   17.950439453125000       -6.68771099E-05
   17.962646484375000       -6.71267553E-05
   17.974853515625000       -6.73781906E-05
   17.987060546875000       -6.76311902E-05
   17.999267578125000       -6.78859942E-05
   18.011474609375000       -6.81426100E-05
   18.023681640625000       -6.84009356E-05
   18.035888671875000       -6.86609783E-05
   18.048095703125000       -6.89229782E-05
   18.060302734375000       -6.91867172E-05
   18.072509765625000       -6.94522023E-05
   18.084716796875000       -6.97196738E-05
   18.096923828125000       -6.99889133E-05
   18.109130859375000       -7.02600373E-05
   18.121337890625000       -7.05330676E-05
   18.133544921875000       -7.08078951E-05
   18.145751953125000       -7.10847598E-05
   18.157958984375000       -7.13635600E-05
   18.170166015625000       -7.16443028E-05
   18.182373046875000       -7.19270029E-05
   18.194580078125000       -7.22116674E-05
   18.206787109375000       -7.24984275E-05
   18.218994140625000       -7.27871811E-05
   18.231201171875000       -7.30779211E-05
   18.243408203125000       -7.33706765E-05
   18.255615234375000       -7.36655784E-05
   18.267822265625000       -7.39626339E-05
   18.280029296875000       -7.42617267E-05
   18.292236328125000       -7.45628786E-05
   18.304443359375000       -7.48662205E-05
   18.316650390625000       -7.51717598E-05
   18.328857421875000       -7.54795183E-05
   18.341064453125000       -7.57895032E-05
   18.353271484375000       -7.61016054E-05
   18.365478515625000       -7.64160795E-05
   18.377685546875000       -7.67327001E-05
   18.389892578125000       -7.70515908E-05
   18.402099609375000       -7.73729043E-05
   18.414306640625000       -7.76963861E-05
   18.426513671875000       -7.80223199E-05
   18.438720703125000       -7.83505820E-05
   18.450927734375000       -7.86813180E-05
   18.463134765625000       -7.90144040E-05
   18.475341796875000       -7.93498693E-05
   18.487548828125000       -7.96878448E-05
   18.499755859375000       -8.00282141E-05
   18.511962890625000       -8.03711373E-05
   18.524169921875000       -8.07164761E-05
   18.536376953125000       -8.10645288E-05
   18.548583984375000       -8.14150262E-05
   18.560791015625000       -8.17681357E-05
   18.572998046875000       -8.21238573E-05
   18.585205078125000       -8.24822127E-05
   18.597412109375000       -8.28432167E-05
   18.609619140625000       -8.32068836E-05
   18.621826171875000       -8.35733663E-05
   18.634033203125000       -8.39424101E-05
   18.646240234375000       -8.43142989E-05
   18.658447265625000       -8.46890543E-05
   18.670654296875000       -8.50664146E-05
   18.682861328125000       -8.54468162E-05
   18.695068359375000       -8.58299900E-05
   18.707275390625000       -8.62159577E-05
   18.719482421875000       -8.66048722E-05
   18.731689453125000       -8.69967625E-05
   18.743896484375000       -8.73916288E-05
   18.756103515625000       -8.77895000E-05
   18.768310546875000       -8.81903979E-05
   18.780517578125000       -8.85943300E-05
   18.792724609375000       -8.90013180E-05
   18.804931640625000       -8.94113909E-05
   18.817138671875000       -8.98246944E-05
   18.829345703125000       -9.02411193E-05
   18.841552734375000       -9.06606729E-05
   18.853759765625000       -9.10835224E-05
   18.865966796875000       -9.15096898E-05
   18.878173828125000       -9.19390513E-05
   18.890380859375000       -9.23717671E-05
   18.902587890625000       -9.28078662E-05
   18.914794921875000       -9.32472176E-05
   18.927001953125000       -9.36901342E-05
   18.939208984375000       -9.41364924E-05
   18.951416015625000       -9.45861757E-05
   18.963623046875000       -9.50394824E-05
   18.975830078125000       -9.54964416E-05
   18.988037109375000       -9.59567915E-05
   19.000244140625000       -9.64209903E-05
   19.012451171875000       -9.68886088E-05
   19.024658203125000       -9.73601273E-05
   19.036865234375000       -9.78352691E-05
   19.049072265625000       -9.83140562E-05
   19.061279296875000       -9.87968160E-05
   19.073486328125000       -9.92834175E-05
   19.085693359375000       -9.97737370E-05
   19.097900390625000       -1.00268102E-04
   19.110107421875000       -1.00766389E-04
   19.122314453125000       -1.01268772E-04
   19.134521484375000       -1.01775120E-04
   19.146728515625000       -1.02285478E-04
   19.158935546875000       -1.02800004E-04
   19.171142578125000       -1.03318591E-04
   19.183349609375000       -1.03841558E-04
   19.195556640625000       -1.04368635E-04
   19.207763671875000       -1.04899998E-04
   19.219970703125000       -1.05435676E-04
   19.232177734375000       -1.05975705E-04
   19.244384765625000       -1.06520267E-04
   19.256591796875000       -1.07069231E-04
   19.268798828125000       -1.07622633E-04
   19.281005859375000       -1.08180655E-04
   19.293212890625000       -1.08743334E-04
   19.305419921875000       -1.09310546E-04
   19.317626953125000       -1.09882465E-04
   19.329833984375000       -1.10459143E-04
   19.342041015625000       -1.11040601E-04
   19.354248046875000       -1.11626869E-04
   19.366455078125000       -1.12218157E-04
   19.378662109375000       -1.12814152E-04
   19.390869140625000       -1.13415401E-04
   19.403076171875000       -1.14021597E-04
   19.415283203125000       -1.14632770E-04
   19.427490234375000       -1.15249139E-04
   19.439697265625000       -1.15870891E-04
   19.451904296875000       -1.16497729E-04
   19.464111328125000       -1.17129865E-04
   19.476318359375000       -1.17767500E-04
   19.488525390625000       -1.18410513E-04
   19.500732421875000       -1.19058925E-04
   19.512939453125000       -1.19712953E-04
   19.525146484375000       -1.20372461E-04
   19.537353515625000       -1.21037840E-04
   19.549560546875000       -1.21708785E-04
   19.561767578125000       -1.22385682E-04
   19.573974609375000       -1.23068210E-04
   19.586181640625000       -1.23756792E-04
   19.598388671875000       -1.24451253E-04
   19.610595703125000       -1.25151855E-04
   19.622802734375000       -1.25858438E-04
   19.635009765625000       -1.26571395E-04
   19.647216796875000       -1.27290448E-04
   19.659423828125000       -1.28015789E-04
   19.671630859375000       -1.28747473E-04
   19.683837890625000       -1.29485736E-04
   19.696044921875000       -1.30230430E-04
   19.708251953125000       -1.30981614E-04
   19.720458984375000       -1.31739682E-04
   19.732666015625000       -1.32504356E-04
   19.744873046875000       -1.33275826E-04
   19.757080078125000       -1.34054178E-04
   19.769287109375000       -1.34839429E-04
   19.781494140625000       -1.35631853E-04
   19.793701171875000       -1.36431292E-04
   19.805908203125000       -1.37237977E-04
   19.818115234375000       -1.38051997E-04
   19.830322265625000       -1.38873380E-04
   19.842529296875000       -1.39702199E-04
   19.854736328125000       -1.40538483E-04
   19.866943359375000       -1.41382319E-04
   19.879150390625000       -1.42233941E-04
   19.891357421875000       -1.43093406E-04
   19.903564453125000       -1.43960599E-04
   19.915771484375000       -1.44835940E-04
   19.927978515625000       -1.45719125E-04
   19.940185546875000       -1.46610590E-04
   19.952392578125000       -1.47510407E-04
   19.964599609375000       -1.48418447E-04
   19.976806640625000       -1.49334955E-04
   19.989013671875000       -1.50259832E-04
   20.001220703125000       -1.51193497E-04
   20.013427734375000       -1.52135864E-04
   20.025634765625000       -1.53087167E-04
   20.037841796875000       -1.54047302E-04
   20.050048828125000       -1.55016518E-04
   20.062255859375000       -1.55994901E-04
   20.074462890625000       -1.56982511E-04
   20.086669921875000       -1.57979433E-04
   20.098876953125000       -1.58985960E-04
   20.111083984375000       -1.60002135E-04
   20.123291015625000       -1.61027856E-04
   20.135498046875000       -1.62063399E-04
   20.147705078125000       -1.63109056E-04
   20.159912109375000       -1.64164696E-04
   20.172119140625000       -1.65230391E-04
   20.184326171875000       -1.66306447E-04
   20.196533203125000       -1.67392951E-04
   20.208740234375000       -1.68490180E-04
   20.220947265625000       -1.69597828E-04
   20.233154296875000       -1.70716390E-04
   20.245361328125000       -1.71845953E-04
   20.257568359375000       -1.72986620E-04
   20.269775390625000       -1.74138462E-04
   20.281982421875000       -1.75301611E-04
   20.294189453125000       -1.76476125E-04
   20.306396484375000       -1.77662558E-04
   20.318603515625000       -1.78860559E-04
   20.330810546875000       -1.80070681E-04
   20.343017578125000       -1.81292795E-04
   20.355224609375000       -1.82527001E-04
   20.367431640625000       -1.83773634E-04
   20.379638671875000       -1.85032797E-04
   20.391845703125000       -1.86304824E-04
   20.404052734375000       -1.87589598E-04
   20.416259765625000       -1.88887221E-04
   20.428466796875000       -1.90198291E-04
   20.440673828125000       -1.91522427E-04
   20.452880859375000       -1.92860214E-04
   20.465087890625000       -1.94211796E-04
   20.477294921875000       -1.95577028E-04
   20.489501953125000       -1.96956535E-04
   20.501708984375000       -1.98350172E-04
   20.513916015625000       -1.99758069E-04
   20.526123046875000       -2.01180606E-04
   20.538330078125000       -2.02617914E-04
   20.550537109375000       -2.04070340E-04
   20.562744140625000       -2.05537814E-04
   20.574951171875000       -2.07020668E-04
   20.587158203125000       -2.08519079E-04
   20.599365234375000       -2.10033162E-04
   20.611572265625000       -2.11563325E-04
   20.623779296875000       -2.13109452E-04
   20.635986328125000       -2.14672182E-04
   20.648193359375000       -2.16251428E-04
   20.660400390625000       -2.17847584E-04
   20.672607421875000       -2.19460810E-04
   20.684814453125000       -2.21091264E-04
   20.697021484375000       -2.22739080E-04
   20.709228515625000       -2.24404968E-04
   20.721435546875000       -2.26088552E-04
   20.733642578125000       -2.27790530E-04
   20.745849609375000       -2.29510813E-04
   20.758056640625000       -2.31249811E-04
   20.770263671875000       -2.33007988E-04
   20.782470703125000       -2.34785242E-04
   20.794677734375000       -2.36582026E-04
   20.806884765625000       -2.38398527E-04
   20.819091796875000       -2.40235197E-04
   20.831298828125000       -2.42091963E-04
   20.843505859375000       -2.43969538E-04
   20.855712890625000       -2.45867588E-04
   20.867919921875000       -2.47787160E-04
   20.880126953125000       -2.49728124E-04
   20.892333984375000       -2.51690741E-04
   20.904541015625000       -2.53675447E-04
   20.916748046875000       -2.55682506E-04
   20.928955078125000       -2.57712411E-04
   20.941162109375000       -2.59765075E-04
   20.953369140625000       -2.61841284E-04
   20.965576171875000       -2.63941009E-04
   20.977783203125000       -2.66064482E-04
   20.989990234375000       -2.68212490E-04
   21.002197265625000       -2.70385295E-04
   21.014404296875000       -2.72582838E-04
   21.026611328125000       -2.74805963E-04
   21.038818359375000       -2.77054933E-04
   21.051025390625000       -2.79329659E-04
   21.063232421875000       -2.81631073E-04
   21.075439453125000       -2.83959380E-04
   21.087646484375000       -2.86314898E-04
   21.099853515625000       -2.88698153E-04
   21.112060546875000       -2.91109172E-04
   21.124267578125000       -2.93549150E-04
   21.136474609375000       -2.96017737E-04
   21.148681640625000       -2.98515544E-04
   21.160888671875000       -3.01043212E-04
   21.173095703125000       -3.03601031E-04
   21.185302734375000       -3.06189293E-04
   21.197509765625000       -3.08808958E-04
   21.209716796875000       -3.11460055E-04
   21.221923828125000       -3.14143224E-04
   21.234130859375000       -3.16858786E-04
   21.246337890625000       -3.19607439E-04
   21.258544921875000       -3.22389475E-04
   21.270751953125000       -3.25205299E-04
   21.282958984375000       -3.28055874E-04
   21.295166015625000       -3.30941635E-04
   21.307373046875000       -3.33862583E-04
   21.319580078125000       -3.36819765E-04
   21.331787109375000       -3.39813589E-04
   21.343994140625000       -3.42844782E-04
   21.356201171875000       -3.45913752E-04
   21.368408203125000       -3.49020906E-04
   21.380615234375000       -3.52167321E-04
   21.392822265625000       -3.55352764E-04
   21.405029296875000       -3.58579040E-04
   21.417236328125000       -3.61845567E-04
   21.429443359375000       -3.65153828E-04
   21.441650390625000       -3.68504290E-04
   21.453857421875000       -3.71897069E-04
   21.466064453125000       -3.75333679E-04
   21.478271484375000       -3.78814322E-04
   21.490478515625000       -3.82339786E-04
   21.502685546875000       -3.85910593E-04
   21.514892578125000       -3.89527995E-04
   21.527099609375000       -3.93192138E-04
   21.539306640625000       -3.96903924E-04
   21.551513671875000       -4.00664314E-04
   21.563720703125000       -4.04474180E-04
   21.575927734375000       -4.08334134E-04
   21.588134765625000       -4.12244699E-04
   21.600341796875000       -4.16207302E-04
   21.612548828125000       -4.20222466E-04
   21.624755859375000       -4.24290862E-04
   21.636962890625000       -4.28413856E-04
   21.649169921875000       -4.32592089E-04
   21.661376953125000       -4.36826231E-04
   21.673583984375000       -4.41117299E-04
   21.685791015625000       -4.45466401E-04
   21.697998046875000       -4.49874613E-04
   21.710205078125000       -4.54342633E-04
   21.722412109375000       -4.58872033E-04
   21.734619140625000       -4.63463075E-04
   21.746826171875000       -4.68116923E-04
   21.759033203125000       -4.72835207E-04
   21.771240234375000       -4.77618247E-04
   21.783447265625000       -4.82467702E-04
   21.795654296875000       -4.87384765E-04
   21.807861328125000       -4.92370280E-04
   21.820068359375000       -4.97425557E-04
   21.832275390625000       -5.02551382E-04
   21.844482421875000       -5.07749559E-04
   21.856689453125000       -5.13021369E-04
   21.868896484375000       -5.18367335E-04
   21.881103515625000       -5.23789669E-04
   21.893310546875000       -5.29288896E-04
   21.905517578125000       -5.34867344E-04
   21.917724609375000       -5.40525070E-04
   21.929931640625000       -5.46264462E-04
   21.942138671875000       -5.52087033E-04
   21.954345703125000       -5.57993364E-04
   21.966552734375000       -5.63985901E-04
   21.978759765625000       -5.70065342E-04
   21.990966796875000       -5.76234190E-04
   22.003173828125000       -5.82493085E-04
   22.015380859375000       -5.88844181E-04
   22.027587890625000       -5.95288642E-04
   22.039794921875000       -6.01829204E-04
   22.052001953125000       -6.08466566E-04
   22.064208984375000       -6.15203055E-04
   22.076416015625000       -6.22039952E-04
   22.088623046875000       -6.28979527E-04
   22.100830078125000       -6.36023702E-04
   22.113037109375000       -6.43173873E-04
   22.125244140625000       -6.50432426E-04
   22.137451171875000       -6.57801924E-04
   22.149658203125000       -6.65283296E-04
   22.161865234375000       -6.72879047E-04
   22.174072265625000       -6.80591329E-04
   22.186279296875000       -6.88422762E-04
   22.198486328125000       -6.96374918E-04
   22.210693359375000       -7.04450067E-04
   22.222900390625000       -7.12651468E-04
   22.235107421875000       -7.20980344E-04
   22.247314453125000       -7.29439547E-04
   22.259521484375000       -7.38031988E-04
   22.271728515625000       -7.46759528E-04
   22.283935546875000       -7.55625195E-04
   22.296142578125000       -7.64632074E-04
   22.308349609375000       -7.73781503E-04
   22.320556640625000       -7.83077325E-04
   22.332763671875000       -7.92522158E-04
   22.344970703125000       -8.02119263E-04
   22.357177734375000       -8.11870792E-04
   22.369384765625000       -8.21780239E-04
   22.381591796875000       -8.31851037E-04
   22.393798828125000       -8.42085457E-04
   22.406005859375000       -8.52487166E-04
   22.418212890625000       -8.63059773E-04
   22.430419921875000       -8.73807061E-04
   22.442626953125000       -8.84730893E-04
   22.454833984375000       -8.95836449E-04
   22.467041015625000       -9.07126989E-04
   22.479248046875000       -9.18605248E-04
   22.491455078125000       -9.30276699E-04
   22.503662109375000       -9.42143437E-04
   22.515869140625000       -9.54211049E-04
   22.528076171875000       -9.66482563E-04
   22.540283203125000       -9.78962402E-04
   22.552490234375000       -9.91655048E-04
   22.564697265625000       -1.00456446E-03
   22.576904296875000       -1.01769518E-03
   22.589111328125000       -1.03105267E-03
   22.601318359375000       -1.04464055E-03
   22.613525390625000       -1.05846452E-03
   22.625732421875000       -1.07252796E-03
   22.637939453125000       -1.08683761E-03
   22.650146484375000       -1.10139803E-03
   22.662353515625000       -1.11621455E-03
   22.674560546875000       -1.13129197E-03
   22.686767578125000       -1.14663725E-03
   22.698974609375000       -1.16225402E-03
   22.711181640625000       -1.17815030E-03
   22.723388671875000       -1.19433051E-03
   22.735595703125000       -1.21080154E-03
   22.747802734375000       -1.22756872E-03
   22.760009765625000       -1.24464009E-03
   22.772216796875000       -1.26202044E-03
   22.784423828125000       -1.27971719E-03
   22.796630859375000       -1.29773794E-03
   22.808837890625000       -1.31608953E-03
   22.821044921875000       -1.33477827E-03
   22.833251953125000       -1.35381229E-03
   22.845458984375000       -1.37319951E-03
   22.857666015625000       -1.39294681E-03
   22.869873046875000       -1.41306361E-03
   22.882080078125000       -1.43355690E-03
   22.894287109375000       -1.45443552E-03
   22.906494140625000       -1.47570879E-03
   22.918701171875000       -1.49738393E-03
   22.930908203125000       -1.51947152E-03
   22.943115234375000       -1.54198124E-03
   22.955322265625000       -1.56492123E-03
   22.967529296875000       -1.58830162E-03
   22.979736328125000       -1.61213358E-03
   22.991943359375000       -1.63642701E-03
   23.004150390625000       -1.66119158E-03
   23.016357421875000       -1.68643950E-03
   23.028564453125000       -1.71218102E-03
   23.040771484375000       -1.73842767E-03
   23.052978515625000       -1.76519237E-03
   23.065185546875000       -1.79248629E-03
   23.077392578125000       -1.82032166E-03
   23.089599609375000       -1.84871245E-03
   23.101806640625000       -1.87767041E-03
   23.114013671875000       -1.90720998E-03
   23.126220703125000       -1.93734467E-03
   23.138427734375000       -1.96808740E-03
   23.150634765625000       -1.99945550E-03
   23.162841796875000       -2.03146180E-03
   23.175048828125000       -2.06412189E-03
   23.187255859375000       -2.09745253E-03
   23.199462890625000       -2.13146908E-03
   23.211669921875000       -2.16618902E-03
   23.223876953125000       -2.20162887E-03
   23.236083984375000       -2.23780749E-03
   23.248291015625000       -2.27474119E-03
   23.260498046875000       -2.31244997E-03
   23.272705078125000       -2.35095317E-03
   23.284912109375000       -2.39026849E-03
   23.297119140625000       -2.43041827E-03
   23.309326171875000       -2.47142371E-03
   23.321533203125000       -2.51330342E-03
   23.333740234375000       -2.55608326E-03
   23.345947265625000       -2.59978278E-03
   23.358154296875000       -2.64442642E-03
   23.370361328125000       -2.69003748E-03
   23.382568359375000       -2.73664179E-03
   23.394775390625000       -2.78426544E-03
   23.406982421875000       -2.83293216E-03
   23.419189453125000       -2.88267084E-03
   23.431396484375000       -2.93350685E-03
   23.443603515625000       -2.98547209E-03
   23.455810546875000       -3.03859287E-03
   23.468017578125000       -3.09289969E-03
   23.480224609375000       -3.14842514E-03
   23.492431640625000       -3.20520112E-03
   23.504638671875000       -3.26325861E-03
   23.516845703125000       -3.32263298E-03
   23.529052734375000       -3.38336034E-03
   23.541259765625000       -3.44547257E-03
   23.553466796875000       -3.50901089E-03
   23.565673828125000       -3.57401278E-03
   23.577880859375000       -3.64051457E-03
   23.590087890625000       -3.70855909E-03
   23.602294921875000       -3.77818826E-03
   23.614501953125000       -3.84944514E-03
   23.626708984375000       -3.92237259E-03
   23.638916015625000       -3.99701577E-03
   23.651123046875000       -4.07342520E-03
   23.663330078125000       -4.15164512E-03
   23.675537109375000       -4.23172861E-03
   23.687744140625000       -4.31372644E-03
   23.699951171875000       -4.39769216E-03
   23.712158203125000       -4.48367791E-03
   23.724365234375000       -4.57174378E-03
   23.736572265625000       -4.66194469E-03
   23.748779296875000       -4.75434493E-03
   23.760986328125000       -4.84900177E-03
   23.773193359375000       -4.94598271E-03
   23.785400390625000       -5.04535157E-03
   23.797607421875000       -5.14717912E-03
   23.809814453125000       -5.25153242E-03
   23.822021484375000       -5.35848457E-03
   23.834228515625000       -5.46811242E-03
   23.846435546875000       -5.58049232E-03
   23.858642578125000       -5.69570251E-03
   23.870849609375000       -5.81382541E-03
   23.883056640625000       -5.93494950E-03
   23.895263671875000       -6.05915906E-03
   23.907470703125000       -6.18654583E-03
   23.919677734375000       -6.31720386E-03
   23.931884765625000       -6.45122724E-03
   23.944091796875000       -6.58872072E-03
   23.956298828125000       -6.72978209E-03
   23.968505859375000       -6.87452219E-03
   23.980712890625000       -7.02304626E-03
   23.992919921875000       -7.17547489E-03
   24.005126953125000       -7.33191846E-03
   24.017333984375000       -7.49250548E-03
   24.029541015625000       -7.65735470E-03
   24.041748046875000       -7.82659929E-03
   24.053955078125000       -8.00037477E-03
   24.066162109375000       -8.17881897E-03
   24.078369140625000       -8.36207345E-03
   24.090576171875000       -8.55028816E-03
   24.102783203125000       -8.74361675E-03
   24.114990234375000       -8.94221850E-03
   24.127197265625000       -9.14625544E-03
   24.139404296875000       -9.35589988E-03
   24.151611328125000       -9.57132597E-03
   24.163818359375000       -9.79271624E-03
   24.176025390625000       -1.00202570E-02
   24.188232421875000       -1.02541465E-02
   24.200439453125000       -1.04945833E-02
   24.212646484375000       -1.07417777E-02
   24.224853515625000       -1.09959468E-02
   24.237060546875000       -1.12573113E-02
   24.249267578125000       -1.15261041E-02
   24.261474609375000       -1.18025634E-02
   24.273681640625000       -1.20869409E-02
   24.285888671875000       -1.23794917E-02
   24.298095703125000       -1.26804831E-02
   24.310302734375000       -1.29901906E-02
   24.322509765625000       -1.33088985E-02
   24.334716796875000       -1.36369066E-02
   24.346923828125000       -1.39745185E-02
   24.359130859375000       -1.43220555E-02
   24.371337890625000       -1.46798436E-02
   24.383544921875000       -1.50482291E-02
   24.395751953125000       -1.54275624E-02
   24.407958984375000       -1.58182140E-02
   24.420166015625000       -1.62205622E-02
   24.432373046875000       -1.66350063E-02
   24.444580078125000       -1.70619488E-02
   24.456787109375000       -1.75018236E-02
   24.468994140625000       -1.79550648E-02
   24.481201171875000       -1.84221342E-02
   24.493408203125000       -1.89034995E-02
   24.505615234375000       -1.93996616E-02
   24.517822265625000       -1.99111272E-02
   24.530029296875000       -2.04384271E-02
   24.542236328125000       -2.09821090E-02
   24.554443359375000       -2.15427484E-02
   24.566650390625000       -2.21209377E-02
   24.578857421875000       -2.27172915E-02
   24.591064453125000       -2.33324487E-02
   24.603271484375000       -2.39670780E-02
   24.615478515625000       -2.46218629E-02
   24.627685546875000       -2.52975244E-02
   24.639892578125000       -2.59948038E-02
   24.652099609375000       -2.67144777E-02
   24.664306640625000       -2.74573453E-02
   24.676513671875000       -2.82242466E-02
   24.688720703125000       -2.90160459E-02
   24.700927734375000       -2.98336446E-02
   24.713134765625000       -3.06779835E-02
   24.725341796875000       -3.15500349E-02
   24.737548828125000       -3.24508138E-02
   24.749755859375000       -3.33813727E-02
   24.761962890625000       -3.43428068E-02
   24.774169921875000       -3.53362598E-02
   24.786376953125000       -3.63629088E-02
   24.798583984375000       -3.74239944E-02
   24.810791015625000       -3.85207981E-02
   24.822998046875000       -3.96546572E-02
   24.835205078125000       -4.08269502E-02
   24.847412109375000       -4.20391373E-02
   24.859619140625000       -4.32927087E-02
   24.871826171875000       -4.45892513E-02
   24.884033203125000       -4.59303670E-02
   24.896240234375000       -4.73177880E-02
   24.908447265625000       -4.87532392E-02
   24.920654296875000       -5.02386205E-02
   24.932861328125000       -5.17757684E-02
   24.945068359375000       -5.33667915E-02
   24.957275390625000       -5.50136119E-02
   24.969482421875000       -5.67186512E-02
   24.981689453125000       -5.84837012E-02
   24.993896484375000       -6.03122152E-02
