-6.000000000000000000e+00 2.703403335763939278e-03
-5.988000000000000433e+00 2.749720137637600304e-03
-5.975999999999999979e+00 2.797060564062249250e-03
-5.964000000000000412e+00 2.845452184249503726e-03
-5.951999999999999957e+00 2.894923437793714242e-03
-5.940000000000000391e+00 2.945503665948511103e-03
-5.927999999999999936e+00 2.997223144149443932e-03
-5.916000000000000369e+00 3.050113115839303991e-03
-5.903999999999999915e+00 3.104205827651209358e-03
-5.892000000000000348e+00 3.159534566008111341e-03
-5.879999999999999893e+00 3.216133695200820881e-03
-5.868000000000000327e+00 3.274038697009378548e-03
-5.855999999999999872e+00 3.333286211934636048e-03
-5.844000000000000306e+00 3.393914082110316421e-03
-5.831999999999999851e+00 3.455961395968903515e-03
-5.820000000000000284e+00 3.519468534740240358e-03
-5.807999999999999829e+00 3.584477220861389483e-03
-5.796000000000000263e+00 3.651030568381887116e-03
-5.783999999999999808e+00 3.719173135453145325e-03
-5.772000000000000242e+00 3.788950978995488106e-03
-5.759999999999999787e+00 3.860411711634110371e-03
-5.748000000000000220e+00 3.933604561010183888e-03
-5.735999999999999766e+00 4.008580431567321245e-03
-5.724000000000000199e+00 4.085391968926408574e-03
-5.711999999999999744e+00 4.164093626960835466e-03
-5.700000000000000178e+00 4.244741737692823286e-03
-5.687999999999999723e+00 4.327394584135797924e-03
-5.676000000000000156e+00 4.412112476212585142e-03
-5.663999999999999702e+00 4.498957829886479458e-03
-5.652000000000000135e+00 4.587995249644072869e-03
-5.639999999999999680e+00 4.679291614484007433e-03
-5.628000000000000114e+00 4.772916167557865463e-03
-5.615999999999999659e+00 4.868940609630435963e-03
-5.604000000000000092e+00 4.967439196524773594e-03
-5.591999999999999638e+00 5.068488840727062954e-03
-5.580000000000000071e+00 5.172169217328424252e-03
-5.567999999999999616e+00 5.278562874502892507e-03
-5.556000000000000050e+00 5.387755348706740714e-03
-5.543999999999999595e+00 5.499835284808923634e-03
-5.532000000000000028e+00 5.614894561365784201e-03
-5.519999999999999574e+00 5.733028421255052798e-03
-5.508000000000000007e+00 5.854335607902379050e-03
-5.496000000000000441e+00 5.978918507330277347e-03
-5.483999999999999986e+00 6.106883296278712951e-03
-5.471999999999999531e+00 6.238340096645769717e-03
-5.459999999999999964e+00 6.373403136511818050e-03
-5.448000000000000398e+00 6.512190918009475894e-03
-5.435999999999999943e+00 6.654826392320919645e-03
-5.423999999999999488e+00 6.801437142080953360e-03
-5.411999999999999922e+00 6.952155571477060779e-03
-5.400000000000000355e+00 7.107119104342850616e-03
-5.387999999999999901e+00 7.266470390546426496e-03
-5.376000000000000334e+00 7.430357520978792506e-03
-5.363999999999999879e+00 7.598934251456811000e-03
-5.352000000000000313e+00 7.772360235850390292e-03
-5.339999999999999858e+00 7.950801268752775638e-03
-5.328000000000000291e+00 8.134429538005426980e-03
-5.315999999999999837e+00 8.323423887396057610e-03
-5.304000000000000270e+00 8.517970089830463956e-03
-5.291999999999999815e+00 8.718261131289343699e-03
-5.280000000000000249e+00 8.924497505856434851e-03
-5.267999999999999794e+00 9.136887522098458003e-03
-5.256000000000000227e+00 9.355647621059792057e-03
-5.243999999999999773e+00 9.581002706109256056e-03
-5.232000000000000206e+00 9.813186484855882658e-03
-5.219999999999999751e+00 1.005244182330940553e-02
-5.208000000000000185e+00 1.029902111242508855e-02
-5.195999999999999730e+00 1.055318664713244051e-02
-5.184000000000000163e+00 1.081521101787241874e-02
-5.171999999999999709e+00 1.108537751462226190e-02
-5.160000000000000142e+00 1.136398054329685117e-02
-5.147999999999999687e+00 1.165132605432616861e-02
-5.136000000000000121e+00 1.194773198310824895e-02
-5.123999999999999666e+00 1.225352870191674833e-02
-5.112000000000000099e+00 1.256905948269782317e-02
-5.099999999999999645e+00 1.289468097003665381e-02
-5.088000000000000078e+00 1.323076366339323053e-02
-5.075999999999999623e+00 1.357769240750036563e-02
-5.064000000000000057e+00 1.393586688957692762e-02
-5.051999999999999602e+00 1.430570214175329313e-02
-5.040000000000000036e+00 1.468762904679522113e-02
-5.028000000000000469e+00 1.508209484488489543e-02
-5.016000000000000014e+00 1.548956363882424657e-02
-5.003999999999999559e+00 1.591051689461005572e-02
-4.991999999999999993e+00 1.634545393383975836e-02
-4.980000000000000426e+00 1.679489241388788801e-02
-4.967999999999999972e+00 1.725936879116808653e-02
-4.955999999999999517e+00 1.773943876217290785e-02
-4.943999999999999950e+00 1.823567767620529537e-02
-4.932000000000000384e+00 1.874868091293541497e-02
-4.919999999999999929e+00 1.927906421699098621e-02
-4.907999999999999474e+00 1.982746398083675907e-02
-4.895999999999999908e+00 2.039453746606850401e-02
-4.884000000000000341e+00 2.098096295211641232e-02
-4.871999999999999886e+00 2.158743980003173177e-02
-4.859999999999999432e+00 2.221468841765242980e-02
-4.847999999999999865e+00 2.286345011093345037e-02
-4.836000000000000298e+00 2.353448680464071199e-02
-4.823999999999999844e+00 2.422858061385967446e-02
-4.812000000000000277e+00 2.494653324597444558e-02
-4.799999999999999822e+00 2.568916521087788798e-02
-4.788000000000000256e+00 2.645731481516435182e-02
-4.775999999999999801e+00 2.725183691405007325e-02
-4.764000000000000234e+00 2.807360139267889645e-02
-4.751999999999999780e+00 2.892349134643374536e-02
-4.740000000000000213e+00 2.980240092786531902e-02
-4.727999999999999758e+00 3.071123282594426587e-02
-4.716000000000000192e+00 3.165089534164420432e-02
-4.703999999999999737e+00 3.262229902240917911e-02
-4.692000000000000171e+00 3.362635281694150574e-02
-4.679999999999999716e+00 3.466395971117258723e-02
-4.668000000000000149e+00 3.573601180623716539e-02
-4.655999999999999694e+00 3.684338480006936478e-02
-4.644000000000000128e+00 3.798693183590455547e-02
-4.631999999999999673e+00 3.916747668384740200e-02
-4.620000000000000107e+00 4.038580622578542834e-02
-4.607999999999999652e+00 4.164266221968061094e-02
-4.596000000000000085e+00 4.293873232674132873e-02
-4.583999999999999631e+00 4.427464039447480404e-02
-4.572000000000000064e+00 4.565093600030997040e-02
-4.560000000000000497e+00 4.706808327456639407e-02
-4.548000000000000043e+00 4.852644903816449862e-02
-4.535999999999999588e+00 5.002629030966455198e-02
-4.524000000000000021e+00 5.156774125809638482e-02
-4.512000000000000455e+00 5.315079970233129586e-02
-4.500000000000000000e+00 5.477531328432841407e-02
-4.487999999999999545e+00 5.644096547199914382e-02
-4.475999999999999979e+00 5.814726157716176153e-02
-4.464000000000000412e+00 5.989351500415979190e-02
-4.451999999999999957e+00 6.167883397446448368e-02
-4.439999999999999503e+00 6.350210900053609997e-02
-4.427999999999999936e+00 6.536200140715105189e-02
-4.416000000000000369e+00 6.725693321876181907e-02
-4.403999999999999915e+00 6.918507874556600878e-02
-4.391999999999999460e+00 7.114435820722797565e-02
-4.379999999999999893e+00 7.313243373004657544e-02
-4.368000000000000327e+00 7.514670803930613430e-02
-4.355999999999999872e+00 7.718432614266042269e-02
-4.343999999999999417e+00 7.924218026186481689e-02
-4.331999999999999851e+00 8.131691821893383132e-02
-4.320000000000000284e+00 8.340495541944940860e-02
-4.307999999999999829e+00 8.550249050136204954e-02
-4.296000000000000263e+00 8.760552463425588798e-02
-4.283999999999999808e+00 8.970988436432078550e-02
-4.272000000000000242e+00 9.181124780724267409e-02
-4.259999999999999787e+00 9.390517389873573317e-02
-4.248000000000000220e+00 9.598713432418225222e-02
-4.235999999999999766e+00 9.805254766876618511e-02
-4.224000000000000199e+00 1.000968152612119466e-01
-4.211999999999999744e+00 1.021153581308441444e-01
-4.200000000000000178e+00 1.041036544616880388e-01
-4.187999999999999723e+00 1.060572769101602725e-01
-4.176000000000000156e+00 1.079719291553644656e-01
-4.163999999999999702e+00 1.098434810724616406e-01
-4.152000000000000135e+00 1.116680019590476913e-01
-4.139999999999999680e+00 1.134417912994805239e-01
-4.128000000000000114e+00 1.151614066201109843e-01
-4.115999999999999659e+00 1.168236880661900484e-01
-4.104000000000000092e+00 1.184257794151313964e-01
-4.091999999999999638e+00 1.199651453278060831e-01
-4.080000000000000071e+00 1.214395847259831102e-01
-4.067999999999999616e+00 1.228472402672279029e-01
-4.056000000000000050e+00 1.241866039660732279e-01
-4.044000000000000483e+00 1.254565190799976915e-01
-4.032000000000000028e+00 1.266561784396003087e-01
-4.019999999999999574e+00 1.277851194531695600e-01
-4.008000000000000007e+00 1.288432160566602702e-01
-3.995999999999999996e+00 1.298306679106038253e-01
-3.983999999999999986e+00 1.307479871664964377e-01
-3.971999999999999975e+00 1.315959831371588395e-01
-3.959999999999999964e+00 1.323757452095144505e-01
-3.947999999999999954e+00 1.330886243350845322e-01
-3.935999999999999943e+00 1.337362134243561540e-01
-3.923999999999999932e+00 1.343203269571268399e-01
-3.911999999999999922e+00 1.348429801028662167e-01
-3.899999999999999911e+00 1.353063676240720270e-01
-3.887999999999999901e+00 1.357128428124973196e-01
-3.875999999999999890e+00 1.360648966834404894e-01
-3.863999999999999879e+00 1.363651376280331506e-01
-3.851999999999999869e+00 1.366162716979772151e-01
-3.839999999999999858e+00 1.368210836719460921e-01
-3.827999999999999847e+00 1.369824190284227305e-01
-3.815999999999999837e+00 1.371031669261779384e-01
-3.803999999999999826e+00 1.371862442714136820e-01
-3.791999999999999815e+00 1.372345809296704744e-01
-3.779999999999999805e+00 1.372511061214954642e-01
-3.767999999999999794e+00 1.372387360230800102e-01
-3.755999999999999783e+00 1.372003625774098901e-01
-3.743999999999999773e+00 1.371388435071640155e-01
-3.731999999999999762e+00 1.370569935082844859e-01
-3.719999999999999751e+00 1.369575765923936872e-01
-3.707999999999999741e+00 1.368432995371481053e-01
-3.695999999999999730e+00 1.367168063961297086e-01
-3.684000000000000163e+00 1.365806740138239272e-01
-3.672000000000000153e+00 1.364374084866098735e-01
-3.660000000000000142e+00 1.362894425072646298e-01
-3.648000000000000131e+00 1.361391335283776705e-01
-3.636000000000000121e+00 1.359887626787363579e-01
-3.624000000000000110e+00 1.358405343666556353e-01
-3.612000000000000099e+00 1.356965765046526107e-01
-3.600000000000000089e+00 1.355589412911949176e-01
-3.588000000000000078e+00 1.354296064869909277e-01
-3.576000000000000068e+00 1.353104771256006811e-01
-3.564000000000000057e+00 1.352033876007930346e-01
-3.552000000000000046e+00 1.351101040759296323e-01
-3.540000000000000036e+00 1.350323271637969835e-01
-3.528000000000000025e+00 1.349716948284524487e-01
-3.516000000000000014e+00 1.349297854639079641e-01
-3.504000000000000004e+00 1.349081211076261777e-01
-3.491999999999999993e+00 1.349081707499397986e-01
-3.479999999999999982e+00 1.349313537034760868e-01
-3.467999999999999972e+00 1.349790429994592866e-01
-3.455999999999999961e+00 1.350525687803811881e-01
-3.443999999999999950e+00 1.351532216608938297e-01
-3.431999999999999940e+00 1.352822560309261679e-01
-3.419999999999999929e+00 1.354408932768373930e-01
-3.407999999999999918e+00 1.356303248980351428e-01
-3.395999999999999908e+00 1.358517154977615660e-01
-3.383999999999999897e+00 1.361062056277319299e-01
-3.371999999999999886e+00 1.363949144670325853e-01
-3.359999999999999876e+00 1.367189423160630746e-01
-3.347999999999999865e+00 1.370793728864164451e-01
-3.335999999999999854e+00 1.374772753674281811e-01
-3.323999999999999844e+00 1.379137062496053889e-01
-3.311999999999999833e+00 1.383897108844587276e-01
-3.299999999999999822e+00 1.389063247591849626e-01
-3.287999999999999812e+00 1.394645744634151474e-01
-3.275999999999999801e+00 1.400654783236864875e-01
-3.263999999999999790e+00 1.407100466796248339e-01
-3.251999999999999780e+00 1.413992817737820540e-01
-3.239999999999999769e+00 1.421341772251036306e-01
-3.227999999999999758e+00 1.429157170536131671e-01
-3.215999999999999748e+00 1.437448742216559106e-01
-3.203999999999999737e+00 1.446226086546355816e-01
-3.191999999999999726e+00 1.455498647017462455e-01
-3.180000000000000160e+00 1.465275679950006904e-01
-3.168000000000000149e+00 1.475566216626525151e-01
-3.156000000000000139e+00 1.486379018512875017e-01
-3.144000000000000128e+00 1.497722525093529711e-01
-3.132000000000000117e+00 1.509604793839095516e-01
-3.120000000000000107e+00 1.522033431820541682e-01
-3.108000000000000096e+00 1.535015518489163400e-01
-3.096000000000000085e+00 1.548557519155800699e-01
-3.084000000000000075e+00 1.562665188728693533e-01
-3.072000000000000064e+00 1.577343465309335169e-01
-3.060000000000000053e+00 1.592596353300880230e-01
-3.048000000000000043e+00 1.608426795756524030e-01
-3.036000000000000032e+00 1.624836535788298508e-01
-3.024000000000000021e+00 1.641825966969992501e-01
-3.012000000000000011e+00 1.659393972805471296e-01
-3.000000000000000000e+00 1.677537755492324867e-01
-2.987999999999999989e+00 1.696252654397170101e-01
-2.975999999999999979e+00 1.715531954864306929e-01
-2.963999999999999968e+00 1.735366688210889241e-01
-2.951999999999999957e+00 1.755745424009766409e-01
-2.939999999999999947e+00 1.776654056026712447e-01
-2.927999999999999936e+00 1.798075583453127846e-01
-2.915999999999999925e+00 1.819989889354459434e-01
-2.903999999999999915e+00 1.842373518528729881e-01
-2.891999999999999904e+00 1.865199457229842761e-01
-2.879999999999999893e+00 1.888436917446117691e-01
-2.867999999999999883e+00 1.912051128625507357e-01
-2.855999999999999872e+00 1.936003139891261660e-01
-2.843999999999999861e+00 1.960249635887558461e-01
-2.831999999999999851e+00 1.984742769420720643e-01
-2.819999999999999840e+00 2.009430014011085730e-01
-2.807999999999999829e+00 2.034254039337822229e-01
-2.795999999999999819e+00 2.059152612339968658e-01
-2.783999999999999808e+00 2.084058526433914815e-01
-2.771999999999999797e+00 2.108899560925913685e-01
-2.759999999999999787e+00 2.133598472247406896e-01
-2.747999999999999776e+00 2.158073018136834331e-01
-2.735999999999999766e+00 2.182236015350926817e-01
-2.723999999999999755e+00 2.205995430936620871e-01
-2.711999999999999744e+00 2.229254506555058968e-01
-2.699999999999999734e+00 2.251911914847951057e-01
-2.687999999999999723e+00 2.273861946405720813e-01
-2.675999999999999712e+00 2.294994725557042703e-01
-2.664000000000000146e+00 2.315196452982961062e-01
-2.652000000000000135e+00 2.334349673082214693e-01
-2.640000000000000124e+00 2.352333564102623287e-01
-2.628000000000000114e+00 2.369024249317492337e-01
-2.616000000000000103e+00 2.384295127982951901e-01
-2.604000000000000092e+00 2.398017225465801650e-01
-2.592000000000000082e+00 2.410059562793001875e-01
-2.580000000000000071e+00 2.420289546942963332e-01
-2.568000000000000060e+00 2.428573384481468034e-01
-2.556000000000000050e+00 2.434776522640403340e-01
-2.544000000000000039e+00 2.438764123649271309e-01
-2.532000000000000028e+00 2.440401580057248165e-01
-2.520000000000000018e+00 2.439555080925056296e-01
-2.508000000000000007e+00 2.436092241117532864e-01
-2.495999999999999996e+00 2.429882808472942357e-01
-2.483999999999999986e+00 2.420799466336510108e-01
-2.471999999999999975e+00 2.408718751769853839e-01
-2.459999999999999964e+00 2.393522112598287233e-01
-2.447999999999999954e+00 2.375097129192045853e-01
-2.435999999999999943e+00 2.353338929283756986e-01
-2.423999999999999932e+00 2.328151825891557614e-01
-2.411999999999999922e+00 2.299451209099461213e-01
-2.399999999999999911e+00 2.267165721452090166e-01
-2.387999999999999901e+00 2.231239743248505381e-01
-2.375999999999999890e+00 2.191636207087195587e-01
-2.363999999999999879e+00 2.148339749421934175e-01
-2.351999999999999869e+00 2.101360189317103833e-01
-2.339999999999999858e+00 2.050736299712387911e-01
-2.327999999999999847e+00 1.996539803235534150e-01
-2.315999999999999837e+00 1.938879482481332128e-01
-2.303999999999999826e+00 1.877905244406593843e-01
-2.291999999999999815e+00 1.813811922567477586e-01
-2.279999999999999805e+00 1.746842544281140275e-01
-2.267999999999999794e+00 1.677290740183761397e-01
-2.255999999999999783e+00 1.605501941499081764e-01
-2.243999999999999773e+00 1.531873007542206566e-01
-2.231999999999999762e+00 1.456849963635665490e-01
-2.219999999999999751e+00 1.380923614367722541e-01
-2.207999999999999741e+00 1.304622927332615423e-01
-2.195999999999999730e+00 1.228506245305382022e-01
-2.183999999999999719e+00 1.153150556197436727e-01
-2.171999999999999709e+00 1.079139199369342078e-01
-2.160000000000000142e+00 1.007048485205456617e-01
-2.148000000000000131e+00 9.374337362951594421e-02
-2.136000000000000121e+00 8.708152284211360949e-02
-2.124000000000000110e+00 8.076644460373093304e-02
-2.112000000000000099e+00 7.483910136145718872e-02
-2.100000000000000089e+00 6.933306642260737840e-02
-2.088000000000000078e+00 6.427346836194844371e-02
-2.076000000000000068e+00 5.967614105743467012e-02
-2.064000000000000057e+00 5.554705317857205199e-02
-2.052000000000000046e+00 5.188210013655033398e-02
-2.040000000000000036e+00 4.866733554003531415e-02
-2.028000000000000025e+00 4.587969225028269704e-02
-2.016000000000000014e+00 4.348819518074969331e-02
-2.004000000000000004e+00 4.145560630732870316e-02
-1.991999999999999993e+00 3.974038029156961443e-02
-1.979999999999999538e+00 3.829876219991298902e-02
-1.967999999999999972e+00 3.708683945698734025e-02
-1.955999999999999517e+00 3.606237331080106717e-02
-1.943999999999999950e+00 3.518627654147610945e-02
-1.931999999999999496e+00 3.442366259357319824e-02
-1.919999999999999929e+00 3.374445261812174246e-02
-1.907999999999999474e+00 3.312357875083906528e-02
-1.895999999999999908e+00 3.254085688540624827e-02
-1.884000000000000341e+00 3.198061839806889267e-02
-1.871999999999999886e+00 3.143119034819143176e-02
-1.860000000000000320e+00 3.088430258544675594e-02
-1.847999999999999865e+00 3.033448329708442193e-02
-1.836000000000000298e+00 2.977848627081477670e-02
-1.823999999999999844e+00 2.921477650896050007e-02
-1.812000000000000277e+00 2.864308735003417289e-02
-1.799999999999999822e+00 2.806405237085444343e-02
-1.788000000000000256e+00 2.747890879384431648e-02
-1.775999999999999801e+00 2.688926530539102744e-02
-1.764000000000000234e+00 2.629692540440339496e-02
-1.751999999999999780e+00 2.570375699985312512e-02
-1.740000000000000213e+00 2.511159943598639116e-02
-1.727999999999999758e+00 2.452220005192671734e-02
-1.716000000000000192e+00 2.393717350790753109e-02
-1.703999999999999737e+00 2.335797826069737834e-02
-1.692000000000000171e+00 2.278590564599831253e-02
-1.679999999999999716e+00 2.222207797520133615e-02
-1.668000000000000149e+00 2.166745286054725522e-02
-1.655999999999999694e+00 2.112283164787557427e-02
-1.644000000000000128e+00 2.058887037199431252e-02
-1.631999999999999673e+00 2.006609207325377869e-02
-1.620000000000000107e+00 1.955489964292909943e-02
-1.607999999999999652e+00 1.905558861691994746e-02
-1.596000000000000085e+00 1.856835952721750185e-02
-1.583999999999999631e+00 1.809332956173296050e-02
-1.572000000000000064e+00 1.763054338630787310e-02
-1.559999999999999609e+00 1.717998305683328744e-02
-1.548000000000000043e+00 1.674157700150376293e-02
-1.535999999999999588e+00 1.631520808869847336e-02
-1.524000000000000021e+00 1.590072081930153300e-02
-1.511999999999999567e+00 1.549792769660347964e-02
-1.500000000000000000e+00 1.510661483479971284e-02
-1.487999999999999545e+00 1.472654687046715156e-02
-1.475999999999999979e+00 1.435747124157408031e-02
-1.463999999999999524e+00 1.399912189668641241e-02
-1.451999999999999957e+00 1.365122249376447827e-02
-1.439999999999999503e+00 1.331348914389990368e-02
-1.427999999999999936e+00 1.298563275087671713e-02
-1.415999999999999481e+00 1.266736099284675870e-02
-1.403999999999999915e+00 1.235837998783194218e-02
-1.391999999999999460e+00 1.205839568040822062e-02
-1.379999999999999893e+00 1.176711498272271263e-02
-1.368000000000000327e+00 1.148424669913961950e-02
-1.355999999999999872e+00 1.120950226019357295e-02
-1.344000000000000306e+00 1.094259628822647282e-02
-1.331999999999999851e+00 1.068324701402637716e-02
-1.320000000000000284e+00 1.043117656101740127e-02
-1.307999999999999829e+00 1.018611111096698503e-02
-1.296000000000000263e+00 9.947780962822675571e-03
-1.283999999999999808e+00 9.715920494079216194e-03
-1.272000000000000242e+00 9.490268031999709794e-03
-1.259999999999999787e+00 9.270565640029163057e-03
-1.248000000000000220e+00 9.056558822813427778e-03
-1.235999999999999766e+00 8.847996151294938716e-03
-1.224000000000000199e+00 8.644628807403721693e-03
-1.211999999999999744e+00 8.446210045796575736e-03
-1.200000000000000178e+00 8.252494567876278095e-03
-1.187999999999999723e+00 8.063237800873345948e-03
-1.176000000000000156e+00 7.878195071990414661e-03
-1.163999999999999702e+00 7.697120664393397073e-03
-1.152000000000000135e+00 7.519766738044901880e-03
-1.139999999999999680e+00 7.345882093811918929e-03
-1.128000000000000114e+00 7.175210753752588565e-03
-1.115999999999999659e+00 7.007490323650449222e-03
-1.104000000000000092e+00 6.842450095376353437e-03
-1.091999999999999638e+00 6.679808835953443373e-03
-1.080000000000000071e+00 6.519272196636880824e-03
-1.067999999999999616e+00 6.360529657927887701e-03
-1.056000000000000050e+00 6.203250903981715435e-03
-1.043999999999999595e+00 6.047081490607219070e-03
-1.032000000000000028e+00 5.891637632568847045e-03
-1.019999999999999574e+00 5.736499884860648234e-03
-1.008000000000000007e+00 5.581205424226356841e-03
-9.959999999999995524e-01 5.425238544676736635e-03
-9.839999999999999858e-01 5.268018854165049634e-03
-9.719999999999995310e-01 5.108886484485615671e-03
-9.599999999999999645e-01 4.947083381146914066e-03
-9.479999999999995097e-01 4.781729391828617483e-03
-9.359999999999999432e-01 4.611791370702696471e-03
-9.239999999999994884e-01 4.436042782774971861e-03
-9.119999999999999218e-01 4.253010201894475741e-03
-8.999999999999994671e-01 4.060901443686806486e-03
-8.879999999999999005e-01 3.857507519356877419e-03
-8.760000000000003340e-01 3.640066554593297896e-03
-8.639999999999998792e-01 3.405071263638123884e-03
-8.520000000000003126e-01 3.147990638751502028e-03
-8.399999999999998579e-01 2.862857707218119038e-03
-8.280000000000002913e-01 2.541641669360693041e-03
-8.159999999999998366e-01 2.173260437013679793e-03
-8.040000000000002700e-01 1.741968307170694468e-03
-7.919999999999998153e-01 1.224603980044064021e-03
-7.800000000000002487e-01 5.856360149563919750e-04
-7.679999999999997939e-01 -2.323604829471091478e-04
-7.560000000000002274e-01 -1.328580463561753215e-03
-7.439999999999997726e-01 -2.890163309148251116e-03
-7.320000000000002061e-01 -5.316262718952056293e-03
-7.199999999999997513e-01 -9.629683694991274592e-03
-7.080000000000001847e-01 -1.939013454851277324e-02
-6.959999999999997300e-01 -5.678068493205614548e-02
-6.840000000000001634e-01 2.503137187646024137e-02
-6.719999999999997087e-01 2.617050470804189316e-02
-6.600000000000001421e-01 1.879573034316213073e-02
-6.479999999999996874e-01 1.510829216664901289e-02
-6.360000000000001208e-01 1.294628387461408715e-02
-6.239999999999996660e-01 1.153031509451932744e-02
-6.120000000000000995e-01 1.053146018977798269e-02
-5.999999999999996447e-01 9.789061322114524233e-03
-5.880000000000000782e-01 9.215778458903272144e-03
-5.759999999999996234e-01 8.760192776220232166e-03
-5.640000000000000568e-01 8.390130623515039063e-03
-5.519999999999996021e-01 8.084477155183131605e-03
-5.400000000000000355e-01 7.828841256150270711e-03
-5.279999999999995808e-01 7.613115669534467091e-03
-5.160000000000000142e-01 7.430033725227374632e-03
-5.039999999999995595e-01 7.274279904432750729e-03
-4.919999999999999929e-01 7.141922980550807418e-03
-4.799999999999995381e-01 7.030044852862907083e-03
-4.679999999999999716e-01 6.936492447760854267e-03
-4.559999999999995168e-01 6.859709513697852777e-03
-4.439999999999999503e-01 6.798621643348275179e-03
-4.319999999999994955e-01 6.752557190017234763e-03
-4.199999999999999289e-01 6.721191693074984180e-03
-4.079999999999994742e-01 6.704505094690139770e-03
-3.959999999999999076e-01 6.702739223171838741e-03
-3.839999999999994529e-01 6.716335913883346095e-03
-3.719999999999998863e-01 6.745818951317053558e-03
-3.600000000000003197e-01 6.791544609077318148e-03
-3.479999999999998650e-01 6.853160372524697355e-03
-3.360000000000002984e-01 6.928420647466381095e-03
-3.239999999999998437e-01 7.010578824455110034e-03
-3.120000000000002771e-01 7.082630304618375144e-03
-2.999999999999998224e-01 7.104822762151129754e-03
-2.880000000000002558e-01 6.989697939452178821e-03
-2.759999999999998010e-01 6.565737841628632547e-03
-2.640000000000002345e-01 5.589593209702253297e-03
-2.519999999999997797e-01 4.009247000957963381e-03
-2.400000000000002132e-01 2.400340618513217578e-03
-2.279999999999997584e-01 1.519659470742133886e-03
-2.160000000000001918e-01 1.416195942489098135e-03
-2.039999999999997371e-01 1.723944929842903453e-03
-1.920000000000001705e-01 2.173277135944710284e-03
-1.799999999999997158e-01 2.653532778508632239e-03
-1.680000000000001492e-01 3.139857188419684607e-03
-1.559999999999996945e-01 3.645680453500726222e-03
-1.440000000000001279e-01 4.206526953028490688e-03
-1.319999999999996732e-01 4.883247446859226119e-03
-1.200000000000001066e-01 5.785579808447076540e-03
-1.079999999999996518e-01 7.144023148459797620e-03
-9.600000000000008527e-02 9.569373514736882400e-03
-8.399999999999963052e-02 1.554777382885856596e-02
-7.200000000000006395e-02 7.805327964254969719e-02
-5.999999999999960920e-02 3.393809157272633659e-01
-4.800000000000004263e-02 4.637633331164300876e-01
-3.599999999999958789e-02 5.414671905633101634e-01
-2.400000000000002132e-02 5.907643914089538706e-01
-1.199999999999956657e-02 6.184452836227644079e-01
0.000000000000000000e+00 6.273971300197282996e-01
1.200000000000045475e-02 6.184452836227629646e-01
2.400000000000002132e-02 5.907643914089538706e-01
3.600000000000047606e-02 5.414671905633061666e-01
4.800000000000004263e-02 4.637633331164300876e-01
6.000000000000049738e-02 3.393809157272500987e-01
7.200000000000006395e-02 7.805327964254969719e-02
8.400000000000051870e-02 1.554777382885809238e-02
9.600000000000008527e-02 9.569373514736882400e-03
1.080000000000005400e-01 7.144023148459563433e-03
1.200000000000001066e-01 5.785579808447076540e-03
1.320000000000005613e-01 4.883247446859063055e-03
1.440000000000001279e-01 4.206526953028490688e-03
1.559999999999996945e-01 3.645680453500726222e-03
1.680000000000001492e-01 3.139857188419684607e-03
1.799999999999997158e-01 2.653532778508632239e-03
1.920000000000001705e-01 2.173277135944710284e-03
2.039999999999997371e-01 1.723944929842903453e-03
2.160000000000001918e-01 1.416195942489098135e-03
2.279999999999997584e-01 1.519659470742133886e-03
2.400000000000002132e-01 2.400340618513217578e-03
2.519999999999997797e-01 4.009247000957963381e-03
2.640000000000002345e-01 5.589593209702253297e-03
2.759999999999998010e-01 6.565737841628632547e-03
2.880000000000002558e-01 6.989697939452178821e-03
2.999999999999998224e-01 7.104822762151129754e-03
3.120000000000002771e-01 7.082630304618375144e-03
3.239999999999998437e-01 7.010578824455110034e-03
3.360000000000002984e-01 6.928420647466381095e-03
3.479999999999998650e-01 6.853160372524697355e-03
3.600000000000003197e-01 6.791544609077318148e-03
3.719999999999998863e-01 6.745818951317053558e-03
3.840000000000003411e-01 6.716335913883346095e-03
3.959999999999999076e-01 6.702739223171838741e-03
4.080000000000003624e-01 6.704505094689998390e-03
4.199999999999999289e-01 6.721191693074984180e-03
4.320000000000003837e-01 6.752557190017234763e-03
4.439999999999999503e-01 6.798621643348275179e-03
4.560000000000004050e-01 6.859709513697852777e-03
4.679999999999999716e-01 6.936492447760854267e-03
4.800000000000004263e-01 7.030044852863472603e-03
4.919999999999999929e-01 7.141922980550807418e-03
5.040000000000004476e-01 7.274279904432750729e-03
5.160000000000000142e-01 7.430033725227374632e-03
5.280000000000004690e-01 7.613115669534467091e-03
5.400000000000000355e-01 7.828841256150270711e-03
5.520000000000004903e-01 8.084477155183131605e-03
5.640000000000000568e-01 8.390130623515039063e-03
5.760000000000005116e-01 8.760192776220232166e-03
5.880000000000000782e-01 9.215778458903272144e-03
6.000000000000005329e-01 9.789061322114524233e-03
6.120000000000000995e-01 1.053146018977798269e-02
6.240000000000005542e-01 1.153031509452158952e-02
6.360000000000001208e-01 1.294628387461408715e-02
6.480000000000005755e-01 1.510829216665127497e-02
6.600000000000001421e-01 1.879573034316213073e-02
6.719999999999997087e-01 2.617050470804189316e-02
6.840000000000001634e-01 2.503137187646024137e-02
6.959999999999997300e-01 -5.678068493205614548e-02
7.080000000000001847e-01 -1.939013454851277324e-02
7.199999999999997513e-01 -9.629683694991274592e-03
7.320000000000002061e-01 -5.316262718952056293e-03
7.439999999999997726e-01 -2.890163309148251116e-03
7.560000000000002274e-01 -1.328580463561753215e-03
7.679999999999997939e-01 -2.323604829471091478e-04
7.800000000000002487e-01 5.856360149563919750e-04
7.919999999999998153e-01 1.224603980044064021e-03
8.040000000000002700e-01 1.741968307170694468e-03
8.159999999999998366e-01 2.173260437013679793e-03
8.280000000000002913e-01 2.541641669360693041e-03
8.399999999999998579e-01 2.862857707218119038e-03
8.520000000000003126e-01 3.147990638751502028e-03
8.639999999999998792e-01 3.405071263638123884e-03
8.760000000000003340e-01 3.640066554593297896e-03
8.879999999999999005e-01 3.857507519356877419e-03
9.000000000000003553e-01 4.060901443687372006e-03
9.119999999999999218e-01 4.253010201894475741e-03
9.240000000000003766e-01 4.436042782775537381e-03
9.359999999999999432e-01 4.611791370702696471e-03
9.480000000000003979e-01 4.781729391828617483e-03
9.599999999999999645e-01 4.947083381146914066e-03
9.720000000000004192e-01 5.108886484485332911e-03
9.839999999999999858e-01 5.268018854165049634e-03
9.960000000000004405e-01 5.425238544676453875e-03
1.008000000000000007e+00 5.581205424226356841e-03
1.020000000000000462e+00 5.736499884860648234e-03
1.032000000000000028e+00 5.891637632568847045e-03
1.044000000000000483e+00 6.047081490607219070e-03
1.056000000000000050e+00 6.203250903981715435e-03
1.068000000000000504e+00 6.360529657927604941e-03
1.080000000000000071e+00 6.519272196636880824e-03
1.092000000000000526e+00 6.679808835953301993e-03
1.104000000000000092e+00 6.842450095376353437e-03
1.116000000000000547e+00 7.007490323650449222e-03
1.128000000000000114e+00 7.175210753752588565e-03
1.140000000000000568e+00 7.345882093811918929e-03
1.152000000000000135e+00 7.519766738044901880e-03
1.164000000000000590e+00 7.697120664393114313e-03
1.176000000000000156e+00 7.878195071990414661e-03
1.187999999999999723e+00 8.063237800873345948e-03
1.200000000000000178e+00 8.252494567876278095e-03
1.211999999999999744e+00 8.446210045796575736e-03
1.224000000000000199e+00 8.644628807403721693e-03
1.235999999999999766e+00 8.847996151294938716e-03
1.248000000000000220e+00 9.056558822813427778e-03
1.259999999999999787e+00 9.270565640029163057e-03
1.272000000000000242e+00 9.490268031999709794e-03
1.283999999999999808e+00 9.715920494079216194e-03
1.296000000000000263e+00 9.947780962822675571e-03
1.307999999999999829e+00 1.018611111096698503e-02
1.320000000000000284e+00 1.043117656101740127e-02
1.331999999999999851e+00 1.068324701402637716e-02
1.344000000000000306e+00 1.094259628822647282e-02
1.355999999999999872e+00 1.120950226019357295e-02
1.368000000000000327e+00 1.148424669913961950e-02
1.379999999999999893e+00 1.176711498272271263e-02
1.392000000000000348e+00 1.205839568040800898e-02
1.403999999999999915e+00 1.235837998783194218e-02
1.416000000000000369e+00 1.266736099284654707e-02
1.427999999999999936e+00 1.298563275087671713e-02
1.440000000000000391e+00 1.331348914389926877e-02
1.451999999999999957e+00 1.365122249376447827e-02
1.464000000000000412e+00 1.399912189668669517e-02
1.475999999999999979e+00 1.435747124157408031e-02
1.488000000000000433e+00 1.472654687046729208e-02
1.500000000000000000e+00 1.510661483479971284e-02
1.512000000000000455e+00 1.549792769660319688e-02
1.524000000000000021e+00 1.590072081930153300e-02
1.536000000000000476e+00 1.631520808869741171e-02
1.548000000000000043e+00 1.674157700150376293e-02
1.560000000000000497e+00 1.717998305683321805e-02
1.572000000000000064e+00 1.763054338630787310e-02
1.584000000000000519e+00 1.809332956173324500e-02
1.596000000000000085e+00 1.856835952721750185e-02
1.608000000000000540e+00 1.905558861691895867e-02
1.620000000000000107e+00 1.955489964292909943e-02
1.632000000000000561e+00 2.006609207325412911e-02
1.644000000000000128e+00 2.058887037199431252e-02
1.656000000000000583e+00 2.112283164787550488e-02
1.668000000000000149e+00 2.166745286054725522e-02
1.679999999999999716e+00 2.222207797520133615e-02
1.692000000000000171e+00 2.278590564599831253e-02
1.703999999999999737e+00 2.335797826069737834e-02
1.716000000000000192e+00 2.393717350790753109e-02
1.727999999999999758e+00 2.452220005192671734e-02
1.740000000000000213e+00 2.511159943598639116e-02
1.751999999999999780e+00 2.570375699985312512e-02
1.764000000000000234e+00 2.629692540440339496e-02
1.775999999999999801e+00 2.688926530539102744e-02
1.788000000000000256e+00 2.747890879384431648e-02
1.799999999999999822e+00 2.806405237085444343e-02
1.812000000000000277e+00 2.864308735003417289e-02
1.823999999999999844e+00 2.921477650896050007e-02
1.836000000000000298e+00 2.977848627081477670e-02
1.847999999999999865e+00 3.033448329708442193e-02
1.860000000000000320e+00 3.088430258544675594e-02
1.871999999999999886e+00 3.143119034819143176e-02
1.884000000000000341e+00 3.198061839806889267e-02
1.895999999999999908e+00 3.254085688540624827e-02
1.908000000000000362e+00 3.312357875083928038e-02
1.919999999999999929e+00 3.374445261812174246e-02
1.932000000000000384e+00 3.442366259356983982e-02
1.943999999999999950e+00 3.518627654147610945e-02
1.956000000000000405e+00 3.606237331080103248e-02
1.967999999999999972e+00 3.708683945698734025e-02
1.980000000000000426e+00 3.829876219991701358e-02
1.991999999999999993e+00 3.974038029156961443e-02
2.003999999999999559e+00 4.145560630732651047e-02
2.016000000000000014e+00 4.348819518074969331e-02
2.028000000000000469e+00 4.587969225028273174e-02
2.040000000000000924e+00 4.866733554003920686e-02
2.051999999999999602e+00 5.188210013655499692e-02
2.064000000000000057e+00 5.554705317857205199e-02
2.076000000000000512e+00 5.967614105743481584e-02
2.088000000000000966e+00 6.427346836194622326e-02
2.099999999999999645e+00 6.933306642261026498e-02
2.112000000000000099e+00 7.483910136145718872e-02
2.124000000000000554e+00 8.076644460372796319e-02
2.136000000000001009e+00 8.708152284211381766e-02
2.147999999999999687e+00 9.374337362951409847e-02
2.160000000000000142e+00 1.007048485205456617e-01
2.172000000000000597e+00 1.079139199369365393e-01
2.184000000000001052e+00 1.153150556197366089e-01
2.195999999999999730e+00 1.228506245305382022e-01
2.208000000000000185e+00 1.304622927332599325e-01
2.220000000000000639e+00 1.380923614367715324e-01
2.231999999999999318e+00 1.456849963635705181e-01
2.243999999999999773e+00 1.531873007542206566e-01
2.256000000000000227e+00 1.605501941499107299e-01
2.268000000000000682e+00 1.677290740183800255e-01
2.279999999999999361e+00 1.746842544281088094e-01
2.291999999999999815e+00 1.813811922567477586e-01
2.304000000000000270e+00 1.877905244406599394e-01
2.316000000000000725e+00 1.938879482481347116e-01
2.327999999999999403e+00 1.996539803235542199e-01
2.339999999999999858e+00 2.050736299712387911e-01
2.352000000000000313e+00 2.101360189317115768e-01
2.364000000000000767e+00 2.148339749421921407e-01
2.375999999999999446e+00 2.191636207087187260e-01
2.387999999999999901e+00 2.231239743248505381e-01
2.400000000000000355e+00 2.267165721452115423e-01
2.412000000000000810e+00 2.299451209099470927e-01
2.423999999999999488e+00 2.328151825891561777e-01
2.435999999999999943e+00 2.353338929283756986e-01
2.448000000000000398e+00 2.375097129191992285e-01
2.460000000000000853e+00 2.393522112598295559e-01
2.471999999999999531e+00 2.408718751769839683e-01
2.483999999999999986e+00 2.420799466336510108e-01
2.496000000000000441e+00 2.429882808472966227e-01
2.508000000000000895e+00 2.436092241117558399e-01
2.519999999999999574e+00 2.439555080925060737e-01
2.532000000000000028e+00 2.440401580057248165e-01
2.544000000000000483e+00 2.438764123649258542e-01
2.556000000000000938e+00 2.434776522640397789e-01
2.567999999999999616e+00 2.428573384481472197e-01
2.580000000000000071e+00 2.420289546942963332e-01
2.592000000000000526e+00 2.410059562792996046e-01
2.604000000000000981e+00 2.398017225465797486e-01
2.615999999999999659e+00 2.384295127982953288e-01
2.628000000000000114e+00 2.369024249317492337e-01
2.640000000000000568e+00 2.352333564102633279e-01
2.652000000000001023e+00 2.334349673082231624e-01
2.663999999999999702e+00 2.315196452982955233e-01
2.676000000000000156e+00 2.294994725557045478e-01
2.688000000000000611e+00 2.273861946405722201e-01
2.700000000000001066e+00 2.251911914847948282e-01
2.711999999999999744e+00 2.229254506555058968e-01
2.724000000000000199e+00 2.205995430936616430e-01
2.736000000000000654e+00 2.182236015350922376e-01
2.747999999999999332e+00 2.158073018136849874e-01
2.759999999999999787e+00 2.133598472247406896e-01
2.772000000000000242e+00 2.108899560925913685e-01
2.784000000000000696e+00 2.084058526433928971e-01
2.795999999999999375e+00 2.059152612339957278e-01
2.807999999999999829e+00 2.034254039337822229e-01
2.820000000000000284e+00 2.009430014011077403e-01
2.832000000000000739e+00 1.984742769420723696e-01
2.843999999999999417e+00 1.960249635887559849e-01
2.855999999999999872e+00 1.936003139891261660e-01
2.868000000000000327e+00 1.912051128625522900e-01
2.880000000000000782e+00 1.888436917446131846e-01
2.891999999999999460e+00 1.865199457229842761e-01
2.903999999999999915e+00 1.842373518528729881e-01
2.916000000000000369e+00 1.819989889354446666e-01
2.928000000000000824e+00 1.798075583453113691e-01
2.939999999999999503e+00 1.776654056026709672e-01
2.951999999999999957e+00 1.755745424009766409e-01
2.964000000000000412e+00 1.735366688210885078e-01
2.976000000000000867e+00 1.715531954864308317e-01
2.987999999999999545e+00 1.696252654397162885e-01
3.000000000000000000e+00 1.677537755492324867e-01
3.012000000000000455e+00 1.659393972805465745e-01
3.024000000000000909e+00 1.641825966970018036e-01
3.035999999999999588e+00 1.624836535788285741e-01
3.048000000000000043e+00 1.608426795756524030e-01
3.060000000000000497e+00 1.592596353300877454e-01
3.072000000000000952e+00 1.577343465309332116e-01
3.083999999999999631e+00 1.562665188728690480e-01
3.096000000000000085e+00 1.548557519155800699e-01
3.108000000000000540e+00 1.535015518489178943e-01
3.120000000000000995e+00 1.522033431820540295e-01
3.131999999999999673e+00 1.509604793839084136e-01
3.144000000000000128e+00 1.497722525093529711e-01
3.156000000000000583e+00 1.486379018512860861e-01
3.168000000000001037e+00 1.475566216626523763e-01
3.179999999999999716e+00 1.465275679950008292e-01
3.192000000000000171e+00 1.455498647017463842e-01
3.204000000000000625e+00 1.446226086546357203e-01
3.216000000000001080e+00 1.437448742216567710e-01
3.227999999999999758e+00 1.429157170536131671e-01
3.240000000000000213e+00 1.421341772251033531e-01
3.252000000000000668e+00 1.413992817737816376e-01
3.263999999999999346e+00 1.407100466796251115e-01
3.275999999999999801e+00 1.400654783236864875e-01
3.288000000000000256e+00 1.394645744634158691e-01
3.300000000000000711e+00 1.389063247591856565e-01
3.311999999999999389e+00 1.383897108844575896e-01
3.323999999999999844e+00 1.379137062496053889e-01
3.336000000000000298e+00 1.374772753674269044e-01
3.348000000000000753e+00 1.370793728864177219e-01
3.359999999999999432e+00 1.367189423160619366e-01
3.371999999999999886e+00 1.363949144670325853e-01
3.384000000000000341e+00 1.361062056277303756e-01
3.396000000000000796e+00 1.358517154977614272e-01
3.407999999999999474e+00 1.356303248980358367e-01
3.419999999999999929e+00 1.354408932768373930e-01
3.432000000000000384e+00 1.352822560309264455e-01
3.444000000000000838e+00 1.351532216608949677e-01
3.455999999999999517e+00 1.350525687803817432e-01
3.467999999999999972e+00 1.349790429994592866e-01
3.480000000000000426e+00 1.349313537034759480e-01
3.492000000000000881e+00 1.349081707499393545e-01
3.503999999999999559e+00 1.349081211076270381e-01
3.516000000000000014e+00 1.349297854639079641e-01
3.528000000000000469e+00 1.349716948284536977e-01
3.540000000000000924e+00 1.350323271637958455e-01
3.551999999999999602e+00 1.351101040759289107e-01
3.564000000000000057e+00 1.352033876007930346e-01
3.576000000000000512e+00 1.353104771256002647e-01
3.588000000000000966e+00 1.354296064869896510e-01
3.599999999999999645e+00 1.355589412911961944e-01
3.612000000000000099e+00 1.356965765046526107e-01
3.624000000000000554e+00 1.358405343666557741e-01
3.636000000000001009e+00 1.359887626787359416e-01
3.647999999999999687e+00 1.361391335283772264e-01
3.660000000000000142e+00 1.362894425072646298e-01
3.672000000000000597e+00 1.364374084866094572e-01
3.684000000000001052e+00 1.365806740138260644e-01
3.695999999999999730e+00 1.367168063961297086e-01
3.708000000000000185e+00 1.368432995371481053e-01
3.720000000000000639e+00 1.369575765923929656e-01
3.731999999999999318e+00 1.370569935082837920e-01
3.743999999999999773e+00 1.371388435071640155e-01
3.756000000000000227e+00 1.372003625774088909e-01
3.768000000000000682e+00 1.372387360230801490e-01
3.779999999999999361e+00 1.372511061214934935e-01
3.791999999999999815e+00 1.372345809296704744e-01
3.804000000000000270e+00 1.371862442714126828e-01
3.816000000000000725e+00 1.371031669261794927e-01
3.827999999999999403e+00 1.369824190284221754e-01
3.839999999999999858e+00 1.368210836719460921e-01
3.852000000000000313e+00 1.366162716979767988e-01
3.864000000000000767e+00 1.363651376280339833e-01
3.875999999999999446e+00 1.360648966834406282e-01
3.887999999999999901e+00 1.357128428124973196e-01
3.900000000000000355e+00 1.353063676240710278e-01
3.912000000000000810e+00 1.348429801028662167e-01
3.923999999999999488e+00 1.343203269571272562e-01
3.935999999999999943e+00 1.337362134243561540e-01
3.948000000000000398e+00 1.330886243350845322e-01
3.960000000000000853e+00 1.323757452095158660e-01
3.971999999999999531e+00 1.315959831371567024e-01
3.983999999999999986e+00 1.307479871664964377e-01
3.996000000000000441e+00 1.298306679106036865e-01
4.008000000000000895e+00 1.288432160566595763e-01
4.019999999999999574e+00 1.277851194531695600e-01
4.032000000000000028e+00 1.266561784396003087e-01
4.044000000000000483e+00 1.254565190799976915e-01
4.056000000000000938e+00 1.241866039660716736e-01
4.067999999999999616e+00 1.228472402672279029e-01
4.080000000000000071e+00 1.214395847259831102e-01
4.092000000000000526e+00 1.199651453278062219e-01
4.104000000000000981e+00 1.184257794151313964e-01
4.115999999999999659e+00 1.168236880661900484e-01
4.128000000000000114e+00 1.151614066201109843e-01
4.140000000000000568e+00 1.134417912994797467e-01
4.152000000000001023e+00 1.116680019590495371e-01
4.163999999999999702e+00 1.098434810724616406e-01
4.176000000000000156e+00 1.079719291553644656e-01
4.188000000000000611e+00 1.060572769101609109e-01
4.200000000000001066e+00 1.041036544616881082e-01
4.211999999999999744e+00 1.021153581308441444e-01
4.224000000000000199e+00 1.000968152612119466e-01
4.236000000000000654e+00 9.805254766876597694e-02
4.247999999999999332e+00 9.598713432418147506e-02
4.259999999999999787e+00 9.390517389873573317e-02
4.272000000000000242e+00 9.181124780724267409e-02
4.284000000000000696e+00 8.970988436432156266e-02
4.295999999999999375e+00 8.760552463425497205e-02
4.307999999999999829e+00 8.550249050136204954e-02
4.320000000000000284e+00 8.340495541944940860e-02
4.332000000000000739e+00 8.131691821893341499e-02
4.343999999999999417e+00 7.924218026186481689e-02
4.355999999999999872e+00 7.718432614266042269e-02
4.368000000000000327e+00 7.514670803930613430e-02
4.380000000000000782e+00 7.313243373004649217e-02
4.391999999999999460e+00 7.114435820722797565e-02
4.403999999999999915e+00 6.918507874556600878e-02
4.416000000000000369e+00 6.725693321876181907e-02
4.428000000000000824e+00 6.536200140715063556e-02
4.439999999999999503e+00 6.350210900053609997e-02
4.451999999999999957e+00 6.167883397446448368e-02
4.464000000000000412e+00 5.989351500415979190e-02
4.476000000000000867e+00 5.814726157716239990e-02
4.487999999999999545e+00 5.644096547199914382e-02
4.500000000000000000e+00 5.477531328432841407e-02
4.512000000000000455e+00 5.315079970233129586e-02
4.524000000000000909e+00 5.156774125809638482e-02
4.535999999999999588e+00 5.002629030966455198e-02
4.548000000000000043e+00 4.852644903816449862e-02
4.560000000000000497e+00 4.706808327456639407e-02
4.572000000000000952e+00 4.565093600030898507e-02
4.583999999999999631e+00 4.427464039447480404e-02
4.596000000000000085e+00 4.293873232674132873e-02
4.608000000000000540e+00 4.164266221968054155e-02
4.620000000000000995e+00 4.038580622578500506e-02
4.631999999999999673e+00 3.916747668384740200e-02
4.644000000000000128e+00 3.798693183590455547e-02
4.656000000000000583e+00 3.684338480006936478e-02
4.668000000000001037e+00 3.573601180623709600e-02
4.679999999999999716e+00 3.466395971117258723e-02
4.692000000000000171e+00 3.362635281694150574e-02
4.704000000000000625e+00 3.262229902240847135e-02
4.716000000000001080e+00 3.165089534164412799e-02
4.727999999999999758e+00 3.071123282594426587e-02
4.740000000000000213e+00 2.980240092786531902e-02
4.752000000000000668e+00 2.892349134643339148e-02
4.763999999999999346e+00 2.807360139267858073e-02
4.775999999999999801e+00 2.725183691405007325e-02
4.788000000000000256e+00 2.645731481516435182e-02
4.800000000000000711e+00 2.568916521087799554e-02
4.811999999999999389e+00 2.494653324597398414e-02
4.823999999999999844e+00 2.422858061385967446e-02
4.836000000000000298e+00 2.353448680464071199e-02
4.848000000000000753e+00 2.286345011093320403e-02
4.859999999999999432e+00 2.221468841765242980e-02
4.871999999999999886e+00 2.158743980003173177e-02
4.884000000000000341e+00 2.098096295211641232e-02
4.896000000000000796e+00 2.039453746606821952e-02
4.907999999999999474e+00 1.982746398083675907e-02
4.919999999999999929e+00 1.927906421699098621e-02
4.932000000000000384e+00 1.874868091293541497e-02
4.944000000000000838e+00 1.823567767620568394e-02
4.955999999999999517e+00 1.773943876217290785e-02
4.967999999999999972e+00 1.725936879116808653e-02
4.980000000000000426e+00 1.679489241388788801e-02
4.992000000000000881e+00 1.634545393384004286e-02
5.003999999999999559e+00 1.591051689461005572e-02
5.016000000000000014e+00 1.548956363882424657e-02
5.028000000000000469e+00 1.508209484488489543e-02
5.040000000000000924e+00 1.468762904679511531e-02
5.051999999999999602e+00 1.430570214175329313e-02
5.064000000000000057e+00 1.393586688957692762e-02
5.076000000000000512e+00 1.357769240750040032e-02
5.088000000000000966e+00 1.323076366339316114e-02
5.099999999999999645e+00 1.289468097003665381e-02
5.112000000000000099e+00 1.256905948269782317e-02
5.124000000000000554e+00 1.225352870191713690e-02
5.136000000000001009e+00 1.194773198310824895e-02
5.147999999999999687e+00 1.165132605432616861e-02
5.160000000000000142e+00 1.136398054329685117e-02
5.172000000000000597e+00 1.108537751462204853e-02
5.184000000000001052e+00 1.081521101787199547e-02
5.195999999999999730e+00 1.055318664713244051e-02
5.208000000000000185e+00 1.029902111242508855e-02
5.220000000000000639e+00 1.005244182330929971e-02
5.232000000000001094e+00 9.813186484856271236e-03
5.243999999999999773e+00 9.581002706109256056e-03
5.256000000000000227e+00 9.355647621059792057e-03
5.268000000000000682e+00 9.136887522098669639e-03
5.279999999999999361e+00 8.924497505856294338e-03
5.291999999999999815e+00 8.718261131289343699e-03
5.304000000000000270e+00 8.517970089830463956e-03
5.316000000000000725e+00 8.323423887396057610e-03
5.327999999999999403e+00 8.134429538005603921e-03
5.339999999999999858e+00 7.950801268752775638e-03
5.352000000000000313e+00 7.772360235850390292e-03
5.364000000000000767e+00 7.598934251457023503e-03
5.375999999999999446e+00 7.430357520978951233e-03
5.387999999999999901e+00 7.266470390546426496e-03
5.400000000000000355e+00 7.107119104342850616e-03
5.412000000000000810e+00 6.952155571476972308e-03
5.423999999999999488e+00 6.801437142080953360e-03
5.435999999999999943e+00 6.654826392320919645e-03
5.448000000000000398e+00 6.512190918009475894e-03
5.460000000000000853e+00 6.373403136511765141e-03
5.471999999999999531e+00 6.238340096645769717e-03
5.483999999999999986e+00 6.106883296278712951e-03
5.496000000000000441e+00 5.978918507330277347e-03
5.508000000000000895e+00 5.854335607902431959e-03
5.519999999999999574e+00 5.733028421255052798e-03
5.532000000000000028e+00 5.614894561365784201e-03
5.544000000000000483e+00 5.499835284808959196e-03
5.556000000000000938e+00 5.387755348706669591e-03
5.567999999999999616e+00 5.278562874502892507e-03
5.580000000000000071e+00 5.172169217328424252e-03
5.592000000000000526e+00 5.068488840726815756e-03
5.604000000000000981e+00 4.967439196524950536e-03
5.615999999999999659e+00 4.868940609630435963e-03
5.628000000000000114e+00 4.772916167557865463e-03
5.640000000000000568e+00 4.679291614484184375e-03
5.652000000000001023e+00 4.587995249644055522e-03
5.663999999999999702e+00 4.498957829886479458e-03
5.676000000000000156e+00 4.412112476212585142e-03
5.688000000000000611e+00 4.327394584135797924e-03
5.700000000000001066e+00 4.244741737692823286e-03
5.711999999999999744e+00 4.164093626960835466e-03
5.724000000000000199e+00 4.085391968926408574e-03
5.736000000000000654e+00 4.008580431567374154e-03
5.748000000000001108e+00 3.933604561010059855e-03
5.759999999999999787e+00 3.860411711634110371e-03
5.772000000000000242e+00 3.788950978995488106e-03
5.784000000000000696e+00 3.719173135452933689e-03
5.795999999999999375e+00 3.651030568381781298e-03
5.807999999999999829e+00 3.584477220861389483e-03
5.820000000000000284e+00 3.519468534740240358e-03
5.832000000000000739e+00 3.455961395968815044e-03
5.843999999999999417e+00 3.393914082110316421e-03
5.855999999999999872e+00 3.333286211934636048e-03
5.868000000000000327e+00 3.274038697009378548e-03
5.880000000000000782e+00 3.216133695200732411e-03
5.891999999999999460e+00 3.159534566008022870e-03
5.903999999999999915e+00 3.104205827651209358e-03
5.916000000000000369e+00 3.050113115839303991e-03
5.928000000000000824e+00 2.997223144149426151e-03
5.939999999999999503e+00 2.945503665948581793e-03
5.951999999999999957e+00 2.894923437793714242e-03
5.964000000000000412e+00 2.845452184249503726e-03
5.976000000000000867e+00 2.797060564062107870e-03
5.987999999999999545e+00 2.749720137637529614e-03
6.000000000000000000e+00 2.703403335763939278e-03
