   1.2207031250000000E-002 -0.496040106    
   3.6621093750000000E-002 -0.488318473    
   6.1035156250000000E-002 -0.480877012    
   8.5449218750000000E-002 -0.473687261    
  0.10986328125000000      -0.466739565    
  0.13427734375000000      -0.460017055    
  0.15869140625000000      -0.453508705    
  0.18310546875000000      -0.447201222    
  0.20751953125000000      -0.441084474    
  0.23193359375000000      -0.435147375    
  0.25634765625000000      -0.429380864    
  0.28076171875000000      -0.423775524    
  0.30517578125000000      -0.418323398    
  0.32958984375000000      -0.413016349    
  0.35400390625000000      -0.407847464    
  0.37841796875000000      -0.402809709    
  0.40283203125000000      -0.397896945    
  0.42724609375000000      -0.393103123    
  0.45166015625000000      -0.388422817    
  0.47607421875000000      -0.383850783    
  0.50048828125000000      -0.379382282    
  0.52490234375000000      -0.375012636    
  0.54931640625000000      -0.370737731    
  0.57373046875000000      -0.366553456    
  0.59814453125000000      -0.362456143    
  0.62255859375000000      -0.358442247    
  0.64697265625000000      -0.354508460    
  0.67138671875000000      -0.350651681    
  0.69580078125000000      -0.346868932    
  0.72021484375000000      -0.343157470    
  0.74462890625000000      -0.339514732    
  0.76904296875000000      -0.335938156    
  0.79345703125000000      -0.332425535    
  0.81787109375000000      -0.328974605    
  0.84228515625000000      -0.325583309    
  0.86669921875000000      -0.322249681    
  0.89111328125000000      -0.318971872    
  0.91552734375000000      -0.315748096    
  0.93994140625000000      -0.312576711    
  0.96435546875000000      -0.309456080    
  0.98876953125000000      -0.306384772    
   1.0131835937500000      -0.303361297    
   1.0375976562500000      -0.300384283    
   1.0620117187500000      -0.297452509    
   1.0864257812500000      -0.294564664    
   1.1108398437500000      -0.291719556    
   1.1352539062500000      -0.288916171    
   1.1596679687500000      -0.286153316    
   1.1840820312500000      -0.283430040    
   1.2084960937500000      -0.280745298    
   1.2329101562500000      -0.278098226    
   1.2573242187500000      -0.275487900    
   1.2817382812500000      -0.272913426    
   1.3061523437500000      -0.270374000    
   1.3305664062500000      -0.267868876    
   1.3549804687500000      -0.265397251    
   1.3793945312500000      -0.262958378    
   1.4038085937500000      -0.260551572    
   1.4282226562500000      -0.258176178    
   1.4526367187500000      -0.255831540    
   1.4770507812500000      -0.253517002    
   1.5014648437500000      -0.251231998    
   1.5258789062500000      -0.248975933    
   1.5502929687500000      -0.246748209    
   1.5747070312500000      -0.244548351    
   1.5991210937500000      -0.242375791    
   1.6235351562500000      -0.240230024    
   1.6479492187500000      -0.238110542    
   1.6723632812500000      -0.236016929    
   1.6967773437500000      -0.233948678    
   1.7211914062500000      -0.231905341    
   1.7456054687500000      -0.229886502    
   1.7700195312500000      -0.227891773    
   1.7944335937500000      -0.225920677    
   1.8188476562500000      -0.223972857    
   1.8432617187500000      -0.222047925    
   1.8676757812500000      -0.220145494    
   1.8920898437500000      -0.218265235    
   1.9165039062500000      -0.216406763    
   1.9409179687500000      -0.214569747    
   1.9653320312500000      -0.212753832    
   1.9897460937500000      -0.210958719    
   2.0141601562500000      -0.209184080    
   2.0385742187500000      -0.207429588    
   2.0629882812500000      -0.205694944    
   2.0874023437500000      -0.203979880    
   2.1118164062500000      -0.202284068    
   2.1362304687500000      -0.200607270    
   2.1606445312500000      -0.198949158    
   2.1850585937500000      -0.197309494    
   2.2094726562500000      -0.195688039    
   2.2338867187500000      -0.194084466    
   2.2583007812500000      -0.192498595    
   2.2827148437500000      -0.190930098    
   2.3071289062500000      -0.189378828    
   2.3315429687500000      -0.187844485    
   2.3559570312500000      -0.186326861    
   2.3803710937500000      -0.184825689    
   2.4047851562500000      -0.183340818    
   2.4291992187500000      -0.181871951    
   2.4536132812500000      -0.180418938    
   2.4780273437500000      -0.178981543    
   2.5024414062500000      -0.177559555    
   2.5268554687500000      -0.176152766    
   2.5512695312500000      -0.174760997    
   2.5756835937500000      -0.173384041    
   2.6000976562500000      -0.172021717    
   2.6245117187500000      -0.170673817    
   2.6489257812500000      -0.169340163    
   2.6733398437500000      -0.168020606    
   2.6977539062500000      -0.166714907    
   2.7221679687500000      -0.165422946    
   2.7465820312500000      -0.164144516    
   2.7709960937500000      -0.162879467    
   2.7954101562500000      -0.161627650    
   2.8198242187500000      -0.160388827    
   2.8442382812500000      -0.159162909    
   2.8686523437500000      -0.157949716    
   2.8930664062500000      -0.156749099    
   2.9174804687500000      -0.155560881    
   2.9418945312500000      -0.154384941    
   2.9663085937500000      -0.153221101    
   2.9907226562500000      -0.152069211    
   3.0151367187500000      -0.150929153    
   3.0395507812500000      -0.149800777    
   3.0639648437500000      -0.148683965    
   3.0883789062500000      -0.147578537    
   3.1127929687500000      -0.146484375    
   3.1372070312500000      -0.145401329    
   3.1616210937500000      -0.144329309    
   3.1860351562500000      -0.143268138    
   3.2104492187500000      -0.142217726    
   3.2348632812500000      -0.141177922    
   3.2592773437500000      -0.140148610    
   3.2836914062500000      -0.139129668    
   3.3081054687500000      -0.138120979    
   3.3325195312500000      -0.137122422    
   3.3569335937500000      -0.136133850    
   3.3813476562500000      -0.135155201    
   3.4057617187500000      -0.134186327    
   3.4301757812500000      -0.133227110    
   3.4545898437500000      -0.132277459    
   3.4790039062500000      -0.131337255    
   3.5034179687500000      -0.130406410    
   3.5278320312500000      -0.129484773    
   3.5522460937500000      -0.128572255    
   3.5766601562500000      -0.127668798    
   3.6010742187500000      -0.126774222    
   3.6254882812500000      -0.125888497    
   3.6499023437500000      -0.125011474    
   3.6743164062500000      -0.124143094    
   3.6987304687500000      -0.123283207    
   3.7231445312500000      -0.122431785    
   3.7475585937500000      -0.121588677    
   3.7719726562500000      -0.120753825    
   3.7963867187500000      -0.119927108    
   3.8208007812500000      -0.119108438    
   3.8452148437500000      -0.118297756    
   3.8696289062500000      -0.117494941    
   3.8940429687500000      -0.116699934    
   3.9184570312500000      -0.115912646    
   3.9428710937500000      -0.115132958    
   3.9672851562500000      -0.114360780    
   3.9916992187500000      -0.113596082    
   4.0161132812500000      -0.112838775    
   4.0405273437500000      -0.112088740    
   4.0649414062500000      -0.111345887    
   4.0893554687500000      -0.110610187    
   4.1137695312500000      -0.109881550    
   4.1381835937500000      -0.109159887    
   4.1625976562500000      -0.108445108    
   4.1870117187500000      -0.107737154    
   4.2114257812500000      -0.107035965    
   4.2358398437500000      -0.106341451    
   4.2602539062500000      -0.105653524    
   4.2846679687500000      -0.104972154    
   4.3090820312500000      -0.104297221    
   4.3334960937500000      -0.103628695    
   4.3579101562500000      -0.102966487    
   4.3823242187500000      -0.102310538    
   4.4067382812500000      -0.101660758    
   4.4311523437500000      -0.101017118    
   4.4555664062500000      -0.100379527    
   4.4799804687500000       -9.97479260E-02
   4.5043945312500000       -9.91222262E-02
   4.5288085937500000       -9.85024273E-02
   4.5532226562500000       -9.78884101E-02
   4.5776367187500000       -9.72801149E-02
   4.6020507812500000       -9.66775119E-02
   4.6264648437500000       -9.60805416E-02
   4.6508789062500000       -9.54890847E-02
   4.6752929687500000       -9.49031711E-02
   4.6997070312500000       -9.43226814E-02
   4.7241210937500000       -9.37475562E-02
   4.7485351562500000       -9.31777656E-02
   4.7729492187500000       -9.26132500E-02
   4.7973632812500000       -9.20539200E-02
   4.8217773437500000       -9.14997756E-02
   4.8461914062500000       -9.09507275E-02
   4.8706054687500000       -9.04067159E-02
   4.8950195312500000       -8.98677111E-02
   4.9194335937500000       -8.93336236E-02
   4.9438476562500000       -8.88044536E-02
   4.9682617187500000       -8.82801414E-02
   4.9926757812500000       -8.77605975E-02
   5.0170898437500000       -8.72457922E-02
   5.0415039062500000       -8.67356658E-02
   5.0659179687500000       -8.62301886E-02
   5.0903320312500000       -8.57293010E-02
   5.1147460937500000       -8.52329731E-02
   5.1391601562500000       -8.47411454E-02
   5.1635742187500000       -8.42537582E-02
   5.1879882812500000       -8.37707520E-02
   5.2124023437500000       -8.32921267E-02
   5.2368164062500000       -8.28178227E-02
   5.2612304687500000       -8.23477805E-02
   5.2856445312500000       -8.18819702E-02
   5.3100585937500000       -8.14203322E-02
   5.3344726562500000       -8.09628367E-02
   5.3588867187500000       -8.05094242E-02
   5.3833007812500000       -8.00600946E-02
   5.4077148437500000       -7.96147287E-02
   5.4321289062500000       -7.91733861E-02
   5.4565429687500000       -7.87359476E-02
   5.4809570312500000       -7.83023834E-02
   5.5053710937500000       -7.78726935E-02
   5.5297851562500000       -7.74468184E-02
   5.5541992187500000       -7.70246983E-02
   5.5786132812500000       -7.66063035E-02
   5.6030273437500000       -7.61916041E-02
   5.6274414062500000       -7.57805705E-02
   5.6518554687500000       -7.53731728E-02
   5.6762695312500000       -7.49693513E-02
   5.7006835937500000       -7.45690465E-02
   5.7250976562500000       -7.41722882E-02
   5.7495117187500000       -7.37789869E-02
   5.7739257812500000       -7.33891428E-02
   5.7983398437500000       -7.30026662E-02
   5.8227539062500000       -7.26195872E-02
   5.8471679687500000       -7.22398460E-02
   5.8715820312500000       -7.18634129E-02
   5.8959960937500000       -7.14902282E-02
   5.9204101562500000       -7.11202919E-02
   5.9448242187500000       -7.07535744E-02
   5.9692382812500000       -7.03900158E-02
   5.9936523437500000       -7.00295866E-02
   6.0180664062500000       -6.96722865E-02
   6.0424804687500000       -6.93180561E-02
   6.0668945312500000       -6.89668655E-02
   6.0913085937500000       -6.86186850E-02
   6.1157226562500000       -6.82735145E-02
   6.1401367187500000       -6.79312944E-02
   6.1645507812500000       -6.75919950E-02
   6.1889648437500000       -6.72555864E-02
   6.2133789062500000       -6.69220388E-02
   6.2377929687500000       -6.65913522E-02
   6.2622070312500000       -6.62634671E-02
   6.2866210937500000       -6.59383833E-02
   6.3110351562500000       -6.56160414E-02
   6.3354492187500000       -6.52964413E-02
   6.3598632812500000       -6.49795234E-02
   6.3842773437500000       -6.46652877E-02
   6.4086914062500000       -6.43537045E-02
   6.4331054687500000       -6.40447438E-02
   6.4575195312500000       -6.37383759E-02
   6.4819335937500000       -6.34346008E-02
   6.5063476562500000       -6.31333590E-02
   6.5307617187500000       -6.28346205E-02
   6.5551757812500000       -6.25383854E-02
   6.5795898437500000       -6.22446537E-02
   6.6040039062500000       -6.19533360E-02
   6.6284179687500000       -6.16644621E-02
   6.6528320312500000       -6.13779724E-02
   6.6772460937500000       -6.10938668E-02
   6.7016601562500000       -6.08121157E-02
   6.7260742187500000       -6.05326891E-02
   6.7504882812500000       -6.02555871E-02
   6.7749023437500000       -5.99807799E-02
   6.7993164062500000       -5.97082078E-02
   6.8237304687500000       -5.94378710E-02
   6.8481445312500000       -5.91697693E-02
   6.8725585937500000       -5.89038730E-02
   6.8969726562500000       -5.86401522E-02
   6.9213867187500000       -5.83785772E-02
   6.9458007812500000       -5.81191480E-02
   6.9702148437500000       -5.78618348E-02
   6.9946289062500000       -5.76066077E-02
   7.0190429687500000       -5.73534369E-02
   7.0434570312500000       -5.71023524E-02
   7.0678710937500000       -5.68532944E-02
   7.0922851562500000       -5.66062331E-02
   7.1166992187500000       -5.63611984E-02
   7.1411132812500000       -5.61181009E-02
   7.1655273437500000       -5.58770001E-02
   7.1899414062500000       -5.56378067E-02
   7.2143554687500000       -5.54005504E-02
   7.2387695312500000       -5.51652014E-02
   7.2631835937500000       -5.49317300E-02
   7.2875976562500000       -5.47001064E-02
   7.3120117187500000       -5.44703305E-02
   7.3364257812500000       -5.42424023E-02
   7.3608398437500000       -5.40162921E-02
   7.3852539062500000       -5.37919700E-02
   7.4096679687500000       -5.35694361E-02
   7.4340820312500000       -5.33486605E-02
   7.4584960937500000       -5.31296134E-02
   7.4829101562500000       -5.29122949E-02
   7.5073242187500000       -5.26967049E-02
   7.5317382812500000       -5.24828136E-02
   7.5561523437500000       -5.22705913E-02
   7.5805664062500000       -5.20600379E-02
   7.6049804687500000       -5.18511534E-02
   7.6293945312500000       -5.16438782E-02
   7.6538085937500000       -5.14382124E-02
   7.6782226562500000       -5.12341559E-02
   7.7026367187500000       -5.10317087E-02
   7.7270507812500000       -5.08308113E-02
   7.7514648437500000       -5.06314933E-02
   7.7758789062500000       -5.04336953E-02
   7.8002929687500000       -5.02374470E-02
   7.8247070312500000       -5.00427186E-02
   7.8491210937500000       -4.98494804E-02
   7.8735351562500000       -4.96577024E-02
   7.8979492187500000       -4.94674444E-02
   7.9223632812500000       -4.92786169E-02
   7.9467773437500000       -4.90912497E-02
   7.9711914062500000       -4.89053130E-02
   7.9956054687500000       -4.87207770E-02
   8.0200195312500000       -4.85376716E-02
   8.0444335937500000       -4.83559668E-02
   8.0688476562500000       -4.81756032E-02
   8.0932617187500000       -4.79966402E-02
   8.1176757812500000       -4.78190184E-02
   8.1420898437500000       -4.76427674E-02
   8.1665039062500000       -4.74678278E-02
   8.1909179687500000       -4.72941995E-02
   8.2153320312500000       -4.71218824E-02
   8.2397460937500000       -4.69508469E-02
   8.2641601562500000       -4.67811227E-02
   8.2885742187500000       -4.66126502E-02
   8.3129882812500000       -4.64454293E-02
   8.3374023437500000       -4.62794900E-02
   8.3618164062500000       -4.61147428E-02
   8.3862304687500000       -4.59512472E-02
   8.4106445312500000       -4.57889736E-02
   8.4350585937500000       -4.56278920E-02
   8.4594726562500000       -4.54680026E-02
   8.4838867187500000       -4.53093052E-02
   8.5083007812500000       -4.51517701E-02
   8.5327148437500000       -4.49953973E-02
   8.5571289062500000       -4.48401570E-02
   8.5815429687500000       -4.46860790E-02
   8.6059570312500000       -4.45331037E-02
   8.6303710937500000       -4.43812907E-02
   8.6547851562500000       -4.42305505E-02
   8.6791992187500000       -4.40809131E-02
   8.7036132812500000       -4.39323783E-02
   8.7280273437500000       -4.37849164E-02
   8.7524414062500000       -4.36385274E-02
   8.7768554687500000       -4.34932113E-02
   8.8012695312500000       -4.33489382E-02
   8.8256835937500000       -4.32056785E-02
   8.8500976562500000       -4.30634916E-02
   8.8745117187500000       -4.29223180E-02
   8.8989257812500000       -4.27821279E-02
   8.9233398437500000       -4.26429808E-02
   8.9477539062500000       -4.25048172E-02
   8.9721679687500000       -4.23676372E-02
   8.9965820312500000       -4.22314405E-02
   9.0209960937500000       -4.20961976E-02
   9.0454101562500000       -4.19619381E-02
   9.0698242187500000       -4.18286324E-02
   9.0942382812500000       -4.16962504E-02
   9.1186523437500000       -4.15648222E-02
   9.1430664062500000       -4.14343178E-02
   9.1674804687500000       -4.13047373E-02
   9.1918945312500000       -4.11760807E-02
   9.2163085937500000       -4.10483181E-02
   9.2407226562500000       -4.09214199E-02
   9.2651367187500000       -4.07954454E-02
   9.2895507812500000       -4.06703651E-02
   9.3139648437500000       -4.05461192E-02
   9.3383789062500000       -4.04227674E-02
   9.3627929687500000       -4.03002501E-02
   9.3872070312500000       -4.01785970E-02
   9.4116210937500000       -4.00578082E-02
   9.4360351562500000       -3.99378240E-02
   9.4604492187500000       -3.98186743E-02
   9.4848632812500000       -3.97003591E-02
   9.5092773437500000       -3.95828485E-02
   9.5336914062500000       -3.94661427E-02
   9.5581054687500000       -3.93502414E-02
   9.5825195312500000       -3.92351449E-02
   9.6069335937500000       -3.91208231E-02
   9.6313476562500000       -3.90072763E-02
   9.6557617187500000       -3.88945043E-02
   9.6801757812500000       -3.87825072E-02
   9.7045898437500000       -3.86712849E-02
   9.7290039062500000       -3.85608077E-02
   9.7534179687500000       -3.84510756E-02
   9.7778320312500000       -3.83420587E-02
   9.8022460937500000       -3.82338166E-02
   9.8266601562500000       -3.81262898E-02
   9.8510742187500000       -3.80194783E-02
   9.8754882812500000       -3.79133821E-02
   9.8999023437500000       -3.78080010E-02
   9.9243164062500000       -3.77033353E-02
   9.9487304687500000       -3.75993550E-02
   9.9731445312500000       -3.74960601E-02
   9.9975585937500000       -3.73934805E-02
   10.021972656250000       -3.72915566E-02
   10.046386718750000       -3.71903181E-02
   10.070800781250000       -3.70897353E-02
   10.095214843750000       -3.69898379E-02
   10.119628906250000       -3.68905962E-02
   10.144042968750000       -3.67920101E-02
   10.168457031250000       -3.66940498E-02
   10.192871093750000       -3.65967453E-02
   10.217285156250000       -3.65000963E-02
   10.241699218750000       -3.64040732E-02
   10.266113281250000       -3.63086462E-02
   10.290527343750000       -3.62138748E-02
   10.314941406250000       -3.61196995E-02
   10.339355468750000       -3.60261500E-02
   10.363769531250000       -3.59331965E-02
   10.388183593750000       -3.58408391E-02
   10.412597656250000       -3.57491076E-02
   10.437011718750000       -3.56579423E-02
   10.461425781250000       -3.55673730E-02
   10.485839843750000       -3.54773700E-02
   10.510253906250000       -3.53879631E-02
   10.534667968750000       -3.52991223E-02
   10.559082031250000       -3.52108479E-02
   10.583496093750000       -3.51231396E-02
   10.607910156250000       -3.50359976E-02
   10.632324218750000       -3.49493921E-02
   10.656738281250000       -3.48633528E-02
   10.681152343750000       -3.47778499E-02
   10.705566406250000       -3.46928835E-02
   10.729980468750000       -3.46084535E-02
   10.754394531250000       -3.45245600E-02
   10.778808593750000       -3.44412029E-02
   10.803222656250000       -3.43583822E-02
   10.827636718750000       -3.42760682E-02
   10.852050781250000       -3.41942608E-02
   10.876464843750000       -3.41129601E-02
   10.900878906250000       -3.40321660E-02
   10.925292968750000       -3.39519083E-02
   10.949707031250000       -3.38721275E-02
   10.974121093750000       -3.37928236E-02
   10.998535156250000       -3.37140262E-02
   11.022949218750000       -3.36357355E-02
   11.047363281250000       -3.35579216E-02
   11.071777343750000       -3.34805548E-02
   11.096191406250000       -3.34036946E-02
   11.120605468750000       -3.33273113E-02
   11.145019531250000       -3.32513750E-02
   11.169433593750000       -3.31759155E-02
   11.193847656250000       -3.31009328E-02
   11.218261718750000       -3.30263972E-02
   11.242675781250000       -3.29523087E-02
   11.267089843750000       -3.28786671E-02
   11.291503906250000       -3.28054726E-02
   11.315917968750000       -3.27327251E-02
   11.340332031250000       -3.26604247E-02
   11.364746093750000       -3.25885713E-02
   11.389160156250000       -3.25171351E-02
   11.413574218750000       -3.24461460E-02
   11.437988281250000       -3.23755741E-02
   11.462402343750000       -3.23054194E-02
   11.486816406250000       -3.22356820E-02
   11.511230468750000       -3.21663618E-02
   11.535644531250000       -3.20974886E-02
   11.560058593750000       -3.20290029E-02
   11.584472656250000       -3.19609046E-02
   11.608886718750000       -3.18932235E-02
   11.633300781250000       -3.18259597E-02
   11.657714843750000       -3.17590833E-02
   11.682128906250000       -3.16926241E-02
   11.706542968750000       -3.16265225E-02
   11.730957031250000       -3.15608382E-02
   11.755371093750000       -3.14955115E-02
   11.779785156250000       -3.14306021E-02
   11.804199218750000       -3.13660502E-02
   11.828613281250000       -3.13018858E-02
   11.853027343750000       -3.12381089E-02
   11.877441406250000       -3.11746895E-02
   11.901855468750000       -3.11116278E-02
   11.926269531250000       -3.10489535E-02
   11.950683593750000       -3.09866369E-02
   11.975097656250000       -3.09246778E-02
   11.999511718750000       -3.08630764E-02
   12.023925781250000       -3.08018625E-02
   12.048339843750000       -3.07409763E-02
   12.072753906250000       -3.06804180E-02
   12.097167968750000       -3.06202471E-02
   12.121582031250000       -3.05604041E-02
   12.145996093750000       -3.05009186E-02
   12.170410156250000       -3.04417610E-02
   12.194824218750000       -3.03829312E-02
   12.219238281250000       -3.03244591E-02
   12.243652343750000       -3.02663147E-02
   12.268066406250000       -3.02084982E-02
   12.292480468750000       -3.01510096E-02
   12.316894531250000       -3.00938487E-02
   12.341308593750000       -3.00370157E-02
   12.365722656250000       -2.99804807E-02
   12.390136718750000       -2.99243033E-02
   12.414550781250000       -2.98684239E-02
   12.438964843750000       -2.98128426E-02
   12.463378906250000       -2.97575891E-02
   12.487792968750000       -2.97026634E-02
   12.512207031250000       -2.96480358E-02
   12.536621093750000       -2.95937061E-02
   12.561035156250000       -2.95396745E-02
   12.585449218750000       -2.94859409E-02
   12.609863281250000       -2.94325352E-02
   12.634277343750000       -2.93793976E-02
   12.658691406250000       -2.93265879E-02
   12.683105468750000       -2.92740464E-02
   12.707519531250000       -2.92218029E-02
   12.731933593750000       -2.91698277E-02
   12.756347656250000       -2.91181803E-02
   12.780761718750000       -2.90668011E-02
   12.805175781250000       -2.90156901E-02
   12.829589843750000       -2.89648771E-02
   12.854003906250000       -2.89143324E-02
   12.878417968750000       -2.88640559E-02
   12.902832031250000       -2.88140774E-02
   12.927246093750000       -2.87643671E-02
   12.951660156250000       -2.87149251E-02
   12.976074218750000       -2.86657512E-02
   13.000488281250000       -2.86168456E-02
   13.024902343750000       -2.85682082E-02
   13.049316406250000       -2.85198390E-02
   13.073730468750000       -2.84717083E-02
   13.098144531250000       -2.84238756E-02
   13.122558593750000       -2.83762813E-02
   13.146972656250000       -2.83289254E-02
   13.171386718750000       -2.82818675E-02
   13.195800781250000       -2.82350183E-02
   13.220214843750000       -2.81884670E-02
   13.244628906250000       -2.81421244E-02
   13.269042968750000       -2.80960500E-02
   13.293457031250000       -2.80502141E-02
   13.317871093750000       -2.80046463E-02
   13.342285156250000       -2.79593170E-02
   13.366699218750000       -2.79141963E-02
   13.391113281250000       -2.78693438E-02
   13.415527343750000       -2.78247297E-02
   13.439941406250000       -2.77803540E-02
   13.464355468750000       -2.77362168E-02
   13.488769531250000       -2.76922882E-02
   13.513183593750000       -2.76485980E-02
   13.537597656250000       -2.76051760E-02
   13.562011718750000       -2.75619328E-02
   13.586425781250000       -2.75189579E-02
   13.610839843750000       -2.74761915E-02
   13.635253906250000       -2.74336636E-02
   13.659667968750000       -2.73913443E-02
   13.684082031250000       -2.73492336E-02
   13.708496093750000       -2.73073614E-02
   13.732910156250000       -2.72657275E-02
   13.757324218750000       -2.72242725E-02
   13.781738281250000       -2.71830559E-02
   13.806152343750000       -2.71420777E-02
   13.830566406250000       -2.71012783E-02
   13.854980468750000       -2.70606875E-02
   13.879394531250000       -2.70203352E-02
   13.903808593750000       -2.69801617E-02
   13.928222656250000       -2.69402266E-02
   13.952636718750000       -2.69005001E-02
   13.977050781250000       -2.68609524E-02
   14.001464843750000       -2.68216133E-02
   14.025878906250000       -2.67824829E-02
   14.050292968750000       -2.67435610E-02
   14.074707031250000       -2.67048478E-02
   14.099121093750000       -2.66663134E-02
   14.123535156250000       -2.66279876E-02
   14.147949218750000       -2.65898705E-02
   14.172363281250000       -2.65519321E-02
   14.196777343750000       -2.65141726E-02
   14.221191406250000       -2.64766514E-02
   14.245605468750000       -2.64392793E-02
   14.270019531250000       -2.64021158E-02
   14.294433593750000       -2.63651311E-02
   14.318847656250000       -2.63283551E-02
   14.343261718750000       -2.62917578E-02
   14.367675781250000       -2.62553394E-02
   14.392089843750000       -2.62191296E-02
   14.416503906250000       -2.61830688E-02
   14.440917968750000       -2.61472166E-02
   14.465332031250000       -2.61115432E-02
   14.489746093750000       -2.60760486E-02
   14.514160156250000       -2.60407329E-02
   14.538574218750000       -2.60055959E-02
   14.562988281250000       -2.59706378E-02
   14.587402343750000       -2.59358287E-02
   14.611816406250000       -2.59012282E-02
   14.636230468750000       -2.58668065E-02
   14.660644531250000       -2.58325338E-02
   14.685058593750000       -2.57984400E-02
   14.709472656250000       -2.57645249E-02
   14.733886718750000       -2.57307887E-02
   14.758300781250000       -2.56972015E-02
   14.782714843750000       -2.56637931E-02
   14.807128906250000       -2.56305337E-02
   14.831542968750000       -2.55974531E-02
   14.855957031250000       -2.55645514E-02
   14.880371093750000       -2.55317986E-02
   14.904785156250000       -2.54992247E-02
   14.929199218750000       -2.54667997E-02
   14.953613281250000       -2.54345536E-02
   14.978027343750000       -2.54024565E-02
   15.002441406250000       -2.53705084E-02
   15.026855468750000       -2.53387094E-02
   15.051269531250000       -2.53070891E-02
   15.075683593750000       -2.52756476E-02
   15.100097656250000       -2.52443254E-02
   15.124511718750000       -2.52131820E-02
   15.148925781250000       -2.51821578E-02
   15.173339843750000       -2.51513124E-02
   15.197753906250000       -2.51206458E-02
   15.222167968750000       -2.50900984E-02
   15.246582031250000       -2.50597000E-02
   15.270996093750000       -2.50294507E-02
   15.295410156250000       -2.49993801E-02
   15.319824218750000       -2.49694288E-02
   15.344238281250000       -2.49396265E-02
   15.368652343750000       -2.49099731E-02
   15.393066406250000       -2.48804688E-02
   15.417480468750000       -2.48511136E-02
   15.441894531250000       -2.48219073E-02
   15.466308593750000       -2.47928202E-02
   15.490722656250000       -2.47639120E-02
   15.515136718750000       -2.47351229E-02
   15.539550781250000       -2.47064829E-02
   15.563964843750000       -2.46779919E-02
   15.588378906250000       -2.46496201E-02
   15.612792968750000       -2.46213973E-02
   15.637207031250000       -2.45932937E-02
   15.661621093750000       -2.45653689E-02
   15.686035156250000       -2.45375335E-02
   15.710449218750000       -2.45098770E-02
   15.734863281250000       -2.44823396E-02
   15.759277343750000       -2.44549215E-02
   15.783691406250000       -2.44276524E-02
   15.808105468750000       -2.44005024E-02
   15.832519531250000       -2.43735015E-02
   15.856933593750000       -2.43466198E-02
   15.881347656250000       -2.43198872E-02
   15.905761718750000       -2.42932737E-02
   15.930175781250000       -2.42668092E-02
   15.954589843750000       -2.42404342E-02
   15.979003906250000       -2.42142081E-02
   16.003417968750000       -2.41881311E-02
   16.027832031250000       -2.41621435E-02
   16.052246093750000       -2.41363049E-02
   16.076660156250000       -2.41105855E-02
   16.101074218750000       -2.40849853E-02
   16.125488281250000       -2.40595341E-02
   16.149902343750000       -2.40341723E-02
   16.174316406250000       -2.40089595E-02
   16.198730468750000       -2.39838660E-02
   16.223144531250000       -2.39588916E-02
   16.247558593750000       -2.39340365E-02
   16.271972656250000       -2.39093006E-02
   16.296386718750000       -2.38846838E-02
   16.320800781250000       -2.38601863E-02
   16.345214843750000       -2.38358080E-02
   16.369628906250000       -2.38115489E-02
   16.394042968750000       -2.37874091E-02
   16.418457031250000       -2.37633884E-02
   16.442871093750000       -2.37394869E-02
   16.467285156250000       -2.37157047E-02
   16.491699218750000       -2.36920416E-02
   16.516113281250000       -2.36684680E-02
   16.540527343750000       -2.36450434E-02
   16.564941406250000       -2.36217082E-02
   16.589355468750000       -2.35984921E-02
   16.613769531250000       -2.35753953E-02
   16.638183593750000       -2.35523880E-02
   16.662597656250000       -2.35295296E-02
   16.687011718750000       -2.35067606E-02
   16.711425781250000       -2.34840810E-02
   16.735839843750000       -2.34615505E-02
   16.760253906250000       -2.34391093E-02
   16.784667968750000       -2.34167874E-02
   16.809082031250000       -2.33945549E-02
   16.833496093750000       -2.33724415E-02
   16.857910156250000       -2.33504474E-02
   16.882324218750000       -2.33285427E-02
   16.906738281250000       -2.33067572E-02
   16.931152343750000       -2.32850909E-02
   16.955566406250000       -2.32635140E-02
   16.979980468750000       -2.32420266E-02
   17.004394531250000       -2.32206583E-02
   17.028808593750000       -2.31994092E-02
   17.053222656250000       -2.31782198E-02
   17.077636718750000       -2.31571794E-02
   17.102050781250000       -2.31362283E-02
   17.126464843750000       -2.31153667E-02
   17.150878906250000       -2.30946243E-02
   17.175292968750000       -2.30739713E-02
   17.199707031250000       -2.30534375E-02
   17.224121093750000       -2.30329931E-02
   17.248535156250000       -2.30126381E-02
   17.272949218750000       -2.29923725E-02
   17.297363281250000       -2.29722261E-02
   17.321777343750000       -2.29521990E-02
   17.346191406250000       -2.29322314E-02
   17.370605468750000       -2.29123831E-02
   17.395019531250000       -2.28926241E-02
   17.419433593750000       -2.28729546E-02
   17.443847656250000       -2.28534043E-02
   17.468261718750000       -2.28339434E-02
   17.492675781250000       -2.28145719E-02
   17.517089843750000       -2.27952898E-02
   17.541503906250000       -2.27761269E-02
   17.565917968750000       -2.27570236E-02
   17.590332031250000       -2.27380395E-02
   17.614746093750000       -2.27191448E-02
   17.639160156250000       -2.27003396E-02
   17.663574218750000       -2.26816237E-02
   17.687988281250000       -2.26630270E-02
   17.712402343750000       -2.26444900E-02
   17.736816406250000       -2.26260424E-02
   17.761230468750000       -2.26077139E-02
   17.785644531250000       -2.25894749E-02
   17.810058593750000       -2.25712955E-02
   17.834472656250000       -2.25532353E-02
   17.858886718750000       -2.25352645E-02
   17.883300781250000       -2.25173533E-02
   17.907714843750000       -2.24995613E-02
   17.932128906250000       -2.24818587E-02
   17.956542968750000       -2.24642158E-02
   17.980957031250000       -2.24466920E-02
   18.005371093750000       -2.24292278E-02
   18.029785156250000       -2.24118829E-02
   18.054199218750000       -2.23945975E-02
   18.078613281250000       -2.23774314E-02
   18.103027343750000       -2.23603249E-02
   18.127441406250000       -2.23433077E-02
   18.151855468750000       -2.23263800E-02
   18.176269531250000       -2.23095417E-02
   18.200683593750000       -2.22927630E-02
   18.225097656250000       -2.22761035E-02
   18.249511718750000       -2.22595036E-02
   18.273925781250000       -2.22430229E-02
   18.298339843750000       -2.22266018E-02
   18.322753906250000       -2.22102404E-02
   18.347167968750000       -2.21939981E-02
   18.371582031250000       -2.21778154E-02
   18.395996093750000       -2.21617520E-02
   18.420410156250000       -2.21457481E-02
   18.444824218750000       -2.21298039E-02
   18.469238281250000       -2.21139789E-02
   18.493652343750000       -2.20982134E-02
   18.518066406250000       -2.20825374E-02
   18.542480468750000       -2.20669210E-02
   18.566894531250000       -2.20514238E-02
   18.591308593750000       -2.20359564E-02
   18.615722656250000       -2.20206082E-02
   18.640136718750000       -2.20053196E-02
   18.664550781250000       -2.19901204E-02
   18.688964843750000       -2.19750106E-02
   18.713378906250000       -2.19599605E-02
   18.737792968750000       -2.19449997E-02
   18.762207031250000       -2.19301283E-02
   18.786621093750000       -2.19153166E-02
   18.811035156250000       -2.19005942E-02
   18.835449218750000       -2.18859315E-02
   18.859863281250000       -2.18713582E-02
   18.884277343750000       -2.18568444E-02
   18.908691406250000       -2.18424201E-02
   18.933105468750000       -2.18280852E-02
   18.957519531250000       -2.18138099E-02
   18.981933593750000       -2.17996240E-02
   19.006347656250000       -2.17854977E-02
   19.030761718750000       -2.17714608E-02
   19.055175781250000       -2.17574835E-02
   19.079589843750000       -2.17435956E-02
   19.104003906250000       -2.17297673E-02
   19.128417968750000       -2.17160285E-02
   19.152832031250000       -2.17023492E-02
   19.177246093750000       -2.16887593E-02
   19.201660156250000       -2.16752291E-02
   19.226074218750000       -2.16617584E-02
   19.250488281250000       -2.16484070E-02
   19.274902343750000       -2.16350853E-02
   19.299316406250000       -2.16218531E-02
   19.323730468750000       -2.16086805E-02
   19.348144531250000       -2.15955973E-02
   19.372558593750000       -2.15825737E-02
   19.396972656250000       -2.15696394E-02
   19.421386718750000       -2.15567648E-02
   19.445800781250000       -2.15439498E-02
   19.470214843750000       -2.15312243E-02
   19.494628906250000       -2.15185583E-02
   19.519042968750000       -2.15059817E-02
   19.543457031250000       -2.14934647E-02
   19.567871093750000       -2.14810073E-02
   19.592285156250000       -2.14686096E-02
   19.616699218750000       -2.14563012E-02
   19.641113281250000       -2.14440525E-02
   19.665527343750000       -2.14318931E-02
   19.689941406250000       -2.14197934E-02
   19.714355468750000       -2.14077532E-02
   19.738769531250000       -2.13957727E-02
   19.763183593750000       -2.13838816E-02
   19.787597656250000       -2.13720500E-02
   19.812011718750000       -2.13602781E-02
   19.836425781250000       -2.13485956E-02
   19.860839843750000       -2.13369727E-02
   19.885253906250000       -2.13254094E-02
   19.909667968750000       -2.13139057E-02
   19.934082031250000       -2.13024914E-02
   19.958496093750000       -2.12911367E-02
   19.982910156250000       -2.12798417E-02
   20.007324218750000       -2.12686062E-02
   20.031738281250000       -2.12574601E-02
   20.056152343750000       -2.12463439E-02
   20.080566406250000       -2.12353170E-02
   20.104980468750000       -2.12243497E-02
   20.129394531250000       -2.12134719E-02
   20.153808593750000       -2.12026238E-02
   20.178222656250000       -2.11918652E-02
   20.202636718750000       -2.11811662E-02
   20.227050781250000       -2.11705267E-02
   20.251464843750000       -2.11599469E-02
   20.275878906250000       -2.11494267E-02
   20.300292968750000       -2.11389959E-02
   20.324707031250000       -2.11286247E-02
   20.349121093750000       -2.11182833E-02
   20.373535156250000       -2.11080313E-02
   20.397949218750000       -2.10978687E-02
   20.422363281250000       -2.10877359E-02
   20.446777343750000       -2.10776627E-02
   20.471191406250000       -2.10676789E-02
   20.495605468750000       -2.10577250E-02
   20.520019531250000       -2.10478604E-02
   20.544433593750000       -2.10380256E-02
   20.568847656250000       -2.10282803E-02
   20.593261718750000       -2.10185945E-02
   20.617675781250000       -2.10089684E-02
   20.642089843750000       -2.09994018E-02
   20.666503906250000       -2.09899247E-02
   20.690917968750000       -2.09804773E-02
   20.715332031250000       -2.09710896E-02
   20.739746093750000       -2.09617615E-02
   20.764160156250000       -2.09525228E-02
   20.788574218750000       -2.09433138E-02
   20.812988281250000       -2.09341943E-02
   20.837402343750000       -2.09251046E-02
   20.861816406250000       -2.09161043E-02
   20.886230468750000       -2.09071636E-02
   20.910644531250000       -2.08982527E-02
   20.935058593750000       -2.08894312E-02
   20.959472656250000       -2.08806396E-02
   20.983886718750000       -2.08719373E-02
   21.008300781250000       -2.08632946E-02
   21.032714843750000       -2.08546817E-02
   21.057128906250000       -2.08461583E-02
   21.081542968750000       -2.08376944E-02
   21.105957031250000       -2.08292603E-02
   21.130371093750000       -2.08209157E-02
   21.154785156250000       -2.08126307E-02
   21.179199218750000       -2.08043754E-02
   21.203613281250000       -2.07962096E-02
   21.228027343750000       -2.07880735E-02
   21.252441406250000       -2.07800269E-02
   21.276855468750000       -2.07720101E-02
   21.301269531250000       -2.07640529E-02
   21.325683593750000       -2.07561851E-02
   21.350097656250000       -2.07483470E-02
   21.374511718750000       -2.07405686E-02
   21.398925781250000       -2.07328498E-02
   21.423339843750000       -2.07251906E-02
   21.447753906250000       -2.07175910E-02
   21.472167968750000       -2.07100511E-02
   21.496582031250000       -2.07025707E-02
   21.520996093750000       -2.06951499E-02
   21.545410156250000       -2.06877589E-02
   21.569824218750000       -2.06804574E-02
   21.594238281250000       -2.06732154E-02
   21.618652343750000       -2.06660032E-02
   21.643066406250000       -2.06588507E-02
   21.667480468750000       -2.06517577E-02
   21.691894531250000       -2.06447244E-02
   21.716308593750000       -2.06377506E-02
   21.740722656250000       -2.06308365E-02
   21.765136718750000       -2.06239820E-02
   21.789550781250000       -2.06171572E-02
   21.813964843750000       -2.06104219E-02
   21.838378906250000       -2.06037164E-02
   21.862792968750000       -2.05970705E-02
   21.887207031250000       -2.05905139E-02
   21.911621093750000       -2.05839574E-02
   21.936035156250000       -2.05774903E-02
   21.960449218750000       -2.05710828E-02
   21.984863281250000       -2.05647051E-02
   22.009277343750000       -2.05584168E-02
   22.033691406250000       -2.05521584E-02
   22.058105468750000       -2.05459595E-02
   22.082519531250000       -2.05398202E-02
   22.106933593750000       -2.05337107E-02
   22.131347656250000       -2.05276906E-02
   22.155761718750000       -2.05217004E-02
   22.180175781250000       -2.05157697E-02
   22.204589843750000       -2.05098987E-02
   22.229003906250000       -2.05040872E-02
   22.253417968750000       -2.04983354E-02
   22.277832031250000       -2.04926133E-02
   22.302246093750000       -2.04869509E-02
   22.326660156250000       -2.04813778E-02
   22.351074218750000       -2.04758048E-02
   22.375488281250000       -2.04703212E-02
   22.399902343750000       -2.04648674E-02
   22.424316406250000       -2.04595029E-02
   22.448730468750000       -2.04541683E-02
   22.473144531250000       -2.04488933E-02
   22.497558593750000       -2.04436481E-02
   22.521972656250000       -2.04384923E-02
   22.546386718750000       -2.04333663E-02
   22.570800781250000       -2.04282999E-02
   22.595214843750000       -2.04232931E-02
   22.619628906250000       -2.04183161E-02
   22.644042968750000       -2.04133987E-02
   22.668457031250000       -2.04085708E-02
   22.692871093750000       -2.04037428E-02
   22.717285156250000       -2.03990042E-02
   22.741699218750000       -2.03942955E-02
   22.766113281250000       -2.03896761E-02
   22.790527343750000       -2.03850865E-02
   22.814941406250000       -2.03805268E-02
   22.839355468750000       -2.03760564E-02
   22.863769531250000       -2.03716159E-02
   22.888183593750000       -2.03672349E-02
   22.912597656250000       -2.03628838E-02
   22.937011718750000       -2.03586221E-02
   22.961425781250000       -2.03543901E-02
   22.985839843750000       -2.03502178E-02
   23.010253906250000       -2.03461051E-02
   23.034667968750000       -2.03420222E-02
   23.059082031250000       -2.03379989E-02
   23.083496093750000       -2.03340352E-02
   23.107910156250000       -2.03301311E-02
   23.132324218750000       -2.03262568E-02
   23.156738281250000       -2.03224421E-02
   23.181152343750000       -2.03186870E-02
   23.205566406250000       -2.03149617E-02
   23.229980468750000       -2.03113258E-02
   23.254394531250000       -2.03077197E-02
   23.278808593750000       -2.03041434E-02
   23.303222656250000       -2.03006566E-02
   23.327636718750000       -2.02971995E-02
   23.352050781250000       -2.02938020E-02
   23.376464843750000       -2.02904344E-02
   23.400878906250000       -2.02871263E-02
   23.425292968750000       -2.02838778E-02
   23.449707031250000       -2.02806890E-02
   23.474121093750000       -2.02775300E-02
   23.498535156250000       -2.02744603E-02
   23.522949218750000       -2.02713907E-02
   23.547363281250000       -2.02684104E-02
   23.571777343750000       -2.02654600E-02
   23.596191406250000       -2.02625692E-02
   23.620605468750000       -2.02597380E-02
   23.645019531250000       -2.02569366E-02
   23.669433593750000       -2.02541947E-02
   23.693847656250000       -2.02515125E-02
   23.718261718750000       -2.02488601E-02
   23.742675781250000       -2.02462673E-02
   23.767089843750000       -2.02437341E-02
   23.791503906250000       -2.02412307E-02
   23.815917968750000       -2.02388167E-02
   23.840332031250000       -2.02364028E-02
   23.864746093750000       -2.02340782E-02
   23.889160156250000       -2.02317834E-02
   23.913574218750000       -2.02295482E-02
   23.937988281250000       -2.02273726E-02
   23.962402343750000       -2.02252269E-02
   23.986816406250000       -2.02231407E-02
   24.011230468750000       -2.02211142E-02
   24.035644531250000       -2.02191174E-02
   24.060058593750000       -2.02171803E-02
   24.084472656250000       -2.02153027E-02
   24.108886718750000       -2.02134550E-02
   24.133300781250000       -2.02116668E-02
   24.157714843750000       -2.02099383E-02
   24.182128906250000       -2.02082396E-02
   24.206542968750000       -2.02066004E-02
   24.230957031250000       -2.02050209E-02
   24.255371093750000       -2.02034712E-02
   24.279785156250000       -2.02019811E-02
   24.304199218750000       -2.02005506E-02
   24.328613281250000       -2.01991498E-02
   24.353027343750000       -2.01978087E-02
   24.377441406250000       -2.01965272E-02
   24.401855468750000       -2.01953053E-02
   24.426269531250000       -2.01941133E-02
   24.450683593750000       -2.01929510E-02
   24.475097656250000       -2.01918781E-02
   24.499511718750000       -2.01908350E-02
   24.523925781250000       -2.01898515E-02
   24.548339843750000       -2.01888978E-02
   24.572753906250000       -2.01880038E-02
   24.597167968750000       -2.01871693E-02
   24.621582031250000       -2.01863647E-02
   24.645996093750000       -2.01856196E-02
   24.670410156250000       -2.01849341E-02
   24.694824218750000       -2.01843083E-02
   24.719238281250000       -2.01837122E-02
   24.743652343750000       -2.01831460E-02
   24.768066406250000       -2.01826692E-02
   24.792480468750000       -2.01822221E-02
   24.816894531250000       -2.01818347E-02
   24.841308593750000       -2.01814771E-02
   24.865722656250000       -2.01811790E-02
   24.890136718750000       -2.01809406E-02
   24.914550781250000       -2.01807320E-02
   24.938964843750000       -2.01805830E-02
   24.963378906250000       -2.01804936E-02
   24.987792968750000       -2.01804340E-02
   25.012207031250000       -2.01804340E-02
   25.036621093750000       -2.01804936E-02
   25.061035156250000       -2.01805830E-02
   25.085449218750000       -2.01807320E-02
   25.109863281250000       -2.01809406E-02
   25.134277343750000       -2.01811790E-02
   25.158691406250000       -2.01814771E-02
   25.183105468750000       -2.01818347E-02
   25.207519531250000       -2.01822221E-02
   25.231933593750000       -2.01826692E-02
   25.256347656250000       -2.01831460E-02
   25.280761718750000       -2.01837122E-02
   25.305175781250000       -2.01843083E-02
   25.329589843750000       -2.01849341E-02
   25.354003906250000       -2.01856196E-02
   25.378417968750000       -2.01863647E-02
   25.402832031250000       -2.01871693E-02
   25.427246093750000       -2.01880038E-02
   25.451660156250000       -2.01888978E-02
   25.476074218750000       -2.01898515E-02
   25.500488281250000       -2.01908350E-02
   25.524902343750000       -2.01918781E-02
   25.549316406250000       -2.01929510E-02
   25.573730468750000       -2.01941133E-02
   25.598144531250000       -2.01953053E-02
   25.622558593750000       -2.01965272E-02
   25.646972656250000       -2.01978087E-02
   25.671386718750000       -2.01991498E-02
   25.695800781250000       -2.02005506E-02
   25.720214843750000       -2.02019811E-02
   25.744628906250000       -2.02034712E-02
   25.769042968750000       -2.02050209E-02
   25.793457031250000       -2.02066004E-02
   25.817871093750000       -2.02082396E-02
   25.842285156250000       -2.02099383E-02
   25.866699218750000       -2.02116668E-02
   25.891113281250000       -2.02134550E-02
   25.915527343750000       -2.02153027E-02
   25.939941406250000       -2.02171803E-02
   25.964355468750000       -2.02191174E-02
   25.988769531250000       -2.02211142E-02
   26.013183593750000       -2.02231407E-02
   26.037597656250000       -2.02252269E-02
   26.062011718750000       -2.02273726E-02
   26.086425781250000       -2.02295482E-02
   26.110839843750000       -2.02317834E-02
   26.135253906250000       -2.02340782E-02
   26.159667968750000       -2.02364028E-02
   26.184082031250000       -2.02388167E-02
   26.208496093750000       -2.02412307E-02
   26.232910156250000       -2.02437341E-02
   26.257324218750000       -2.02462673E-02
   26.281738281250000       -2.02488601E-02
   26.306152343750000       -2.02515125E-02
   26.330566406250000       -2.02541947E-02
   26.354980468750000       -2.02569366E-02
   26.379394531250000       -2.02597380E-02
   26.403808593750000       -2.02625692E-02
   26.428222656250000       -2.02654600E-02
   26.452636718750000       -2.02684104E-02
   26.477050781250000       -2.02713907E-02
   26.501464843750000       -2.02744603E-02
   26.525878906250000       -2.02775300E-02
   26.550292968750000       -2.02806890E-02
   26.574707031250000       -2.02838778E-02
   26.599121093750000       -2.02871263E-02
   26.623535156250000       -2.02904344E-02
   26.647949218750000       -2.02938020E-02
   26.672363281250000       -2.02971995E-02
   26.696777343750000       -2.03006566E-02
   26.721191406250000       -2.03041434E-02
   26.745605468750000       -2.03077197E-02
   26.770019531250000       -2.03113258E-02
   26.794433593750000       -2.03149617E-02
   26.818847656250000       -2.03186870E-02
   26.843261718750000       -2.03224421E-02
   26.867675781250000       -2.03262568E-02
   26.892089843750000       -2.03301311E-02
   26.916503906250000       -2.03340352E-02
   26.940917968750000       -2.03379989E-02
   26.965332031250000       -2.03420222E-02
   26.989746093750000       -2.03461051E-02
   27.014160156250000       -2.03502178E-02
   27.038574218750000       -2.03543901E-02
   27.062988281250000       -2.03586221E-02
   27.087402343750000       -2.03628838E-02
   27.111816406250000       -2.03672349E-02
   27.136230468750000       -2.03716159E-02
   27.160644531250000       -2.03760564E-02
   27.185058593750000       -2.03805268E-02
   27.209472656250000       -2.03850865E-02
   27.233886718750000       -2.03896761E-02
   27.258300781250000       -2.03942955E-02
   27.282714843750000       -2.03990042E-02
   27.307128906250000       -2.04037428E-02
   27.331542968750000       -2.04085708E-02
   27.355957031250000       -2.04133987E-02
   27.380371093750000       -2.04183161E-02
   27.404785156250000       -2.04232931E-02
   27.429199218750000       -2.04282999E-02
   27.453613281250000       -2.04333663E-02
   27.478027343750000       -2.04384923E-02
   27.502441406250000       -2.04436481E-02
   27.526855468750000       -2.04488933E-02
   27.551269531250000       -2.04541683E-02
   27.575683593750000       -2.04595029E-02
   27.600097656250000       -2.04648674E-02
   27.624511718750000       -2.04703212E-02
   27.648925781250000       -2.04758048E-02
   27.673339843750000       -2.04813778E-02
   27.697753906250000       -2.04869509E-02
   27.722167968750000       -2.04926133E-02
   27.746582031250000       -2.04983354E-02
   27.770996093750000       -2.05040872E-02
   27.795410156250000       -2.05098987E-02
   27.819824218750000       -2.05157697E-02
   27.844238281250000       -2.05217004E-02
   27.868652343750000       -2.05276906E-02
   27.893066406250000       -2.05337107E-02
   27.917480468750000       -2.05398202E-02
   27.941894531250000       -2.05459595E-02
   27.966308593750000       -2.05521584E-02
   27.990722656250000       -2.05584168E-02
   28.015136718750000       -2.05647051E-02
   28.039550781250000       -2.05710828E-02
   28.063964843750000       -2.05774903E-02
   28.088378906250000       -2.05839574E-02
   28.112792968750000       -2.05905139E-02
   28.137207031250000       -2.05970705E-02
   28.161621093750000       -2.06037164E-02
   28.186035156250000       -2.06104219E-02
   28.210449218750000       -2.06171572E-02
   28.234863281250000       -2.06239820E-02
   28.259277343750000       -2.06308365E-02
   28.283691406250000       -2.06377506E-02
   28.308105468750000       -2.06447244E-02
   28.332519531250000       -2.06517577E-02
   28.356933593750000       -2.06588507E-02
   28.381347656250000       -2.06660032E-02
   28.405761718750000       -2.06732154E-02
   28.430175781250000       -2.06804574E-02
   28.454589843750000       -2.06877589E-02
   28.479003906250000       -2.06951499E-02
   28.503417968750000       -2.07025707E-02
   28.527832031250000       -2.07100511E-02
   28.552246093750000       -2.07175910E-02
   28.576660156250000       -2.07251906E-02
   28.601074218750000       -2.07328498E-02
   28.625488281250000       -2.07405686E-02
   28.649902343750000       -2.07483470E-02
   28.674316406250000       -2.07561851E-02
   28.698730468750000       -2.07640529E-02
   28.723144531250000       -2.07720101E-02
   28.747558593750000       -2.07800269E-02
   28.771972656250000       -2.07880735E-02
   28.796386718750000       -2.07962096E-02
   28.820800781250000       -2.08043754E-02
   28.845214843750000       -2.08126307E-02
   28.869628906250000       -2.08209157E-02
   28.894042968750000       -2.08292603E-02
   28.918457031250000       -2.08376944E-02
   28.942871093750000       -2.08461583E-02
   28.967285156250000       -2.08546817E-02
   28.991699218750000       -2.08632946E-02
   29.016113281250000       -2.08719373E-02
   29.040527343750000       -2.08806396E-02
   29.064941406250000       -2.08894312E-02
   29.089355468750000       -2.08982527E-02
   29.113769531250000       -2.09071636E-02
   29.138183593750000       -2.09161043E-02
   29.162597656250000       -2.09251046E-02
   29.187011718750000       -2.09341943E-02
   29.211425781250000       -2.09433138E-02
   29.235839843750000       -2.09525228E-02
   29.260253906250000       -2.09617615E-02
   29.284667968750000       -2.09710896E-02
   29.309082031250000       -2.09804773E-02
   29.333496093750000       -2.09899247E-02
   29.357910156250000       -2.09994018E-02
   29.382324218750000       -2.10089684E-02
   29.406738281250000       -2.10185945E-02
   29.431152343750000       -2.10282803E-02
   29.455566406250000       -2.10380256E-02
   29.479980468750000       -2.10478604E-02
   29.504394531250000       -2.10577250E-02
   29.528808593750000       -2.10676789E-02
   29.553222656250000       -2.10776627E-02
   29.577636718750000       -2.10877359E-02
   29.602050781250000       -2.10978687E-02
   29.626464843750000       -2.11080313E-02
   29.650878906250000       -2.11182833E-02
   29.675292968750000       -2.11286247E-02
   29.699707031250000       -2.11389959E-02
   29.724121093750000       -2.11494267E-02
   29.748535156250000       -2.11599469E-02
   29.772949218750000       -2.11705267E-02
   29.797363281250000       -2.11811662E-02
   29.821777343750000       -2.11918652E-02
   29.846191406250000       -2.12026238E-02
   29.870605468750000       -2.12134719E-02
   29.895019531250000       -2.12243497E-02
   29.919433593750000       -2.12353170E-02
   29.943847656250000       -2.12463439E-02
   29.968261718750000       -2.12574601E-02
   29.992675781250000       -2.12686062E-02
   30.017089843750000       -2.12798417E-02
   30.041503906250000       -2.12911367E-02
   30.065917968750000       -2.13024914E-02
   30.090332031250000       -2.13139057E-02
   30.114746093750000       -2.13254094E-02
   30.139160156250000       -2.13369727E-02
   30.163574218750000       -2.13485956E-02
   30.187988281250000       -2.13602781E-02
   30.212402343750000       -2.13720500E-02
   30.236816406250000       -2.13838816E-02
   30.261230468750000       -2.13957727E-02
   30.285644531250000       -2.14077532E-02
   30.310058593750000       -2.14197934E-02
   30.334472656250000       -2.14318931E-02
   30.358886718750000       -2.14440525E-02
   30.383300781250000       -2.14563012E-02
   30.407714843750000       -2.14686096E-02
   30.432128906250000       -2.14810073E-02
   30.456542968750000       -2.14934647E-02
   30.480957031250000       -2.15059817E-02
   30.505371093750000       -2.15185583E-02
   30.529785156250000       -2.15312243E-02
   30.554199218750000       -2.15439498E-02
   30.578613281250000       -2.15567648E-02
   30.603027343750000       -2.15696394E-02
   30.627441406250000       -2.15825737E-02
   30.651855468750000       -2.15955973E-02
   30.676269531250000       -2.16086805E-02
   30.700683593750000       -2.16218531E-02
   30.725097656250000       -2.16350853E-02
   30.749511718750000       -2.16484070E-02
   30.773925781250000       -2.16617584E-02
   30.798339843750000       -2.16752291E-02
   30.822753906250000       -2.16887593E-02
   30.847167968750000       -2.17023492E-02
   30.871582031250000       -2.17160285E-02
   30.895996093750000       -2.17297673E-02
   30.920410156250000       -2.17435956E-02
   30.944824218750000       -2.17574835E-02
   30.969238281250000       -2.17714608E-02
   30.993652343750000       -2.17854977E-02
   31.018066406250000       -2.17996240E-02
   31.042480468750000       -2.18138099E-02
   31.066894531250000       -2.18280852E-02
   31.091308593750000       -2.18424201E-02
   31.115722656250000       -2.18568444E-02
   31.140136718750000       -2.18713582E-02
   31.164550781250000       -2.18859315E-02
   31.188964843750000       -2.19005942E-02
   31.213378906250000       -2.19153166E-02
   31.237792968750000       -2.19301283E-02
   31.262207031250000       -2.19449997E-02
   31.286621093750000       -2.19599605E-02
   31.311035156250000       -2.19750106E-02
   31.335449218750000       -2.19901204E-02
   31.359863281250000       -2.20053196E-02
   31.384277343750000       -2.20206082E-02
   31.408691406250000       -2.20359564E-02
   31.433105468750000       -2.20514238E-02
   31.457519531250000       -2.20669210E-02
   31.481933593750000       -2.20825374E-02
   31.506347656250000       -2.20982134E-02
   31.530761718750000       -2.21139789E-02
   31.555175781250000       -2.21298039E-02
   31.579589843750000       -2.21457481E-02
   31.604003906250000       -2.21617520E-02
   31.628417968750000       -2.21778154E-02
   31.652832031250000       -2.21939981E-02
   31.677246093750000       -2.22102404E-02
   31.701660156250000       -2.22266018E-02
   31.726074218750000       -2.22430229E-02
   31.750488281250000       -2.22595036E-02
   31.774902343750000       -2.22761035E-02
   31.799316406250000       -2.22927630E-02
   31.823730468750000       -2.23095417E-02
   31.848144531250000       -2.23263800E-02
   31.872558593750000       -2.23433077E-02
   31.896972656250000       -2.23603249E-02
   31.921386718750000       -2.23774314E-02
   31.945800781250000       -2.23945975E-02
   31.970214843750000       -2.24118829E-02
   31.994628906250000       -2.24292278E-02
   32.019042968750000       -2.24466920E-02
   32.043457031250000       -2.24642158E-02
   32.067871093750000       -2.24818587E-02
   32.092285156250000       -2.24995613E-02
   32.116699218750000       -2.25173533E-02
   32.141113281250000       -2.25352645E-02
   32.165527343750000       -2.25532353E-02
   32.189941406250000       -2.25712955E-02
   32.214355468750000       -2.25894749E-02
   32.238769531250000       -2.26077139E-02
   32.263183593750000       -2.26260424E-02
   32.287597656250000       -2.26444900E-02
   32.312011718750000       -2.26630270E-02
   32.336425781250000       -2.26816237E-02
   32.360839843750000       -2.27003396E-02
   32.385253906250000       -2.27191448E-02
   32.409667968750000       -2.27380395E-02
   32.434082031250000       -2.27570236E-02
   32.458496093750000       -2.27761269E-02
   32.482910156250000       -2.27952898E-02
   32.507324218750000       -2.28145719E-02
   32.531738281250000       -2.28339434E-02
   32.556152343750000       -2.28534043E-02
   32.580566406250000       -2.28729546E-02
   32.604980468750000       -2.28926241E-02
   32.629394531250000       -2.29123831E-02
   32.653808593750000       -2.29322314E-02
   32.678222656250000       -2.29521990E-02
   32.702636718750000       -2.29722261E-02
   32.727050781250000       -2.29923725E-02
   32.751464843750000       -2.30126381E-02
   32.775878906250000       -2.30329931E-02
   32.800292968750000       -2.30534375E-02
   32.824707031250000       -2.30739713E-02
   32.849121093750000       -2.30946243E-02
   32.873535156250000       -2.31153667E-02
   32.897949218750000       -2.31362283E-02
   32.922363281250000       -2.31571794E-02
   32.946777343750000       -2.31782198E-02
   32.971191406250000       -2.31994092E-02
   32.995605468750000       -2.32206583E-02
   33.020019531250000       -2.32420266E-02
   33.044433593750000       -2.32635140E-02
   33.068847656250000       -2.32850909E-02
   33.093261718750000       -2.33067572E-02
   33.117675781250000       -2.33285427E-02
   33.142089843750000       -2.33504474E-02
   33.166503906250000       -2.33724415E-02
   33.190917968750000       -2.33945549E-02
   33.215332031250000       -2.34167874E-02
   33.239746093750000       -2.34391093E-02
   33.264160156250000       -2.34615505E-02
   33.288574218750000       -2.34840810E-02
   33.312988281250000       -2.35067606E-02
   33.337402343750000       -2.35295296E-02
   33.361816406250000       -2.35523880E-02
   33.386230468750000       -2.35753953E-02
   33.410644531250000       -2.35984921E-02
   33.435058593750000       -2.36217082E-02
   33.459472656250000       -2.36450434E-02
   33.483886718750000       -2.36684680E-02
   33.508300781250000       -2.36920416E-02
   33.532714843750000       -2.37157047E-02
   33.557128906250000       -2.37394869E-02
   33.581542968750000       -2.37633884E-02
   33.605957031250000       -2.37874091E-02
   33.630371093750000       -2.38115489E-02
   33.654785156250000       -2.38358080E-02
   33.679199218750000       -2.38601863E-02
   33.703613281250000       -2.38846838E-02
   33.728027343750000       -2.39093006E-02
   33.752441406250000       -2.39340365E-02
   33.776855468750000       -2.39588916E-02
   33.801269531250000       -2.39838660E-02
   33.825683593750000       -2.40089595E-02
   33.850097656250000       -2.40341723E-02
   33.874511718750000       -2.40595341E-02
   33.898925781250000       -2.40849853E-02
   33.923339843750000       -2.41105855E-02
   33.947753906250000       -2.41363049E-02
   33.972167968750000       -2.41621435E-02
   33.996582031250000       -2.41881311E-02
   34.020996093750000       -2.42142081E-02
   34.045410156250000       -2.42404342E-02
   34.069824218750000       -2.42668092E-02
   34.094238281250000       -2.42932737E-02
   34.118652343750000       -2.43198872E-02
   34.143066406250000       -2.43466198E-02
   34.167480468750000       -2.43735015E-02
   34.191894531250000       -2.44005024E-02
   34.216308593750000       -2.44276524E-02
   34.240722656250000       -2.44549215E-02
   34.265136718750000       -2.44823396E-02
   34.289550781250000       -2.45098770E-02
   34.313964843750000       -2.45375335E-02
   34.338378906250000       -2.45653689E-02
   34.362792968750000       -2.45932937E-02
   34.387207031250000       -2.46213973E-02
   34.411621093750000       -2.46496201E-02
   34.436035156250000       -2.46779919E-02
   34.460449218750000       -2.47064829E-02
   34.484863281250000       -2.47351229E-02
   34.509277343750000       -2.47639120E-02
   34.533691406250000       -2.47928202E-02
   34.558105468750000       -2.48219073E-02
   34.582519531250000       -2.48511136E-02
   34.606933593750000       -2.48804688E-02
   34.631347656250000       -2.49099731E-02
   34.655761718750000       -2.49396265E-02
   34.680175781250000       -2.49694288E-02
   34.704589843750000       -2.49993801E-02
   34.729003906250000       -2.50294507E-02
   34.753417968750000       -2.50597000E-02
   34.777832031250000       -2.50900984E-02
   34.802246093750000       -2.51206458E-02
   34.826660156250000       -2.51513124E-02
   34.851074218750000       -2.51821578E-02
   34.875488281250000       -2.52131820E-02
   34.899902343750000       -2.52443254E-02
   34.924316406250000       -2.52756476E-02
   34.948730468750000       -2.53070891E-02
   34.973144531250000       -2.53387094E-02
   34.997558593750000       -2.53705084E-02
   35.021972656250000       -2.54024565E-02
   35.046386718750000       -2.54345536E-02
   35.070800781250000       -2.54667997E-02
   35.095214843750000       -2.54992247E-02
   35.119628906250000       -2.55317986E-02
   35.144042968750000       -2.55645514E-02
   35.168457031250000       -2.55974531E-02
   35.192871093750000       -2.56305337E-02
   35.217285156250000       -2.56637931E-02
   35.241699218750000       -2.56972015E-02
   35.266113281250000       -2.57307887E-02
   35.290527343750000       -2.57645249E-02
   35.314941406250000       -2.57984400E-02
   35.339355468750000       -2.58325338E-02
   35.363769531250000       -2.58668065E-02
   35.388183593750000       -2.59012282E-02
   35.412597656250000       -2.59358287E-02
   35.437011718750000       -2.59706378E-02
   35.461425781250000       -2.60055959E-02
   35.485839843750000       -2.60407329E-02
   35.510253906250000       -2.60760486E-02
   35.534667968750000       -2.61115432E-02
   35.559082031250000       -2.61472166E-02
   35.583496093750000       -2.61830688E-02
   35.607910156250000       -2.62191296E-02
   35.632324218750000       -2.62553394E-02
   35.656738281250000       -2.62917578E-02
   35.681152343750000       -2.63283551E-02
   35.705566406250000       -2.63651311E-02
   35.729980468750000       -2.64021158E-02
   35.754394531250000       -2.64392793E-02
   35.778808593750000       -2.64766514E-02
   35.803222656250000       -2.65141726E-02
   35.827636718750000       -2.65519321E-02
   35.852050781250000       -2.65898705E-02
   35.876464843750000       -2.66279876E-02
   35.900878906250000       -2.66663134E-02
   35.925292968750000       -2.67048478E-02
   35.949707031250000       -2.67435610E-02
   35.974121093750000       -2.67824829E-02
   35.998535156250000       -2.68216133E-02
   36.022949218750000       -2.68609524E-02
   36.047363281250000       -2.69005001E-02
   36.071777343750000       -2.69402266E-02
   36.096191406250000       -2.69801617E-02
   36.120605468750000       -2.70203352E-02
   36.145019531250000       -2.70606875E-02
   36.169433593750000       -2.71012783E-02
   36.193847656250000       -2.71420777E-02
   36.218261718750000       -2.71830559E-02
   36.242675781250000       -2.72242725E-02
   36.267089843750000       -2.72657275E-02
   36.291503906250000       -2.73073614E-02
   36.315917968750000       -2.73492336E-02
   36.340332031250000       -2.73913443E-02
   36.364746093750000       -2.74336636E-02
   36.389160156250000       -2.74761915E-02
   36.413574218750000       -2.75189579E-02
   36.437988281250000       -2.75619328E-02
   36.462402343750000       -2.76051760E-02
   36.486816406250000       -2.76485980E-02
   36.511230468750000       -2.76922882E-02
   36.535644531250000       -2.77362168E-02
   36.560058593750000       -2.77803540E-02
   36.584472656250000       -2.78247297E-02
   36.608886718750000       -2.78693438E-02
   36.633300781250000       -2.79141963E-02
   36.657714843750000       -2.79593170E-02
   36.682128906250000       -2.80046463E-02
   36.706542968750000       -2.80502141E-02
   36.730957031250000       -2.80960500E-02
   36.755371093750000       -2.81421244E-02
   36.779785156250000       -2.81884670E-02
   36.804199218750000       -2.82350183E-02
   36.828613281250000       -2.82818675E-02
   36.853027343750000       -2.83289254E-02
   36.877441406250000       -2.83762813E-02
   36.901855468750000       -2.84238756E-02
   36.926269531250000       -2.84717083E-02
   36.950683593750000       -2.85198390E-02
   36.975097656250000       -2.85682082E-02
   36.999511718750000       -2.86168456E-02
   37.023925781250000       -2.86657512E-02
   37.048339843750000       -2.87149251E-02
   37.072753906250000       -2.87643671E-02
   37.097167968750000       -2.88140774E-02
   37.121582031250000       -2.88640559E-02
   37.145996093750000       -2.89143324E-02
   37.170410156250000       -2.89648771E-02
   37.194824218750000       -2.90156901E-02
   37.219238281250000       -2.90668011E-02
   37.243652343750000       -2.91181803E-02
   37.268066406250000       -2.91698277E-02
   37.292480468750000       -2.92218029E-02
   37.316894531250000       -2.92740464E-02
   37.341308593750000       -2.93265879E-02
   37.365722656250000       -2.93793976E-02
   37.390136718750000       -2.94325352E-02
   37.414550781250000       -2.94859409E-02
   37.438964843750000       -2.95396745E-02
   37.463378906250000       -2.95937061E-02
   37.487792968750000       -2.96480358E-02
   37.512207031250000       -2.97026634E-02
   37.536621093750000       -2.97575891E-02
   37.561035156250000       -2.98128426E-02
   37.585449218750000       -2.98684239E-02
   37.609863281250000       -2.99243033E-02
   37.634277343750000       -2.99804807E-02
   37.658691406250000       -3.00370157E-02
   37.683105468750000       -3.00938487E-02
   37.707519531250000       -3.01510096E-02
   37.731933593750000       -3.02084982E-02
   37.756347656250000       -3.02663147E-02
   37.780761718750000       -3.03244591E-02
   37.805175781250000       -3.03829312E-02
   37.829589843750000       -3.04417610E-02
   37.854003906250000       -3.05009186E-02
   37.878417968750000       -3.05604041E-02
   37.902832031250000       -3.06202471E-02
   37.927246093750000       -3.06804180E-02
   37.951660156250000       -3.07409763E-02
   37.976074218750000       -3.08018625E-02
   38.000488281250000       -3.08630764E-02
   38.024902343750000       -3.09246778E-02
   38.049316406250000       -3.09866369E-02
   38.073730468750000       -3.10489535E-02
   38.098144531250000       -3.11116278E-02
   38.122558593750000       -3.11746895E-02
   38.146972656250000       -3.12381089E-02
   38.171386718750000       -3.13018858E-02
   38.195800781250000       -3.13660502E-02
   38.220214843750000       -3.14306021E-02
   38.244628906250000       -3.14955115E-02
   38.269042968750000       -3.15608382E-02
   38.293457031250000       -3.16265225E-02
   38.317871093750000       -3.16926241E-02
   38.342285156250000       -3.17590833E-02
   38.366699218750000       -3.18259597E-02
   38.391113281250000       -3.18932235E-02
   38.415527343750000       -3.19609046E-02
   38.439941406250000       -3.20290029E-02
   38.464355468750000       -3.20974886E-02
   38.488769531250000       -3.21663618E-02
   38.513183593750000       -3.22356820E-02
   38.537597656250000       -3.23054194E-02
   38.562011718750000       -3.23755741E-02
   38.586425781250000       -3.24461460E-02
   38.610839843750000       -3.25171351E-02
   38.635253906250000       -3.25885713E-02
   38.659667968750000       -3.26604247E-02
   38.684082031250000       -3.27327251E-02
   38.708496093750000       -3.28054726E-02
   38.732910156250000       -3.28786671E-02
   38.757324218750000       -3.29523087E-02
   38.781738281250000       -3.30263972E-02
   38.806152343750000       -3.31009328E-02
   38.830566406250000       -3.31759155E-02
   38.854980468750000       -3.32513750E-02
   38.879394531250000       -3.33273113E-02
   38.903808593750000       -3.34036946E-02
   38.928222656250000       -3.34805548E-02
   38.952636718750000       -3.35579216E-02
   38.977050781250000       -3.36357355E-02
   39.001464843750000       -3.37140262E-02
   39.025878906250000       -3.37928236E-02
   39.050292968750000       -3.38721275E-02
   39.074707031250000       -3.39519083E-02
   39.099121093750000       -3.40321660E-02
   39.123535156250000       -3.41129601E-02
   39.147949218750000       -3.41942608E-02
   39.172363281250000       -3.42760682E-02
   39.196777343750000       -3.43583822E-02
   39.221191406250000       -3.44412029E-02
   39.245605468750000       -3.45245600E-02
   39.270019531250000       -3.46084535E-02
   39.294433593750000       -3.46928835E-02
   39.318847656250000       -3.47778499E-02
   39.343261718750000       -3.48633528E-02
   39.367675781250000       -3.49493921E-02
   39.392089843750000       -3.50359976E-02
   39.416503906250000       -3.51231396E-02
   39.440917968750000       -3.52108479E-02
   39.465332031250000       -3.52991223E-02
   39.489746093750000       -3.53879631E-02
   39.514160156250000       -3.54773700E-02
   39.538574218750000       -3.55673730E-02
   39.562988281250000       -3.56579423E-02
   39.587402343750000       -3.57491076E-02
   39.611816406250000       -3.58408391E-02
   39.636230468750000       -3.59331965E-02
   39.660644531250000       -3.60261500E-02
   39.685058593750000       -3.61196995E-02
   39.709472656250000       -3.62138748E-02
   39.733886718750000       -3.63086462E-02
   39.758300781250000       -3.64040732E-02
   39.782714843750000       -3.65000963E-02
   39.807128906250000       -3.65967453E-02
   39.831542968750000       -3.66940498E-02
   39.855957031250000       -3.67920101E-02
   39.880371093750000       -3.68905962E-02
   39.904785156250000       -3.69898379E-02
   39.929199218750000       -3.70897353E-02
   39.953613281250000       -3.71903181E-02
   39.978027343750000       -3.72915566E-02
   40.002441406250000       -3.73934805E-02
   40.026855468750000       -3.74960601E-02
   40.051269531250000       -3.75993550E-02
   40.075683593750000       -3.77033353E-02
   40.100097656250000       -3.78080010E-02
   40.124511718750000       -3.79133821E-02
   40.148925781250000       -3.80194783E-02
   40.173339843750000       -3.81262898E-02
   40.197753906250000       -3.82338166E-02
   40.222167968750000       -3.83420587E-02
   40.246582031250000       -3.84510756E-02
   40.270996093750000       -3.85608077E-02
   40.295410156250000       -3.86712849E-02
   40.319824218750000       -3.87825072E-02
   40.344238281250000       -3.88945043E-02
   40.368652343750000       -3.90072763E-02
   40.393066406250000       -3.91208231E-02
   40.417480468750000       -3.92351449E-02
   40.441894531250000       -3.93502414E-02
   40.466308593750000       -3.94661427E-02
   40.490722656250000       -3.95828485E-02
   40.515136718750000       -3.97003591E-02
   40.539550781250000       -3.98186743E-02
   40.563964843750000       -3.99378240E-02
   40.588378906250000       -4.00578082E-02
   40.612792968750000       -4.01785970E-02
   40.637207031250000       -4.03002501E-02
   40.661621093750000       -4.04227674E-02
   40.686035156250000       -4.05461192E-02
   40.710449218750000       -4.06703651E-02
   40.734863281250000       -4.07954454E-02
   40.759277343750000       -4.09214199E-02
   40.783691406250000       -4.10483181E-02
   40.808105468750000       -4.11760807E-02
   40.832519531250000       -4.13047373E-02
   40.856933593750000       -4.14343178E-02
   40.881347656250000       -4.15648222E-02
   40.905761718750000       -4.16962504E-02
   40.930175781250000       -4.18286324E-02
   40.954589843750000       -4.19619381E-02
   40.979003906250000       -4.20961976E-02
   41.003417968750000       -4.22314405E-02
   41.027832031250000       -4.23676372E-02
   41.052246093750000       -4.25048172E-02
   41.076660156250000       -4.26429808E-02
   41.101074218750000       -4.27821279E-02
   41.125488281250000       -4.29223180E-02
   41.149902343750000       -4.30634916E-02
   41.174316406250000       -4.32056785E-02
   41.198730468750000       -4.33489382E-02
   41.223144531250000       -4.34932113E-02
   41.247558593750000       -4.36385274E-02
   41.271972656250000       -4.37849164E-02
   41.296386718750000       -4.39323783E-02
   41.320800781250000       -4.40809131E-02
   41.345214843750000       -4.42305505E-02
   41.369628906250000       -4.43812907E-02
   41.394042968750000       -4.45331037E-02
   41.418457031250000       -4.46860790E-02
   41.442871093750000       -4.48401570E-02
   41.467285156250000       -4.49953973E-02
   41.491699218750000       -4.51517701E-02
   41.516113281250000       -4.53093052E-02
   41.540527343750000       -4.54680026E-02
   41.564941406250000       -4.56278920E-02
   41.589355468750000       -4.57889736E-02
   41.613769531250000       -4.59512472E-02
   41.638183593750000       -4.61147428E-02
   41.662597656250000       -4.62794900E-02
   41.687011718750000       -4.64454293E-02
   41.711425781250000       -4.66126502E-02
   41.735839843750000       -4.67811227E-02
   41.760253906250000       -4.69508469E-02
   41.784667968750000       -4.71218824E-02
   41.809082031250000       -4.72941995E-02
   41.833496093750000       -4.74678278E-02
   41.857910156250000       -4.76427674E-02
   41.882324218750000       -4.78190184E-02
   41.906738281250000       -4.79966402E-02
   41.931152343750000       -4.81756032E-02
   41.955566406250000       -4.83559668E-02
   41.979980468750000       -4.85376716E-02
   42.004394531250000       -4.87207770E-02
   42.028808593750000       -4.89053130E-02
   42.053222656250000       -4.90912497E-02
   42.077636718750000       -4.92786169E-02
   42.102050781250000       -4.94674444E-02
   42.126464843750000       -4.96577024E-02
   42.150878906250000       -4.98494804E-02
   42.175292968750000       -5.00427186E-02
   42.199707031250000       -5.02374470E-02
   42.224121093750000       -5.04336953E-02
   42.248535156250000       -5.06314933E-02
   42.272949218750000       -5.08308113E-02
   42.297363281250000       -5.10317087E-02
   42.321777343750000       -5.12341559E-02
   42.346191406250000       -5.14382124E-02
   42.370605468750000       -5.16438782E-02
   42.395019531250000       -5.18511534E-02
   42.419433593750000       -5.20600379E-02
   42.443847656250000       -5.22705913E-02
   42.468261718750000       -5.24828136E-02
   42.492675781250000       -5.26967049E-02
   42.517089843750000       -5.29122949E-02
   42.541503906250000       -5.31296134E-02
   42.565917968750000       -5.33486605E-02
   42.590332031250000       -5.35694361E-02
   42.614746093750000       -5.37919700E-02
   42.639160156250000       -5.40162921E-02
   42.663574218750000       -5.42424023E-02
   42.687988281250000       -5.44703305E-02
   42.712402343750000       -5.47001064E-02
   42.736816406250000       -5.49317300E-02
   42.761230468750000       -5.51652014E-02
   42.785644531250000       -5.54005504E-02
   42.810058593750000       -5.56378067E-02
   42.834472656250000       -5.58770001E-02
   42.858886718750000       -5.61181009E-02
   42.883300781250000       -5.63611984E-02
   42.907714843750000       -5.66062331E-02
   42.932128906250000       -5.68532944E-02
   42.956542968750000       -5.71023524E-02
   42.980957031250000       -5.73534369E-02
   43.005371093750000       -5.76066077E-02
   43.029785156250000       -5.78618348E-02
   43.054199218750000       -5.81191480E-02
   43.078613281250000       -5.83785772E-02
   43.103027343750000       -5.86401522E-02
   43.127441406250000       -5.89038730E-02
   43.151855468750000       -5.91697693E-02
   43.176269531250000       -5.94378710E-02
   43.200683593750000       -5.97082078E-02
   43.225097656250000       -5.99807799E-02
   43.249511718750000       -6.02555871E-02
   43.273925781250000       -6.05326891E-02
   43.298339843750000       -6.08121157E-02
   43.322753906250000       -6.10938668E-02
   43.347167968750000       -6.13779724E-02
   43.371582031250000       -6.16644621E-02
   43.395996093750000       -6.19533360E-02
   43.420410156250000       -6.22446537E-02
   43.444824218750000       -6.25383854E-02
   43.469238281250000       -6.28346205E-02
   43.493652343750000       -6.31333590E-02
   43.518066406250000       -6.34346008E-02
   43.542480468750000       -6.37383759E-02
   43.566894531250000       -6.40447438E-02
   43.591308593750000       -6.43537045E-02
   43.615722656250000       -6.46652877E-02
   43.640136718750000       -6.49795234E-02
   43.664550781250000       -6.52964413E-02
   43.688964843750000       -6.56160414E-02
   43.713378906250000       -6.59383833E-02
   43.737792968750000       -6.62634671E-02
   43.762207031250000       -6.65913522E-02
   43.786621093750000       -6.69220388E-02
   43.811035156250000       -6.72555864E-02
   43.835449218750000       -6.75919950E-02
   43.859863281250000       -6.79312944E-02
   43.884277343750000       -6.82735145E-02
   43.908691406250000       -6.86186850E-02
   43.933105468750000       -6.89668655E-02
   43.957519531250000       -6.93180561E-02
   43.981933593750000       -6.96722865E-02
   44.006347656250000       -7.00295866E-02
   44.030761718750000       -7.03900158E-02
   44.055175781250000       -7.07535744E-02
   44.079589843750000       -7.11202919E-02
   44.104003906250000       -7.14902282E-02
   44.128417968750000       -7.18634129E-02
   44.152832031250000       -7.22398460E-02
   44.177246093750000       -7.26195872E-02
   44.201660156250000       -7.30026662E-02
   44.226074218750000       -7.33891428E-02
   44.250488281250000       -7.37789869E-02
   44.274902343750000       -7.41722882E-02
   44.299316406250000       -7.45690465E-02
   44.323730468750000       -7.49693513E-02
   44.348144531250000       -7.53731728E-02
   44.372558593750000       -7.57805705E-02
   44.396972656250000       -7.61916041E-02
   44.421386718750000       -7.66063035E-02
   44.445800781250000       -7.70246983E-02
   44.470214843750000       -7.74468184E-02
   44.494628906250000       -7.78726935E-02
   44.519042968750000       -7.83023834E-02
   44.543457031250000       -7.87359476E-02
   44.567871093750000       -7.91733861E-02
   44.592285156250000       -7.96147287E-02
   44.616699218750000       -8.00600946E-02
   44.641113281250000       -8.05094242E-02
   44.665527343750000       -8.09628367E-02
   44.689941406250000       -8.14203322E-02
   44.714355468750000       -8.18819702E-02
   44.738769531250000       -8.23477805E-02
   44.763183593750000       -8.28178227E-02
   44.787597656250000       -8.32921267E-02
   44.812011718750000       -8.37707520E-02
   44.836425781250000       -8.42537582E-02
   44.860839843750000       -8.47411454E-02
   44.885253906250000       -8.52329731E-02
   44.909667968750000       -8.57293010E-02
   44.934082031250000       -8.62301886E-02
   44.958496093750000       -8.67356658E-02
   44.982910156250000       -8.72457922E-02
   45.007324218750000       -8.77605975E-02
   45.031738281250000       -8.82801414E-02
   45.056152343750000       -8.88044536E-02
   45.080566406250000       -8.93336236E-02
   45.104980468750000       -8.98677111E-02
   45.129394531250000       -9.04067159E-02
   45.153808593750000       -9.09507275E-02
   45.178222656250000       -9.14997756E-02
   45.202636718750000       -9.20539200E-02
   45.227050781250000       -9.26132500E-02
   45.251464843750000       -9.31777656E-02
   45.275878906250000       -9.37475562E-02
   45.300292968750000       -9.43226814E-02
   45.324707031250000       -9.49031711E-02
   45.349121093750000       -9.54890847E-02
   45.373535156250000       -9.60805416E-02
   45.397949218750000       -9.66775119E-02
   45.422363281250000       -9.72801149E-02
   45.446777343750000       -9.78884101E-02
   45.471191406250000       -9.85024273E-02
   45.495605468750000       -9.91222262E-02
   45.520019531250000       -9.97479260E-02
   45.544433593750000      -0.100379527    
   45.568847656250000      -0.101017118    
   45.593261718750000      -0.101660758    
   45.617675781250000      -0.102310538    
   45.642089843750000      -0.102966487    
   45.666503906250000      -0.103628695    
   45.690917968750000      -0.104297221    
   45.715332031250000      -0.104972154    
   45.739746093750000      -0.105653524    
   45.764160156250000      -0.106341451    
   45.788574218750000      -0.107035965    
   45.812988281250000      -0.107737154    
   45.837402343750000      -0.108445108    
   45.861816406250000      -0.109159887    
   45.886230468750000      -0.109881550    
   45.910644531250000      -0.110610187    
   45.935058593750000      -0.111345887    
   45.959472656250000      -0.112088740    
   45.983886718750000      -0.112838775    
   46.008300781250000      -0.113596082    
   46.032714843750000      -0.114360780    
   46.057128906250000      -0.115132958    
   46.081542968750000      -0.115912646    
   46.105957031250000      -0.116699934    
   46.130371093750000      -0.117494941    
   46.154785156250000      -0.118297756    
   46.179199218750000      -0.119108438    
   46.203613281250000      -0.119927108    
   46.228027343750000      -0.120753825    
   46.252441406250000      -0.121588677    
   46.276855468750000      -0.122431785    
   46.301269531250000      -0.123283207    
   46.325683593750000      -0.124143094    
   46.350097656250000      -0.125011474    
   46.374511718750000      -0.125888497    
   46.398925781250000      -0.126774222    
   46.423339843750000      -0.127668798    
   46.447753906250000      -0.128572255    
   46.472167968750000      -0.129484773    
   46.496582031250000      -0.130406410    
   46.520996093750000      -0.131337255    
   46.545410156250000      -0.132277459    
   46.569824218750000      -0.133227110    
   46.594238281250000      -0.134186327    
   46.618652343750000      -0.135155201    
   46.643066406250000      -0.136133850    
   46.667480468750000      -0.137122422    
   46.691894531250000      -0.138120979    
   46.716308593750000      -0.139129668    
   46.740722656250000      -0.140148610    
   46.765136718750000      -0.141177922    
   46.789550781250000      -0.142217726    
   46.813964843750000      -0.143268138    
   46.838378906250000      -0.144329309    
   46.862792968750000      -0.145401329    
   46.887207031250000      -0.146484375    
   46.911621093750000      -0.147578537    
   46.936035156250000      -0.148683965    
   46.960449218750000      -0.149800777    
   46.984863281250000      -0.150929153    
   47.009277343750000      -0.152069211    
   47.033691406250000      -0.153221101    
   47.058105468750000      -0.154384941    
   47.082519531250000      -0.155560881    
   47.106933593750000      -0.156749099    
   47.131347656250000      -0.157949716    
   47.155761718750000      -0.159162909    
   47.180175781250000      -0.160388827    
   47.204589843750000      -0.161627650    
   47.229003906250000      -0.162879467    
   47.253417968750000      -0.164144516    
   47.277832031250000      -0.165422946    
   47.302246093750000      -0.166714907    
   47.326660156250000      -0.168020606    
   47.351074218750000      -0.169340163    
   47.375488281250000      -0.170673817    
   47.399902343750000      -0.172021717    
   47.424316406250000      -0.173384041    
   47.448730468750000      -0.174760997    
   47.473144531250000      -0.176152766    
   47.497558593750000      -0.177559555    
   47.521972656250000      -0.178981543    
   47.546386718750000      -0.180418938    
   47.570800781250000      -0.181871951    
   47.595214843750000      -0.183340818    
   47.619628906250000      -0.184825689    
   47.644042968750000      -0.186326861    
   47.668457031250000      -0.187844485    
   47.692871093750000      -0.189378828    
   47.717285156250000      -0.190930098    
   47.741699218750000      -0.192498595    
   47.766113281250000      -0.194084466    
   47.790527343750000      -0.195688039    
   47.814941406250000      -0.197309494    
   47.839355468750000      -0.198949158    
   47.863769531250000      -0.200607270    
   47.888183593750000      -0.202284068    
   47.912597656250000      -0.203979880    
   47.937011718750000      -0.205694944    
   47.961425781250000      -0.207429588    
   47.985839843750000      -0.209184080    
   48.010253906250000      -0.210958719    
   48.034667968750000      -0.212753832    
   48.059082031250000      -0.214569747    
   48.083496093750000      -0.216406763    
   48.107910156250000      -0.218265235    
   48.132324218750000      -0.220145494    
   48.156738281250000      -0.222047925    
   48.181152343750000      -0.223972857    
   48.205566406250000      -0.225920677    
   48.229980468750000      -0.227891773    
   48.254394531250000      -0.229886502    
   48.278808593750000      -0.231905341    
   48.303222656250000      -0.233948678    
   48.327636718750000      -0.236016929    
   48.352050781250000      -0.238110542    
   48.376464843750000      -0.240230024    
   48.400878906250000      -0.242375791    
   48.425292968750000      -0.244548351    
   48.449707031250000      -0.246748209    
   48.474121093750000      -0.248975933    
   48.498535156250000      -0.251231998    
   48.522949218750000      -0.253517002    
   48.547363281250000      -0.255831540    
   48.571777343750000      -0.258176178    
   48.596191406250000      -0.260551572    
   48.620605468750000      -0.262958378    
   48.645019531250000      -0.265397251    
   48.669433593750000      -0.267868876    
   48.693847656250000      -0.270374000    
   48.718261718750000      -0.272913426    
   48.742675781250000      -0.275487900    
   48.767089843750000      -0.278098226    
   48.791503906250000      -0.280745298    
   48.815917968750000      -0.283430040    
   48.840332031250000      -0.286153316    
   48.864746093750000      -0.288916171    
   48.889160156250000      -0.291719556    
   48.913574218750000      -0.294564664    
   48.937988281250000      -0.297452509    
   48.962402343750000      -0.300384283    
   48.986816406250000      -0.303361297    
   49.011230468750000      -0.306384772    
   49.035644531250000      -0.309456080    
   49.060058593750000      -0.312576711    
   49.084472656250000      -0.315748096    
   49.108886718750000      -0.318971872    
   49.133300781250000      -0.322249681    
   49.157714843750000      -0.325583309    
   49.182128906250000      -0.328974605    
   49.206542968750000      -0.332425535    
   49.230957031250000      -0.335938156    
   49.255371093750000      -0.339514732    
   49.279785156250000      -0.343157470    
   49.304199218750000      -0.346868932    
   49.328613281250000      -0.350651681    
   49.353027343750000      -0.354508460    
   49.377441406250000      -0.358442247    
   49.401855468750000      -0.362456143    
   49.426269531250000      -0.366553456    
   49.450683593750000      -0.370737731    
   49.475097656250000      -0.375012636    
   49.499511718750000      -0.379382282    
   49.523925781250000      -0.383850783    
   49.548339843750000      -0.388422817    
   49.572753906250000      -0.393103123    
   49.597167968750000      -0.397896945    
   49.621582031250000      -0.402809709    
   49.645996093750000      -0.407847464    
   49.670410156250000      -0.413016349    
   49.694824218750000      -0.418323398    
   49.719238281250000      -0.423775524    
   49.743652343750000      -0.429380864    
   49.768066406250000      -0.435147375    
   49.792480468750000      -0.441084474    
   49.816894531250000      -0.447201222    
   49.841308593750000      -0.453508705    
   49.865722656250000      -0.460017055    
   49.890136718750000      -0.466739565    
   49.914550781250000      -0.473687261    
   49.938964843750000      -0.480877012    
   49.963378906250000      -0.488318473    
   49.987792968750000      -0.496040106    
