   1.2207031250000000E-002 -0.483676672    
   3.6621093750000000E-002 -0.452992260    
   6.1035156250000000E-002 -0.424773008    
   8.5449218750000000E-002 -0.398698330    
  0.10986328125000000      -0.374636173    
  0.13427734375000000      -0.352391899    
  0.15869140625000000      -0.331832021    
  0.18310546875000000      -0.312806010    
  0.20751953125000000      -0.295197248    
  0.23193359375000000      -0.278883934    
  0.25634765625000000      -0.263766885    
  0.28076171875000000      -0.249745935    
  0.30517578125000000      -0.236737400    
  0.32958984375000000      -0.224658221    
  0.35400390625000000      -0.213437915    
  0.37841796875000000      -0.203007281    
  0.40283203125000000      -0.193306953    
  0.42724609375000000      -0.184279054    
  0.45166015625000000      -0.175873578    
  0.47607421875000000      -0.168041885    
  0.50048828125000000      -0.160741776    
  0.52490234375000000      -0.153932333    
  0.54931640625000000      -0.147577912    
  0.57373046875000000      -0.141643912    
  0.59814453125000000      -0.136100233    
  0.62255859375000000      -0.130917549    
  0.64697265625000000      -0.126070321    
  0.67138671875000000      -0.121533692    
  0.69580078125000000      -0.117285997    
  0.72021484375000000      -0.113306046    
  0.74462890625000000      -0.109575450    
  0.76904296875000000      -0.106076151    
  0.79345703125000000      -0.102792442    
  0.81787109375000000       -9.97089148E-02
  0.84228515625000000       -9.68121588E-02
  0.86669921875000000       -9.40890014E-02
  0.89111328125000000       -9.15279090E-02
  0.91552734375000000       -8.91176462E-02
  0.93994140625000000       -8.68483484E-02
  0.96435546875000000       -8.47103000E-02
  0.98876953125000000       -8.26950669E-02
   1.0131835937500000       -8.07942450E-02
   1.0375976562500000       -7.90005922E-02
   1.0620117187500000       -7.73069263E-02
   1.0864257812500000       -7.57069588E-02
   1.1108398437500000       -7.41944313E-02
   1.1352539062500000       -7.27639794E-02
   1.1596679687500000       -7.14101791E-02
   1.1840820312500000       -7.01283813E-02
   1.2084960937500000       -6.89138770E-02
   1.2329101562500000       -6.77626431E-02
   1.2573242187500000       -6.66706264E-02
   1.2817382812500000       -6.56342804E-02
   1.3061523437500000       -6.46500587E-02
   1.3305664062500000       -6.37149513E-02
   1.3549804687500000       -6.28258288E-02
   1.3793945312500000       -6.19800687E-02
   1.4038085937500000       -6.11749589E-02
   1.4282226562500000       -6.04082048E-02
   1.4526367187500000       -5.96774220E-02
   1.4770507812500000       -5.89806139E-02
   1.5014648437500000       -5.83156943E-02
   1.5258789062500000       -5.76809049E-02
   1.5502929687500000       -5.70744276E-02
   1.5747070312500000       -5.64947426E-02
   1.5991210937500000       -5.59402108E-02
   1.6235351562500000       -5.54095209E-02
   1.6479492187500000       -5.49012423E-02
   1.6723632812500000       -5.44142127E-02
   1.6967773437500000       -5.39471209E-02
   1.7211914062500000       -5.34990430E-02
   1.7456054687500000       -5.30687571E-02
   1.7700195312500000       -5.26554585E-02
   1.7944335937500000       -5.22580743E-02
   1.8188476562500000       -5.18758893E-02
   1.8432617187500000       -5.15079796E-02
   1.8676757812500000       -5.11536896E-02
   1.8920898437500000       -5.08121848E-02
   1.9165039062500000       -5.04828990E-02
   1.9409179687500000       -5.01651168E-02
   1.9653320312500000       -4.98583019E-02
   1.9897460937500000       -4.95618284E-02
   2.0141601562500000       -4.92752492E-02
   2.0385742187500000       -4.89979982E-02
   2.0629882812500000       -4.87296581E-02
   2.0874023437500000       -4.84696925E-02
   2.1118164062500000       -4.82178032E-02
   2.1362304687500000       -4.79734838E-02
   2.1606445312500000       -4.77364361E-02
   2.1850585937500000       -4.75062728E-02
   2.2094726562500000       -4.72826958E-02
   2.2338867187500000       -4.70653176E-02
   2.2583007812500000       -4.68539298E-02
   2.2827148437500000       -4.66481745E-02
   2.3071289062500000       -4.64478433E-02
   2.3315429687500000       -4.62526381E-02
   2.3559570312500000       -4.60623801E-02
   2.3803710937500000       -4.58767712E-02
   2.4047851562500000       -4.56956625E-02
   2.4291992187500000       -4.55187857E-02
   2.4536132812500000       -4.53460217E-02
   2.4780273437500000       -4.51771319E-02
   2.5024414062500000       -4.50119972E-02
   2.5268554687500000       -4.48503792E-02
   2.5512695312500000       -4.46922183E-02
   2.5756835937500000       -4.45372760E-02
   2.6000976562500000       -4.43854928E-02
   2.6245117187500000       -4.42366898E-02
   2.6489257812500000       -4.40907478E-02
   2.6733398437500000       -4.39475775E-02
   2.6977539062500000       -4.38070297E-02
   2.7221679687500000       -4.36689854E-02
   2.7465820312500000       -4.35333848E-02
   2.7709960937500000       -4.34001088E-02
   2.7954101562500000       -4.32690978E-02
   2.8198242187500000       -4.31402028E-02
   2.8442382812500000       -4.30133939E-02
   2.8686523437500000       -4.28885520E-02
   2.8930664062500000       -4.27656472E-02
   2.9174804687500000       -4.26445603E-02
   2.9418945312500000       -4.25252616E-02
   2.9663085937500000       -4.24076617E-02
   2.9907226562500000       -4.22917306E-02
   3.0151367187500000       -4.21773493E-02
   3.0395507812500000       -4.20645475E-02
   3.0639648437500000       -4.19531763E-02
   3.0883789062500000       -4.18432653E-02
   3.1127929687500000       -4.17346954E-02
   3.1372070312500000       -4.16274965E-02
   3.1616210937500000       -4.15215492E-02
   3.1860351562500000       -4.14168835E-02
   3.2104492187500000       -4.13134098E-02
   3.2348632812500000       -4.12110984E-02
   3.2592773437500000       -4.11098897E-02
   3.2836914062500000       -4.10098135E-02
   3.3081054687500000       -4.09107804E-02
   3.3325195312500000       -4.08127606E-02
   3.3569335937500000       -4.07157540E-02
   3.3813476562500000       -4.06197309E-02
   3.4057617187500000       -4.05246317E-02
   3.4301757812500000       -4.04304266E-02
   3.4545898437500000       -4.03371453E-02
   3.4790039062500000       -4.02446985E-02
   3.5034179687500000       -4.01530862E-02
   3.5278320312500000       -4.00623083E-02
   3.5522460937500000       -3.99723053E-02
   3.5766601562500000       -3.98831069E-02
   3.6010742187500000       -3.97946239E-02
   3.6254882812500000       -3.97069156E-02
   3.6499023437500000       -3.96198928E-02
   3.6743164062500000       -3.95335853E-02
   3.6987304687500000       -3.94479334E-02
   3.7231445312500000       -3.93629670E-02
   3.7475585937500000       -3.92786562E-02
   3.7719726562500000       -3.91949713E-02
   3.7963867187500000       -3.91118824E-02
   3.8208007812500000       -3.90294194E-02
   3.8452148437500000       -3.89475524E-02
   3.8696289062500000       -3.88662517E-02
   3.8940429687500000       -3.87855470E-02
   3.9184570312500000       -3.87053788E-02
   3.9428710937500000       -3.86257470E-02
   3.9672851562500000       -3.85466516E-02
   3.9916992187500000       -3.84680629E-02
   4.0161132812500000       -3.83900106E-02
   4.0405273437500000       -3.83124650E-02
   4.0649414062500000       -3.82353961E-02
   4.0893554687500000       -3.81588042E-02
   4.1137695312500000       -3.80826890E-02
   4.1381835937500000       -3.80070508E-02
   4.1625976562500000       -3.79318595E-02
   4.1870117187500000       -3.78571153E-02
   4.2114257812500000       -3.77828479E-02
   4.2358398437500000       -3.77089679E-02
   4.2602539062500000       -3.76355350E-02
   4.2846679687500000       -3.75625193E-02
   4.3090820312500000       -3.74899209E-02
   4.3334960937500000       -3.74177098E-02
   4.3579101562500000       -3.73459160E-02
   4.3823242187500000       -3.72745097E-02
   4.4067382812500000       -3.72035205E-02
   4.4311523437500000       -3.71328890E-02
   4.4555664062500000       -3.70626152E-02
   4.4799804687500000       -3.69927287E-02
   4.5043945312500000       -3.69232297E-02
   4.5288085937500000       -3.68540585E-02
   4.5532226562500000       -3.67852747E-02
   4.5776367187500000       -3.67168188E-02
   4.6020507812500000       -3.66486907E-02
   4.6264648437500000       -3.65809500E-02
   4.6508789062500000       -3.65135074E-02
   4.6752929687500000       -3.64464223E-02
   4.6997070312500000       -3.63796651E-02
   4.7241210937500000       -3.63132060E-02
   4.7485351562500000       -3.62471044E-02
   4.7729492187500000       -3.61813009E-02
   4.7973632812500000       -3.61157954E-02
   4.8217773437500000       -3.60506177E-02
   4.8461914062500000       -3.59857678E-02
   4.8706054687500000       -3.59211862E-02
   4.8950195312500000       -3.58569026E-02
   4.9194335937500000       -3.57929468E-02
   4.9438476562500000       -3.57292593E-02
   4.9682617187500000       -3.56658697E-02
   4.9926757812500000       -3.56027484E-02
   5.0170898437500000       -3.55399251E-02
   5.0415039062500000       -3.54773700E-02
   5.0659179687500000       -3.54151130E-02
   5.0903320312500000       -3.53531241E-02
   5.1147460937500000       -3.52914035E-02
   5.1391601562500000       -3.52299511E-02
   5.1635742187500000       -3.51687670E-02
   5.1879882812500000       -3.51078510E-02
   5.2124023437500000       -3.50471735E-02
   5.2368164062500000       -3.49867940E-02
   5.2612304687500000       -3.49266529E-02
   5.2856445312500000       -3.48667502E-02
   5.3100585937500000       -3.48071158E-02
   5.3344726562500000       -3.47477496E-02
   5.3588867187500000       -3.46885920E-02
   5.3833007812500000       -3.46297026E-02
   5.4077148437500000       -3.45710516E-02
   5.4321289062500000       -3.45126390E-02
   5.4565429687500000       -3.44544649E-02
   5.4809570312500000       -3.43965590E-02
   5.5053710937500000       -3.43388617E-02
   5.5297851562500000       -3.42814028E-02
   5.5541992187500000       -3.42241526E-02
   5.5786132812500000       -3.41671705E-02
   5.6030273437500000       -3.41103971E-02
   5.6274414062500000       -3.40538323E-02
   5.6518554687500000       -3.39975059E-02
   5.6762695312500000       -3.39414179E-02
   5.7006835937500000       -3.38855386E-02
   5.7250976562500000       -3.38298678E-02
   5.7495117187500000       -3.37744355E-02
   5.7739257812500000       -3.37192118E-02
   5.7983398437500000       -3.36641967E-02
   5.8227539062500000       -3.36093903E-02
   5.8471679687500000       -3.35547924E-02
   5.8715820312500000       -3.35004330E-02
   5.8959960937500000       -3.34462523E-02
   5.9204101562500000       -3.33923101E-02
   5.9448242187500000       -3.33385468E-02
   5.9692382812500000       -3.32849920E-02
   5.9936523437500000       -3.32316458E-02
   6.0180664062500000       -3.31784785E-02
   6.0424804687500000       -3.31255496E-02
   6.0668945312500000       -3.30727994E-02
   6.0913085937500000       -3.30202281E-02
   6.1157226562500000       -3.29678655E-02
   6.1401367187500000       -3.29157114E-02
   6.1645507812500000       -3.28637362E-02
   6.1889648437500000       -3.28119695E-02
   6.2133789062500000       -3.27603817E-02
   6.2377929687500000       -3.27089727E-02
   6.2622070312500000       -3.26577723E-02
   6.2866210937500000       -3.26067507E-02
   6.3110351562500000       -3.25559080E-02
   6.3354492187500000       -3.25052738E-02
   6.3598632812500000       -3.24547887E-02
   6.3842773437500000       -3.24045122E-02
   6.4086914062500000       -3.23544145E-02
   6.4331054687500000       -3.23044956E-02
   6.4575195312500000       -3.22547555E-02
   6.4819335937500000       -3.22051942E-02
   6.5063476562500000       -3.21558118E-02
   6.5307617187500000       -3.21065784E-02
   6.5551757812500000       -3.20575535E-02
   6.5795898437500000       -3.20087075E-02
   6.6040039062500000       -3.19600105E-02
   6.6284179687500000       -3.19114923E-02
   6.6528320312500000       -3.18631530E-02
   6.6772460937500000       -3.18149924E-02
   6.7016601562500000       -3.17669809E-02
   6.7260742187500000       -3.17191482E-02
   6.7504882812500000       -3.16714644E-02
   6.7749023437500000       -3.16239893E-02
   6.7993164062500000       -3.15766335E-02
   6.8237304687500000       -3.15294862E-02
   6.8481445312500000       -3.14824581E-02
   6.8725585937500000       -3.14356387E-02
   6.8969726562500000       -3.13889384E-02
   6.9213867187500000       -3.13424170E-02
   6.9458007812500000       -3.12960744E-02
   6.9702148437500000       -3.12498808E-02
   6.9946289062500000       -3.12038362E-02
   7.0190429687500000       -3.11579406E-02
   7.0434570312500000       -3.11122239E-02
   7.0678710937500000       -3.10666561E-02
   7.0922851562500000       -3.10212374E-02
   7.1166992187500000       -3.09759974E-02
   7.1411132812500000       -3.09308767E-02
   7.1655273437500000       -3.08859348E-02
   7.1899414062500000       -3.08411419E-02
   7.2143554687500000       -3.07964981E-02
   7.2387695312500000       -3.07520032E-02
   7.2631835937500000       -3.07076573E-02
   7.2875976562500000       -3.06634605E-02
   7.3120117187500000       -3.06194127E-02
   7.3364257812500000       -3.05755138E-02
   7.3608398437500000       -3.05317640E-02
   7.3852539062500000       -3.04881632E-02
   7.4096679687500000       -3.04447114E-02
   7.4340820312500000       -3.04014087E-02
   7.4584960937500000       -3.03582251E-02
   7.4829101562500000       -3.03152204E-02
   7.5073242187500000       -3.02723348E-02
   7.5317382812500000       -3.02295983E-02
   7.5561523437500000       -3.01870108E-02
   7.5805664062500000       -3.01445425E-02
   7.6049804687500000       -3.01022232E-02
   7.6293945312500000       -3.00600529E-02
   7.6538085937500000       -3.00180316E-02
   7.6782226562500000       -2.99761295E-02
   7.7026367187500000       -2.99343765E-02
   7.7270507812500000       -2.98927426E-02
   7.7514648437500000       -2.98512578E-02
   7.7758789062500000       -2.98099220E-02
   7.8002929687500000       -2.97687054E-02
   7.8247070312500000       -2.97276378E-02
   7.8491210937500000       -2.96866894E-02
   7.8735351562500000       -2.96458900E-02
   7.8979492187500000       -2.96052098E-02
   7.9223632812500000       -2.95646489E-02
   7.9467773437500000       -2.95242369E-02
   7.9711914062500000       -2.94839740E-02
   7.9956054687500000       -2.94438303E-02
   8.0200195312500000       -2.94038057E-02
   8.0444335937500000       -2.93639004E-02
   8.0688476562500000       -2.93241441E-02
   8.0932617187500000       -2.92845070E-02
   8.1176757812500000       -2.92450190E-02
   8.1420898437500000       -2.92056501E-02
   8.1665039062500000       -2.91664004E-02
   8.1909179687500000       -2.91272700E-02
   8.2153320312500000       -2.90882885E-02
   8.2397460937500000       -2.90493965E-02
   8.2641601562500000       -2.90106535E-02
   8.2885742187500000       -2.89720595E-02
   8.3129882812500000       -2.89335549E-02
   8.3374023437500000       -2.88951695E-02
   8.3618164062500000       -2.88569331E-02
   8.3862304687500000       -2.88187861E-02
   8.4106445312500000       -2.87807882E-02
   8.4350585937500000       -2.87429094E-02
   8.4594726562500000       -2.87051499E-02
   8.4838867187500000       -2.86675096E-02
   8.5083007812500000       -2.86299884E-02
   8.5327148437500000       -2.85925865E-02
   8.5571289062500000       -2.85553038E-02
   8.5815429687500000       -2.85181403E-02
   8.6059570312500000       -2.84810662E-02
   8.6303710937500000       -2.84441411E-02
   8.6547851562500000       -2.84073353E-02
   8.6791992187500000       -2.83706486E-02
   8.7036132812500000       -2.83340514E-02
   8.7280273437500000       -2.82976031E-02
   8.7524414062500000       -2.82612443E-02
   8.7768554687500000       -2.82250047E-02
   8.8012695312500000       -2.81888843E-02
   8.8256835937500000       -2.81528831E-02
   8.8500976562500000       -2.81170011E-02
   8.8745117187500000       -2.80812085E-02
   8.8989257812500000       -2.80455649E-02
   8.9233398437500000       -2.80100107E-02
   8.9477539062500000       -2.79745460E-02
   8.9721679687500000       -2.79392302E-02
   8.9965820312500000       -2.79040039E-02
   9.0209960937500000       -2.78688967E-02
   9.0454101562500000       -2.78339088E-02
   9.0698242187500000       -2.77990103E-02
   9.0942382812500000       -2.77642310E-02
   9.1186523437500000       -2.77295411E-02
   9.1430664062500000       -2.76950002E-02
   9.1674804687500000       -2.76605487E-02
   9.1918945312500000       -2.76261866E-02
   9.2163085937500000       -2.75919437E-02
   9.2407226562500000       -2.75578201E-02
   9.2651367187500000       -2.75237858E-02
   9.2895507812500000       -2.74898708E-02
   9.3139648437500000       -2.74560750E-02
   9.3383789062500000       -2.74223685E-02
   9.3627929687500000       -2.73887515E-02
   9.3872070312500000       -2.73552537E-02
   9.4116210937500000       -2.73218453E-02
   9.4360351562500000       -2.72885561E-02
   9.4604492187500000       -2.72553861E-02
   9.4848632812500000       -2.72223055E-02
   9.5092773437500000       -2.71893144E-02
   9.5336914062500000       -2.71564424E-02
   9.5581054687500000       -2.71236598E-02
   9.5825195312500000       -2.70909965E-02
   9.6069335937500000       -2.70584226E-02
   9.6313476562500000       -2.70259380E-02
   9.6557617187500000       -2.69935727E-02
   9.6801757812500000       -2.69612968E-02
   9.7045898437500000       -2.69291401E-02
   9.7290039062500000       -2.68970728E-02
   9.7534179687500000       -2.68650949E-02
   9.7778320312500000       -2.68332064E-02
   9.8022460937500000       -2.68014371E-02
   9.8266601562500000       -2.67697573E-02
   9.8510742187500000       -2.67381966E-02
   9.8754882812500000       -2.67066956E-02
   9.8999023437500000       -2.66753137E-02
   9.9243164062500000       -2.66440213E-02
   9.9487304687500000       -2.66128480E-02
   9.9731445312500000       -2.65817642E-02
   9.9975585937500000       -2.65507400E-02
   10.021972656250000       -2.65198350E-02
   10.046386718750000       -2.64890492E-02
   10.070800781250000       -2.64583230E-02
   10.095214843750000       -2.64277160E-02
   10.119628906250000       -2.63971984E-02
   10.144042968750000       -2.63667703E-02
   10.168457031250000       -2.63364315E-02
   10.192871093750000       -2.63061821E-02
   10.217285156250000       -2.62760222E-02
   10.241699218750000       -2.62459815E-02
   10.266113281250000       -2.62160301E-02
   10.290527343750000       -2.61861384E-02
   10.314941406250000       -2.61563659E-02
   10.339355468750000       -2.61266828E-02
   10.363769531250000       -2.60970891E-02
   10.388183593750000       -2.60675848E-02
   10.412597656250000       -2.60381699E-02
   10.437011718750000       -2.60088444E-02
   10.461425781250000       -2.59796083E-02
   10.485839843750000       -2.59504616E-02
   10.510253906250000       -2.59214044E-02
   10.534667968750000       -2.58924365E-02
   10.559082031250000       -2.58635581E-02
   10.583496093750000       -2.58347690E-02
   10.607910156250000       -2.58060694E-02
   10.632324218750000       -2.57774591E-02
   10.656738281250000       -2.57489383E-02
   10.681152343750000       -2.57205069E-02
   10.705566406250000       -2.56921351E-02
   10.729980468750000       -2.56638825E-02
   10.754394531250000       -2.56357193E-02
   10.778808593750000       -2.56076157E-02
   10.803222656250000       -2.55796313E-02
   10.827636718750000       -2.55517066E-02
   10.852050781250000       -2.55238712E-02
   10.876464843750000       -2.54961252E-02
   10.900878906250000       -2.54684687E-02
   10.925292968750000       -2.54408717E-02
   10.949707031250000       -2.54133940E-02
   10.974121093750000       -2.53859758E-02
   10.998535156250000       -2.53586769E-02
   11.022949218750000       -2.53314376E-02
   11.047363281250000       -2.53042579E-02
   11.071777343750000       -2.52771974E-02
   11.096191406250000       -2.52501965E-02
   11.120605468750000       -2.52233148E-02
   11.145019531250000       -2.51964927E-02
   11.169433593750000       -2.51697302E-02
   11.193847656250000       -2.51430869E-02
   11.218261718750000       -2.51165032E-02
   11.242675781250000       -2.50900090E-02
   11.267089843750000       -2.50635743E-02
   11.291503906250000       -2.50372589E-02
   11.315917968750000       -2.50110030E-02
   11.340332031250000       -2.49848366E-02
   11.364746093750000       -2.49587297E-02
   11.389160156250000       -2.49327123E-02
   11.413574218750000       -2.49067843E-02
   11.437988281250000       -2.48809457E-02
   11.462402343750000       -2.48551667E-02
   11.486816406250000       -2.48294771E-02
   11.511230468750000       -2.48038471E-02
   11.535644531250000       -2.47783065E-02
   11.560058593750000       -2.47528553E-02
   11.584472656250000       -2.47274637E-02
   11.608886718750000       -2.47021616E-02
   11.633300781250000       -2.46769488E-02
   11.657714843750000       -2.46517956E-02
   11.682128906250000       -2.46267319E-02
   11.706542968750000       -2.46017277E-02
   11.730957031250000       -2.45768130E-02
   11.755371093750000       -2.45519876E-02
   11.779785156250000       -2.45272219E-02
   11.804199218750000       -2.45025456E-02
   11.828613281250000       -2.44779289E-02
   11.853027343750000       -2.44534016E-02
   11.877441406250000       -2.44289339E-02
   11.901855468750000       -2.44045556E-02
   11.926269531250000       -2.43802369E-02
   11.950683593750000       -2.43560076E-02
   11.975097656250000       -2.43318379E-02
   11.999511718750000       -2.43077576E-02
   12.023925781250000       -2.42837369E-02
   12.048339843750000       -2.42598057E-02
   12.072753906250000       -2.42359340E-02
   12.097167968750000       -2.42121518E-02
   12.121582031250000       -2.41884291E-02
   12.145996093750000       -2.41647959E-02
   12.170410156250000       -2.41412222E-02
   12.194824218750000       -2.41177380E-02
   12.219238281250000       -2.40943134E-02
   12.243652343750000       -2.40709484E-02
   12.268066406250000       -2.40476727E-02
   12.292480468750000       -2.40244567E-02
   12.316894531250000       -2.40013301E-02
   12.341308593750000       -2.39782631E-02
   12.365722656250000       -2.39552855E-02
   12.390136718750000       -2.39323378E-02
   12.414550781250000       -2.39095092E-02
   12.438964843750000       -2.38867104E-02
   12.463378906250000       -2.38640010E-02
   12.487792968750000       -2.38413811E-02
   12.512207031250000       -2.38187909E-02
   12.536621093750000       -2.37962902E-02
   12.561035156250000       -2.37738788E-02
   12.585449218750000       -2.37515271E-02
   12.609863281250000       -2.37292349E-02
   12.634277343750000       -2.37070024E-02
   12.658691406250000       -2.36848593E-02
   12.683105468750000       -2.36627758E-02
   12.707519531250000       -2.36407518E-02
   12.731933593750000       -2.36188173E-02
   12.756347656250000       -2.35969424E-02
   12.780761718750000       -2.35751271E-02
   12.805175781250000       -2.35533714E-02
   12.829589843750000       -2.35317051E-02
   12.854003906250000       -2.35100985E-02
   12.878417968750000       -2.34885514E-02
   12.902832031250000       -2.34670937E-02
   12.927246093750000       -2.34456956E-02
   12.951660156250000       -2.34243572E-02
   12.976074218750000       -2.34030783E-02
   13.000488281250000       -2.33818591E-02
   13.024902343750000       -2.33607292E-02
   13.049316406250000       -2.33396590E-02
   13.073730468750000       -2.33186483E-02
   13.098144531250000       -2.32977271E-02
   13.122558593750000       -2.32768357E-02
   13.146972656250000       -2.32560337E-02
   13.171386718750000       -2.32352912E-02
   13.195800781250000       -2.32146084E-02
   13.220214843750000       -2.31940150E-02
   13.244628906250000       -2.31734514E-02
   13.269042968750000       -2.31529772E-02
   13.293457031250000       -2.31325626E-02
   13.317871093750000       -2.31122077E-02
   13.342285156250000       -2.30919123E-02
   13.366699218750000       -2.30716765E-02
   13.391113281250000       -2.30515003E-02
   13.415527343750000       -2.30314136E-02
   13.439941406250000       -2.30113864E-02
   13.464355468750000       -2.29914188E-02
   13.488769531250000       -2.29715109E-02
   13.513183593750000       -2.29516625E-02
   13.537597656250000       -2.29318738E-02
   13.562011718750000       -2.29121447E-02
   13.586425781250000       -2.28924751E-02
   13.610839843750000       -2.28728950E-02
   13.635253906250000       -2.28533447E-02
   13.659667968750000       -2.28338838E-02
   13.684082031250000       -2.28144825E-02
   13.708496093750000       -2.27951407E-02
   13.732910156250000       -2.27758288E-02
   13.757324218750000       -2.27566063E-02
   13.781738281250000       -2.27374434E-02
   13.806152343750000       -2.27183402E-02
   13.830566406250000       -2.26992965E-02
   13.854980468750000       -2.26803124E-02
   13.879394531250000       -2.26614177E-02
   13.903808593750000       -2.26425529E-02
   13.928222656250000       -2.26237476E-02
   13.952636718750000       -2.26050019E-02
   13.977050781250000       -2.25863159E-02
   14.001464843750000       -2.25677192E-02
   14.025878906250000       -2.25491524E-02
   14.050292968750000       -2.25306451E-02
   14.074707031250000       -2.25121975E-02
   14.099121093750000       -2.24938393E-02
   14.123535156250000       -2.24755108E-02
   14.147949218750000       -2.24572420E-02
   14.172363281250000       -2.24390328E-02
   14.196777343750000       -2.24209130E-02
   14.221191406250000       -2.24028230E-02
   14.245605468750000       -2.23847926E-02
   14.270019531250000       -2.23668218E-02
   14.294433593750000       -2.23489106E-02
   14.318847656250000       -2.23310590E-02
   14.343261718750000       -2.23132670E-02
   14.367675781250000       -2.22955048E-02
   14.392089843750000       -2.22778320E-02
   14.416503906250000       -2.22602189E-02
   14.440917968750000       -2.22426653E-02
   14.465332031250000       -2.22251415E-02
   14.489746093750000       -2.22077072E-02
   14.514160156250000       -2.21903026E-02
   14.538574218750000       -2.21729577E-02
   14.562988281250000       -2.21556723E-02
   14.587402343750000       -2.21384764E-02
   14.611816406250000       -2.21213102E-02
   14.636230468750000       -2.21041739E-02
   14.660644531250000       -2.20871270E-02
   14.685058593750000       -2.20701396E-02
   14.709472656250000       -2.20531821E-02
   14.733886718750000       -2.20363140E-02
   14.758300781250000       -2.20194757E-02
   14.782714843750000       -2.20026970E-02
   14.807128906250000       -2.19859779E-02
   14.831542968750000       -2.19693184E-02
   14.855957031250000       -2.19527185E-02
   14.880371093750000       -2.19361484E-02
   14.904785156250000       -2.19196379E-02
   14.929199218750000       -2.19032168E-02
   14.953613281250000       -2.18868256E-02
   14.978027343750000       -2.18704939E-02
   15.002441406250000       -2.18541920E-02
   15.026855468750000       -2.18379796E-02
   15.051269531250000       -2.18217969E-02
   15.075683593750000       -2.18056738E-02
   15.100097656250000       -2.17896104E-02
   15.124511718750000       -2.17736065E-02
   15.148925781250000       -2.17576623E-02
   15.173339843750000       -2.17417479E-02
   15.197753906250000       -2.17258930E-02
   15.222167968750000       -2.17100978E-02
   15.246582031250000       -2.16943622E-02
   15.270996093750000       -2.16786563E-02
   15.295410156250000       -2.16630399E-02
   15.319824218750000       -2.16474533E-02
   15.344238281250000       -2.16318965E-02
   15.368652343750000       -2.16164291E-02
   15.393066406250000       -2.16009915E-02
   15.417480468750000       -2.15856433E-02
   15.441894531250000       -2.15702951E-02
   15.466308593750000       -2.15550363E-02
   15.490722656250000       -2.15398073E-02
   15.515136718750000       -2.15246677E-02
   15.539550781250000       -2.15095282E-02
   15.563964843750000       -2.14944780E-02
   15.588378906250000       -2.14794576E-02
   15.612792968750000       -2.14644969E-02
   15.637207031250000       -2.14495957E-02
   15.661621093750000       -2.14347541E-02
   15.686035156250000       -2.14199424E-02
   15.710449218750000       -2.14051902E-02
   15.734863281250000       -2.13904679E-02
   15.759277343750000       -2.13758349E-02
   15.783691406250000       -2.13612318E-02
   15.808105468750000       -2.13466585E-02
   15.832519531250000       -2.13321745E-02
   15.856933593750000       -2.13177204E-02
   15.881347656250000       -2.13033259E-02
   15.905761718750000       -2.12889612E-02
   15.930175781250000       -2.12746859E-02
   15.954589843750000       -2.12604105E-02
   15.979003906250000       -2.12462246E-02
   16.003417968750000       -2.12320685E-02
   16.027832031250000       -2.12179720E-02
   16.052246093750000       -2.12039053E-02
   16.076660156250000       -2.11899281E-02
   16.101074218750000       -2.11759508E-02
   16.125488281250000       -2.11620629E-02
   16.149902343750000       -2.11482048E-02
   16.174316406250000       -2.11344063E-02
   16.198730468750000       -2.11206377E-02
   16.223144531250000       -2.11069286E-02
   16.247558593750000       -2.10932791E-02
   16.271972656250000       -2.10796595E-02
   16.296386718750000       -2.10660994E-02
   16.320800781250000       -2.10525990E-02
   16.345214843750000       -2.10391283E-02
   16.369628906250000       -2.10257173E-02
   16.394042968750000       -2.10123658E-02
   16.418457031250000       -2.09990442E-02
   16.442871093750000       -2.09857523E-02
   16.467285156250000       -2.09725499E-02
   16.491699218750000       -2.09593475E-02
   16.516113281250000       -2.09462345E-02
   16.540527343750000       -2.09331512E-02
   16.564941406250000       -2.09201276E-02
   16.589355468750000       -2.09071338E-02
   16.613769531250000       -2.08941996E-02
   16.638183593750000       -2.08812952E-02
   16.662597656250000       -2.08684504E-02
   16.687011718750000       -2.08556652E-02
   16.711425781250000       -2.08429098E-02
   16.735839843750000       -2.08302140E-02
   16.760253906250000       -2.08175480E-02
   16.784667968750000       -2.08049417E-02
   16.809082031250000       -2.07923949E-02
   16.833496093750000       -2.07798779E-02
   16.857910156250000       -2.07673907E-02
   16.882324218750000       -2.07549632E-02
   16.906738281250000       -2.07425952E-02
   16.931152343750000       -2.07302570E-02
   16.955566406250000       -2.07179785E-02
   16.979980468750000       -2.07057297E-02
   17.004394531250000       -2.06935406E-02
   17.028808593750000       -2.06813812E-02
   17.053222656250000       -2.06692815E-02
   17.077636718750000       -2.06572413E-02
   17.102050781250000       -2.06452310E-02
   17.126464843750000       -2.06332505E-02
   17.150878906250000       -2.06213295E-02
   17.175292968750000       -2.06094682E-02
   17.199707031250000       -2.05976367E-02
   17.224121093750000       -2.05858648E-02
   17.248535156250000       -2.05741227E-02
   17.272949218750000       -2.05624104E-02
   17.297363281250000       -2.05507576E-02
   17.321777343750000       -2.05391645E-02
   17.346191406250000       -2.05276012E-02
   17.370605468750000       -2.05160975E-02
   17.395019531250000       -2.05046237E-02
   17.419433593750000       -2.04931796E-02
   17.443847656250000       -2.04817951E-02
   17.468261718750000       -2.04704702E-02
   17.492675781250000       -2.04591751E-02
   17.517089843750000       -2.04479396E-02
   17.541503906250000       -2.04367340E-02
   17.565917968750000       -2.04255581E-02
   17.590332031250000       -2.04144418E-02
   17.614746093750000       -2.04033554E-02
   17.639160156250000       -2.03923285E-02
   17.663574218750000       -2.03813612E-02
   17.687988281250000       -2.03704238E-02
   17.712402343750000       -2.03595161E-02
   17.736816406250000       -2.03486681E-02
   17.761230468750000       -2.03378499E-02
   17.785644531250000       -2.03270614E-02
   17.810058593750000       -2.03163624E-02
   17.834472656250000       -2.03056633E-02
   17.858886718750000       -2.02950239E-02
   17.883300781250000       -2.02844441E-02
   17.907714843750000       -2.02738643E-02
   17.932128906250000       -2.02633739E-02
   17.956542968750000       -2.02528834E-02
   17.980957031250000       -2.02424824E-02
   18.005371093750000       -2.02320814E-02
   18.029785156250000       -2.02217400E-02
   18.054199218750000       -2.02114582E-02
   18.078613281250000       -2.02012062E-02
   18.103027343750000       -2.01909840E-02
   18.127441406250000       -2.01808214E-02
   18.151855468750000       -2.01706886E-02
   18.176269531250000       -2.01605856E-02
   18.200683593750000       -2.01505423E-02
   18.225097656250000       -2.01405585E-02
   18.249511718750000       -2.01306045E-02
   18.273925781250000       -2.01206803E-02
   18.298339843750000       -2.01107860E-02
   18.322753906250000       -2.01009512E-02
   18.347167968750000       -2.00911760E-02
   18.371582031250000       -2.00814307E-02
   18.395996093750000       -2.00717151E-02
   18.420410156250000       -2.00620294E-02
   18.444824218750000       -2.00524032E-02
   18.469238281250000       -2.00428367E-02
   18.493652343750000       -2.00332999E-02
   18.518066406250000       -2.00237930E-02
   18.542480468750000       -2.00143158E-02
   18.566894531250000       -2.00048983E-02
   18.591308593750000       -1.99955106E-02
   18.615722656250000       -1.99861825E-02
   18.640136718750000       -1.99768841E-02
   18.664550781250000       -1.99676156E-02
   18.688964843750000       -1.99584067E-02
   18.713378906250000       -1.99492276E-02
   18.737792968750000       -1.99401081E-02
   18.762207031250000       -1.99309886E-02
   18.786621093750000       -1.99219584E-02
   18.811035156250000       -1.99129283E-02
   18.835449218750000       -1.99039578E-02
   18.859863281250000       -1.98950171E-02
   18.884277343750000       -1.98861361E-02
   18.908691406250000       -1.98772848E-02
   18.933105468750000       -1.98684633E-02
   18.957519531250000       -1.98597014E-02
   18.981933593750000       -1.98509693E-02
   19.006347656250000       -1.98422670E-02
   19.030761718750000       -1.98336244E-02
   19.055175781250000       -1.98250115E-02
   19.079589843750000       -1.98164284E-02
   19.104003906250000       -1.98079050E-02
   19.128417968750000       -1.97994113E-02
   19.152832031250000       -1.97909474E-02
   19.177246093750000       -1.97825432E-02
   19.201660156250000       -1.97741687E-02
   19.226074218750000       -1.97658241E-02
   19.250488281250000       -1.97575390E-02
   19.274902343750000       -1.97492838E-02
   19.299316406250000       -1.97410583E-02
   19.323730468750000       -1.97328925E-02
   19.348144531250000       -1.97247565E-02
   19.372558593750000       -1.97166502E-02
   19.396972656250000       -1.97085738E-02
   19.421386718750000       -1.97005570E-02
   19.445800781250000       -1.96925700E-02
   19.470214843750000       -1.96846426E-02
   19.494628906250000       -1.96767449E-02
   19.519042968750000       -1.96688771E-02
   19.543457031250000       -1.96610391E-02
   19.567871093750000       -1.96532607E-02
   19.592285156250000       -1.96455121E-02
   19.616699218750000       -1.96377933E-02
   19.641113281250000       -1.96301043E-02
   19.665527343750000       -1.96224749E-02
   19.689941406250000       -1.96148753E-02
   19.714355468750000       -1.96073353E-02
   19.738769531250000       -1.95997953E-02
   19.763183593750000       -1.95923150E-02
   19.787597656250000       -1.95848942E-02
   19.812011718750000       -1.95774734E-02
   19.836425781250000       -1.95701122E-02
   19.860839843750000       -1.95627809E-02
   19.885253906250000       -1.95554793E-02
   19.909667968750000       -1.95482373E-02
   19.934082031250000       -1.95410252E-02
   19.958496093750000       -1.95338428E-02
   19.982910156250000       -1.95267200E-02
   20.007324218750000       -1.95195973E-02
   20.031738281250000       -1.95125341E-02
   20.056152343750000       -1.95055306E-02
   20.080566406250000       -1.94985271E-02
   20.104980468750000       -1.94915831E-02
   20.129394531250000       -1.94846690E-02
   20.153808593750000       -1.94777846E-02
   20.178222656250000       -1.94709599E-02
   20.202636718750000       -1.94641650E-02
   20.227050781250000       -1.94573998E-02
   20.251464843750000       -1.94506645E-02
   20.275878906250000       -1.94439590E-02
   20.300292968750000       -1.94373131E-02
   20.324707031250000       -1.94306970E-02
   20.349121093750000       -1.94241405E-02
   20.373535156250000       -1.94175839E-02
   20.397949218750000       -1.94110870E-02
   20.422363281250000       -1.94046199E-02
   20.446777343750000       -1.93981826E-02
   20.471191406250000       -1.93918049E-02
   20.495605468750000       -1.93854570E-02
   20.520019531250000       -1.93791389E-02
   20.544433593750000       -1.93728507E-02
   20.568847656250000       -1.93665922E-02
   20.593261718750000       -1.93603933E-02
   20.617675781250000       -1.93542242E-02
   20.642089843750000       -1.93480849E-02
   20.666503906250000       -1.93419755E-02
   20.690917968750000       -1.93359256E-02
   20.715332031250000       -1.93299055E-02
   20.739746093750000       -1.93239152E-02
   20.764160156250000       -1.93179548E-02
   20.788574218750000       -1.93120539E-02
   20.812988281250000       -1.93061829E-02
   20.837402343750000       -1.93003118E-02
   20.861816406250000       -1.92945302E-02
   20.886230468750000       -1.92887485E-02
   20.910644531250000       -1.92830265E-02
   20.935058593750000       -1.92773044E-02
   20.959472656250000       -1.92716420E-02
   20.983886718750000       -1.92660391E-02
   21.008300781250000       -1.92604363E-02
   21.032714843750000       -1.92548931E-02
   21.057128906250000       -1.92493796E-02
   21.081542968750000       -1.92438960E-02
   21.105957031250000       -1.92384422E-02
   21.130371093750000       -1.92330182E-02
   21.154785156250000       -1.92276537E-02
   21.179199218750000       -1.92223191E-02
   21.203613281250000       -1.92170143E-02
   21.228027343750000       -1.92117393E-02
   21.252441406250000       -1.92065239E-02
   21.276855468750000       -1.92013085E-02
   21.301269531250000       -1.91961527E-02
   21.325683593750000       -1.91910267E-02
   21.350097656250000       -1.91859603E-02
   21.374511718750000       -1.91808939E-02
   21.398925781250000       -1.91758871E-02
   21.423339843750000       -1.91709101E-02
   21.447753906250000       -1.91659629E-02
   21.472167968750000       -1.91610456E-02
   21.496582031250000       -1.91561580E-02
   21.520996093750000       -1.91513300E-02
   21.545410156250000       -1.91465318E-02
   21.569824218750000       -1.91417634E-02
   21.594238281250000       -1.91370249E-02
   21.618652343750000       -1.91323161E-02
   21.643066406250000       -1.91276371E-02
   21.667480468750000       -1.91230178E-02
   21.691894531250000       -1.91184282E-02
   21.716308593750000       -1.91138685E-02
   21.740722656250000       -1.91093385E-02
   21.765136718750000       -1.91048682E-02
   21.789550781250000       -1.91003978E-02
   21.813964843750000       -1.90959871E-02
   21.838378906250000       -1.90916061E-02
   21.862792968750000       -1.90872550E-02
   21.887207031250000       -1.90829337E-02
   21.911621093750000       -1.90786719E-02
   21.936035156250000       -1.90744102E-02
   21.960449218750000       -1.90702081E-02
   21.984863281250000       -1.90660357E-02
   22.009277343750000       -1.90618932E-02
   22.033691406250000       -1.90577805E-02
   22.058105468750000       -1.90537274E-02
   22.082519531250000       -1.90496743E-02
   22.106933593750000       -1.90456808E-02
   22.131347656250000       -1.90417171E-02
   22.155761718750000       -1.90377831E-02
   22.180175781250000       -1.90338790E-02
   22.204589843750000       -1.90300345E-02
   22.229003906250000       -1.90261900E-02
   22.253417968750000       -1.90224051E-02
   22.277832031250000       -1.90186501E-02
   22.302246093750000       -1.90149248E-02
   22.326660156250000       -1.90112293E-02
   22.351074218750000       -1.90075636E-02
   22.375488281250000       -1.90039575E-02
   22.399902343750000       -1.90003514E-02
   22.424316406250000       -1.89968050E-02
   22.448730468750000       -1.89932883E-02
   22.473144531250000       -1.89898014E-02
   22.497558593750000       -1.89863443E-02
   22.521972656250000       -1.89829469E-02
   22.546386718750000       -1.89795494E-02
   22.570800781250000       -1.89762115E-02
   22.595214843750000       -1.89729035E-02
   22.619628906250000       -1.89696252E-02
   22.644042968750000       -1.89663768E-02
   22.668457031250000       -1.89631581E-02
   22.692871093750000       -1.89599991E-02
   22.717285156250000       -1.89568400E-02
   22.741699218750000       -1.89537406E-02
   22.766113281250000       -1.89506710E-02
   22.790527343750000       -1.89476311E-02
   22.814941406250000       -1.89446211E-02
   22.839355468750000       -1.89416409E-02
   22.863769531250000       -1.89386904E-02
   22.888183593750000       -1.89357996E-02
   22.912597656250000       -1.89329386E-02
   22.937011718750000       -1.89300776E-02
   22.961425781250000       -1.89272761E-02
   22.985839843750000       -1.89245045E-02
   23.010253906250000       -1.89217925E-02
   23.034667968750000       -1.89190805E-02
   23.059082031250000       -1.89164281E-02
   23.083496093750000       -1.89137757E-02
   23.107910156250000       -1.89111829E-02
   23.132324218750000       -1.89086199E-02
   23.156738281250000       -1.89060867E-02
   23.181152343750000       -1.89035833E-02
   23.205566406250000       -1.89011097E-02
   23.229980468750000       -1.88986957E-02
   23.254394531250000       -1.88962817E-02
   23.278808593750000       -1.88939273E-02
   23.303222656250000       -1.88916028E-02
   23.327636718750000       -1.88893080E-02
   23.352050781250000       -1.88870430E-02
   23.376464843750000       -1.88848078E-02
   23.400878906250000       -1.88826025E-02
   23.425292968750000       -1.88804567E-02
   23.449707031250000       -1.88783109E-02
   23.474121093750000       -1.88762248E-02
   23.498535156250000       -1.88741684E-02
   23.522949218750000       -1.88721418E-02
   23.547363281250000       -1.88701451E-02
   23.571777343750000       -1.88681781E-02
   23.596191406250000       -1.88662410E-02
   23.620605468750000       -1.88643634E-02
   23.645019531250000       -1.88624859E-02
   23.669433593750000       -1.88606679E-02
   23.693847656250000       -1.88588798E-02
   23.718261718750000       -1.88571215E-02
   23.742675781250000       -1.88553929E-02
   23.767089843750000       -1.88536942E-02
   23.791503906250000       -1.88520253E-02
   23.815917968750000       -1.88504159E-02
   23.840332031250000       -1.88488066E-02
   23.864746093750000       -1.88472569E-02
   23.889160156250000       -1.88457370E-02
   23.913574218750000       -1.88442171E-02
   23.937988281250000       -1.88427567E-02
   23.962402343750000       -1.88413560E-02
   23.986816406250000       -1.88399553E-02
   24.011230468750000       -1.88385844E-02
   24.035644531250000       -1.88372731E-02
   24.060058593750000       -1.88359618E-02
   24.084472656250000       -1.88347101E-02
   24.108886718750000       -1.88334882E-02
   24.133300781250000       -1.88322961E-02
   24.157714843750000       -1.88311338E-02
   24.182128906250000       -1.88300014E-02
   24.206542968750000       -1.88288987E-02
   24.230957031250000       -1.88278556E-02
   24.255371093750000       -1.88268125E-02
   24.279785156250000       -1.88258290E-02
   24.304199218750000       -1.88248456E-02
   24.328613281250000       -1.88239217E-02
   24.353027343750000       -1.88230276E-02
   24.377441406250000       -1.88221633E-02
   24.401855468750000       -1.88213587E-02
   24.426269531250000       -1.88205540E-02
   24.450683593750000       -1.88197792E-02
   24.475097656250000       -1.88190639E-02
   24.499511718750000       -1.88183784E-02
   24.523925781250000       -1.88176930E-02
   24.548339843750000       -1.88170671E-02
   24.572753906250000       -1.88164711E-02
   24.597167968750000       -1.88159049E-02
   24.621582031250000       -1.88153684E-02
   24.645996093750000       -1.88148916E-02
   24.670410156250000       -1.88144147E-02
   24.694824218750000       -1.88139975E-02
   24.719238281250000       -1.88135803E-02
   24.743652343750000       -1.88132226E-02
   24.768066406250000       -1.88128948E-02
   24.792480468750000       -1.88125968E-02
   24.816894531250000       -1.88123286E-02
   24.841308593750000       -1.88120902E-02
   24.865722656250000       -1.88119113E-02
   24.890136718750000       -1.88117325E-02
   24.914550781250000       -1.88116133E-02
   24.938964843750000       -1.88114941E-02
   24.963378906250000       -1.88114345E-02
   24.987792968750000       -1.88114047E-02
   25.012207031250000       -1.88114047E-02
   25.036621093750000       -1.88114345E-02
   25.061035156250000       -1.88114941E-02
   25.085449218750000       -1.88116133E-02
   25.109863281250000       -1.88117325E-02
   25.134277343750000       -1.88119113E-02
   25.158691406250000       -1.88120902E-02
   25.183105468750000       -1.88123286E-02
   25.207519531250000       -1.88125968E-02
   25.231933593750000       -1.88128948E-02
   25.256347656250000       -1.88132226E-02
   25.280761718750000       -1.88135803E-02
   25.305175781250000       -1.88139975E-02
   25.329589843750000       -1.88144147E-02
   25.354003906250000       -1.88148916E-02
   25.378417968750000       -1.88153684E-02
   25.402832031250000       -1.88159049E-02
   25.427246093750000       -1.88164711E-02
   25.451660156250000       -1.88170671E-02
   25.476074218750000       -1.88176930E-02
   25.500488281250000       -1.88183784E-02
   25.524902343750000       -1.88190639E-02
   25.549316406250000       -1.88197792E-02
   25.573730468750000       -1.88205540E-02
   25.598144531250000       -1.88213587E-02
   25.622558593750000       -1.88221633E-02
   25.646972656250000       -1.88230276E-02
   25.671386718750000       -1.88239217E-02
   25.695800781250000       -1.88248456E-02
   25.720214843750000       -1.88258290E-02
   25.744628906250000       -1.88268125E-02
   25.769042968750000       -1.88278556E-02
   25.793457031250000       -1.88288987E-02
   25.817871093750000       -1.88300014E-02
   25.842285156250000       -1.88311338E-02
   25.866699218750000       -1.88322961E-02
   25.891113281250000       -1.88334882E-02
   25.915527343750000       -1.88347101E-02
   25.939941406250000       -1.88359618E-02
   25.964355468750000       -1.88372731E-02
   25.988769531250000       -1.88385844E-02
   26.013183593750000       -1.88399553E-02
   26.037597656250000       -1.88413560E-02
   26.062011718750000       -1.88427567E-02
   26.086425781250000       -1.88442171E-02
   26.110839843750000       -1.88457370E-02
   26.135253906250000       -1.88472569E-02
   26.159667968750000       -1.88488066E-02
   26.184082031250000       -1.88504159E-02
   26.208496093750000       -1.88520253E-02
   26.232910156250000       -1.88536942E-02
   26.257324218750000       -1.88553929E-02
   26.281738281250000       -1.88571215E-02
   26.306152343750000       -1.88588798E-02
   26.330566406250000       -1.88606679E-02
   26.354980468750000       -1.88624859E-02
   26.379394531250000       -1.88643634E-02
   26.403808593750000       -1.88662410E-02
   26.428222656250000       -1.88681781E-02
   26.452636718750000       -1.88701451E-02
   26.477050781250000       -1.88721418E-02
   26.501464843750000       -1.88741684E-02
   26.525878906250000       -1.88762248E-02
   26.550292968750000       -1.88783109E-02
   26.574707031250000       -1.88804567E-02
   26.599121093750000       -1.88826025E-02
   26.623535156250000       -1.88848078E-02
   26.647949218750000       -1.88870430E-02
   26.672363281250000       -1.88893080E-02
   26.696777343750000       -1.88916028E-02
   26.721191406250000       -1.88939273E-02
   26.745605468750000       -1.88962817E-02
   26.770019531250000       -1.88986957E-02
   26.794433593750000       -1.89011097E-02
   26.818847656250000       -1.89035833E-02
   26.843261718750000       -1.89060867E-02
   26.867675781250000       -1.89086199E-02
   26.892089843750000       -1.89111829E-02
   26.916503906250000       -1.89137757E-02
   26.940917968750000       -1.89164281E-02
   26.965332031250000       -1.89190805E-02
   26.989746093750000       -1.89217925E-02
   27.014160156250000       -1.89245045E-02
   27.038574218750000       -1.89272761E-02
   27.062988281250000       -1.89300776E-02
   27.087402343750000       -1.89329386E-02
   27.111816406250000       -1.89357996E-02
   27.136230468750000       -1.89386904E-02
   27.160644531250000       -1.89416409E-02
   27.185058593750000       -1.89446211E-02
   27.209472656250000       -1.89476311E-02
   27.233886718750000       -1.89506710E-02
   27.258300781250000       -1.89537406E-02
   27.282714843750000       -1.89568400E-02
   27.307128906250000       -1.89599991E-02
   27.331542968750000       -1.89631581E-02
   27.355957031250000       -1.89663768E-02
   27.380371093750000       -1.89696252E-02
   27.404785156250000       -1.89729035E-02
   27.429199218750000       -1.89762115E-02
   27.453613281250000       -1.89795494E-02
   27.478027343750000       -1.89829469E-02
   27.502441406250000       -1.89863443E-02
   27.526855468750000       -1.89898014E-02
   27.551269531250000       -1.89932883E-02
   27.575683593750000       -1.89968050E-02
   27.600097656250000       -1.90003514E-02
   27.624511718750000       -1.90039575E-02
   27.648925781250000       -1.90075636E-02
   27.673339843750000       -1.90112293E-02
   27.697753906250000       -1.90149248E-02
   27.722167968750000       -1.90186501E-02
   27.746582031250000       -1.90224051E-02
   27.770996093750000       -1.90261900E-02
   27.795410156250000       -1.90300345E-02
   27.819824218750000       -1.90338790E-02
   27.844238281250000       -1.90377831E-02
   27.868652343750000       -1.90417171E-02
   27.893066406250000       -1.90456808E-02
   27.917480468750000       -1.90496743E-02
   27.941894531250000       -1.90537274E-02
   27.966308593750000       -1.90577805E-02
   27.990722656250000       -1.90618932E-02
   28.015136718750000       -1.90660357E-02
   28.039550781250000       -1.90702081E-02
   28.063964843750000       -1.90744102E-02
   28.088378906250000       -1.90786719E-02
   28.112792968750000       -1.90829337E-02
   28.137207031250000       -1.90872550E-02
   28.161621093750000       -1.90916061E-02
   28.186035156250000       -1.90959871E-02
   28.210449218750000       -1.91003978E-02
   28.234863281250000       -1.91048682E-02
   28.259277343750000       -1.91093385E-02
   28.283691406250000       -1.91138685E-02
   28.308105468750000       -1.91184282E-02
   28.332519531250000       -1.91230178E-02
   28.356933593750000       -1.91276371E-02
   28.381347656250000       -1.91323161E-02
   28.405761718750000       -1.91370249E-02
   28.430175781250000       -1.91417634E-02
   28.454589843750000       -1.91465318E-02
   28.479003906250000       -1.91513300E-02
   28.503417968750000       -1.91561580E-02
   28.527832031250000       -1.91610456E-02
   28.552246093750000       -1.91659629E-02
   28.576660156250000       -1.91709101E-02
   28.601074218750000       -1.91758871E-02
   28.625488281250000       -1.91808939E-02
   28.649902343750000       -1.91859603E-02
   28.674316406250000       -1.91910267E-02
   28.698730468750000       -1.91961527E-02
   28.723144531250000       -1.92013085E-02
   28.747558593750000       -1.92065239E-02
   28.771972656250000       -1.92117393E-02
   28.796386718750000       -1.92170143E-02
   28.820800781250000       -1.92223191E-02
   28.845214843750000       -1.92276537E-02
   28.869628906250000       -1.92330182E-02
   28.894042968750000       -1.92384422E-02
   28.918457031250000       -1.92438960E-02
   28.942871093750000       -1.92493796E-02
   28.967285156250000       -1.92548931E-02
   28.991699218750000       -1.92604363E-02
   29.016113281250000       -1.92660391E-02
   29.040527343750000       -1.92716420E-02
   29.064941406250000       -1.92773044E-02
   29.089355468750000       -1.92830265E-02
   29.113769531250000       -1.92887485E-02
   29.138183593750000       -1.92945302E-02
   29.162597656250000       -1.93003118E-02
   29.187011718750000       -1.93061829E-02
   29.211425781250000       -1.93120539E-02
   29.235839843750000       -1.93179548E-02
   29.260253906250000       -1.93239152E-02
   29.284667968750000       -1.93299055E-02
   29.309082031250000       -1.93359256E-02
   29.333496093750000       -1.93419755E-02
   29.357910156250000       -1.93480849E-02
   29.382324218750000       -1.93542242E-02
   29.406738281250000       -1.93603933E-02
   29.431152343750000       -1.93665922E-02
   29.455566406250000       -1.93728507E-02
   29.479980468750000       -1.93791389E-02
   29.504394531250000       -1.93854570E-02
   29.528808593750000       -1.93918049E-02
   29.553222656250000       -1.93981826E-02
   29.577636718750000       -1.94046199E-02
   29.602050781250000       -1.94110870E-02
   29.626464843750000       -1.94175839E-02
   29.650878906250000       -1.94241405E-02
   29.675292968750000       -1.94306970E-02
   29.699707031250000       -1.94373131E-02
   29.724121093750000       -1.94439590E-02
   29.748535156250000       -1.94506645E-02
   29.772949218750000       -1.94573998E-02
   29.797363281250000       -1.94641650E-02
   29.821777343750000       -1.94709599E-02
   29.846191406250000       -1.94777846E-02
   29.870605468750000       -1.94846690E-02
   29.895019531250000       -1.94915831E-02
   29.919433593750000       -1.94985271E-02
   29.943847656250000       -1.95055306E-02
   29.968261718750000       -1.95125341E-02
   29.992675781250000       -1.95195973E-02
   30.017089843750000       -1.95267200E-02
   30.041503906250000       -1.95338428E-02
   30.065917968750000       -1.95410252E-02
   30.090332031250000       -1.95482373E-02
   30.114746093750000       -1.95554793E-02
   30.139160156250000       -1.95627809E-02
   30.163574218750000       -1.95701122E-02
   30.187988281250000       -1.95774734E-02
   30.212402343750000       -1.95848942E-02
   30.236816406250000       -1.95923150E-02
   30.261230468750000       -1.95997953E-02
   30.285644531250000       -1.96073353E-02
   30.310058593750000       -1.96148753E-02
   30.334472656250000       -1.96224749E-02
   30.358886718750000       -1.96301043E-02
   30.383300781250000       -1.96377933E-02
   30.407714843750000       -1.96455121E-02
   30.432128906250000       -1.96532607E-02
   30.456542968750000       -1.96610391E-02
   30.480957031250000       -1.96688771E-02
   30.505371093750000       -1.96767449E-02
   30.529785156250000       -1.96846426E-02
   30.554199218750000       -1.96925700E-02
   30.578613281250000       -1.97005570E-02
   30.603027343750000       -1.97085738E-02
   30.627441406250000       -1.97166502E-02
   30.651855468750000       -1.97247565E-02
   30.676269531250000       -1.97328925E-02
   30.700683593750000       -1.97410583E-02
   30.725097656250000       -1.97492838E-02
   30.749511718750000       -1.97575390E-02
   30.773925781250000       -1.97658241E-02
   30.798339843750000       -1.97741687E-02
   30.822753906250000       -1.97825432E-02
   30.847167968750000       -1.97909474E-02
   30.871582031250000       -1.97994113E-02
   30.895996093750000       -1.98079050E-02
   30.920410156250000       -1.98164284E-02
   30.944824218750000       -1.98250115E-02
   30.969238281250000       -1.98336244E-02
   30.993652343750000       -1.98422670E-02
   31.018066406250000       -1.98509693E-02
   31.042480468750000       -1.98597014E-02
   31.066894531250000       -1.98684633E-02
   31.091308593750000       -1.98772848E-02
   31.115722656250000       -1.98861361E-02
   31.140136718750000       -1.98950171E-02
   31.164550781250000       -1.99039578E-02
   31.188964843750000       -1.99129283E-02
   31.213378906250000       -1.99219584E-02
   31.237792968750000       -1.99309886E-02
   31.262207031250000       -1.99401081E-02
   31.286621093750000       -1.99492276E-02
   31.311035156250000       -1.99584067E-02
   31.335449218750000       -1.99676156E-02
   31.359863281250000       -1.99768841E-02
   31.384277343750000       -1.99861825E-02
   31.408691406250000       -1.99955106E-02
   31.433105468750000       -2.00048983E-02
   31.457519531250000       -2.00143158E-02
   31.481933593750000       -2.00237930E-02
   31.506347656250000       -2.00332999E-02
   31.530761718750000       -2.00428367E-02
   31.555175781250000       -2.00524032E-02
   31.579589843750000       -2.00620294E-02
   31.604003906250000       -2.00717151E-02
   31.628417968750000       -2.00814307E-02
   31.652832031250000       -2.00911760E-02
   31.677246093750000       -2.01009512E-02
   31.701660156250000       -2.01107860E-02
   31.726074218750000       -2.01206803E-02
   31.750488281250000       -2.01306045E-02
   31.774902343750000       -2.01405585E-02
   31.799316406250000       -2.01505423E-02
   31.823730468750000       -2.01605856E-02
   31.848144531250000       -2.01706886E-02
   31.872558593750000       -2.01808214E-02
   31.896972656250000       -2.01909840E-02
   31.921386718750000       -2.02012062E-02
   31.945800781250000       -2.02114582E-02
   31.970214843750000       -2.02217400E-02
   31.994628906250000       -2.02320814E-02
   32.019042968750000       -2.02424824E-02
   32.043457031250000       -2.02528834E-02
   32.067871093750000       -2.02633739E-02
   32.092285156250000       -2.02738643E-02
   32.116699218750000       -2.02844441E-02
   32.141113281250000       -2.02950239E-02
   32.165527343750000       -2.03056633E-02
   32.189941406250000       -2.03163624E-02
   32.214355468750000       -2.03270614E-02
   32.238769531250000       -2.03378499E-02
   32.263183593750000       -2.03486681E-02
   32.287597656250000       -2.03595161E-02
   32.312011718750000       -2.03704238E-02
   32.336425781250000       -2.03813612E-02
   32.360839843750000       -2.03923285E-02
   32.385253906250000       -2.04033554E-02
   32.409667968750000       -2.04144418E-02
   32.434082031250000       -2.04255581E-02
   32.458496093750000       -2.04367340E-02
   32.482910156250000       -2.04479396E-02
   32.507324218750000       -2.04591751E-02
   32.531738281250000       -2.04704702E-02
   32.556152343750000       -2.04817951E-02
   32.580566406250000       -2.04931796E-02
   32.604980468750000       -2.05046237E-02
   32.629394531250000       -2.05160975E-02
   32.653808593750000       -2.05276012E-02
   32.678222656250000       -2.05391645E-02
   32.702636718750000       -2.05507576E-02
   32.727050781250000       -2.05624104E-02
   32.751464843750000       -2.05741227E-02
   32.775878906250000       -2.05858648E-02
   32.800292968750000       -2.05976367E-02
   32.824707031250000       -2.06094682E-02
   32.849121093750000       -2.06213295E-02
   32.873535156250000       -2.06332505E-02
   32.897949218750000       -2.06452310E-02
   32.922363281250000       -2.06572413E-02
   32.946777343750000       -2.06692815E-02
   32.971191406250000       -2.06813812E-02
   32.995605468750000       -2.06935406E-02
   33.020019531250000       -2.07057297E-02
   33.044433593750000       -2.07179785E-02
   33.068847656250000       -2.07302570E-02
   33.093261718750000       -2.07425952E-02
   33.117675781250000       -2.07549632E-02
   33.142089843750000       -2.07673907E-02
   33.166503906250000       -2.07798779E-02
   33.190917968750000       -2.07923949E-02
   33.215332031250000       -2.08049417E-02
   33.239746093750000       -2.08175480E-02
   33.264160156250000       -2.08302140E-02
   33.288574218750000       -2.08429098E-02
   33.312988281250000       -2.08556652E-02
   33.337402343750000       -2.08684504E-02
   33.361816406250000       -2.08812952E-02
   33.386230468750000       -2.08941996E-02
   33.410644531250000       -2.09071338E-02
   33.435058593750000       -2.09201276E-02
   33.459472656250000       -2.09331512E-02
   33.483886718750000       -2.09462345E-02
   33.508300781250000       -2.09593475E-02
   33.532714843750000       -2.09725499E-02
   33.557128906250000       -2.09857523E-02
   33.581542968750000       -2.09990442E-02
   33.605957031250000       -2.10123658E-02
   33.630371093750000       -2.10257173E-02
   33.654785156250000       -2.10391283E-02
   33.679199218750000       -2.10525990E-02
   33.703613281250000       -2.10660994E-02
   33.728027343750000       -2.10796595E-02
   33.752441406250000       -2.10932791E-02
   33.776855468750000       -2.11069286E-02
   33.801269531250000       -2.11206377E-02
   33.825683593750000       -2.11344063E-02
   33.850097656250000       -2.11482048E-02
   33.874511718750000       -2.11620629E-02
   33.898925781250000       -2.11759508E-02
   33.923339843750000       -2.11899281E-02
   33.947753906250000       -2.12039053E-02
   33.972167968750000       -2.12179720E-02
   33.996582031250000       -2.12320685E-02
   34.020996093750000       -2.12462246E-02
   34.045410156250000       -2.12604105E-02
   34.069824218750000       -2.12746859E-02
   34.094238281250000       -2.12889612E-02
   34.118652343750000       -2.13033259E-02
   34.143066406250000       -2.13177204E-02
   34.167480468750000       -2.13321745E-02
   34.191894531250000       -2.13466585E-02
   34.216308593750000       -2.13612318E-02
   34.240722656250000       -2.13758349E-02
   34.265136718750000       -2.13904679E-02
   34.289550781250000       -2.14051902E-02
   34.313964843750000       -2.14199424E-02
   34.338378906250000       -2.14347541E-02
   34.362792968750000       -2.14495957E-02
   34.387207031250000       -2.14644969E-02
   34.411621093750000       -2.14794576E-02
   34.436035156250000       -2.14944780E-02
   34.460449218750000       -2.15095282E-02
   34.484863281250000       -2.15246677E-02
   34.509277343750000       -2.15398073E-02
   34.533691406250000       -2.15550363E-02
   34.558105468750000       -2.15702951E-02
   34.582519531250000       -2.15856433E-02
   34.606933593750000       -2.16009915E-02
   34.631347656250000       -2.16164291E-02
   34.655761718750000       -2.16318965E-02
   34.680175781250000       -2.16474533E-02
   34.704589843750000       -2.16630399E-02
   34.729003906250000       -2.16786563E-02
   34.753417968750000       -2.16943622E-02
   34.777832031250000       -2.17100978E-02
   34.802246093750000       -2.17258930E-02
   34.826660156250000       -2.17417479E-02
   34.851074218750000       -2.17576623E-02
   34.875488281250000       -2.17736065E-02
   34.899902343750000       -2.17896104E-02
   34.924316406250000       -2.18056738E-02
   34.948730468750000       -2.18217969E-02
   34.973144531250000       -2.18379796E-02
   34.997558593750000       -2.18541920E-02
   35.021972656250000       -2.18704939E-02
   35.046386718750000       -2.18868256E-02
   35.070800781250000       -2.19032168E-02
   35.095214843750000       -2.19196379E-02
   35.119628906250000       -2.19361484E-02
   35.144042968750000       -2.19527185E-02
   35.168457031250000       -2.19693184E-02
   35.192871093750000       -2.19859779E-02
   35.217285156250000       -2.20026970E-02
   35.241699218750000       -2.20194757E-02
   35.266113281250000       -2.20363140E-02
   35.290527343750000       -2.20531821E-02
   35.314941406250000       -2.20701396E-02
   35.339355468750000       -2.20871270E-02
   35.363769531250000       -2.21041739E-02
   35.388183593750000       -2.21213102E-02
   35.412597656250000       -2.21384764E-02
   35.437011718750000       -2.21556723E-02
   35.461425781250000       -2.21729577E-02
   35.485839843750000       -2.21903026E-02
   35.510253906250000       -2.22077072E-02
   35.534667968750000       -2.22251415E-02
   35.559082031250000       -2.22426653E-02
   35.583496093750000       -2.22602189E-02
   35.607910156250000       -2.22778320E-02
   35.632324218750000       -2.22955048E-02
   35.656738281250000       -2.23132670E-02
   35.681152343750000       -2.23310590E-02
   35.705566406250000       -2.23489106E-02
   35.729980468750000       -2.23668218E-02
   35.754394531250000       -2.23847926E-02
   35.778808593750000       -2.24028230E-02
   35.803222656250000       -2.24209130E-02
   35.827636718750000       -2.24390328E-02
   35.852050781250000       -2.24572420E-02
   35.876464843750000       -2.24755108E-02
   35.900878906250000       -2.24938393E-02
   35.925292968750000       -2.25121975E-02
   35.949707031250000       -2.25306451E-02
   35.974121093750000       -2.25491524E-02
   35.998535156250000       -2.25677192E-02
   36.022949218750000       -2.25863159E-02
   36.047363281250000       -2.26050019E-02
   36.071777343750000       -2.26237476E-02
   36.096191406250000       -2.26425529E-02
   36.120605468750000       -2.26614177E-02
   36.145019531250000       -2.26803124E-02
   36.169433593750000       -2.26992965E-02
   36.193847656250000       -2.27183402E-02
   36.218261718750000       -2.27374434E-02
   36.242675781250000       -2.27566063E-02
   36.267089843750000       -2.27758288E-02
   36.291503906250000       -2.27951407E-02
   36.315917968750000       -2.28144825E-02
   36.340332031250000       -2.28338838E-02
   36.364746093750000       -2.28533447E-02
   36.389160156250000       -2.28728950E-02
   36.413574218750000       -2.28924751E-02
   36.437988281250000       -2.29121447E-02
   36.462402343750000       -2.29318738E-02
   36.486816406250000       -2.29516625E-02
   36.511230468750000       -2.29715109E-02
   36.535644531250000       -2.29914188E-02
   36.560058593750000       -2.30113864E-02
   36.584472656250000       -2.30314136E-02
   36.608886718750000       -2.30515003E-02
   36.633300781250000       -2.30716765E-02
   36.657714843750000       -2.30919123E-02
   36.682128906250000       -2.31122077E-02
   36.706542968750000       -2.31325626E-02
   36.730957031250000       -2.31529772E-02
   36.755371093750000       -2.31734514E-02
   36.779785156250000       -2.31940150E-02
   36.804199218750000       -2.32146084E-02
   36.828613281250000       -2.32352912E-02
   36.853027343750000       -2.32560337E-02
   36.877441406250000       -2.32768357E-02
   36.901855468750000       -2.32977271E-02
   36.926269531250000       -2.33186483E-02
   36.950683593750000       -2.33396590E-02
   36.975097656250000       -2.33607292E-02
   36.999511718750000       -2.33818591E-02
   37.023925781250000       -2.34030783E-02
   37.048339843750000       -2.34243572E-02
   37.072753906250000       -2.34456956E-02
   37.097167968750000       -2.34670937E-02
   37.121582031250000       -2.34885514E-02
   37.145996093750000       -2.35100985E-02
   37.170410156250000       -2.35317051E-02
   37.194824218750000       -2.35533714E-02
   37.219238281250000       -2.35751271E-02
   37.243652343750000       -2.35969424E-02
   37.268066406250000       -2.36188173E-02
   37.292480468750000       -2.36407518E-02
   37.316894531250000       -2.36627758E-02
   37.341308593750000       -2.36848593E-02
   37.365722656250000       -2.37070024E-02
   37.390136718750000       -2.37292349E-02
   37.414550781250000       -2.37515271E-02
   37.438964843750000       -2.37738788E-02
   37.463378906250000       -2.37962902E-02
   37.487792968750000       -2.38187909E-02
   37.512207031250000       -2.38413811E-02
   37.536621093750000       -2.38640010E-02
   37.561035156250000       -2.38867104E-02
   37.585449218750000       -2.39095092E-02
   37.609863281250000       -2.39323378E-02
   37.634277343750000       -2.39552855E-02
   37.658691406250000       -2.39782631E-02
   37.683105468750000       -2.40013301E-02
   37.707519531250000       -2.40244567E-02
   37.731933593750000       -2.40476727E-02
   37.756347656250000       -2.40709484E-02
   37.780761718750000       -2.40943134E-02
   37.805175781250000       -2.41177380E-02
   37.829589843750000       -2.41412222E-02
   37.854003906250000       -2.41647959E-02
   37.878417968750000       -2.41884291E-02
   37.902832031250000       -2.42121518E-02
   37.927246093750000       -2.42359340E-02
   37.951660156250000       -2.42598057E-02
   37.976074218750000       -2.42837369E-02
   38.000488281250000       -2.43077576E-02
   38.024902343750000       -2.43318379E-02
   38.049316406250000       -2.43560076E-02
   38.073730468750000       -2.43802369E-02
   38.098144531250000       -2.44045556E-02
   38.122558593750000       -2.44289339E-02
   38.146972656250000       -2.44534016E-02
   38.171386718750000       -2.44779289E-02
   38.195800781250000       -2.45025456E-02
   38.220214843750000       -2.45272219E-02
   38.244628906250000       -2.45519876E-02
   38.269042968750000       -2.45768130E-02
   38.293457031250000       -2.46017277E-02
   38.317871093750000       -2.46267319E-02
   38.342285156250000       -2.46517956E-02
   38.366699218750000       -2.46769488E-02
   38.391113281250000       -2.47021616E-02
   38.415527343750000       -2.47274637E-02
   38.439941406250000       -2.47528553E-02
   38.464355468750000       -2.47783065E-02
   38.488769531250000       -2.48038471E-02
   38.513183593750000       -2.48294771E-02
   38.537597656250000       -2.48551667E-02
   38.562011718750000       -2.48809457E-02
   38.586425781250000       -2.49067843E-02
   38.610839843750000       -2.49327123E-02
   38.635253906250000       -2.49587297E-02
   38.659667968750000       -2.49848366E-02
   38.684082031250000       -2.50110030E-02
   38.708496093750000       -2.50372589E-02
   38.732910156250000       -2.50635743E-02
   38.757324218750000       -2.50900090E-02
   38.781738281250000       -2.51165032E-02
   38.806152343750000       -2.51430869E-02
   38.830566406250000       -2.51697302E-02
   38.854980468750000       -2.51964927E-02
   38.879394531250000       -2.52233148E-02
   38.903808593750000       -2.52501965E-02
   38.928222656250000       -2.52771974E-02
   38.952636718750000       -2.53042579E-02
   38.977050781250000       -2.53314376E-02
   39.001464843750000       -2.53586769E-02
   39.025878906250000       -2.53859758E-02
   39.050292968750000       -2.54133940E-02
   39.074707031250000       -2.54408717E-02
   39.099121093750000       -2.54684687E-02
   39.123535156250000       -2.54961252E-02
   39.147949218750000       -2.55238712E-02
   39.172363281250000       -2.55517066E-02
   39.196777343750000       -2.55796313E-02
   39.221191406250000       -2.56076157E-02
   39.245605468750000       -2.56357193E-02
   39.270019531250000       -2.56638825E-02
   39.294433593750000       -2.56921351E-02
   39.318847656250000       -2.57205069E-02
   39.343261718750000       -2.57489383E-02
   39.367675781250000       -2.57774591E-02
   39.392089843750000       -2.58060694E-02
   39.416503906250000       -2.58347690E-02
   39.440917968750000       -2.58635581E-02
   39.465332031250000       -2.58924365E-02
   39.489746093750000       -2.59214044E-02
   39.514160156250000       -2.59504616E-02
   39.538574218750000       -2.59796083E-02
   39.562988281250000       -2.60088444E-02
   39.587402343750000       -2.60381699E-02
   39.611816406250000       -2.60675848E-02
   39.636230468750000       -2.60970891E-02
   39.660644531250000       -2.61266828E-02
   39.685058593750000       -2.61563659E-02
   39.709472656250000       -2.61861384E-02
   39.733886718750000       -2.62160301E-02
   39.758300781250000       -2.62459815E-02
   39.782714843750000       -2.62760222E-02
   39.807128906250000       -2.63061821E-02
   39.831542968750000       -2.63364315E-02
   39.855957031250000       -2.63667703E-02
   39.880371093750000       -2.63971984E-02
   39.904785156250000       -2.64277160E-02
   39.929199218750000       -2.64583230E-02
   39.953613281250000       -2.64890492E-02
   39.978027343750000       -2.65198350E-02
   40.002441406250000       -2.65507400E-02
   40.026855468750000       -2.65817642E-02
   40.051269531250000       -2.66128480E-02
   40.075683593750000       -2.66440213E-02
   40.100097656250000       -2.66753137E-02
   40.124511718750000       -2.67066956E-02
   40.148925781250000       -2.67381966E-02
   40.173339843750000       -2.67697573E-02
   40.197753906250000       -2.68014371E-02
   40.222167968750000       -2.68332064E-02
   40.246582031250000       -2.68650949E-02
   40.270996093750000       -2.68970728E-02
   40.295410156250000       -2.69291401E-02
   40.319824218750000       -2.69612968E-02
   40.344238281250000       -2.69935727E-02
   40.368652343750000       -2.70259380E-02
   40.393066406250000       -2.70584226E-02
   40.417480468750000       -2.70909965E-02
   40.441894531250000       -2.71236598E-02
   40.466308593750000       -2.71564424E-02
   40.490722656250000       -2.71893144E-02
   40.515136718750000       -2.72223055E-02
   40.539550781250000       -2.72553861E-02
   40.563964843750000       -2.72885561E-02
   40.588378906250000       -2.73218453E-02
   40.612792968750000       -2.73552537E-02
   40.637207031250000       -2.73887515E-02
   40.661621093750000       -2.74223685E-02
   40.686035156250000       -2.74560750E-02
   40.710449218750000       -2.74898708E-02
   40.734863281250000       -2.75237858E-02
   40.759277343750000       -2.75578201E-02
   40.783691406250000       -2.75919437E-02
   40.808105468750000       -2.76261866E-02
   40.832519531250000       -2.76605487E-02
   40.856933593750000       -2.76950002E-02
   40.881347656250000       -2.77295411E-02
   40.905761718750000       -2.77642310E-02
   40.930175781250000       -2.77990103E-02
   40.954589843750000       -2.78339088E-02
   40.979003906250000       -2.78688967E-02
   41.003417968750000       -2.79040039E-02
   41.027832031250000       -2.79392302E-02
   41.052246093750000       -2.79745460E-02
   41.076660156250000       -2.80100107E-02
   41.101074218750000       -2.80455649E-02
   41.125488281250000       -2.80812085E-02
   41.149902343750000       -2.81170011E-02
   41.174316406250000       -2.81528831E-02
   41.198730468750000       -2.81888843E-02
   41.223144531250000       -2.82250047E-02
   41.247558593750000       -2.82612443E-02
   41.271972656250000       -2.82976031E-02
   41.296386718750000       -2.83340514E-02
   41.320800781250000       -2.83706486E-02
   41.345214843750000       -2.84073353E-02
   41.369628906250000       -2.84441411E-02
   41.394042968750000       -2.84810662E-02
   41.418457031250000       -2.85181403E-02
   41.442871093750000       -2.85553038E-02
   41.467285156250000       -2.85925865E-02
   41.491699218750000       -2.86299884E-02
   41.516113281250000       -2.86675096E-02
   41.540527343750000       -2.87051499E-02
   41.564941406250000       -2.87429094E-02
   41.589355468750000       -2.87807882E-02
   41.613769531250000       -2.88187861E-02
   41.638183593750000       -2.88569331E-02
   41.662597656250000       -2.88951695E-02
   41.687011718750000       -2.89335549E-02
   41.711425781250000       -2.89720595E-02
   41.735839843750000       -2.90106535E-02
   41.760253906250000       -2.90493965E-02
   41.784667968750000       -2.90882885E-02
   41.809082031250000       -2.91272700E-02
   41.833496093750000       -2.91664004E-02
   41.857910156250000       -2.92056501E-02
   41.882324218750000       -2.92450190E-02
   41.906738281250000       -2.92845070E-02
   41.931152343750000       -2.93241441E-02
   41.955566406250000       -2.93639004E-02
   41.979980468750000       -2.94038057E-02
   42.004394531250000       -2.94438303E-02
   42.028808593750000       -2.94839740E-02
   42.053222656250000       -2.95242369E-02
   42.077636718750000       -2.95646489E-02
   42.102050781250000       -2.96052098E-02
   42.126464843750000       -2.96458900E-02
   42.150878906250000       -2.96866894E-02
   42.175292968750000       -2.97276378E-02
   42.199707031250000       -2.97687054E-02
   42.224121093750000       -2.98099220E-02
   42.248535156250000       -2.98512578E-02
   42.272949218750000       -2.98927426E-02
   42.297363281250000       -2.99343765E-02
   42.321777343750000       -2.99761295E-02
   42.346191406250000       -3.00180316E-02
   42.370605468750000       -3.00600529E-02
   42.395019531250000       -3.01022232E-02
   42.419433593750000       -3.01445425E-02
   42.443847656250000       -3.01870108E-02
   42.468261718750000       -3.02295983E-02
   42.492675781250000       -3.02723348E-02
   42.517089843750000       -3.03152204E-02
   42.541503906250000       -3.03582251E-02
   42.565917968750000       -3.04014087E-02
   42.590332031250000       -3.04447114E-02
   42.614746093750000       -3.04881632E-02
   42.639160156250000       -3.05317640E-02
   42.663574218750000       -3.05755138E-02
   42.687988281250000       -3.06194127E-02
   42.712402343750000       -3.06634605E-02
   42.736816406250000       -3.07076573E-02
   42.761230468750000       -3.07520032E-02
   42.785644531250000       -3.07964981E-02
   42.810058593750000       -3.08411419E-02
   42.834472656250000       -3.08859348E-02
   42.858886718750000       -3.09308767E-02
   42.883300781250000       -3.09759974E-02
   42.907714843750000       -3.10212374E-02
   42.932128906250000       -3.10666561E-02
   42.956542968750000       -3.11122239E-02
   42.980957031250000       -3.11579406E-02
   43.005371093750000       -3.12038362E-02
   43.029785156250000       -3.12498808E-02
   43.054199218750000       -3.12960744E-02
   43.078613281250000       -3.13424170E-02
   43.103027343750000       -3.13889384E-02
   43.127441406250000       -3.14356387E-02
   43.151855468750000       -3.14824581E-02
   43.176269531250000       -3.15294862E-02
   43.200683593750000       -3.15766335E-02
   43.225097656250000       -3.16239893E-02
   43.249511718750000       -3.16714644E-02
   43.273925781250000       -3.17191482E-02
   43.298339843750000       -3.17669809E-02
   43.322753906250000       -3.18149924E-02
   43.347167968750000       -3.18631530E-02
   43.371582031250000       -3.19114923E-02
   43.395996093750000       -3.19600105E-02
   43.420410156250000       -3.20087075E-02
   43.444824218750000       -3.20575535E-02
   43.469238281250000       -3.21065784E-02
   43.493652343750000       -3.21558118E-02
   43.518066406250000       -3.22051942E-02
   43.542480468750000       -3.22547555E-02
   43.566894531250000       -3.23044956E-02
   43.591308593750000       -3.23544145E-02
   43.615722656250000       -3.24045122E-02
   43.640136718750000       -3.24547887E-02
   43.664550781250000       -3.25052738E-02
   43.688964843750000       -3.25559080E-02
   43.713378906250000       -3.26067507E-02
   43.737792968750000       -3.26577723E-02
   43.762207031250000       -3.27089727E-02
   43.786621093750000       -3.27603817E-02
   43.811035156250000       -3.28119695E-02
   43.835449218750000       -3.28637362E-02
   43.859863281250000       -3.29157114E-02
   43.884277343750000       -3.29678655E-02
   43.908691406250000       -3.30202281E-02
   43.933105468750000       -3.30727994E-02
   43.957519531250000       -3.31255496E-02
   43.981933593750000       -3.31784785E-02
   44.006347656250000       -3.32316458E-02
   44.030761718750000       -3.32849920E-02
   44.055175781250000       -3.33385468E-02
   44.079589843750000       -3.33923101E-02
   44.104003906250000       -3.34462523E-02
   44.128417968750000       -3.35004330E-02
   44.152832031250000       -3.35547924E-02
   44.177246093750000       -3.36093903E-02
   44.201660156250000       -3.36641967E-02
   44.226074218750000       -3.37192118E-02
   44.250488281250000       -3.37744355E-02
   44.274902343750000       -3.38298678E-02
   44.299316406250000       -3.38855386E-02
   44.323730468750000       -3.39414179E-02
   44.348144531250000       -3.39975059E-02
   44.372558593750000       -3.40538323E-02
   44.396972656250000       -3.41103971E-02
   44.421386718750000       -3.41671705E-02
   44.445800781250000       -3.42241526E-02
   44.470214843750000       -3.42814028E-02
   44.494628906250000       -3.43388617E-02
   44.519042968750000       -3.43965590E-02
   44.543457031250000       -3.44544649E-02
   44.567871093750000       -3.45126390E-02
   44.592285156250000       -3.45710516E-02
   44.616699218750000       -3.46297026E-02
   44.641113281250000       -3.46885920E-02
   44.665527343750000       -3.47477496E-02
   44.689941406250000       -3.48071158E-02
   44.714355468750000       -3.48667502E-02
   44.738769531250000       -3.49266529E-02
   44.763183593750000       -3.49867940E-02
   44.787597656250000       -3.50471735E-02
   44.812011718750000       -3.51078510E-02
   44.836425781250000       -3.51687670E-02
   44.860839843750000       -3.52299511E-02
   44.885253906250000       -3.52914035E-02
   44.909667968750000       -3.53531241E-02
   44.934082031250000       -3.54151130E-02
   44.958496093750000       -3.54773700E-02
   44.982910156250000       -3.55399251E-02
   45.007324218750000       -3.56027484E-02
   45.031738281250000       -3.56658697E-02
   45.056152343750000       -3.57292593E-02
   45.080566406250000       -3.57929468E-02
   45.104980468750000       -3.58569026E-02
   45.129394531250000       -3.59211862E-02
   45.153808593750000       -3.59857678E-02
   45.178222656250000       -3.60506177E-02
   45.202636718750000       -3.61157954E-02
   45.227050781250000       -3.61813009E-02
   45.251464843750000       -3.62471044E-02
   45.275878906250000       -3.63132060E-02
   45.300292968750000       -3.63796651E-02
   45.324707031250000       -3.64464223E-02
   45.349121093750000       -3.65135074E-02
   45.373535156250000       -3.65809500E-02
   45.397949218750000       -3.66486907E-02
   45.422363281250000       -3.67168188E-02
   45.446777343750000       -3.67852747E-02
   45.471191406250000       -3.68540585E-02
   45.495605468750000       -3.69232297E-02
   45.520019531250000       -3.69927287E-02
   45.544433593750000       -3.70626152E-02
   45.568847656250000       -3.71328890E-02
   45.593261718750000       -3.72035205E-02
   45.617675781250000       -3.72745097E-02
   45.642089843750000       -3.73459160E-02
   45.666503906250000       -3.74177098E-02
   45.690917968750000       -3.74899209E-02
   45.715332031250000       -3.75625193E-02
   45.739746093750000       -3.76355350E-02
   45.764160156250000       -3.77089679E-02
   45.788574218750000       -3.77828479E-02
   45.812988281250000       -3.78571153E-02
   45.837402343750000       -3.79318595E-02
   45.861816406250000       -3.80070508E-02
   45.886230468750000       -3.80826890E-02
   45.910644531250000       -3.81588042E-02
   45.935058593750000       -3.82353961E-02
   45.959472656250000       -3.83124650E-02
   45.983886718750000       -3.83900106E-02
   46.008300781250000       -3.84680629E-02
   46.032714843750000       -3.85466516E-02
   46.057128906250000       -3.86257470E-02
   46.081542968750000       -3.87053788E-02
   46.105957031250000       -3.87855470E-02
   46.130371093750000       -3.88662517E-02
   46.154785156250000       -3.89475524E-02
   46.179199218750000       -3.90294194E-02
   46.203613281250000       -3.91118824E-02
   46.228027343750000       -3.91949713E-02
   46.252441406250000       -3.92786562E-02
   46.276855468750000       -3.93629670E-02
   46.301269531250000       -3.94479334E-02
   46.325683593750000       -3.95335853E-02
   46.350097656250000       -3.96198928E-02
   46.374511718750000       -3.97069156E-02
   46.398925781250000       -3.97946239E-02
   46.423339843750000       -3.98831069E-02
   46.447753906250000       -3.99723053E-02
   46.472167968750000       -4.00623083E-02
   46.496582031250000       -4.01530862E-02
   46.520996093750000       -4.02446985E-02
   46.545410156250000       -4.03371453E-02
   46.569824218750000       -4.04304266E-02
   46.594238281250000       -4.05246317E-02
   46.618652343750000       -4.06197309E-02
   46.643066406250000       -4.07157540E-02
   46.667480468750000       -4.08127606E-02
   46.691894531250000       -4.09107804E-02
   46.716308593750000       -4.10098135E-02
   46.740722656250000       -4.11098897E-02
   46.765136718750000       -4.12110984E-02
   46.789550781250000       -4.13134098E-02
   46.813964843750000       -4.14168835E-02
   46.838378906250000       -4.15215492E-02
   46.862792968750000       -4.16274965E-02
   46.887207031250000       -4.17346954E-02
   46.911621093750000       -4.18432653E-02
   46.936035156250000       -4.19531763E-02
   46.960449218750000       -4.20645475E-02
   46.984863281250000       -4.21773493E-02
   47.009277343750000       -4.22917306E-02
   47.033691406250000       -4.24076617E-02
   47.058105468750000       -4.25252616E-02
   47.082519531250000       -4.26445603E-02
   47.106933593750000       -4.27656472E-02
   47.131347656250000       -4.28885520E-02
   47.155761718750000       -4.30133939E-02
   47.180175781250000       -4.31402028E-02
   47.204589843750000       -4.32690978E-02
   47.229003906250000       -4.34001088E-02
   47.253417968750000       -4.35333848E-02
   47.277832031250000       -4.36689854E-02
   47.302246093750000       -4.38070297E-02
   47.326660156250000       -4.39475775E-02
   47.351074218750000       -4.40907478E-02
   47.375488281250000       -4.42366898E-02
   47.399902343750000       -4.43854928E-02
   47.424316406250000       -4.45372760E-02
   47.448730468750000       -4.46922183E-02
   47.473144531250000       -4.48503792E-02
   47.497558593750000       -4.50119972E-02
   47.521972656250000       -4.51771319E-02
   47.546386718750000       -4.53460217E-02
   47.570800781250000       -4.55187857E-02
   47.595214843750000       -4.56956625E-02
   47.619628906250000       -4.58767712E-02
   47.644042968750000       -4.60623801E-02
   47.668457031250000       -4.62526381E-02
   47.692871093750000       -4.64478433E-02
   47.717285156250000       -4.66481745E-02
   47.741699218750000       -4.68539298E-02
   47.766113281250000       -4.70653176E-02
   47.790527343750000       -4.72826958E-02
   47.814941406250000       -4.75062728E-02
   47.839355468750000       -4.77364361E-02
   47.863769531250000       -4.79734838E-02
   47.888183593750000       -4.82178032E-02
   47.912597656250000       -4.84696925E-02
   47.937011718750000       -4.87296581E-02
   47.961425781250000       -4.89979982E-02
   47.985839843750000       -4.92752492E-02
   48.010253906250000       -4.95618284E-02
   48.034667968750000       -4.98583019E-02
   48.059082031250000       -5.01651168E-02
   48.083496093750000       -5.04828990E-02
   48.107910156250000       -5.08121848E-02
   48.132324218750000       -5.11536896E-02
   48.156738281250000       -5.15079796E-02
   48.181152343750000       -5.18758893E-02
   48.205566406250000       -5.22580743E-02
   48.229980468750000       -5.26554585E-02
   48.254394531250000       -5.30687571E-02
   48.278808593750000       -5.34990430E-02
   48.303222656250000       -5.39471209E-02
   48.327636718750000       -5.44142127E-02
   48.352050781250000       -5.49012423E-02
   48.376464843750000       -5.54095209E-02
   48.400878906250000       -5.59402108E-02
   48.425292968750000       -5.64947426E-02
   48.449707031250000       -5.70744276E-02
   48.474121093750000       -5.76809049E-02
   48.498535156250000       -5.83156943E-02
   48.522949218750000       -5.89806139E-02
   48.547363281250000       -5.96774220E-02
   48.571777343750000       -6.04082048E-02
   48.596191406250000       -6.11749589E-02
   48.620605468750000       -6.19800687E-02
   48.645019531250000       -6.28258288E-02
   48.669433593750000       -6.37149513E-02
   48.693847656250000       -6.46500587E-02
   48.718261718750000       -6.56342804E-02
   48.742675781250000       -6.66706264E-02
   48.767089843750000       -6.77626431E-02
   48.791503906250000       -6.89138770E-02
   48.815917968750000       -7.01283813E-02
   48.840332031250000       -7.14101791E-02
   48.864746093750000       -7.27639794E-02
   48.889160156250000       -7.41944313E-02
   48.913574218750000       -7.57069588E-02
   48.937988281250000       -7.73069263E-02
   48.962402343750000       -7.90005922E-02
   48.986816406250000       -8.07942450E-02
   49.011230468750000       -8.26950669E-02
   49.035644531250000       -8.47103000E-02
   49.060058593750000       -8.68483484E-02
   49.084472656250000       -8.91176462E-02
   49.108886718750000       -9.15279090E-02
   49.133300781250000       -9.40890014E-02
   49.157714843750000       -9.68121588E-02
   49.182128906250000       -9.97089148E-02
   49.206542968750000      -0.102792442    
   49.230957031250000      -0.106076151    
   49.255371093750000      -0.109575450    
   49.279785156250000      -0.113306046    
   49.304199218750000      -0.117285997    
   49.328613281250000      -0.121533692    
   49.353027343750000      -0.126070321    
   49.377441406250000      -0.130917549    
   49.401855468750000      -0.136100233    
   49.426269531250000      -0.141643912    
   49.450683593750000      -0.147577912    
   49.475097656250000      -0.153932333    
   49.499511718750000      -0.160741776    
   49.523925781250000      -0.168041885    
   49.548339843750000      -0.175873578    
   49.572753906250000      -0.184279054    
   49.597167968750000      -0.193306953    
   49.621582031250000      -0.203007281    
   49.645996093750000      -0.213437915    
   49.670410156250000      -0.224658221    
   49.694824218750000      -0.236737400    
   49.719238281250000      -0.249745935    
   49.743652343750000      -0.263766885    
   49.768066406250000      -0.278883934    
   49.792480468750000      -0.295197248    
   49.816894531250000      -0.312806010    
   49.841308593750000      -0.331832021    
   49.865722656250000      -0.352391899    
   49.890136718750000      -0.374636173    
   49.914550781250000      -0.398698330    
   49.938964843750000      -0.424773008    
   49.963378906250000      -0.452992260    
   49.987792968750000      -0.483676672    
