   1.2207031250000000E-002  -4.87569141    
   3.6621093750000000E-002  -4.71316767    
   6.1035156250000000E-002  -4.56199169    
   8.5449218750000000E-002  -4.42073441    
  0.10986328125000000       -4.28859282    
  0.13427734375000000       -4.16463947    
  0.15869140625000000       -4.04817486    
  0.18310546875000000       -3.93849421    
  0.20751953125000000       -3.83502507    
  0.23193359375000000       -3.73721433    
  0.25634765625000000       -3.64459729    
  0.28076171875000000       -3.55673265    
  0.30517578125000000       -3.47324347    
  0.32958984375000000       -3.39377356    
  0.35400390625000000       -3.31801558    
  0.37841796875000000       -3.24568009    
  0.40283203125000000       -3.17651486    
  0.42724609375000000       -3.11028314    
  0.45166015625000000       -3.04677725    
  0.47607421875000000       -2.98580170    
  0.50048828125000000       -2.92718482    
  0.52490234375000000       -2.87076449    
  0.54931640625000000       -2.81639767    
  0.57373046875000000       -2.76394939    
  0.59814453125000000       -2.71329951    
  0.62255859375000000       -2.66433525    
  0.64697265625000000       -2.61695576    
  0.67138671875000000       -2.57106590    
  0.69580078125000000       -2.52658010    
  0.72021484375000000       -2.48341799    
  0.74462890625000000       -2.44150710    
  0.76904296875000000       -2.40077925    
  0.79345703125000000       -2.36117220    
  0.81787109375000000       -2.32262778    
  0.84228515625000000       -2.28509307    
  0.86669921875000000       -2.24851727    
  0.89111328125000000       -2.21285534    
  0.91552734375000000       -2.17806387    
  0.93994140625000000       -2.14410353    
  0.96435546875000000       -2.11093664    
  0.98876953125000000       -2.07852912    
   1.0131835937500000       -2.04684806    
   1.0375976562500000       -2.01586413    
   1.0620117187500000       -1.98554850    
   1.0864257812500000       -1.95587504    
   1.1108398437500000       -1.92681885    
   1.1352539062500000       -1.89835680    
   1.1596679687500000       -1.87046719    
   1.1840820312500000       -1.84312916    
   1.2084960937500000       -1.81632376    
   1.2329101562500000       -1.79003286    
   1.2573242187500000       -1.76423895    
   1.2817382812500000       -1.73892617    
   1.3061523437500000       -1.71407902    
   1.3305664062500000       -1.68968308    
   1.3549804687500000       -1.66572464    
   1.3793945312500000       -1.64219081    
   1.4038085937500000       -1.61906922    
   1.4282226562500000       -1.59634793    
   1.4526367187500000       -1.57401621    
   1.4770507812500000       -1.55206323    
   1.5014648437500000       -1.53047895    
   1.5258789062500000       -1.50925362    
   1.5502929687500000       -1.48837829    
   1.5747070312500000       -1.46784401    
   1.5991210937500000       -1.44764233    
   1.6235351562500000       -1.42776561    
   1.6479492187500000       -1.40820575    
   1.6723632812500000       -1.38895547    
   1.6967773437500000       -1.37000787    
   1.7211914062500000       -1.35135615    
   1.7456054687500000       -1.33299351    
   1.7700195312500000       -1.31491399    
   1.7944335937500000       -1.29711139    
   1.8188476562500000       -1.27957988    
   1.8432617187500000       -1.26231372    
   1.8676757812500000       -1.24530792    
   1.8920898437500000       -1.22855687    
   1.9165039062500000       -1.21205568    
   1.9409179687500000       -1.19579947    
   1.9653320312500000       -1.17978334    
   1.9897460937500000       -1.16400278    
   2.0141601562500000       -1.14845371    
   2.0385742187500000       -1.13313127    
   2.0629882812500000       -1.11803186    
   2.0874023437500000       -1.10315084    
   2.1118164062500000       -1.08848464    
   2.1362304687500000       -1.07402956    
   2.1606445312500000       -1.05978167    
   2.1850585937500000       -1.04573727    
   2.2094726562500000       -1.03189325    
   2.2338867187500000       -1.01824558    
   2.2583007812500000       -1.00479138    
   2.2827148437500000      -0.991527379    
   2.3071289062500000      -0.978450298    
   2.3315429687500000      -0.965557039    
   2.3559570312500000      -0.952844620    
   2.3803710937500000      -0.940310001    
   2.4047851562500000      -0.927950501    
   2.4291992187500000      -0.915763199    
   2.4536132812500000      -0.903745353    
   2.4780273437500000      -0.891894102    
   2.5024414062500000      -0.880207181    
   2.5268554687500000      -0.868681788    
   2.5512695312500000      -0.857315361    
   2.5756835937500000      -0.846105576    
   2.6000976562500000      -0.835050046    
   2.6245117187500000      -0.824146330    
   2.6489257812500000      -0.813392043    
   2.6733398437500000      -0.802785039    
   2.6977539062500000      -0.792322993    
   2.7221679687500000      -0.782003760    
   2.7465820312500000      -0.771825314    
   2.7709960937500000      -0.761785328    
   2.7954101562500000      -0.751881957    
   2.8198242187500000      -0.742113173    
   2.8442382812500000      -0.732476830    
   2.8686523437500000      -0.722971022    
   2.8930664062500000      -0.713594019    
   2.9174804687500000      -0.704343677    
   2.9418945312500000      -0.695218265    
   2.9663085937500000      -0.686216056    
   2.9907226562500000      -0.677335262    
   3.0151367187500000      -0.668573976    
   3.0395507812500000      -0.659930527    
   3.0639648437500000      -0.651403368    
   3.0883789062500000      -0.642990649    
   3.1127929687500000      -0.634690940    
   3.1372070312500000      -0.626502395    
   3.1616210937500000      -0.618423522    
   3.1860351562500000      -0.610452950    
   3.2104492187500000      -0.602588832    
   3.2348632812500000      -0.594829857    
   3.2592773437500000      -0.587174594    
   3.2836914062500000      -0.579621494    
   3.3081054687500000      -0.572169185    
   3.3325195312500000      -0.564816058    
   3.3569335937500000      -0.557560921    
   3.3813476562500000      -0.550402343    
   3.4057617187500000      -0.543339074    
   3.4301757812500000      -0.536369443    
   3.4545898437500000      -0.529492617    
   3.4790039062500000      -0.522707105    
   3.5034179687500000      -0.516011417    
   3.5278320312500000      -0.509404600    
   3.5522460937500000      -0.502885520    
   3.5766601562500000      -0.496452689    
   3.6010742187500000      -0.490104914    
   3.6254882812500000      -0.483841151    
   3.6499023437500000      -0.477660269    
   3.6743164062500000      -0.471561074    
   3.6987304687500000      -0.465542406    
   3.7231445312500000      -0.459603310    
   3.7475585937500000      -0.453742504    
   3.7719726562500000      -0.447958887    
   3.7963867187500000      -0.442251682    
   3.8208007812500000      -0.436619699    
   3.8452148437500000      -0.431061804    
   3.8696289062500000      -0.425577015    
   3.8940429687500000      -0.420164406    
   3.9184570312500000      -0.414823025    
   3.9428710937500000      -0.409551799    
   3.9672851562500000      -0.404349953    
   3.9916992187500000      -0.399216324    
   4.0161132812500000      -0.394150257    
   4.0405273437500000      -0.389150470    
   4.0649414062500000      -0.384216368    
   4.0893554687500000      -0.379346818    
   4.1137695312500000      -0.374541283    
   4.1381835937500000      -0.369798481    
   4.1625976562500000      -0.365117997    
   4.1870117187500000      -0.360498518    
   4.2114257812500000      -0.355939746    
   4.2358398437500000      -0.351440370    
   4.2602539062500000      -0.346999884    
   4.2846679687500000      -0.342617393    
   4.3090820312500000      -0.338292241    
   4.3334960937500000      -0.334023476    
   4.3579101562500000      -0.329810441    
   4.3823242187500000      -0.325652301    
   4.4067382812500000      -0.321548432    
   4.4311523437500000      -0.317498088    
   4.4555664062500000      -0.313500613    
   4.4799804687500000      -0.309555113    
   4.5043945312500000      -0.305660844    
   4.5288085937500000      -0.301817477    
   4.5532226562500000      -0.298023880    
   4.5776367187500000      -0.294279754    
   4.6020507812500000      -0.290584385    
   4.6264648437500000      -0.286936939    
   4.6508789062500000      -0.283336818    
   4.6752929687500000      -0.279783517    
   4.6997070312500000      -0.276276380    
   4.7241210937500000      -0.272814661    
   4.7485351562500000      -0.269397914    
   4.7729492187500000      -0.266025454    
   4.7973632812500000      -0.262696654    
   4.8217773437500000      -0.259410977    
   4.8461914062500000      -0.256167829    
   4.8706054687500000      -0.252966821    
   4.8950195312500000      -0.249807104    
   4.9194335937500000      -0.246688202    
   4.9438476562500000      -0.243609771    
   4.9682617187500000      -0.240571097    
   4.9926757812500000      -0.237571716    
   5.0170898437500000      -0.234611049    
   5.0415039062500000      -0.231688559    
   5.0659179687500000      -0.228803888    
   5.0903320312500000      -0.225956395    
   5.1147460937500000      -0.223145634    
   5.1391601562500000      -0.220371082    
   5.1635742187500000      -0.217632309    
   5.1879882812500000      -0.214928791    
   5.2124023437500000      -0.212260127    
   5.2368164062500000      -0.209625825    
   5.2612304687500000      -0.207025453    
   5.2856445312500000      -0.204458535    
   5.3100585937500000      -0.201924562    
   5.3344726562500000      -0.199423283    
   5.3588867187500000      -0.196954101    
   5.3833007812500000      -0.194516554    
   5.4077148437500000      -0.192110360    
   5.4321289062500000      -0.189735070    
   5.4565429687500000      -0.187390327    
   5.4809570312500000      -0.185075566    
   5.5053710937500000      -0.182790577    
   5.5297851562500000      -0.180534780    
   5.5541992187500000      -0.178307965    
   5.5786132812500000      -0.176109597    
   5.6030273437500000      -0.173939452    
   5.6274414062500000      -0.171797007    
   5.6518554687500000      -0.169682041    
   5.6762695312500000      -0.167594135    
   5.7006835937500000      -0.165532917    
   5.7250976562500000      -0.163497955    
   5.7495117187500000      -0.161489055    
   5.7739257812500000      -0.159505829    
   5.7983398437500000      -0.157547995    
   5.8227539062500000      -0.155615047    
   5.8471679687500000      -0.153706744    
   5.8715820312500000      -0.151822865    
   5.8959960937500000      -0.149962872    
   5.9204101562500000      -0.148126677    
   5.9448242187500000      -0.146313921    
   5.9692382812500000      -0.144524157    
   5.9936523437500000      -0.142757207    
   6.0180664062500000      -0.141012743    
   6.0424804687500000      -0.139290497    
   6.0668945312500000      -0.137590036    
   6.0913085937500000      -0.135911301    
   6.1157226562500000      -0.134253874    
   6.1401367187500000      -0.132617518    
   6.1645507812500000      -0.131001905    
   6.1889648437500000      -0.129406795    
   6.2133789062500000      -0.127831876    
   6.2377929687500000      -0.126277015    
   6.2622070312500000      -0.124741815    
   6.2866210937500000      -0.123226054    
   6.3110351562500000      -0.121729597    
   6.3354492187500000      -0.120251983    
   6.3598632812500000      -0.118793085    
   6.3842773437500000      -0.117352679    
   6.4086914062500000      -0.115930498    
   6.4331054687500000      -0.114526257    
   6.4575195312500000      -0.113139816    
   6.4819335937500000      -0.111770838    
   6.5063476562500000      -0.110419199    
   6.5307617187500000      -0.109084621    
   6.5551757812500000      -0.107766852    
   6.5795898437500000      -0.106465697    
   6.6040039062500000      -0.105180971    
   6.6284179687500000      -0.103912421    
   6.6528320312500000      -0.102659866    
   6.6772460937500000      -0.101423115    
   6.7016601562500000      -0.100201927    
   6.7260742187500000       -9.89960656E-02
   6.7504882812500000       -9.78054255E-02
   6.7749023437500000       -9.66296941E-02
   6.7993164062500000       -9.54687744E-02
   6.8237304687500000       -9.43224430E-02
   6.8481445312500000       -9.31905210E-02
   6.8725585937500000       -9.20727924E-02
   6.8969726562500000       -9.09690931E-02
   6.9213867187500000       -8.98792669E-02
   6.9458007812500000       -8.88030976E-02
   6.9702148437500000       -8.77404362E-02
   6.9946289062500000       -8.66910592E-02
   7.0190429687500000       -8.56548250E-02
   7.0434570312500000       -8.46315846E-02
   7.0678710937500000       -8.36211294E-02
   7.0922851562500000       -8.26233253E-02
   7.1166992187500000       -8.16379637E-02
   7.1411132812500000       -8.06649700E-02
   7.1655273437500000       -7.97041357E-02
   7.1899414062500000       -7.87552819E-02
   7.2143554687500000       -7.78182670E-02
   7.2387695312500000       -7.68929645E-02
   7.2631835937500000       -7.59791806E-02
   7.2875976562500000       -7.50768483E-02
   7.3120117187500000       -7.41857216E-02
   7.3364257812500000       -7.33056813E-02
   7.3608398437500000       -7.24366009E-02
   7.3852539062500000       -7.15783685E-02
   7.4096679687500000       -7.07307905E-02
   7.4340820312500000       -6.98937699E-02
   7.4584960937500000       -6.90671727E-02
   7.4829101562500000       -6.82508349E-02
   7.5073242187500000       -6.74446449E-02
   7.5317382812500000       -6.66484386E-02
   7.5561523437500000       -6.58621565E-02
   7.5805664062500000       -6.50856346E-02
   7.6049804687500000       -6.43187091E-02
   7.6293945312500000       -6.35612905E-02
   7.6538085937500000       -6.28132597E-02
   7.6782226562500000       -6.20745160E-02
   7.7026367187500000       -6.13449067E-02
   7.7270507812500000       -6.06243312E-02
   7.7514648437500000       -5.99126443E-02
   7.7758789062500000       -5.92097901E-02
   7.8002929687500000       -5.85156269E-02
   7.8247070312500000       -5.78300133E-02
   7.8491210937500000       -5.71528971E-02
   7.8735351562500000       -5.64840958E-02
   7.8979492187500000       -5.58236055E-02
   7.9223632812500000       -5.51711991E-02
   7.9467773437500000       -5.45268804E-02
   7.9711914062500000       -5.38905151E-02
   7.9956054687500000       -5.32619245E-02
   8.0200195312500000       -5.26411086E-02
   8.0444335937500000       -5.20279445E-02
   8.0688476562500000       -5.14222980E-02
   8.0932617187500000       -5.08241355E-02
   8.1176757812500000       -5.02332821E-02
   8.1420898437500000       -4.96497080E-02
   8.1665039062500000       -4.90733273E-02
   8.1909179687500000       -4.85039800E-02
   8.2153320312500000       -4.79416288E-02
   8.2397460937500000       -4.73861583E-02
   8.2641601562500000       -4.68375273E-02
   8.2885742187500000       -4.62955907E-02
   8.3129882812500000       -4.57603037E-02
   8.3374023437500000       -4.52315621E-02
   8.3618164062500000       -4.47092913E-02
   8.3862304687500000       -4.41934168E-02
   8.4106445312500000       -4.36838381E-02
   8.4350585937500000       -4.31805141E-02
   8.4594726562500000       -4.26833108E-02
   8.4838867187500000       -4.21921909E-02
   8.5083007812500000       -4.17070538E-02
   8.5327148437500000       -4.12277952E-02
   8.5571289062500000       -4.07544263E-02
   8.5815429687500000       -4.02868129E-02
   8.6059570312500000       -3.98249216E-02
   8.6303710937500000       -3.93686183E-02
   8.6547851562500000       -3.89178507E-02
   8.6791992187500000       -3.84726189E-02
   8.7036132812500000       -3.80327627E-02
   8.7280273437500000       -3.75982560E-02
   8.7524414062500000       -3.71690094E-02
   8.7768554687500000       -3.67449932E-02
   8.8012695312500000       -3.63261253E-02
   8.8256835937500000       -3.59123424E-02
   8.8500976562500000       -3.55035625E-02
   8.8745117187500000       -3.50997224E-02
   8.8989257812500000       -3.47008072E-02
   8.9233398437500000       -3.43066975E-02
   8.9477539062500000       -3.39173414E-02
   8.9721679687500000       -3.35327163E-02
   8.9965820312500000       -3.31527442E-02
   9.0209960937500000       -3.27773392E-02
   9.0454101562500000       -3.24064828E-02
   9.0698242187500000       -3.20400931E-02
   9.0942382812500000       -3.16781290E-02
   9.1186523437500000       -3.13205346E-02
   9.1430664062500000       -3.09672356E-02
   9.1674804687500000       -3.06182168E-02
   9.1918945312500000       -3.02733686E-02
   9.2163085937500000       -2.99326796E-02
   9.2407226562500000       -2.95961015E-02
   9.2651367187500000       -2.92635635E-02
   9.2895507812500000       -2.89350189E-02
   9.3139648437500000       -2.86103990E-02
   9.3383789062500000       -2.82897167E-02
   9.3627929687500000       -2.79728435E-02
   9.3872070312500000       -2.76597962E-02
   9.4116210937500000       -2.73504779E-02
   9.4360351562500000       -2.70448755E-02
   9.4604492187500000       -2.67429221E-02
   9.4848632812500000       -2.64446046E-02
   9.5092773437500000       -2.61498298E-02
   9.5336914062500000       -2.58585885E-02
   9.5581054687500000       -2.55708396E-02
   9.5825195312500000       -2.52864957E-02
   9.6069335937500000       -2.50055715E-02
   9.6313476562500000       -2.47280039E-02
   9.6557617187500000       -2.44537313E-02
   9.6801757812500000       -2.41827182E-02
   9.7045898437500000       -2.39149556E-02
   9.7290039062500000       -2.36503575E-02
   9.7534179687500000       -2.33889166E-02
   9.7778320312500000       -2.31305957E-02
   9.8022460937500000       -2.28753164E-02
   9.8266601562500000       -2.26230919E-02
   9.8510742187500000       -2.23738682E-02
   9.8754882812500000       -2.21275855E-02
   9.8999023437500000       -2.18842160E-02
   9.9243164062500000       -2.16437485E-02
   9.9487304687500000       -2.14061327E-02
   9.9731445312500000       -2.11713109E-02
   9.9975585937500000       -2.09392793E-02
   10.021972656250000       -2.07099859E-02
   10.046386718750000       -2.04834193E-02
   10.070800781250000       -2.02595107E-02
   10.095214843750000       -2.00382527E-02
   10.119628906250000       -1.98196154E-02
   10.144042968750000       -1.96035504E-02
   10.168457031250000       -1.93900298E-02
   10.192871093750000       -1.91790257E-02
   10.217285156250000       -1.89704932E-02
   10.241699218750000       -1.87644437E-02
   10.266113281250000       -1.85607914E-02
   10.290527343750000       -1.83595531E-02
   10.314941406250000       -1.81606580E-02
   10.339355468750000       -1.79641042E-02
   10.363769531250000       -1.77698657E-02
   10.388183593750000       -1.75778996E-02
   10.412597656250000       -1.73881818E-02
   10.437011718750000       -1.72007065E-02
   10.461425781250000       -1.70154106E-02
   10.485839843750000       -1.68322716E-02
   10.510253906250000       -1.66512858E-02
   10.534667968750000       -1.64724141E-02
   10.559082031250000       -1.62956286E-02
   10.583496093750000       -1.61209125E-02
   10.607910156250000       -1.59482416E-02
   10.632324218750000       -1.57775749E-02
   10.656738281250000       -1.56088928E-02
   10.681152343750000       -1.54421926E-02
   10.705566406250000       -1.52774155E-02
   10.729980468750000       -1.51145607E-02
   10.754394531250000       -1.49536077E-02
   10.778808593750000       -1.47945182E-02
   10.803222656250000       -1.46372728E-02
   10.827636718750000       -1.44818518E-02
   10.852050781250000       -1.43282367E-02
   10.876464843750000       -1.41764088E-02
   10.900878906250000       -1.40263317E-02
   10.925292968750000       -1.38780037E-02
   10.949707031250000       -1.37313725E-02
   10.974121093750000       -1.35864541E-02
   10.998535156250000       -1.34431981E-02
   11.022949218750000       -1.33016026E-02
   11.047363281250000       -1.31616509E-02
   11.071777343750000       -1.30233094E-02
   11.096191406250000       -1.28865438E-02
   11.120605468750000       -1.27513716E-02
   11.145019531250000       -1.26177594E-02
   11.169433593750000       -1.24856755E-02
   11.193847656250000       -1.23551190E-02
   11.218261718750000       -1.22260582E-02
   11.242675781250000       -1.20984782E-02
   11.267089843750000       -1.19723631E-02
   11.291503906250000       -1.18476991E-02
   11.315917968750000       -1.17244693E-02
   11.340332031250000       -1.16026439E-02
   11.364746093750000       -1.14822090E-02
   11.389160156250000       -1.13631655E-02
   11.413574218750000       -1.12454677E-02
   11.437988281250000       -1.11291325E-02
   11.462402343750000       -1.10141160E-02
   11.486816406250000       -1.09004052E-02
   11.511230468750000       -1.07880002E-02
   11.535644531250000       -1.06768729E-02
   11.560058593750000       -1.05670262E-02
   11.584472656250000       -1.04584163E-02
   11.608886718750000       -1.03510460E-02
   11.633300781250000       -1.02448873E-02
   11.657714843750000       -1.01399431E-02
   11.682128906250000       -1.00362003E-02
   11.706542968750000       -9.93361883E-03
   11.730957031250000       -9.83221456E-03
   11.755371093750000       -9.73194744E-03
   11.779785156250000       -9.63281933E-03
   11.804199218750000       -9.53481998E-03
   11.828613281250000       -9.43792332E-03
   11.853027343750000       -9.34211817E-03
   11.877441406250000       -9.24740732E-03
   11.901855468750000       -9.15375166E-03
   11.926269531250000       -9.06116795E-03
   11.950683593750000       -8.96961987E-03
   11.975097656250000       -8.87909438E-03
   11.999511718750000       -8.78959708E-03
   12.023925781250000       -8.70111492E-03
   12.048339843750000       -8.61361343E-03
   12.072753906250000       -8.52710847E-03
   12.097167968750000       -8.44156370E-03
   12.121582031250000       -8.35698191E-03
   12.145996093750000       -8.27335380E-03
   12.170410156250000       -8.19065701E-03
   12.194824218750000       -8.10889527E-03
   12.219238281250000       -8.02803412E-03
   12.243652343750000       -7.94808846E-03
   12.268066406250000       -7.86902476E-03
   12.292480468750000       -7.79085932E-03
   12.316894531250000       -7.71355862E-03
   12.341308593750000       -7.63711333E-03
   12.365722656250000       -7.56152766E-03
   12.390136718750000       -7.48679275E-03
   12.414550781250000       -7.41287600E-03
   12.438964843750000       -7.33978162E-03
   12.463378906250000       -7.26750121E-03
   12.487792968750000       -7.19602685E-03
   12.512207031250000       -7.12534972E-03
   12.536621093750000       -7.05545116E-03
   12.561035156250000       -6.98632328E-03
   12.585449218750000       -6.91796932E-03
   12.609863281250000       -6.85035996E-03
   12.634277343750000       -6.78350916E-03
   12.658691406250000       -6.71739876E-03
   12.683105468750000       -6.65201060E-03
   12.707519531250000       -6.58734841E-03
   12.731933593750000       -6.52339403E-03
   12.756347656250000       -6.46015117E-03
   12.780761718750000       -6.39760215E-03
   12.805175781250000       -6.33573998E-03
   12.829589843750000       -6.27455814E-03
   12.854003906250000       -6.21404964E-03
   12.878417968750000       -6.15420798E-03
   12.902832031250000       -6.09501638E-03
   12.927246093750000       -6.03647856E-03
   12.951660156250000       -5.97857777E-03
   12.976074218750000       -5.92131820E-03
   13.000488281250000       -5.86468307E-03
   13.024902343750000       -5.80865657E-03
   13.049316406250000       -5.75325219E-03
   13.073730468750000       -5.69845457E-03
   13.098144531250000       -5.64424740E-03
   13.122558593750000       -5.59063535E-03
   13.146972656250000       -5.53761190E-03
   13.171386718750000       -5.48515189E-03
   13.195800781250000       -5.43326978E-03
   13.220214843750000       -5.38195949E-03
   13.244628906250000       -5.33119636E-03
   13.269042968750000       -5.28098503E-03
   13.293457031250000       -5.23131946E-03
   13.317871093750000       -5.18219452E-03
   13.342285156250000       -5.13359578E-03
   13.366699218750000       -5.08552743E-03
   13.391113281250000       -5.03797550E-03
   13.415527343750000       -4.99094324E-03
   13.439941406250000       -4.94441716E-03
   13.464355468750000       -4.89838328E-03
   13.488769531250000       -4.85285465E-03
   13.513183593750000       -4.80781728E-03
   13.537597656250000       -4.76325816E-03
   13.562011718750000       -4.71918145E-03
   13.586425781250000       -4.67558205E-03
   13.610839843750000       -4.63244645E-03
   13.635253906250000       -4.58977139E-03
   13.659667968750000       -4.54755966E-03
   13.684082031250000       -4.50579077E-03
   13.708496093750000       -4.46447683E-03
   13.732910156250000       -4.42360528E-03
   13.757324218750000       -4.38316353E-03
   13.781738281250000       -4.34316369E-03
   13.806152343750000       -4.30358574E-03
   13.830566406250000       -4.26442549E-03
   13.854980468750000       -4.22568666E-03
   13.879394531250000       -4.18735715E-03
   13.903808593750000       -4.14944161E-03
   13.928222656250000       -4.11192002E-03
   13.952636718750000       -4.07480448E-03
   13.977050781250000       -4.03808290E-03
   14.001464843750000       -4.00174363E-03
   14.025878906250000       -3.96579178E-03
   14.050292968750000       -3.93022271E-03
   14.074707031250000       -3.89503292E-03
   14.099121093750000       -3.86021147E-03
   14.123535156250000       -3.82575486E-03
   14.147949218750000       -3.79166729E-03
   14.172363281250000       -3.75793735E-03
   14.196777343750000       -3.72456200E-03
   14.221191406250000       -3.69153777E-03
   14.245605468750000       -3.65885417E-03
   14.270019531250000       -3.62652238E-03
   14.294433593750000       -3.59453191E-03
   14.318847656250000       -3.56287253E-03
   14.343261718750000       -3.53154819E-03
   14.367675781250000       -3.50054842E-03
   14.392089843750000       -3.46987043E-03
   14.416503906250000       -3.43951816E-03
   14.440917968750000       -3.40948161E-03
   14.465332031250000       -3.37976450E-03
   14.489746093750000       -3.35035054E-03
   14.514160156250000       -3.32124345E-03
   14.538574218750000       -3.29244020E-03
   14.562988281250000       -3.26393847E-03
   14.587402343750000       -3.23573500E-03
   14.611816406250000       -3.20782047E-03
   14.636230468750000       -3.18019884E-03
   14.660644531250000       -3.15286103E-03
   14.685058593750000       -3.12580401E-03
   14.709472656250000       -3.09903198E-03
   14.733886718750000       -3.07253562E-03
   14.758300781250000       -3.04631260E-03
   14.782714843750000       -3.02036013E-03
   14.807128906250000       -2.99467612E-03
   14.831542968750000       -2.96925753E-03
   14.855957031250000       -2.94410251E-03
   14.880371093750000       -2.91920197E-03
   14.904785156250000       -2.89455988E-03
   14.929199218750000       -2.87017389E-03
   14.953613281250000       -2.84603541E-03
   14.978027343750000       -2.82214861E-03
   15.002441406250000       -2.79849861E-03
   15.026855468750000       -2.77509540E-03
   15.051269531250000       -2.75193714E-03
   15.075683593750000       -2.72900914E-03
   15.100097656250000       -2.70631560E-03
   15.124511718750000       -2.68385396E-03
   15.148925781250000       -2.66162260E-03
   15.173339843750000       -2.63961917E-03
   15.197753906250000       -2.61783577E-03
   15.222167968750000       -2.59627635E-03
   15.246582031250000       -2.57493858E-03
   15.270996093750000       -2.55381502E-03
   15.295410156250000       -2.53290916E-03
   15.319824218750000       -2.51221377E-03
   15.344238281250000       -2.49172654E-03
   15.368652343750000       -2.47144583E-03
   15.393066406250000       -2.45136954E-03
   15.417480468750000       -2.43150163E-03
   15.441894531250000       -2.41182931E-03
   15.466308593750000       -2.39235605E-03
   15.490722656250000       -2.37308000E-03
   15.515136718750000       -2.35399953E-03
   15.539550781250000       -2.33510765E-03
   15.563964843750000       -2.31641298E-03
   15.588378906250000       -2.29789829E-03
   15.612792968750000       -2.27957219E-03
   15.637207031250000       -2.26143305E-03
   15.661621093750000       -2.24347389E-03
   15.686035156250000       -2.22569355E-03
   15.710449218750000       -2.20808992E-03
   15.734863281250000       -2.19066185E-03
   15.759277343750000       -2.17341259E-03
   15.783691406250000       -2.15633051E-03
   15.808105468750000       -2.13941908E-03
   15.832519531250000       -2.12268205E-03
   15.856933593750000       -2.10610777E-03
   15.881347656250000       -2.08969461E-03
   15.905761718750000       -2.07345141E-03
   15.930175781250000       -2.05736654E-03
   15.954589843750000       -2.04143859E-03
   15.979003906250000       -2.02567130E-03
   16.003417968750000       -2.01005815E-03
   16.027832031250000       -1.99460285E-03
   16.052246093750000       -1.97929912E-03
   16.076660156250000       -1.96414557E-03
   16.101074218750000       -1.94914080E-03
   16.125488281250000       -1.93428854E-03
   16.149902343750000       -1.91957783E-03
   16.174316406250000       -1.90501695E-03
   16.198730468750000       -1.89059507E-03
   16.223144531250000       -1.87631580E-03
   16.247558593750000       -1.86217786E-03
   16.271972656250000       -1.84817542E-03
   16.296386718750000       -1.83431653E-03
   16.320800781250000       -1.82058616E-03
   16.345214843750000       -1.80699676E-03
   16.369628906250000       -1.79353834E-03
   16.394042968750000       -1.78020960E-03
   16.418457031250000       -1.76700938E-03
   16.442871093750000       -1.75394118E-03
   16.467285156250000       -1.74099929E-03
   16.491699218750000       -1.72818720E-03
   16.516113281250000       -1.71549479E-03
   16.540527343750000       -1.70293008E-03
   16.564941406250000       -1.69048295E-03
   16.589355468750000       -1.67816132E-03
   16.613769531250000       -1.66595553E-03
   16.638183593750000       -1.65386859E-03
   16.662597656250000       -1.64189981E-03
   16.687011718750000       -1.63004803E-03
   16.711425781250000       -1.61830802E-03
   16.735839843750000       -1.60668313E-03
   16.760253906250000       -1.59516814E-03
   16.784667968750000       -1.58376631E-03
   16.809082031250000       -1.57247670E-03
   16.833496093750000       -1.56129419E-03
   16.857910156250000       -1.55021797E-03
   16.882324218750000       -1.53924711E-03
   16.906738281250000       -1.52838475E-03
   16.931152343750000       -1.51762599E-03
   16.955566406250000       -1.50696991E-03
   16.979980468750000       -1.49641582E-03
   17.004394531250000       -1.48596265E-03
   17.028808593750000       -1.47560961E-03
   17.053222656250000       -1.46535598E-03
   17.077636718750000       -1.45520095E-03
   17.102050781250000       -1.44513964E-03
   17.126464843750000       -1.43517915E-03
   17.150878906250000       -1.42531085E-03
   17.175292968750000       -1.41553790E-03
   17.199707031250000       -1.40585564E-03
   17.224121093750000       -1.39626721E-03
   17.248535156250000       -1.38677179E-03
   17.272949218750000       -1.37736474E-03
   17.297363281250000       -1.36804546E-03
   17.321777343750000       -1.35881698E-03
   17.346191406250000       -1.34967477E-03
   17.370605468750000       -1.34061812E-03
   17.395019531250000       -1.33164646E-03
   17.419433593750000       -1.32276258E-03
   17.443847656250000       -1.31396228E-03
   17.468261718750000       -1.30524475E-03
   17.492675781250000       -1.29660941E-03
   17.517089843750000       -1.28805195E-03
   17.541503906250000       -1.27957901E-03
   17.565917968750000       -1.27118616E-03
   17.590332031250000       -1.26286934E-03
   17.614746093750000       -1.25463505E-03
   17.639160156250000       -1.24647538E-03
   17.663574218750000       -1.23839336E-03
   17.687988281250000       -1.23038492E-03
   17.712402343750000       -1.22245296E-03
   17.736816406250000       -1.21459679E-03
   17.761230468750000       -1.20681233E-03
   17.785644531250000       -1.19909912E-03
   17.810058593750000       -1.19146006E-03
   17.834472656250000       -1.18389435E-03
   17.858886718750000       -1.17639813E-03
   17.883300781250000       -1.16897083E-03
   17.907714843750000       -1.16161199E-03
   17.932128906250000       -1.15432427E-03
   17.956542968750000       -1.14710059E-03
   17.980957031250000       -1.13994710E-03
   18.005371093750000       -1.13285985E-03
   18.029785156250000       -1.12583826E-03
   18.054199218750000       -1.11888186E-03
   18.078613281250000       -1.11199031E-03
   18.103027343750000       -1.10516290E-03
   18.127441406250000       -1.09839928E-03
   18.151855468750000       -1.09169562E-03
   18.176269531250000       -1.08505785E-03
   18.200683593750000       -1.07847922E-03
   18.225097656250000       -1.07196230E-03
   18.249511718750000       -1.06550357E-03
   18.273925781250000       -1.05910876E-03
   18.298339843750000       -1.05276809E-03
   18.322753906250000       -1.04649051E-03
   18.347167968750000       -1.04026916E-03
   18.371582031250000       -1.03410368E-03
   18.395996093750000       -1.02799688E-03
   18.420410156250000       -1.02194503E-03
   18.444824218750000       -1.01595093E-03
   18.469238281250000       -1.01000792E-03
   18.493652343750000       -1.00412488E-03
   18.518066406250000       -9.98292118E-04
   18.542480468750000       -9.92515357E-04
   18.566894531250000       -9.86788189E-04
   18.591308593750000       -9.81116085E-04
   18.615722656250000       -9.75495845E-04
   18.640136718750000       -9.69929970E-04
   18.664550781250000       -9.64412116E-04
   18.688964843750000       -9.58944845E-04
   18.713378906250000       -9.53527866E-04
   18.737792968750000       -9.48160712E-04
   18.762207031250000       -9.42843093E-04
   18.786621093750000       -9.37571691E-04
   18.811035156250000       -9.32351977E-04
   18.835449218750000       -9.27177782E-04
   18.859863281250000       -9.22051608E-04
   18.884277343750000       -9.16973222E-04
   18.908691406250000       -9.11942159E-04
   18.933105468750000       -9.06955218E-04
   18.957519531250000       -9.02012165E-04
   18.981933593750000       -8.97115446E-04
   19.006347656250000       -8.92264768E-04
   19.030761718750000       -8.87459726E-04
   19.055175781250000       -8.82694498E-04
   19.079589843750000       -8.77974264E-04
   19.104003906250000       -8.73298733E-04
   19.128417968750000       -8.68664880E-04
   19.152832031250000       -8.64072295E-04
   19.177246093750000       -8.59523483E-04
   19.201660156250000       -8.55015474E-04
   19.226074218750000       -8.50547804E-04
   19.250488281250000       -8.46120296E-04
   19.274902343750000       -8.41732719E-04
   19.299316406250000       -8.37387342E-04
   19.323730468750000       -8.33081314E-04
   19.348144531250000       -8.28814227E-04
   19.372558593750000       -8.24583229E-04
   19.396972656250000       -8.20393383E-04
   19.421386718750000       -8.16241722E-04
   19.445800781250000       -8.12128012E-04
   19.470214843750000       -8.08051904E-04
   19.494628906250000       -8.04010604E-04
   19.519042968750000       -8.00009060E-04
   19.543457031250000       -7.96041742E-04
   19.567871093750000       -7.92111096E-04
   19.592285156250000       -7.88216828E-04
   19.616699218750000       -7.84358650E-04
   19.641113281250000       -7.80533825E-04
   19.665527343750000       -7.76744622E-04
   19.689941406250000       -7.72990810E-04
   19.714355468750000       -7.69272156E-04
   19.738769531250000       -7.65585864E-04
   19.763183593750000       -7.61931762E-04
   19.787597656250000       -7.58312060E-04
   19.812011718750000       -7.54726643E-04
   19.836425781250000       -7.51172716E-04
   19.860839843750000       -7.47649989E-04
   19.885253906250000       -7.44163408E-04
   19.909667968750000       -7.40705116E-04
   19.934082031250000       -7.37280003E-04
   19.958496093750000       -7.33885274E-04
   19.982910156250000       -7.30520813E-04
   20.007324218750000       -7.27188832E-04
   20.031738281250000       -7.23886653E-04
   20.056152343750000       -7.20616546E-04
   20.080566406250000       -7.17373390E-04
   20.104980468750000       -7.14161957E-04
   20.129394531250000       -7.10979511E-04
   20.153808593750000       -7.07825937E-04
   20.178222656250000       -7.04701059E-04
   20.202636718750000       -7.01604586E-04
   20.227050781250000       -6.98538846E-04
   20.251464843750000       -6.95498777E-04
   20.275878906250000       -6.92486705E-04
   20.300292968750000       -6.89504726E-04
   20.324707031250000       -6.86547894E-04
   20.349121093750000       -6.83620863E-04
   20.373535156250000       -6.80718687E-04
   20.397949218750000       -6.77843578E-04
   20.422363281250000       -6.74995303E-04
   20.446777343750000       -6.72173745E-04
   20.471191406250000       -6.69378787E-04
   20.495605468750000       -6.66607812E-04
   20.520019531250000       -6.63863088E-04
   20.544433593750000       -6.61144441E-04
   20.568847656250000       -6.58451696E-04
   20.593261718750000       -6.55784679E-04
   20.617675781250000       -6.53140887E-04
   20.642089843750000       -6.50522590E-04
   20.666503906250000       -6.47927285E-04
   20.690917968750000       -6.45357126E-04
   20.715332031250000       -6.42811880E-04
   20.739746093750000       -6.40289218E-04
   20.764160156250000       -6.37791294E-04
   20.788574218750000       -6.35317876E-04
   20.812988281250000       -6.32866577E-04
   20.837402343750000       -6.30437280E-04
   20.861816406250000       -6.28032140E-04
   20.886230468750000       -6.25648710E-04
   20.910644531250000       -6.23289146E-04
   20.935058593750000       -6.20951003E-04
   20.959472656250000       -6.18636492E-04
   20.983886718750000       -6.16343168E-04
   21.008300781250000       -6.14070974E-04
   21.032714843750000       -6.11819734E-04
   21.057128906250000       -6.09591545E-04
   21.081542968750000       -6.07386231E-04
   21.105957031250000       -6.05199428E-04
   21.130371093750000       -6.03035209E-04
   21.154785156250000       -6.00891421E-04
   21.179199218750000       -5.98767831E-04
   21.203613281250000       -5.96664380E-04
   21.228027343750000       -5.94583165E-04
   21.252441406250000       -5.92519646E-04
   21.276855468750000       -5.90478128E-04
   21.301269531250000       -5.88456285E-04
   21.325683593750000       -5.86454000E-04
   21.350097656250000       -5.84471214E-04
   21.374511718750000       -5.82507753E-04
   21.398925781250000       -5.80565713E-04
   21.423339843750000       -5.78640669E-04
   21.447753906250000       -5.76734659E-04
   21.472167968750000       -5.74847625E-04
   21.496582031250000       -5.72981546E-04
   21.520996093750000       -5.71132114E-04
   21.545410156250000       -5.69301308E-04
   21.569824218750000       -5.67489071E-04
   21.594238281250000       -5.65695285E-04
   21.618652343750000       -5.63919893E-04
   21.643066406250000       -5.62160625E-04
   21.667480468750000       -5.60421613E-04
   21.691894531250000       -5.58698608E-04
   21.716308593750000       -5.56993589E-04
   21.740722656250000       -5.55306440E-04
   21.765136718750000       -5.53637161E-04
   21.789550781250000       -5.51985577E-04
   21.813964843750000       -5.50349534E-04
   21.838378906250000       -5.48731070E-04
   21.862792968750000       -5.47130010E-04
   21.887207031250000       -5.45546354E-04
   21.911621093750000       -5.43977949E-04
   21.936035156250000       -5.42426773E-04
   21.960449218750000       -5.40890673E-04
   21.984863281250000       -5.39373665E-04
   22.009277343750000       -5.37869520E-04
   22.033691406250000       -5.36384352E-04
   22.058105468750000       -5.34913968E-04
   22.082519531250000       -5.33460290E-04
   22.106933593750000       -5.32021280E-04
   22.131347656250000       -5.30598802E-04
   22.155761718750000       -5.29190875E-04
   22.180175781250000       -5.27799421E-04
   22.204589843750000       -5.26424265E-04
   22.229003906250000       -5.25063428E-04
   22.253417968750000       -5.23716852E-04
   22.277832031250000       -5.22386399E-04
   22.302246093750000       -5.21072012E-04
   22.326660156250000       -5.19771711E-04
   22.351074218750000       -5.18485322E-04
   22.375488281250000       -5.17214881E-04
   22.399902343750000       -5.15958236E-04
   22.424316406250000       -5.14715386E-04
   22.448730468750000       -5.13488252E-04
   22.473144531250000       -5.12276718E-04
   22.497558593750000       -5.11078804E-04
   22.521972656250000       -5.09894395E-04
   22.546386718750000       -5.08723489E-04
   22.570800781250000       -5.07568009E-04
   22.595214843750000       -5.06425858E-04
   22.619628906250000       -5.05298958E-04
   22.644042968750000       -5.04183467E-04
   22.668457031250000       -5.03084972E-04
   22.692871093750000       -5.01997711E-04
   22.717285156250000       -5.00925526E-04
   22.741699218750000       -4.99864458E-04
   22.766113281250000       -4.98820213E-04
   22.790527343750000       -4.97787027E-04
   22.814941406250000       -4.96766763E-04
   22.839355468750000       -4.95761225E-04
   22.863769531250000       -4.94768494E-04
   22.888183593750000       -4.93788510E-04
   22.912597656250000       -4.92823194E-04
   22.937011718750000       -4.91868588E-04
   22.961425781250000       -4.90928534E-04
   22.985839843750000       -4.90001054E-04
   23.010253906250000       -4.89086087E-04
   23.034667968750000       -4.88183578E-04
   23.059082031250000       -4.87295416E-04
   23.083496093750000       -4.86417790E-04
   23.107910156250000       -4.85554367E-04
   23.132324218750000       -4.84701392E-04
   23.156738281250000       -4.83862590E-04
   23.181152343750000       -4.83036012E-04
   23.205566406250000       -4.82221629E-04
   23.229980468750000       -4.81419382E-04
   23.254394531250000       -4.80629271E-04
   23.278808593750000       -4.79851238E-04
   23.303222656250000       -4.79085254E-04
   23.327636718750000       -4.78331291E-04
   23.352050781250000       -4.77589259E-04
   23.376464843750000       -4.76861052E-04
   23.400878906250000       -4.76142886E-04
   23.425292968750000       -4.75436595E-04
   23.449707031250000       -4.74742119E-04
   23.474121093750000       -4.74061293E-04
   23.498535156250000       -4.73390392E-04
   23.522949218750000       -4.72731248E-04
   23.547363281250000       -4.72083775E-04
   23.571777343750000       -4.71448002E-04
   23.596191406250000       -4.70823870E-04
   23.620605468750000       -4.70211351E-04
   23.645019531250000       -4.69610415E-04
   23.669433593750000       -4.69021033E-04
   23.693847656250000       -4.68443177E-04
   23.718261718750000       -4.67876846E-04
   23.742675781250000       -4.67320147E-04
   23.767089843750000       -4.66776721E-04
   23.791503906250000       -4.66242898E-04
   23.815917968750000       -4.65722318E-04
   23.840332031250000       -4.65211255E-04
   23.864746093750000       -4.64711571E-04
   23.889160156250000       -4.64223209E-04
   23.913574218750000       -4.63746139E-04
   23.937988281250000       -4.63280361E-04
   23.962402343750000       -4.62825847E-04
   23.986816406250000       -4.62380733E-04
   24.011230468750000       -4.61948686E-04
   24.035644531250000       -4.61525982E-04
   24.060058593750000       -4.61114483E-04
   24.084472656250000       -4.60714131E-04
   24.108886718750000       -4.60324954E-04
   24.133300781250000       -4.59946867E-04
   24.157714843750000       -4.59578063E-04
   24.182128906250000       -4.59220348E-04
   24.206542968750000       -4.58873721E-04
   24.230957031250000       -4.58538154E-04
   24.255371093750000       -4.58213617E-04
   24.279785156250000       -4.57900111E-04
   24.304199218750000       -4.57595772E-04
   24.328613281250000       -4.57302463E-04
   24.353027343750000       -4.57020127E-04
   24.377441406250000       -4.56748763E-04
   24.401855468750000       -4.56488342E-04
   24.426269531250000       -4.56237060E-04
   24.450683593750000       -4.55996720E-04
   24.475097656250000       -4.55767295E-04
   24.499511718750000       -4.55548783E-04
   24.523925781250000       -4.55341156E-04
   24.548339843750000       -4.55142639E-04
   24.572753906250000       -4.54955007E-04
   24.597167968750000       -4.54778230E-04
   24.621582031250000       -4.54612309E-04
   24.645996093750000       -4.54455469E-04
   24.670410156250000       -4.54311259E-04
   24.694824218750000       -4.54176101E-04
   24.719238281250000       -4.54051769E-04
   24.743652343750000       -4.53936489E-04
   24.768066406250000       -4.53833811E-04
   24.792480468750000       -4.53740155E-04
   24.816894531250000       -4.53657325E-04
   24.841308593750000       -4.53583518E-04
   24.865722656250000       -4.53522312E-04
   24.890136718750000       -4.53470100E-04
   24.914550781250000       -4.53428685E-04
   24.938964843750000       -4.53396293E-04
   24.963378906250000       -4.53376502E-04
   24.987792968750000       -4.53365705E-04
   25.012207031250000       -4.53365705E-04
   25.036621093750000       -4.53376502E-04
   25.061035156250000       -4.53396293E-04
   25.085449218750000       -4.53428685E-04
   25.109863281250000       -4.53470100E-04
   25.134277343750000       -4.53522312E-04
   25.158691406250000       -4.53583518E-04
   25.183105468750000       -4.53657325E-04
   25.207519531250000       -4.53740155E-04
   25.231933593750000       -4.53833811E-04
   25.256347656250000       -4.53936489E-04
   25.280761718750000       -4.54051769E-04
   25.305175781250000       -4.54176101E-04
   25.329589843750000       -4.54311259E-04
   25.354003906250000       -4.54455469E-04
   25.378417968750000       -4.54612309E-04
   25.402832031250000       -4.54778230E-04
   25.427246093750000       -4.54955007E-04
   25.451660156250000       -4.55142639E-04
   25.476074218750000       -4.55341156E-04
   25.500488281250000       -4.55548783E-04
   25.524902343750000       -4.55767295E-04
   25.549316406250000       -4.55996720E-04
   25.573730468750000       -4.56237060E-04
   25.598144531250000       -4.56488342E-04
   25.622558593750000       -4.56748763E-04
   25.646972656250000       -4.57020127E-04
   25.671386718750000       -4.57302463E-04
   25.695800781250000       -4.57595772E-04
   25.720214843750000       -4.57900111E-04
   25.744628906250000       -4.58213617E-04
   25.769042968750000       -4.58538154E-04
   25.793457031250000       -4.58873721E-04
   25.817871093750000       -4.59220348E-04
   25.842285156250000       -4.59578063E-04
   25.866699218750000       -4.59946867E-04
   25.891113281250000       -4.60324954E-04
   25.915527343750000       -4.60714131E-04
   25.939941406250000       -4.61114483E-04
   25.964355468750000       -4.61525982E-04
   25.988769531250000       -4.61948686E-04
   26.013183593750000       -4.62380733E-04
   26.037597656250000       -4.62825847E-04
   26.062011718750000       -4.63280361E-04
   26.086425781250000       -4.63746139E-04
   26.110839843750000       -4.64223209E-04
   26.135253906250000       -4.64711571E-04
   26.159667968750000       -4.65211255E-04
   26.184082031250000       -4.65722318E-04
   26.208496093750000       -4.66242898E-04
   26.232910156250000       -4.66776721E-04
   26.257324218750000       -4.67320147E-04
   26.281738281250000       -4.67876846E-04
   26.306152343750000       -4.68443177E-04
   26.330566406250000       -4.69021033E-04
   26.354980468750000       -4.69610415E-04
   26.379394531250000       -4.70211351E-04
   26.403808593750000       -4.70823870E-04
   26.428222656250000       -4.71448002E-04
   26.452636718750000       -4.72083775E-04
   26.477050781250000       -4.72731248E-04
   26.501464843750000       -4.73390392E-04
   26.525878906250000       -4.74061293E-04
   26.550292968750000       -4.74742119E-04
   26.574707031250000       -4.75436595E-04
   26.599121093750000       -4.76142886E-04
   26.623535156250000       -4.76861052E-04
   26.647949218750000       -4.77589259E-04
   26.672363281250000       -4.78331291E-04
   26.696777343750000       -4.79085254E-04
   26.721191406250000       -4.79851238E-04
   26.745605468750000       -4.80629271E-04
   26.770019531250000       -4.81419382E-04
   26.794433593750000       -4.82221629E-04
   26.818847656250000       -4.83036012E-04
   26.843261718750000       -4.83862590E-04
   26.867675781250000       -4.84701392E-04
   26.892089843750000       -4.85554367E-04
   26.916503906250000       -4.86417790E-04
   26.940917968750000       -4.87295416E-04
   26.965332031250000       -4.88183578E-04
   26.989746093750000       -4.89086087E-04
   27.014160156250000       -4.90001054E-04
   27.038574218750000       -4.90928534E-04
   27.062988281250000       -4.91868588E-04
   27.087402343750000       -4.92823194E-04
   27.111816406250000       -4.93788510E-04
   27.136230468750000       -4.94768494E-04
   27.160644531250000       -4.95761225E-04
   27.185058593750000       -4.96766763E-04
   27.209472656250000       -4.97787027E-04
   27.233886718750000       -4.98820213E-04
   27.258300781250000       -4.99864458E-04
   27.282714843750000       -5.00925526E-04
   27.307128906250000       -5.01997711E-04
   27.331542968750000       -5.03084972E-04
   27.355957031250000       -5.04183467E-04
   27.380371093750000       -5.05298958E-04
   27.404785156250000       -5.06425858E-04
   27.429199218750000       -5.07568009E-04
   27.453613281250000       -5.08723489E-04
   27.478027343750000       -5.09894395E-04
   27.502441406250000       -5.11078804E-04
   27.526855468750000       -5.12276718E-04
   27.551269531250000       -5.13488252E-04
   27.575683593750000       -5.14715386E-04
   27.600097656250000       -5.15958236E-04
   27.624511718750000       -5.17214881E-04
   27.648925781250000       -5.18485322E-04
   27.673339843750000       -5.19771711E-04
   27.697753906250000       -5.21072012E-04
   27.722167968750000       -5.22386399E-04
   27.746582031250000       -5.23716852E-04
   27.770996093750000       -5.25063428E-04
   27.795410156250000       -5.26424265E-04
   27.819824218750000       -5.27799421E-04
   27.844238281250000       -5.29190875E-04
   27.868652343750000       -5.30598802E-04
   27.893066406250000       -5.32021280E-04
   27.917480468750000       -5.33460290E-04
   27.941894531250000       -5.34913968E-04
   27.966308593750000       -5.36384352E-04
   27.990722656250000       -5.37869520E-04
   28.015136718750000       -5.39373665E-04
   28.039550781250000       -5.40890673E-04
   28.063964843750000       -5.42426773E-04
   28.088378906250000       -5.43977949E-04
   28.112792968750000       -5.45546354E-04
   28.137207031250000       -5.47130010E-04
   28.161621093750000       -5.48731070E-04
   28.186035156250000       -5.50349534E-04
   28.210449218750000       -5.51985577E-04
   28.234863281250000       -5.53637161E-04
   28.259277343750000       -5.55306440E-04
   28.283691406250000       -5.56993589E-04
   28.308105468750000       -5.58698608E-04
   28.332519531250000       -5.60421613E-04
   28.356933593750000       -5.62160625E-04
   28.381347656250000       -5.63919893E-04
   28.405761718750000       -5.65695285E-04
   28.430175781250000       -5.67489071E-04
   28.454589843750000       -5.69301308E-04
   28.479003906250000       -5.71132114E-04
   28.503417968750000       -5.72981546E-04
   28.527832031250000       -5.74847625E-04
   28.552246093750000       -5.76734659E-04
   28.576660156250000       -5.78640669E-04
   28.601074218750000       -5.80565713E-04
   28.625488281250000       -5.82507753E-04
   28.649902343750000       -5.84471214E-04
   28.674316406250000       -5.86454000E-04
   28.698730468750000       -5.88456285E-04
   28.723144531250000       -5.90478128E-04
   28.747558593750000       -5.92519646E-04
   28.771972656250000       -5.94583165E-04
   28.796386718750000       -5.96664380E-04
   28.820800781250000       -5.98767831E-04
   28.845214843750000       -6.00891421E-04
   28.869628906250000       -6.03035209E-04
   28.894042968750000       -6.05199428E-04
   28.918457031250000       -6.07386231E-04
   28.942871093750000       -6.09591545E-04
   28.967285156250000       -6.11819734E-04
   28.991699218750000       -6.14070974E-04
   29.016113281250000       -6.16343168E-04
   29.040527343750000       -6.18636492E-04
   29.064941406250000       -6.20951003E-04
   29.089355468750000       -6.23289146E-04
   29.113769531250000       -6.25648710E-04
   29.138183593750000       -6.28032140E-04
   29.162597656250000       -6.30437280E-04
   29.187011718750000       -6.32866577E-04
   29.211425781250000       -6.35317876E-04
   29.235839843750000       -6.37791294E-04
   29.260253906250000       -6.40289218E-04
   29.284667968750000       -6.42811880E-04
   29.309082031250000       -6.45357126E-04
   29.333496093750000       -6.47927285E-04
   29.357910156250000       -6.50522590E-04
   29.382324218750000       -6.53140887E-04
   29.406738281250000       -6.55784679E-04
   29.431152343750000       -6.58451696E-04
   29.455566406250000       -6.61144441E-04
   29.479980468750000       -6.63863088E-04
   29.504394531250000       -6.66607812E-04
   29.528808593750000       -6.69378787E-04
   29.553222656250000       -6.72173745E-04
   29.577636718750000       -6.74995303E-04
   29.602050781250000       -6.77843578E-04
   29.626464843750000       -6.80718687E-04
   29.650878906250000       -6.83620863E-04
   29.675292968750000       -6.86547894E-04
   29.699707031250000       -6.89504726E-04
   29.724121093750000       -6.92486705E-04
   29.748535156250000       -6.95498777E-04
   29.772949218750000       -6.98538846E-04
   29.797363281250000       -7.01604586E-04
   29.821777343750000       -7.04701059E-04
   29.846191406250000       -7.07825937E-04
   29.870605468750000       -7.10979511E-04
   29.895019531250000       -7.14161957E-04
   29.919433593750000       -7.17373390E-04
   29.943847656250000       -7.20616546E-04
   29.968261718750000       -7.23886653E-04
   29.992675781250000       -7.27188832E-04
   30.017089843750000       -7.30520813E-04
   30.041503906250000       -7.33885274E-04
   30.065917968750000       -7.37280003E-04
   30.090332031250000       -7.40705116E-04
   30.114746093750000       -7.44163408E-04
   30.139160156250000       -7.47649989E-04
   30.163574218750000       -7.51172716E-04
   30.187988281250000       -7.54726643E-04
   30.212402343750000       -7.58312060E-04
   30.236816406250000       -7.61931762E-04
   30.261230468750000       -7.65585864E-04
   30.285644531250000       -7.69272156E-04
   30.310058593750000       -7.72990810E-04
   30.334472656250000       -7.76744622E-04
   30.358886718750000       -7.80533825E-04
   30.383300781250000       -7.84358650E-04
   30.407714843750000       -7.88216828E-04
   30.432128906250000       -7.92111096E-04
   30.456542968750000       -7.96041742E-04
   30.480957031250000       -8.00009060E-04
   30.505371093750000       -8.04010604E-04
   30.529785156250000       -8.08051904E-04
   30.554199218750000       -8.12128012E-04
   30.578613281250000       -8.16241722E-04
   30.603027343750000       -8.20393383E-04
   30.627441406250000       -8.24583229E-04
   30.651855468750000       -8.28814227E-04
   30.676269531250000       -8.33081314E-04
   30.700683593750000       -8.37387342E-04
   30.725097656250000       -8.41732719E-04
   30.749511718750000       -8.46120296E-04
   30.773925781250000       -8.50547804E-04
   30.798339843750000       -8.55015474E-04
   30.822753906250000       -8.59523483E-04
   30.847167968750000       -8.64072295E-04
   30.871582031250000       -8.68664880E-04
   30.895996093750000       -8.73298733E-04
   30.920410156250000       -8.77974264E-04
   30.944824218750000       -8.82694498E-04
   30.969238281250000       -8.87459726E-04
   30.993652343750000       -8.92264768E-04
   31.018066406250000       -8.97115446E-04
   31.042480468750000       -9.02012165E-04
   31.066894531250000       -9.06955218E-04
   31.091308593750000       -9.11942159E-04
   31.115722656250000       -9.16973222E-04
   31.140136718750000       -9.22051608E-04
   31.164550781250000       -9.27177782E-04
   31.188964843750000       -9.32351977E-04
   31.213378906250000       -9.37571691E-04
   31.237792968750000       -9.42843093E-04
   31.262207031250000       -9.48160712E-04
   31.286621093750000       -9.53527866E-04
   31.311035156250000       -9.58944845E-04
   31.335449218750000       -9.64412116E-04
   31.359863281250000       -9.69929970E-04
   31.384277343750000       -9.75495845E-04
   31.408691406250000       -9.81116085E-04
   31.433105468750000       -9.86788189E-04
   31.457519531250000       -9.92515357E-04
   31.481933593750000       -9.98292118E-04
   31.506347656250000       -1.00412488E-03
   31.530761718750000       -1.01000792E-03
   31.555175781250000       -1.01595093E-03
   31.579589843750000       -1.02194503E-03
   31.604003906250000       -1.02799688E-03
   31.628417968750000       -1.03410368E-03
   31.652832031250000       -1.04026916E-03
   31.677246093750000       -1.04649051E-03
   31.701660156250000       -1.05276809E-03
   31.726074218750000       -1.05910876E-03
   31.750488281250000       -1.06550357E-03
   31.774902343750000       -1.07196230E-03
   31.799316406250000       -1.07847922E-03
   31.823730468750000       -1.08505785E-03
   31.848144531250000       -1.09169562E-03
   31.872558593750000       -1.09839928E-03
   31.896972656250000       -1.10516290E-03
   31.921386718750000       -1.11199031E-03
   31.945800781250000       -1.11888186E-03
   31.970214843750000       -1.12583826E-03
   31.994628906250000       -1.13285985E-03
   32.019042968750000       -1.13994710E-03
   32.043457031250000       -1.14710059E-03
   32.067871093750000       -1.15432427E-03
   32.092285156250000       -1.16161199E-03
   32.116699218750000       -1.16897083E-03
   32.141113281250000       -1.17639813E-03
   32.165527343750000       -1.18389435E-03
   32.189941406250000       -1.19146006E-03
   32.214355468750000       -1.19909912E-03
   32.238769531250000       -1.20681233E-03
   32.263183593750000       -1.21459679E-03
   32.287597656250000       -1.22245296E-03
   32.312011718750000       -1.23038492E-03
   32.336425781250000       -1.23839336E-03
   32.360839843750000       -1.24647538E-03
   32.385253906250000       -1.25463505E-03
   32.409667968750000       -1.26286934E-03
   32.434082031250000       -1.27118616E-03
   32.458496093750000       -1.27957901E-03
   32.482910156250000       -1.28805195E-03
   32.507324218750000       -1.29660941E-03
   32.531738281250000       -1.30524475E-03
   32.556152343750000       -1.31396228E-03
   32.580566406250000       -1.32276258E-03
   32.604980468750000       -1.33164646E-03
   32.629394531250000       -1.34061812E-03
   32.653808593750000       -1.34967477E-03
   32.678222656250000       -1.35881698E-03
   32.702636718750000       -1.36804546E-03
   32.727050781250000       -1.37736474E-03
   32.751464843750000       -1.38677179E-03
   32.775878906250000       -1.39626721E-03
   32.800292968750000       -1.40585564E-03
   32.824707031250000       -1.41553790E-03
   32.849121093750000       -1.42531085E-03
   32.873535156250000       -1.43517915E-03
   32.897949218750000       -1.44513964E-03
   32.922363281250000       -1.45520095E-03
   32.946777343750000       -1.46535598E-03
   32.971191406250000       -1.47560961E-03
   32.995605468750000       -1.48596265E-03
   33.020019531250000       -1.49641582E-03
   33.044433593750000       -1.50696991E-03
   33.068847656250000       -1.51762599E-03
   33.093261718750000       -1.52838475E-03
   33.117675781250000       -1.53924711E-03
   33.142089843750000       -1.55021797E-03
   33.166503906250000       -1.56129419E-03
   33.190917968750000       -1.57247670E-03
   33.215332031250000       -1.58376631E-03
   33.239746093750000       -1.59516814E-03
   33.264160156250000       -1.60668313E-03
   33.288574218750000       -1.61830802E-03
   33.312988281250000       -1.63004803E-03
   33.337402343750000       -1.64189981E-03
   33.361816406250000       -1.65386859E-03
   33.386230468750000       -1.66595553E-03
   33.410644531250000       -1.67816132E-03
   33.435058593750000       -1.69048295E-03
   33.459472656250000       -1.70293008E-03
   33.483886718750000       -1.71549479E-03
   33.508300781250000       -1.72818720E-03
   33.532714843750000       -1.74099929E-03
   33.557128906250000       -1.75394118E-03
   33.581542968750000       -1.76700938E-03
   33.605957031250000       -1.78020960E-03
   33.630371093750000       -1.79353834E-03
   33.654785156250000       -1.80699676E-03
   33.679199218750000       -1.82058616E-03
   33.703613281250000       -1.83431653E-03
   33.728027343750000       -1.84817542E-03
   33.752441406250000       -1.86217786E-03
   33.776855468750000       -1.87631580E-03
   33.801269531250000       -1.89059507E-03
   33.825683593750000       -1.90501695E-03
   33.850097656250000       -1.91957783E-03
   33.874511718750000       -1.93428854E-03
   33.898925781250000       -1.94914080E-03
   33.923339843750000       -1.96414557E-03
   33.947753906250000       -1.97929912E-03
   33.972167968750000       -1.99460285E-03
   33.996582031250000       -2.01005815E-03
   34.020996093750000       -2.02567130E-03
   34.045410156250000       -2.04143859E-03
   34.069824218750000       -2.05736654E-03
   34.094238281250000       -2.07345141E-03
   34.118652343750000       -2.08969461E-03
   34.143066406250000       -2.10610777E-03
   34.167480468750000       -2.12268205E-03
   34.191894531250000       -2.13941908E-03
   34.216308593750000       -2.15633051E-03
   34.240722656250000       -2.17341259E-03
   34.265136718750000       -2.19066185E-03
   34.289550781250000       -2.20808992E-03
   34.313964843750000       -2.22569355E-03
   34.338378906250000       -2.24347389E-03
   34.362792968750000       -2.26143305E-03
   34.387207031250000       -2.27957219E-03
   34.411621093750000       -2.29789829E-03
   34.436035156250000       -2.31641298E-03
   34.460449218750000       -2.33510765E-03
   34.484863281250000       -2.35399953E-03
   34.509277343750000       -2.37308000E-03
   34.533691406250000       -2.39235605E-03
   34.558105468750000       -2.41182931E-03
   34.582519531250000       -2.43150163E-03
   34.606933593750000       -2.45136954E-03
   34.631347656250000       -2.47144583E-03
   34.655761718750000       -2.49172654E-03
   34.680175781250000       -2.51221377E-03
   34.704589843750000       -2.53290916E-03
   34.729003906250000       -2.55381502E-03
   34.753417968750000       -2.57493858E-03
   34.777832031250000       -2.59627635E-03
   34.802246093750000       -2.61783577E-03
   34.826660156250000       -2.63961917E-03
   34.851074218750000       -2.66162260E-03
   34.875488281250000       -2.68385396E-03
   34.899902343750000       -2.70631560E-03
   34.924316406250000       -2.72900914E-03
   34.948730468750000       -2.75193714E-03
   34.973144531250000       -2.77509540E-03
   34.997558593750000       -2.79849861E-03
   35.021972656250000       -2.82214861E-03
   35.046386718750000       -2.84603541E-03
   35.070800781250000       -2.87017389E-03
   35.095214843750000       -2.89455988E-03
   35.119628906250000       -2.91920197E-03
   35.144042968750000       -2.94410251E-03
   35.168457031250000       -2.96925753E-03
   35.192871093750000       -2.99467612E-03
   35.217285156250000       -3.02036013E-03
   35.241699218750000       -3.04631260E-03
   35.266113281250000       -3.07253562E-03
   35.290527343750000       -3.09903198E-03
   35.314941406250000       -3.12580401E-03
   35.339355468750000       -3.15286103E-03
   35.363769531250000       -3.18019884E-03
   35.388183593750000       -3.20782047E-03
   35.412597656250000       -3.23573500E-03
   35.437011718750000       -3.26393847E-03
   35.461425781250000       -3.29244020E-03
   35.485839843750000       -3.32124345E-03
   35.510253906250000       -3.35035054E-03
   35.534667968750000       -3.37976450E-03
   35.559082031250000       -3.40948161E-03
   35.583496093750000       -3.43951816E-03
   35.607910156250000       -3.46987043E-03
   35.632324218750000       -3.50054842E-03
   35.656738281250000       -3.53154819E-03
   35.681152343750000       -3.56287253E-03
   35.705566406250000       -3.59453191E-03
   35.729980468750000       -3.62652238E-03
   35.754394531250000       -3.65885417E-03
   35.778808593750000       -3.69153777E-03
   35.803222656250000       -3.72456200E-03
   35.827636718750000       -3.75793735E-03
   35.852050781250000       -3.79166729E-03
   35.876464843750000       -3.82575486E-03
   35.900878906250000       -3.86021147E-03
   35.925292968750000       -3.89503292E-03
   35.949707031250000       -3.93022271E-03
   35.974121093750000       -3.96579178E-03
   35.998535156250000       -4.00174363E-03
   36.022949218750000       -4.03808290E-03
   36.047363281250000       -4.07480448E-03
   36.071777343750000       -4.11192002E-03
   36.096191406250000       -4.14944161E-03
   36.120605468750000       -4.18735715E-03
   36.145019531250000       -4.22568666E-03
   36.169433593750000       -4.26442549E-03
   36.193847656250000       -4.30358574E-03
   36.218261718750000       -4.34316369E-03
   36.242675781250000       -4.38316353E-03
   36.267089843750000       -4.42360528E-03
   36.291503906250000       -4.46447683E-03
   36.315917968750000       -4.50579077E-03
   36.340332031250000       -4.54755966E-03
   36.364746093750000       -4.58977139E-03
   36.389160156250000       -4.63244645E-03
   36.413574218750000       -4.67558205E-03
   36.437988281250000       -4.71918145E-03
   36.462402343750000       -4.76325816E-03
   36.486816406250000       -4.80781728E-03
   36.511230468750000       -4.85285465E-03
   36.535644531250000       -4.89838328E-03
   36.560058593750000       -4.94441716E-03
   36.584472656250000       -4.99094324E-03
   36.608886718750000       -5.03797550E-03
   36.633300781250000       -5.08552743E-03
   36.657714843750000       -5.13359578E-03
   36.682128906250000       -5.18219452E-03
   36.706542968750000       -5.23131946E-03
   36.730957031250000       -5.28098503E-03
   36.755371093750000       -5.33119636E-03
   36.779785156250000       -5.38195949E-03
   36.804199218750000       -5.43326978E-03
   36.828613281250000       -5.48515189E-03
   36.853027343750000       -5.53761190E-03
   36.877441406250000       -5.59063535E-03
   36.901855468750000       -5.64424740E-03
   36.926269531250000       -5.69845457E-03
   36.950683593750000       -5.75325219E-03
   36.975097656250000       -5.80865657E-03
   36.999511718750000       -5.86468307E-03
   37.023925781250000       -5.92131820E-03
   37.048339843750000       -5.97857777E-03
   37.072753906250000       -6.03647856E-03
   37.097167968750000       -6.09501638E-03
   37.121582031250000       -6.15420798E-03
   37.145996093750000       -6.21404964E-03
   37.170410156250000       -6.27455814E-03
   37.194824218750000       -6.33573998E-03
   37.219238281250000       -6.39760215E-03
   37.243652343750000       -6.46015117E-03
   37.268066406250000       -6.52339403E-03
   37.292480468750000       -6.58734841E-03
   37.316894531250000       -6.65201060E-03
   37.341308593750000       -6.71739876E-03
   37.365722656250000       -6.78350916E-03
   37.390136718750000       -6.85035996E-03
   37.414550781250000       -6.91796932E-03
   37.438964843750000       -6.98632328E-03
   37.463378906250000       -7.05545116E-03
   37.487792968750000       -7.12534972E-03
   37.512207031250000       -7.19602685E-03
   37.536621093750000       -7.26750121E-03
   37.561035156250000       -7.33978162E-03
   37.585449218750000       -7.41287600E-03
   37.609863281250000       -7.48679275E-03
   37.634277343750000       -7.56152766E-03
   37.658691406250000       -7.63711333E-03
   37.683105468750000       -7.71355862E-03
   37.707519531250000       -7.79085932E-03
   37.731933593750000       -7.86902476E-03
   37.756347656250000       -7.94808846E-03
   37.780761718750000       -8.02803412E-03
   37.805175781250000       -8.10889527E-03
   37.829589843750000       -8.19065701E-03
   37.854003906250000       -8.27335380E-03
   37.878417968750000       -8.35698191E-03
   37.902832031250000       -8.44156370E-03
   37.927246093750000       -8.52710847E-03
   37.951660156250000       -8.61361343E-03
   37.976074218750000       -8.70111492E-03
   38.000488281250000       -8.78959708E-03
   38.024902343750000       -8.87909438E-03
   38.049316406250000       -8.96961987E-03
   38.073730468750000       -9.06116795E-03
   38.098144531250000       -9.15375166E-03
   38.122558593750000       -9.24740732E-03
   38.146972656250000       -9.34211817E-03
   38.171386718750000       -9.43792332E-03
   38.195800781250000       -9.53481998E-03
   38.220214843750000       -9.63281933E-03
   38.244628906250000       -9.73194744E-03
   38.269042968750000       -9.83221456E-03
   38.293457031250000       -9.93361883E-03
   38.317871093750000       -1.00362003E-02
   38.342285156250000       -1.01399431E-02
   38.366699218750000       -1.02448873E-02
   38.391113281250000       -1.03510460E-02
   38.415527343750000       -1.04584163E-02
   38.439941406250000       -1.05670262E-02
   38.464355468750000       -1.06768729E-02
   38.488769531250000       -1.07880002E-02
   38.513183593750000       -1.09004052E-02
   38.537597656250000       -1.10141160E-02
   38.562011718750000       -1.11291325E-02
   38.586425781250000       -1.12454677E-02
   38.610839843750000       -1.13631655E-02
   38.635253906250000       -1.14822090E-02
   38.659667968750000       -1.16026439E-02
   38.684082031250000       -1.17244693E-02
   38.708496093750000       -1.18476991E-02
   38.732910156250000       -1.19723631E-02
   38.757324218750000       -1.20984782E-02
   38.781738281250000       -1.22260582E-02
   38.806152343750000       -1.23551190E-02
   38.830566406250000       -1.24856755E-02
   38.854980468750000       -1.26177594E-02
   38.879394531250000       -1.27513716E-02
   38.903808593750000       -1.28865438E-02
   38.928222656250000       -1.30233094E-02
   38.952636718750000       -1.31616509E-02
   38.977050781250000       -1.33016026E-02
   39.001464843750000       -1.34431981E-02
   39.025878906250000       -1.35864541E-02
   39.050292968750000       -1.37313725E-02
   39.074707031250000       -1.38780037E-02
   39.099121093750000       -1.40263317E-02
   39.123535156250000       -1.41764088E-02
   39.147949218750000       -1.43282367E-02
   39.172363281250000       -1.44818518E-02
   39.196777343750000       -1.46372728E-02
   39.221191406250000       -1.47945182E-02
   39.245605468750000       -1.49536077E-02
   39.270019531250000       -1.51145607E-02
   39.294433593750000       -1.52774155E-02
   39.318847656250000       -1.54421926E-02
   39.343261718750000       -1.56088928E-02
   39.367675781250000       -1.57775749E-02
   39.392089843750000       -1.59482416E-02
   39.416503906250000       -1.61209125E-02
   39.440917968750000       -1.62956286E-02
   39.465332031250000       -1.64724141E-02
   39.489746093750000       -1.66512858E-02
   39.514160156250000       -1.68322716E-02
   39.538574218750000       -1.70154106E-02
   39.562988281250000       -1.72007065E-02
   39.587402343750000       -1.73881818E-02
   39.611816406250000       -1.75778996E-02
   39.636230468750000       -1.77698657E-02
   39.660644531250000       -1.79641042E-02
   39.685058593750000       -1.81606580E-02
   39.709472656250000       -1.83595531E-02
   39.733886718750000       -1.85607914E-02
   39.758300781250000       -1.87644437E-02
   39.782714843750000       -1.89704932E-02
   39.807128906250000       -1.91790257E-02
   39.831542968750000       -1.93900298E-02
   39.855957031250000       -1.96035504E-02
   39.880371093750000       -1.98196154E-02
   39.904785156250000       -2.00382527E-02
   39.929199218750000       -2.02595107E-02
   39.953613281250000       -2.04834193E-02
   39.978027343750000       -2.07099859E-02
   40.002441406250000       -2.09392793E-02
   40.026855468750000       -2.11713109E-02
   40.051269531250000       -2.14061327E-02
   40.075683593750000       -2.16437485E-02
   40.100097656250000       -2.18842160E-02
   40.124511718750000       -2.21275855E-02
   40.148925781250000       -2.23738682E-02
   40.173339843750000       -2.26230919E-02
   40.197753906250000       -2.28753164E-02
   40.222167968750000       -2.31305957E-02
   40.246582031250000       -2.33889166E-02
   40.270996093750000       -2.36503575E-02
   40.295410156250000       -2.39149556E-02
   40.319824218750000       -2.41827182E-02
   40.344238281250000       -2.44537313E-02
   40.368652343750000       -2.47280039E-02
   40.393066406250000       -2.50055715E-02
   40.417480468750000       -2.52864957E-02
   40.441894531250000       -2.55708396E-02
   40.466308593750000       -2.58585885E-02
   40.490722656250000       -2.61498298E-02
   40.515136718750000       -2.64446046E-02
   40.539550781250000       -2.67429221E-02
   40.563964843750000       -2.70448755E-02
   40.588378906250000       -2.73504779E-02
   40.612792968750000       -2.76597962E-02
   40.637207031250000       -2.79728435E-02
   40.661621093750000       -2.82897167E-02
   40.686035156250000       -2.86103990E-02
   40.710449218750000       -2.89350189E-02
   40.734863281250000       -2.92635635E-02
   40.759277343750000       -2.95961015E-02
   40.783691406250000       -2.99326796E-02
   40.808105468750000       -3.02733686E-02
   40.832519531250000       -3.06182168E-02
   40.856933593750000       -3.09672356E-02
   40.881347656250000       -3.13205346E-02
   40.905761718750000       -3.16781290E-02
   40.930175781250000       -3.20400931E-02
   40.954589843750000       -3.24064828E-02
   40.979003906250000       -3.27773392E-02
   41.003417968750000       -3.31527442E-02
   41.027832031250000       -3.35327163E-02
   41.052246093750000       -3.39173414E-02
   41.076660156250000       -3.43066975E-02
   41.101074218750000       -3.47008072E-02
   41.125488281250000       -3.50997224E-02
   41.149902343750000       -3.55035625E-02
   41.174316406250000       -3.59123424E-02
   41.198730468750000       -3.63261253E-02
   41.223144531250000       -3.67449932E-02
   41.247558593750000       -3.71690094E-02
   41.271972656250000       -3.75982560E-02
   41.296386718750000       -3.80327627E-02
   41.320800781250000       -3.84726189E-02
   41.345214843750000       -3.89178507E-02
   41.369628906250000       -3.93686183E-02
   41.394042968750000       -3.98249216E-02
   41.418457031250000       -4.02868129E-02
   41.442871093750000       -4.07544263E-02
   41.467285156250000       -4.12277952E-02
   41.491699218750000       -4.17070538E-02
   41.516113281250000       -4.21921909E-02
   41.540527343750000       -4.26833108E-02
   41.564941406250000       -4.31805141E-02
   41.589355468750000       -4.36838381E-02
   41.613769531250000       -4.41934168E-02
   41.638183593750000       -4.47092913E-02
   41.662597656250000       -4.52315621E-02
   41.687011718750000       -4.57603037E-02
   41.711425781250000       -4.62955907E-02
   41.735839843750000       -4.68375273E-02
   41.760253906250000       -4.73861583E-02
   41.784667968750000       -4.79416288E-02
   41.809082031250000       -4.85039800E-02
   41.833496093750000       -4.90733273E-02
   41.857910156250000       -4.96497080E-02
   41.882324218750000       -5.02332821E-02
   41.906738281250000       -5.08241355E-02
   41.931152343750000       -5.14222980E-02
   41.955566406250000       -5.20279445E-02
   41.979980468750000       -5.26411086E-02
   42.004394531250000       -5.32619245E-02
   42.028808593750000       -5.38905151E-02
   42.053222656250000       -5.45268804E-02
   42.077636718750000       -5.51711991E-02
   42.102050781250000       -5.58236055E-02
   42.126464843750000       -5.64840958E-02
   42.150878906250000       -5.71528971E-02
   42.175292968750000       -5.78300133E-02
   42.199707031250000       -5.85156269E-02
   42.224121093750000       -5.92097901E-02
   42.248535156250000       -5.99126443E-02
   42.272949218750000       -6.06243312E-02
   42.297363281250000       -6.13449067E-02
   42.321777343750000       -6.20745160E-02
   42.346191406250000       -6.28132597E-02
   42.370605468750000       -6.35612905E-02
   42.395019531250000       -6.43187091E-02
   42.419433593750000       -6.50856346E-02
   42.443847656250000       -6.58621565E-02
   42.468261718750000       -6.66484386E-02
   42.492675781250000       -6.74446449E-02
   42.517089843750000       -6.82508349E-02
   42.541503906250000       -6.90671727E-02
   42.565917968750000       -6.98937699E-02
   42.590332031250000       -7.07307905E-02
   42.614746093750000       -7.15783685E-02
   42.639160156250000       -7.24366009E-02
   42.663574218750000       -7.33056813E-02
   42.687988281250000       -7.41857216E-02
   42.712402343750000       -7.50768483E-02
   42.736816406250000       -7.59791806E-02
   42.761230468750000       -7.68929645E-02
   42.785644531250000       -7.78182670E-02
   42.810058593750000       -7.87552819E-02
   42.834472656250000       -7.97041357E-02
   42.858886718750000       -8.06649700E-02
   42.883300781250000       -8.16379637E-02
   42.907714843750000       -8.26233253E-02
   42.932128906250000       -8.36211294E-02
   42.956542968750000       -8.46315846E-02
   42.980957031250000       -8.56548250E-02
   43.005371093750000       -8.66910592E-02
   43.029785156250000       -8.77404362E-02
   43.054199218750000       -8.88030976E-02
   43.078613281250000       -8.98792669E-02
   43.103027343750000       -9.09690931E-02
   43.127441406250000       -9.20727924E-02
   43.151855468750000       -9.31905210E-02
   43.176269531250000       -9.43224430E-02
   43.200683593750000       -9.54687744E-02
   43.225097656250000       -9.66296941E-02
   43.249511718750000       -9.78054255E-02
   43.273925781250000       -9.89960656E-02
   43.298339843750000      -0.100201927    
   43.322753906250000      -0.101423115    
   43.347167968750000      -0.102659866    
   43.371582031250000      -0.103912421    
   43.395996093750000      -0.105180971    
   43.420410156250000      -0.106465697    
   43.444824218750000      -0.107766852    
   43.469238281250000      -0.109084621    
   43.493652343750000      -0.110419199    
   43.518066406250000      -0.111770838    
   43.542480468750000      -0.113139816    
   43.566894531250000      -0.114526257    
   43.591308593750000      -0.115930498    
   43.615722656250000      -0.117352679    
   43.640136718750000      -0.118793085    
   43.664550781250000      -0.120251983    
   43.688964843750000      -0.121729597    
   43.713378906250000      -0.123226054    
   43.737792968750000      -0.124741815    
   43.762207031250000      -0.126277015    
   43.786621093750000      -0.127831876    
   43.811035156250000      -0.129406795    
   43.835449218750000      -0.131001905    
   43.859863281250000      -0.132617518    
   43.884277343750000      -0.134253874    
   43.908691406250000      -0.135911301    
   43.933105468750000      -0.137590036    
   43.957519531250000      -0.139290497    
   43.981933593750000      -0.141012743    
   44.006347656250000      -0.142757207    
   44.030761718750000      -0.144524157    
   44.055175781250000      -0.146313921    
   44.079589843750000      -0.148126677    
   44.104003906250000      -0.149962872    
   44.128417968750000      -0.151822865    
   44.152832031250000      -0.153706744    
   44.177246093750000      -0.155615047    
   44.201660156250000      -0.157547995    
   44.226074218750000      -0.159505829    
   44.250488281250000      -0.161489055    
   44.274902343750000      -0.163497955    
   44.299316406250000      -0.165532917    
   44.323730468750000      -0.167594135    
   44.348144531250000      -0.169682041    
   44.372558593750000      -0.171797007    
   44.396972656250000      -0.173939452    
   44.421386718750000      -0.176109597    
   44.445800781250000      -0.178307965    
   44.470214843750000      -0.180534780    
   44.494628906250000      -0.182790577    
   44.519042968750000      -0.185075566    
   44.543457031250000      -0.187390327    
   44.567871093750000      -0.189735070    
   44.592285156250000      -0.192110360    
   44.616699218750000      -0.194516554    
   44.641113281250000      -0.196954101    
   44.665527343750000      -0.199423283    
   44.689941406250000      -0.201924562    
   44.714355468750000      -0.204458535    
   44.738769531250000      -0.207025453    
   44.763183593750000      -0.209625825    
   44.787597656250000      -0.212260127    
   44.812011718750000      -0.214928791    
   44.836425781250000      -0.217632309    
   44.860839843750000      -0.220371082    
   44.885253906250000      -0.223145634    
   44.909667968750000      -0.225956395    
   44.934082031250000      -0.228803888    
   44.958496093750000      -0.231688559    
   44.982910156250000      -0.234611049    
   45.007324218750000      -0.237571716    
   45.031738281250000      -0.240571097    
   45.056152343750000      -0.243609771    
   45.080566406250000      -0.246688202    
   45.104980468750000      -0.249807104    
   45.129394531250000      -0.252966821    
   45.153808593750000      -0.256167829    
   45.178222656250000      -0.259410977    
   45.202636718750000      -0.262696654    
   45.227050781250000      -0.266025454    
   45.251464843750000      -0.269397914    
   45.275878906250000      -0.272814661    
   45.300292968750000      -0.276276380    
   45.324707031250000      -0.279783517    
   45.349121093750000      -0.283336818    
   45.373535156250000      -0.286936939    
   45.397949218750000      -0.290584385    
   45.422363281250000      -0.294279754    
   45.446777343750000      -0.298023880    
   45.471191406250000      -0.301817477    
   45.495605468750000      -0.305660844    
   45.520019531250000      -0.309555113    
   45.544433593750000      -0.313500613    
   45.568847656250000      -0.317498088    
   45.593261718750000      -0.321548432    
   45.617675781250000      -0.325652301    
   45.642089843750000      -0.329810441    
   45.666503906250000      -0.334023476    
   45.690917968750000      -0.338292241    
   45.715332031250000      -0.342617393    
   45.739746093750000      -0.346999884    
   45.764160156250000      -0.351440370    
   45.788574218750000      -0.355939746    
   45.812988281250000      -0.360498518    
   45.837402343750000      -0.365117997    
   45.861816406250000      -0.369798481    
   45.886230468750000      -0.374541283    
   45.910644531250000      -0.379346818    
   45.935058593750000      -0.384216368    
   45.959472656250000      -0.389150470    
   45.983886718750000      -0.394150257    
   46.008300781250000      -0.399216324    
   46.032714843750000      -0.404349953    
   46.057128906250000      -0.409551799    
   46.081542968750000      -0.414823025    
   46.105957031250000      -0.420164406    
   46.130371093750000      -0.425577015    
   46.154785156250000      -0.431061804    
   46.179199218750000      -0.436619699    
   46.203613281250000      -0.442251682    
   46.228027343750000      -0.447958887    
   46.252441406250000      -0.453742504    
   46.276855468750000      -0.459603310    
   46.301269531250000      -0.465542406    
   46.325683593750000      -0.471561074    
   46.350097656250000      -0.477660269    
   46.374511718750000      -0.483841151    
   46.398925781250000      -0.490104914    
   46.423339843750000      -0.496452689    
   46.447753906250000      -0.502885520    
   46.472167968750000      -0.509404600    
   46.496582031250000      -0.516011417    
   46.520996093750000      -0.522707105    
   46.545410156250000      -0.529492617    
   46.569824218750000      -0.536369443    
   46.594238281250000      -0.543339074    
   46.618652343750000      -0.550402343    
   46.643066406250000      -0.557560921    
   46.667480468750000      -0.564816058    
   46.691894531250000      -0.572169185    
   46.716308593750000      -0.579621494    
   46.740722656250000      -0.587174594    
   46.765136718750000      -0.594829857    
   46.789550781250000      -0.602588832    
   46.813964843750000      -0.610452950    
   46.838378906250000      -0.618423522    
   46.862792968750000      -0.626502395    
   46.887207031250000      -0.634690940    
   46.911621093750000      -0.642990649    
   46.936035156250000      -0.651403368    
   46.960449218750000      -0.659930527    
   46.984863281250000      -0.668573976    
   47.009277343750000      -0.677335262    
   47.033691406250000      -0.686216056    
   47.058105468750000      -0.695218265    
   47.082519531250000      -0.704343677    
   47.106933593750000      -0.713594019    
   47.131347656250000      -0.722971022    
   47.155761718750000      -0.732476830    
   47.180175781250000      -0.742113173    
   47.204589843750000      -0.751881957    
   47.229003906250000      -0.761785328    
   47.253417968750000      -0.771825314    
   47.277832031250000      -0.782003760    
   47.302246093750000      -0.792322993    
   47.326660156250000      -0.802785039    
   47.351074218750000      -0.813392043    
   47.375488281250000      -0.824146330    
   47.399902343750000      -0.835050046    
   47.424316406250000      -0.846105576    
   47.448730468750000      -0.857315361    
   47.473144531250000      -0.868681788    
   47.497558593750000      -0.880207181    
   47.521972656250000      -0.891894102    
   47.546386718750000      -0.903745353    
   47.570800781250000      -0.915763199    
   47.595214843750000      -0.927950501    
   47.619628906250000      -0.940310001    
   47.644042968750000      -0.952844620    
   47.668457031250000      -0.965557039    
   47.692871093750000      -0.978450298    
   47.717285156250000      -0.991527379    
   47.741699218750000       -1.00479138    
   47.766113281250000       -1.01824558    
   47.790527343750000       -1.03189325    
   47.814941406250000       -1.04573727    
   47.839355468750000       -1.05978167    
   47.863769531250000       -1.07402956    
   47.888183593750000       -1.08848464    
   47.912597656250000       -1.10315084    
   47.937011718750000       -1.11803186    
   47.961425781250000       -1.13313127    
   47.985839843750000       -1.14845371    
   48.010253906250000       -1.16400278    
   48.034667968750000       -1.17978334    
   48.059082031250000       -1.19579947    
   48.083496093750000       -1.21205568    
   48.107910156250000       -1.22855687    
   48.132324218750000       -1.24530792    
   48.156738281250000       -1.26231372    
   48.181152343750000       -1.27957988    
   48.205566406250000       -1.29711139    
   48.229980468750000       -1.31491399    
   48.254394531250000       -1.33299351    
   48.278808593750000       -1.35135615    
   48.303222656250000       -1.37000787    
   48.327636718750000       -1.38895547    
   48.352050781250000       -1.40820575    
   48.376464843750000       -1.42776561    
   48.400878906250000       -1.44764233    
   48.425292968750000       -1.46784401    
   48.449707031250000       -1.48837829    
   48.474121093750000       -1.50925362    
   48.498535156250000       -1.53047895    
   48.522949218750000       -1.55206323    
   48.547363281250000       -1.57401621    
   48.571777343750000       -1.59634793    
   48.596191406250000       -1.61906922    
   48.620605468750000       -1.64219081    
   48.645019531250000       -1.66572464    
   48.669433593750000       -1.68968308    
   48.693847656250000       -1.71407902    
   48.718261718750000       -1.73892617    
   48.742675781250000       -1.76423895    
   48.767089843750000       -1.79003286    
   48.791503906250000       -1.81632376    
   48.815917968750000       -1.84312916    
   48.840332031250000       -1.87046719    
   48.864746093750000       -1.89835680    
   48.889160156250000       -1.92681885    
   48.913574218750000       -1.95587504    
   48.937988281250000       -1.98554850    
   48.962402343750000       -2.01586413    
   48.986816406250000       -2.04684806    
   49.011230468750000       -2.07852912    
   49.035644531250000       -2.11093664    
   49.060058593750000       -2.14410353    
   49.084472656250000       -2.17806387    
   49.108886718750000       -2.21285534    
   49.133300781250000       -2.24851727    
   49.157714843750000       -2.28509307    
   49.182128906250000       -2.32262778    
   49.206542968750000       -2.36117220    
   49.230957031250000       -2.40077925    
   49.255371093750000       -2.44150710    
   49.279785156250000       -2.48341799    
   49.304199218750000       -2.52658010    
   49.328613281250000       -2.57106590    
   49.353027343750000       -2.61695576    
   49.377441406250000       -2.66433525    
   49.401855468750000       -2.71329951    
   49.426269531250000       -2.76394939    
   49.450683593750000       -2.81639767    
   49.475097656250000       -2.87076449    
   49.499511718750000       -2.92718482    
   49.523925781250000       -2.98580170    
   49.548339843750000       -3.04677725    
   49.572753906250000       -3.11028314    
   49.597167968750000       -3.17651486    
   49.621582031250000       -3.24568009    
   49.645996093750000       -3.31801558    
   49.670410156250000       -3.39377356    
   49.694824218750000       -3.47324347    
   49.719238281250000       -3.55673265    
   49.743652343750000       -3.64459729    
   49.768066406250000       -3.73721433    
   49.792480468750000       -3.83502507    
   49.816894531250000       -3.93849421    
   49.841308593750000       -4.04817486    
   49.865722656250000       -4.16463947    
   49.890136718750000       -4.28859282    
   49.914550781250000       -4.42073441    
   49.938964843750000       -4.56199169    
   49.963378906250000       -4.71316767    
   49.987792968750000       -4.87569141    
