   1.2207031250000000E-002  -3.30271983    
   3.6621093750000000E-002  -3.15554214    
   6.1035156250000000E-002  -3.01805091    
   8.5449218750000000E-002  -2.88918090    
  0.10986328125000000       -2.76829267    
  0.13427734375000000       -2.65466952    
  0.15869140625000000       -2.54774904    
  0.18310546875000000       -2.44697285    
  0.20751953125000000       -2.35187340    
  0.23193359375000000       -2.26200271    
  0.25634765625000000       -2.17697453    
  0.28076171875000000       -2.09642434    
  0.30517578125000000       -2.02003241    
  0.32958984375000000       -1.94749928    
  0.35400390625000000       -1.87855959    
  0.37841796875000000       -1.81296492    
  0.40283203125000000       -1.75049400    
  0.42724609375000000       -1.69093931    
  0.45166015625000000       -1.63411522    
  0.47607421875000000       -1.57984757    
  0.50048828125000000       -1.52797961    
  0.52490234375000000       -1.47836423    
  0.54931640625000000       -1.43086851    
  0.57373046875000000       -1.38536739    
  0.59814453125000000       -1.34174752    
  0.62255859375000000       -1.29990196    
  0.64697265625000000       -1.25973356    
  0.67138671875000000       -1.22115064    
  0.69580078125000000       -1.18406928    
  0.72021484375000000       -1.14841032    
  0.74462890625000000       -1.11410105    
  0.76904296875000000       -1.08107305    
  0.79345703125000000       -1.04926276    
  0.81787109375000000       -1.01861072    
  0.84228515625000000      -0.989061296    
  0.86669921875000000      -0.960562468    
  0.89111328125000000      -0.933065176    
  0.91552734375000000      -0.906523883    
  0.93994140625000000      -0.880895317    
  0.96435546875000000      -0.856139064    
  0.98876953125000000      -0.832217097    
   1.0131835937500000      -0.809093237    
   1.0375976562500000      -0.786733866    
   1.0620117187500000      -0.765106797    
   1.0864257812500000      -0.744181991    
   1.1108398437500000      -0.723930657    
   1.1352539062500000      -0.704325974    
   1.1596679687500000      -0.685341895    
   1.1840820312500000      -0.666954517    
   1.2084960937500000      -0.649140358    
   1.2329101562500000      -0.631877720    
   1.2573242187500000      -0.615145743    
   1.2817382812500000      -0.598924518    
   1.3061523437500000      -0.583195210    
   1.3305664062500000      -0.567939758    
   1.3549804687500000      -0.553141117    
   1.3793945312500000      -0.538782775    
   1.4038085937500000      -0.524849296    
   1.4282226562500000      -0.511325538    
   1.4526367187500000      -0.498197436    
   1.4770507812500000      -0.485451221    
   1.5014648437500000      -0.473073810    
   1.5258789062500000      -0.461052865    
   1.5502929687500000      -0.449376166    
   1.5747070312500000      -0.438032478    
   1.5991210937500000      -0.427010655    
   1.6235351562500000      -0.416300207    
   1.6479492187500000      -0.405890852    
   1.6723632812500000      -0.395772874    
   1.6967773437500000      -0.385937154    
   1.7211914062500000      -0.376374424    
   1.7456054687500000      -0.367076069    
   1.7700195312500000      -0.358033866    
   1.7944335937500000      -0.349239737    
   1.8188476562500000      -0.340685964    
   1.8432617187500000      -0.332365185    
   1.8676757812500000      -0.324270159    
   1.8920898437500000      -0.316394031    
   1.9165039062500000      -0.308730036    
   1.9409179687500000      -0.301271975    
   1.9653320312500000      -0.294013560    
   1.9897460937500000      -0.286948800    
   2.0141601562500000      -0.280071825    
   2.0385742187500000      -0.273377299    
   2.0629882812500000      -0.266859621    
   2.0874023437500000      -0.260513753    
   2.1118164062500000      -0.254334599    
   2.1362304687500000      -0.248317301    
   2.1606445312500000      -0.242457137    
   2.1850585937500000      -0.236749664    
   2.2094726562500000      -0.231190488    
   2.2338867187500000      -0.225775242    
   2.2583007812500000      -0.220499977    
   2.2827148437500000      -0.215360552    
   2.3071289062500000      -0.210353240    
   2.3315429687500000      -0.205474317    
   2.3559570312500000      -0.200720102    
   2.3803710937500000      -0.196087152    
   2.4047851562500000      -0.191571981    
   2.4291992187500000      -0.187171429    
   2.4536132812500000      -0.182882354    
   2.4780273437500000      -0.178701460    
   2.5024414062500000      -0.174626008    
   2.5268554687500000      -0.170652971    
   2.5512695312500000      -0.166779503    
   2.5756835937500000      -0.163002983    
   2.6000976562500000      -0.159320652    
   2.6245117187500000      -0.155730084    
   2.6489257812500000      -0.152228743    
   2.6733398437500000      -0.148814127    
   2.6977539062500000      -0.145484060    
   2.7221679687500000      -0.142236143    
   2.7465820312500000      -0.139068201    
   2.7709960937500000      -0.135978073    
   2.7954101562500000      -0.132963777    
   2.8198242187500000      -0.130023226    
   2.8442382812500000      -0.127154440    
   2.8686523437500000      -0.124355562    
   2.8930664062500000      -0.121624745    
   2.9174804687500000      -0.118960164    
   2.9418945312500000      -0.116360113    
   2.9663085937500000      -0.113822870    
   2.9907226562500000      -0.111346751    
   3.0151367187500000      -0.108930245    
   3.0395507812500000      -0.106571764    
   3.0639648437500000      -0.104269803    
   3.0883789062500000      -0.102022901    
   3.1127929687500000       -9.98295993E-02
   3.1372070312500000       -9.76885036E-02
   3.1616210937500000       -9.55983251E-02
   3.1860351562500000       -9.35577005E-02
   3.2104492187500000       -9.15654004E-02
   3.2348632812500000       -8.96201804E-02
   3.2592773437500000       -8.77207741E-02
   3.2836914062500000       -8.58661011E-02
   3.3081054687500000       -8.40549469E-02
   3.3325195312500000       -8.22862536E-02
   3.3569335937500000       -8.05589557E-02
   3.3813476562500000       -7.88719505E-02
   3.4057617187500000       -7.72242323E-02
   3.4301757812500000       -7.56148770E-02
   3.4545898437500000       -7.40428045E-02
   3.4790039062500000       -7.25071803E-02
   3.5034179687500000       -7.10070208E-02
   3.5278320312500000       -6.95414916E-02
   3.5522460937500000       -6.81096911E-02
   3.5766601562500000       -6.67107925E-02
   3.6010742187500000       -6.53439760E-02
   3.6254882812500000       -6.40084520E-02
   3.6499023437500000       -6.27034083E-02
   3.6743164062500000       -6.14281297E-02
   3.6987304687500000       -6.01818822E-02
   3.7231445312500000       -5.89639060E-02
   3.7475585937500000       -5.77735417E-02
   3.7719726562500000       -5.66101111E-02
   3.7963867187500000       -5.54729402E-02
   3.8208007812500000       -5.43613806E-02
   3.8452148437500000       -5.32748401E-02
   3.8696289062500000       -5.22126593E-02
   3.8940429687500000       -5.11742719E-02
   3.9184570312500000       -5.01591228E-02
   3.9428710937500000       -4.91665974E-02
   3.9672851562500000       -4.81961742E-02
   3.9916992187500000       -4.72473018E-02
   4.0161132812500000       -4.63194810E-02
   4.0405273437500000       -4.54122201E-02
   4.0649414062500000       -4.45249751E-02
   4.0893554687500000       -4.36573140E-02
   4.1137695312500000       -4.28087153E-02
   4.1381835937500000       -4.19787690E-02
   4.1625976562500000       -4.11670096E-02
   4.1870117187500000       -4.03730124E-02
   4.2114257812500000       -3.95963378E-02
   4.2358398437500000       -3.88365835E-02
   4.2602539062500000       -3.80933546E-02
   4.2846679687500000       -3.73662673E-02
   4.3090820312500000       -3.66549157E-02
   4.3334960937500000       -3.59589346E-02
   4.3579101562500000       -3.52779664E-02
   4.3823242187500000       -3.46116647E-02
   4.4067382812500000       -3.39596607E-02
   4.4311523437500000       -3.33216488E-02
   4.4555664062500000       -3.26973014E-02
   4.4799804687500000       -3.20862755E-02
   4.5043945312500000       -3.14882621E-02
   4.5288085937500000       -3.09029818E-02
   4.5532226562500000       -3.03301159E-02
   4.5776367187500000       -2.97693741E-02
   4.6020507812500000       -2.92205010E-02
   4.6264648437500000       -2.86832172E-02
   4.6508789062500000       -2.81572305E-02
   4.6752929687500000       -2.76423004E-02
   4.6997070312500000       -2.71381699E-02
   4.7241210937500000       -2.66445875E-02
   4.7485351562500000       -2.61613056E-02
   4.7729492187500000       -2.56881099E-02
   4.7973632812500000       -2.52247397E-02
   4.8217773437500000       -2.47710105E-02
   4.8461914062500000       -2.43266542E-02
   4.8706054687500000       -2.38914937E-02
   4.8950195312500000       -2.34653149E-02
   4.9194335937500000       -2.30478849E-02
   4.9438476562500000       -2.26390660E-02
   4.9682617187500000       -2.22385898E-02
   4.9926757812500000       -2.18463242E-02
   5.0170898437500000       -2.14620773E-02
   5.0415039062500000       -2.10856386E-02
   5.0659179687500000       -2.07168665E-02
   5.0903320312500000       -2.03555804E-02
   5.1147460937500000       -2.00016033E-02
   5.1391601562500000       -1.96547639E-02
   5.1635742187500000       -1.93149317E-02
   5.1879882812500000       -1.89819243E-02
   5.2124023437500000       -1.86556149E-02
   5.2368164062500000       -1.83358286E-02
   5.2612304687500000       -1.80224497E-02
   5.2856445312500000       -1.77153032E-02
   5.3100585937500000       -1.74142830E-02
   5.3344726562500000       -1.71192400E-02
   5.3588867187500000       -1.68300495E-02
   5.3833007812500000       -1.65465754E-02
   5.4077148437500000       -1.62686966E-02
   5.4321289062500000       -1.59962811E-02
   5.4565429687500000       -1.57292318E-02
   5.4809570312500000       -1.54674193E-02
   5.5053710937500000       -1.52107198E-02
   5.5297851562500000       -1.49590420E-02
   5.5541992187500000       -1.47122517E-02
   5.5786132812500000       -1.44702774E-02
   5.6030273437500000       -1.42329875E-02
   5.6274414062500000       -1.40003022E-02
   5.6518554687500000       -1.37720937E-02
   5.6762695312500000       -1.35483006E-02
   5.7006835937500000       -1.33288009E-02
   5.7250976562500000       -1.31135043E-02
   5.7495117187500000       -1.29023399E-02
   5.7739257812500000       -1.26952222E-02
   5.7983398437500000       -1.24920374E-02
   5.8227539062500000       -1.22927185E-02
   5.8471679687500000       -1.20971864E-02
   5.8715820312500000       -1.19053470E-02
   5.8959960937500000       -1.17171528E-02
   5.9204101562500000       -1.15324864E-02
   5.9448242187500000       -1.13513013E-02
   5.9692382812500000       -1.11735137E-02
   5.9936523437500000       -1.09990649E-02
   6.0180664062500000       -1.08278729E-02
   6.0424804687500000       -1.06598707E-02
   6.0668945312500000       -1.04949912E-02
   6.0913085937500000       -1.03331702E-02
   6.1157226562500000       -1.01743564E-02
   6.1401367187500000       -1.00184632E-02
   6.1645507812500000       -9.86545440E-03
   6.1889648437500000       -9.71525721E-03
   6.2133789062500000       -9.56781395E-03
   6.2377929687500000       -9.42307990E-03
   6.2622070312500000       -9.28098522E-03
   6.2866210937500000       -9.14147589E-03
   6.3110351562500000       -9.00451001E-03
   6.3354492187500000       -8.87002330E-03
   6.3598632812500000       -8.73797573E-03
   6.3842773437500000       -8.60831514E-03
   6.4086914062500000       -8.48099310E-03
   6.4331054687500000       -8.35594907E-03
   6.4575195312500000       -8.23315699E-03
   6.4819335937500000       -8.11256096E-03
   6.5063476562500000       -7.99412373E-03
   6.5307617187500000       -7.87779130E-03
   6.5551757812500000       -7.76352873E-03
   6.5795898437500000       -7.65129318E-03
   6.6040039062500000       -7.54103251E-03
   6.6284179687500000       -7.43273553E-03
   6.6528320312500000       -7.32633052E-03
   6.6772460937500000       -7.22180819E-03
   6.7016601562500000       -7.11910892E-03
   6.7260742187500000       -7.01820431E-03
   6.7504882812500000       -6.91906642E-03
   6.7749023437500000       -6.82165846E-03
   6.7993164062500000       -6.72593340E-03
   6.8237304687500000       -6.63186610E-03
   6.8481445312500000       -6.53943047E-03
   6.8725585937500000       -6.44858321E-03
   6.8969726562500000       -6.35930896E-03
   6.9213867187500000       -6.27155555E-03
   6.9458007812500000       -6.18530996E-03
   6.9702148437500000       -6.10053912E-03
   6.9946289062500000       -6.01721276E-03
   7.0190429687500000       -5.93529921E-03
   7.0434570312500000       -5.85477753E-03
   7.0678710937500000       -5.77561790E-03
   7.0922851562500000       -5.69779146E-03
   7.1166992187500000       -5.62128657E-03
   7.1411132812500000       -5.54605853E-03
   7.1655273437500000       -5.47208777E-03
   7.1899414062500000       -5.39936405E-03
   7.2143554687500000       -5.32784406E-03
   7.2387695312500000       -5.25751803E-03
   7.2631835937500000       -5.18836081E-03
   7.2875976562500000       -5.12034679E-03
   7.3120117187500000       -5.05345920E-03
   7.3364257812500000       -4.98767383E-03
   7.3608398437500000       -4.92296647E-03
   7.3852539062500000       -4.85932175E-03
   7.4096679687500000       -4.79672384E-03
   7.4340820312500000       -4.73514246E-03
   7.4584960937500000       -4.67456365E-03
   7.4829101562500000       -4.61497158E-03
   7.5073242187500000       -4.55634575E-03
   7.5317382812500000       -4.49866476E-03
   7.5561523437500000       -4.44191461E-03
   7.5805664062500000       -4.38607577E-03
   7.6049804687500000       -4.33113426E-03
   7.6293945312500000       -4.27707750E-03
   7.6538085937500000       -4.22387943E-03
   7.6782226562500000       -4.17152746E-03
   7.7026367187500000       -4.12000995E-03
   7.7270507812500000       -4.06930828E-03
   7.7514648437500000       -4.01941082E-03
   7.7758789062500000       -3.97029985E-03
   7.8002929687500000       -3.92195722E-03
   7.8247070312500000       -3.87437968E-03
   7.8491210937500000       -3.82754300E-03
   7.8735351562500000       -3.78143694E-03
   7.8979492187500000       -3.73605173E-03
   7.9223632812500000       -3.69137060E-03
   7.9467773437500000       -3.64738423E-03
   7.9711914062500000       -3.60407680E-03
   7.9956054687500000       -3.56143876E-03
   8.0200195312500000       -3.51946126E-03
   8.0444335937500000       -3.47812311E-03
   8.0688476562500000       -3.43741523E-03
   8.0932617187500000       -3.39733576E-03
   8.1176757812500000       -3.35786375E-03
   8.1420898437500000       -3.31899128E-03
   8.1665039062500000       -3.28071020E-03
   8.1909179687500000       -3.24300700E-03
   8.2153320312500000       -3.20587377E-03
   8.2397460937500000       -3.16929701E-03
   8.2641601562500000       -3.13327555E-03
   8.2885742187500000       -3.09778471E-03
   8.3129882812500000       -3.06282868E-03
   8.3374023437500000       -3.02839512E-03
   8.3618164062500000       -2.99447146E-03
   8.3862304687500000       -2.96105118E-03
   8.4106445312500000       -2.92812753E-03
   8.4350585937500000       -2.89568887E-03
   8.4594726562500000       -2.86372332E-03
   8.4838867187500000       -2.83223018E-03
   8.5083007812500000       -2.80119805E-03
   8.5327148437500000       -2.77061574E-03
   8.5571289062500000       -2.74048280E-03
   8.5815429687500000       -2.71078828E-03
   8.6059570312500000       -2.68152147E-03
   8.6303710937500000       -2.65268190E-03
   8.6547851562500000       -2.62425421E-03
   8.6791992187500000       -2.59623816E-03
   8.7036132812500000       -2.56862352E-03
   8.7280273437500000       -2.54140538E-03
   8.7524414062500000       -2.51457351E-03
   8.7768554687500000       -2.48812349E-03
   8.8012695312500000       -2.46205041E-03
   8.8256835937500000       -2.43634963E-03
   8.8500976562500000       -2.41100672E-03
   8.8745117187500000       -2.38602236E-03
   8.8989257812500000       -2.36139190E-03
   8.9233398437500000       -2.33710650E-03
   8.9477539062500000       -2.31316173E-03
   8.9721679687500000       -2.28954898E-03
   8.9965820312500000       -2.26626429E-03
   9.0209960937500000       -2.24330346E-03
   9.0454101562500000       -2.22066254E-03
   9.0698242187500000       -2.19833339E-03
   9.0942382812500000       -2.17631203E-03
   9.1186523437500000       -2.15459499E-03
   9.1430664062500000       -2.13317410E-03
   9.1674804687500000       -2.11204588E-03
   9.1918945312500000       -2.09120242E-03
   9.2163085937500000       -2.07064906E-03
   9.2407226562500000       -2.05036951E-03
   9.2651367187500000       -2.03036913E-03
   9.2895507812500000       -2.01063603E-03
   9.3139648437500000       -1.99116697E-03
   9.3383789062500000       -1.97196333E-03
   9.3627929687500000       -1.95301347E-03
   9.3872070312500000       -1.93432299E-03
   9.4116210937500000       -1.91587629E-03
   9.4360351562500000       -1.89767464E-03
   9.4604492187500000       -1.87971548E-03
   9.4848632812500000       -1.86199590E-03
   9.5092773437500000       -1.84450904E-03
   9.5336914062500000       -1.82725233E-03
   9.5581054687500000       -1.81021914E-03
   9.5825195312500000       -1.79341505E-03
   9.6069335937500000       -1.77682540E-03
   9.6313476562500000       -1.76045194E-03
   9.6557617187500000       -1.74429594E-03
   9.6801757812500000       -1.72834343E-03
   9.7045898437500000       -1.71259989E-03
   9.7290039062500000       -1.69706298E-03
   9.7534179687500000       -1.68172282E-03
   9.7778320312500000       -1.66657718E-03
   9.8022460937500000       -1.65162783E-03
   9.8266601562500000       -1.63686869E-03
   9.8510742187500000       -1.62229768E-03
   9.8754882812500000       -1.60791306E-03
   9.8999023437500000       -1.59370876E-03
   9.9243164062500000       -1.57968304E-03
   9.9487304687500000       -1.56583753E-03
   9.9731445312500000       -1.55216316E-03
   9.9975585937500000       -1.53866154E-03
   10.021972656250000       -1.52533094E-03
   10.046386718750000       -1.51216239E-03
   10.070800781250000       -1.49916124E-03
   10.095214843750000       -1.48631877E-03
   10.119628906250000       -1.47363660E-03
   10.144042968750000       -1.46110984E-03
   10.168457031250000       -1.44874013E-03
   10.192871093750000       -1.43651897E-03
   10.217285156250000       -1.42444822E-03
   10.241699218750000       -1.41252647E-03
   10.266113281250000       -1.40075199E-03
   10.290527343750000       -1.38911663E-03
   10.314941406250000       -1.37762562E-03
   10.339355468750000       -1.36627094E-03
   10.363769531250000       -1.35505432E-03
   10.388183593750000       -1.34397438E-03
   10.412597656250000       -1.33302656E-03
   10.437011718750000       -1.32220623E-03
   10.461425781250000       -1.31151860E-03
   10.485839843750000       -1.30095903E-03
   10.510253906250000       -1.29052310E-03
   10.534667968750000       -1.28021266E-03
   10.559082031250000       -1.27002352E-03
   10.583496093750000       -1.25995418E-03
   10.607910156250000       -1.25000370E-03
   10.632324218750000       -1.24016765E-03
   10.656738281250000       -1.23045116E-03
   10.681152343750000       -1.22084375E-03
   10.705566406250000       -1.21135055E-03
   10.729980468750000       -1.20196736E-03
   10.754394531250000       -1.19269313E-03
   10.778808593750000       -1.18352682E-03
   10.803222656250000       -1.17446424E-03
   10.827636718750000       -1.16550759E-03
   10.852050781250000       -1.15665270E-03
   10.876464843750000       -1.14789861E-03
   10.900878906250000       -1.13924453E-03
   10.925292968750000       -1.13068940E-03
   10.949707031250000       -1.12223218E-03
   10.974121093750000       -1.11387204E-03
   10.998535156250000       -1.10560236E-03
   11.022949218750000       -1.09742791E-03
   11.047363281250000       -1.08934788E-03
   11.071777343750000       -1.08135561E-03
   11.096191406250000       -1.07345323E-03
   11.120605468750000       -1.06563699E-03
   11.145019531250000       -1.05791178E-03
   11.169433593750000       -1.05026830E-03
   11.193847656250000       -1.04271132E-03
   11.218261718750000       -1.03523745E-03
   11.242675781250000       -1.02784857E-03
   11.267089843750000       -1.02053850E-03
   11.291503906250000       -1.01330911E-03
   11.315917968750000       -1.00615714E-03
   11.340332031250000       -9.99084441E-04
   11.364746093750000       -9.92087647E-04
   11.389160156250000       -9.85168852E-04
   11.413574218750000       -9.78324562E-04
   11.437988281250000       -9.71554138E-04
   11.462402343750000       -9.64854378E-04
   11.486816406250000       -9.58229823E-04
   11.511230468750000       -9.51674534E-04
   11.535644531250000       -9.45190608E-04
   11.560058593750000       -9.38774843E-04
   11.584472656250000       -9.32426541E-04
   11.608886718750000       -9.26145178E-04
   11.633300781250000       -9.19932674E-04
   11.657714843750000       -9.13783442E-04
   11.682128906250000       -9.07701848E-04
   11.706542968750000       -9.01682419E-04
   11.730957031250000       -8.95724574E-04
   11.755371093750000       -8.89832736E-04
   11.779785156250000       -8.83998931E-04
   11.804199218750000       -8.78227642E-04
   11.828613281250000       -8.72515782E-04
   11.853027343750000       -8.66862887E-04
   11.877441406250000       -8.61268491E-04
   11.901855468750000       -8.55732069E-04
   11.926269531250000       -8.50253098E-04
   11.950683593750000       -8.44828784E-04
   11.975097656250000       -8.39461049E-04
   11.999511718750000       -8.34146980E-04
   12.023925781250000       -8.28888558E-04
   12.048339843750000       -8.23682873E-04
   12.072753906250000       -8.18529632E-04
   12.097167968750000       -8.13428313E-04
   12.121582031250000       -8.08378449E-04
   12.145996093750000       -8.03379749E-04
   12.170410156250000       -7.98431691E-04
   12.194824218750000       -7.93531595E-04
   12.219238281250000       -7.88681326E-04
   12.243652343750000       -7.83880590E-04
   12.268066406250000       -7.79126596E-04
   12.292480468750000       -7.74419052E-04
   12.316894531250000       -7.69757549E-04
   12.341308593750000       -7.65143952E-04
   12.365722656250000       -7.60573428E-04
   12.390136718750000       -7.56050053E-04
   12.414550781250000       -7.51569110E-04
   12.438964843750000       -7.47134618E-04
   12.463378906250000       -7.42741802E-04
   12.487792968750000       -7.38390372E-04
   12.512207031250000       -7.34082190E-04
   12.536621093750000       -7.29816849E-04
   12.561035156250000       -7.25591904E-04
   12.585449218750000       -7.21407065E-04
   12.609863281250000       -7.17261981E-04
   12.634277343750000       -7.13158573E-04
   12.658691406250000       -7.09092128E-04
   12.683105468750000       -7.05066661E-04
   12.707519531250000       -7.01077690E-04
   12.731933593750000       -6.97126961E-04
   12.756347656250000       -6.93214242E-04
   12.780761718750000       -6.89339184E-04
   12.805175781250000       -6.85499515E-04
   12.829589843750000       -6.81696984E-04
   12.854003906250000       -6.77929202E-04
   12.878417968750000       -6.74195995E-04
   12.902832031250000       -6.70499168E-04
   12.927246093750000       -6.66836277E-04
   12.951660156250000       -6.63207204E-04
   12.976074218750000       -6.59611658E-04
   13.000488281250000       -6.56051445E-04
   13.024902343750000       -6.52522198E-04
   13.049316406250000       -6.49025780E-04
   13.073730468750000       -6.45559863E-04
   13.098144531250000       -6.42128347E-04
   13.122558593750000       -6.38726866E-04
   13.146972656250000       -6.35357283E-04
   13.171386718750000       -6.32017327E-04
   13.195800781250000       -6.28708804E-04
   13.220214843750000       -6.25429559E-04
   13.244628906250000       -6.22181222E-04
   13.269042968750000       -6.18959777E-04
   13.293457031250000       -6.15768891E-04
   13.317871093750000       -6.12608332E-04
   13.342285156250000       -6.09474082E-04
   13.366699218750000       -6.06367830E-04
   13.391113281250000       -6.03289343E-04
   13.415527343750000       -6.00238505E-04
   13.439941406250000       -5.97215141E-04
   13.464355468750000       -5.94218960E-04
   13.488769531250000       -5.91247983E-04
   13.513183593750000       -5.88303839E-04
   13.537597656250000       -5.85386413E-04
   13.562011718750000       -5.82493609E-04
   13.586425781250000       -5.79627173E-04
   13.610839843750000       -5.76785009E-04
   13.635253906250000       -5.73966943E-04
   13.659667968750000       -5.71174780E-04
   13.684082031250000       -5.68406365E-04
   13.708496093750000       -5.65661583E-04
   13.732910156250000       -5.62942121E-04
   13.757324218750000       -5.60244138E-04
   13.781738281250000       -5.57571184E-04
   13.806152343750000       -5.54919417E-04
   13.830566406250000       -5.52292389E-04
   13.854980468750000       -5.49686200E-04
   13.879394531250000       -5.47104399E-04
   13.903808593750000       -5.44543203E-04
   13.928222656250000       -5.42002497E-04
   13.952636718750000       -5.39485773E-04
   13.977050781250000       -5.36989188E-04
   14.001464843750000       -5.34512743E-04
   14.025878906250000       -5.32057951E-04
   14.050292968750000       -5.29624813E-04
   14.074707031250000       -5.27211349E-04
   14.099121093750000       -5.24819188E-04
   14.123535156250000       -5.22444665E-04
   14.147949218750000       -5.20093017E-04
   14.172363281250000       -5.17758774E-04
   14.196777343750000       -5.15443622E-04
   14.221191406250000       -5.13149134E-04
   14.245605468750000       -5.10873448E-04
   14.270019531250000       -5.08616504E-04
   14.294433593750000       -5.06378128E-04
   14.318847656250000       -5.04158204E-04
   14.343261718750000       -5.01954986E-04
   14.367675781250000       -4.99771733E-04
   14.392089843750000       -4.97606583E-04
   14.416503906250000       -4.95457789E-04
   14.440917968750000       -4.93326923E-04
   14.465332031250000       -4.91213868E-04
   14.489746093750000       -4.89116821E-04
   14.514160156250000       -4.87037410E-04
   14.538574218750000       -4.84975491E-04
   14.562988281250000       -4.82929288E-04
   14.587402343750000       -4.80900402E-04
   14.611816406250000       -4.78887057E-04
   14.636230468750000       -4.76890797E-04
   14.660644531250000       -4.74909903E-04
   14.685058593750000       -4.72944288E-04
   14.709472656250000       -4.70995466E-04
   14.733886718750000       -4.69061721E-04
   14.758300781250000       -4.67142963E-04
   14.782714843750000       -4.65240737E-04
   14.807128906250000       -4.63351695E-04
   14.831542968750000       -4.61479009E-04
   14.855957031250000       -4.59620962E-04
   14.880371093750000       -4.57775895E-04
   14.904785156250000       -4.55946865E-04
   14.929199218750000       -4.54132271E-04
   14.953613281250000       -4.52331937E-04
   14.978027343750000       -4.50544292E-04
   15.002441406250000       -4.48772364E-04
   15.026855468750000       -4.47012921E-04
   15.051269531250000       -4.45267477E-04
   15.075683593750000       -4.43535944E-04
   15.100097656250000       -4.41818236E-04
   15.124511718750000       -4.40112752E-04
   15.148925781250000       -4.38420946E-04
   15.173339843750000       -4.36742761E-04
   15.197753906250000       -4.35076538E-04
   15.222167968750000       -4.33423818E-04
   15.246582031250000       -4.31782915E-04
   15.270996093750000       -4.30155371E-04
   15.295410156250000       -4.28539526E-04
   15.319824218750000       -4.26936866E-04
   15.344238281250000       -4.25345788E-04
   15.368652343750000       -4.23767779E-04
   15.393066406250000       -4.22199693E-04
   15.417480468750000       -4.20644530E-04
   15.441894531250000       -4.19102202E-04
   15.466308593750000       -4.17571136E-04
   15.490722656250000       -4.16049792E-04
   15.515136718750000       -4.14541108E-04
   15.539550781250000       -4.13044996E-04
   15.563964843750000       -4.11558431E-04
   15.588378906250000       -4.10084351E-04
   15.612792968750000       -4.08619671E-04
   15.637207031250000       -4.07167332E-04
   15.661621093750000       -4.05724335E-04
   15.686035156250000       -4.04293532E-04
   15.710449218750000       -4.02871985E-04
   15.734863281250000       -4.01462516E-04
   15.759277343750000       -4.00062156E-04
   15.783691406250000       -3.98672331E-04
   15.808105468750000       -3.97292984E-04
   15.832519531250000       -3.95924086E-04
   15.856933593750000       -3.94565519E-04
   15.881347656250000       -3.93217255E-04
   15.905761718750000       -3.91877838E-04
   15.930175781250000       -3.90548637E-04
   15.954589843750000       -3.89228167E-04
   15.979003906250000       -3.87919223E-04
   16.003417968750000       -3.86618922E-04
   16.027832031250000       -3.85327206E-04
   16.052246093750000       -3.84045474E-04
   16.076660156250000       -3.82773665E-04
   16.101074218750000       -3.81510297E-04
   16.125488281250000       -3.80256766E-04
   16.149902343750000       -3.79011588E-04
   16.174316406250000       -3.77776159E-04
   16.198730468750000       -3.76549026E-04
   16.223144531250000       -3.75331525E-04
   16.247558593750000       -3.74122203E-04
   16.271972656250000       -3.72921058E-04
   16.296386718750000       -3.71729431E-04
   16.320800781250000       -3.70545895E-04
   16.345214843750000       -3.69371759E-04
   16.369628906250000       -3.68204230E-04
   16.394042968750000       -3.67046072E-04
   16.418457031250000       -3.65895830E-04
   16.442871093750000       -3.64754815E-04
   16.467285156250000       -3.63620318E-04
   16.491699218750000       -3.62494960E-04
   16.516113281250000       -3.61377402E-04
   16.540527343750000       -3.60267557E-04
   16.564941406250000       -3.59165424E-04
   16.589355468750000       -3.58070945E-04
   16.613769531250000       -3.56985431E-04
   16.638183593750000       -3.55906173E-04
   16.662597656250000       -3.54834483E-04
   16.687011718750000       -3.53771640E-04
   16.711425781250000       -3.52714938E-04
   16.735839843750000       -3.51665716E-04
   16.760253906250000       -3.50625225E-04
   16.784667968750000       -3.49590788E-04
   16.809082031250000       -3.48563713E-04
   16.833496093750000       -3.47543944E-04
   16.857910156250000       -3.46531480E-04
   16.882324218750000       -3.45526263E-04
   16.906738281250000       -3.44526925E-04
   16.931152343750000       -3.43536114E-04
   16.955566406250000       -3.42551153E-04
   16.979980468750000       -3.41573323E-04
   17.004394531250000       -3.40601284E-04
   17.028808593750000       -3.39637598E-04
   17.053222656250000       -3.38679674E-04
   17.077636718750000       -3.37728736E-04
   17.102050781250000       -3.36783472E-04
   17.126464843750000       -3.35846475E-04
   17.150878906250000       -3.34913784E-04
   17.175292968750000       -3.33989301E-04
   17.199707031250000       -3.33070406E-04
   17.224121093750000       -3.32158321E-04
   17.248535156250000       -3.31251736E-04
   17.272949218750000       -3.30351962E-04
   17.297363281250000       -3.29457660E-04
   17.321777343750000       -3.28570080E-04
   17.346191406250000       -3.27689195E-04
   17.370605468750000       -3.26813693E-04
   17.395019531250000       -3.25943576E-04
   17.419433593750000       -3.25080095E-04
   17.443847656250000       -3.24221910E-04
   17.468261718750000       -3.23370303E-04
   17.492675781250000       -3.22523993E-04
   17.517089843750000       -3.21684201E-04
   17.541503906250000       -3.20849620E-04
   17.565917968750000       -3.20020248E-04
   17.590332031250000       -3.19197337E-04
   17.614746093750000       -3.18379578E-04
   17.639160156250000       -3.17566970E-04
   17.663574218750000       -3.16760736E-04
   17.687988281250000       -3.15959594E-04
   17.712402343750000       -3.15163546E-04
   17.736816406250000       -3.14372563E-04
   17.761230468750000       -3.13587836E-04
   17.785644531250000       -3.12808144E-04
   17.810058593750000       -3.12033430E-04
   17.834472656250000       -3.11264943E-04
   17.858886718750000       -3.10501404E-04
   17.883300781250000       -3.09741590E-04
   17.907714843750000       -3.08987888E-04
   17.932128906250000       -3.08239105E-04
   17.956542968750000       -3.07496433E-04
   17.980957031250000       -3.06757371E-04
   18.005371093750000       -3.06024391E-04
   18.029785156250000       -3.05294991E-04
   18.054199218750000       -3.04571615E-04
   18.078613281250000       -3.03853041E-04
   18.103027343750000       -3.03139212E-04
   18.127441406250000       -3.02428933E-04
   18.151855468750000       -3.01724591E-04
   18.176269531250000       -3.01024935E-04
   18.200683593750000       -3.00329993E-04
   18.225097656250000       -2.99639738E-04
   18.249511718750000       -2.98954110E-04
   18.273925781250000       -2.98273138E-04
   18.298339843750000       -2.97596795E-04
   18.322753906250000       -2.96925078E-04
   18.347167968750000       -2.96256709E-04
   18.371582031250000       -2.95594131E-04
   18.395996093750000       -2.94936122E-04
   18.420410156250000       -2.94281461E-04
   18.444824218750000       -2.93632504E-04
   18.469238281250000       -2.92986864E-04
   18.493652343750000       -2.92345707E-04
   18.518066406250000       -2.91709061E-04
   18.542480468750000       -2.91076838E-04
   18.566894531250000       -2.90447904E-04
   18.591308593750000       -2.89824588E-04
   18.615722656250000       -2.89204501E-04
   18.640136718750000       -2.88588810E-04
   18.664550781250000       -2.87977513E-04
   18.688964843750000       -2.87370553E-04
   18.713378906250000       -2.86766823E-04
   18.737792968750000       -2.86167400E-04
   18.762207031250000       -2.85572343E-04
   18.786621093750000       -2.84981565E-04
   18.811035156250000       -2.84393929E-04
   18.835449218750000       -2.83810601E-04
   18.859863281250000       -2.83231522E-04
   18.884277343750000       -2.82656722E-04
   18.908691406250000       -2.82084977E-04
   18.933105468750000       -2.81517481E-04
   18.957519531250000       -2.80953042E-04
   18.981933593750000       -2.80392793E-04
   19.006347656250000       -2.79836764E-04
   19.030761718750000       -2.79283733E-04
   19.055175781250000       -2.78736028E-04
   19.079589843750000       -2.78190186E-04
   19.104003906250000       -2.77648476E-04
   19.128417968750000       -2.77110899E-04
   19.152832031250000       -2.76577426E-04
   19.177246093750000       -2.76046921E-04
   19.201660156250000       -2.75519356E-04
   19.226074218750000       -2.74997030E-04
   19.250488281250000       -2.74476479E-04
   19.274902343750000       -2.73961108E-04
   19.299316406250000       -2.73447513E-04
   19.323730468750000       -2.72939069E-04
   19.348144531250000       -2.72433535E-04
   19.372558593750000       -2.71930854E-04
   19.396972656250000       -2.71432189E-04
   19.421386718750000       -2.70936376E-04
   19.445800781250000       -2.70444521E-04
   19.470214843750000       -2.69955519E-04
   19.494628906250000       -2.69470445E-04
   19.519042968750000       -2.68988224E-04
   19.543457031250000       -2.68509903E-04
   19.567871093750000       -2.68034375E-04
   19.592285156250000       -2.67561642E-04
   19.616699218750000       -2.67092808E-04
   19.641113281250000       -2.66626768E-04
   19.665527343750000       -2.66164570E-04
   19.689941406250000       -2.65705137E-04
   19.714355468750000       -2.65249546E-04
   19.738769531250000       -2.64796690E-04
   19.763183593750000       -2.64346570E-04
   19.787597656250000       -2.63900292E-04
   19.812011718750000       -2.63456692E-04
   19.836425781250000       -2.63015798E-04
   19.860839843750000       -2.62578717E-04
   19.885253906250000       -2.62144284E-04
   19.909667968750000       -2.61712557E-04
   19.934082031250000       -2.61284586E-04
   19.958496093750000       -2.60859262E-04
   19.982910156250000       -2.60436587E-04
   20.007324218750000       -2.60017667E-04
   20.031738281250000       -2.59601366E-04
   20.056152343750000       -2.59187713E-04
   20.080566406250000       -2.58777727E-04
   20.104980468750000       -2.58369313E-04
   20.129394531250000       -2.57964566E-04
   20.153808593750000       -2.57563486E-04
   20.178222656250000       -2.57163920E-04
   20.202636718750000       -2.56768020E-04
   20.227050781250000       -2.56374711E-04
   20.251464843750000       -2.55983934E-04
   20.275878906250000       -2.55596824E-04
   20.300292968750000       -2.55212246E-04
   20.324707031250000       -2.54830229E-04
   20.349121093750000       -2.54450744E-04
   20.373535156250000       -2.54073762E-04
   20.397949218750000       -2.53700418E-04
   20.422363281250000       -2.53328501E-04
   20.446777343750000       -2.52960162E-04
   20.471191406250000       -2.52594327E-04
   20.495605468750000       -2.52232043E-04
   20.520019531250000       -2.51871184E-04
   20.544433593750000       -2.51512829E-04
   20.568847656250000       -2.51157995E-04
   20.593261718750000       -2.50805635E-04
   20.617675781250000       -2.50455749E-04
   20.642089843750000       -2.50108307E-04
   20.666503906250000       -2.49764387E-04
   20.690917968750000       -2.49421835E-04
   20.715332031250000       -2.49081728E-04
   20.739746093750000       -2.48745113E-04
   20.764160156250000       -2.48410943E-04
   20.788574218750000       -2.48079159E-04
   20.812988281250000       -2.47749791E-04
   20.837402343750000       -2.47422839E-04
   20.861816406250000       -2.47098302E-04
   20.886230468750000       -2.46776151E-04
   20.910644531250000       -2.46456388E-04
   20.935058593750000       -2.46139010E-04
   20.959472656250000       -2.45825038E-04
   20.983886718750000       -2.45512434E-04
   21.008300781250000       -2.45203206E-04
   21.032714843750000       -2.44895316E-04
   21.057128906250000       -2.44590803E-04
   21.081542968750000       -2.44288676E-04
   21.105957031250000       -2.43987830E-04
   21.130371093750000       -2.43690360E-04
   21.154785156250000       -2.43395247E-04
   21.179199218750000       -2.43101400E-04
   21.203613281250000       -2.42810929E-04
   21.228027343750000       -2.42522772E-04
   21.252441406250000       -2.42236929E-04
   21.276855468750000       -2.41952366E-04
   21.301269531250000       -2.41671136E-04
   21.325683593750000       -2.41392205E-04
   21.350097656250000       -2.41115573E-04
   21.374511718750000       -2.40840192E-04
   21.398925781250000       -2.40568130E-04
   21.423339843750000       -2.40298352E-04
   21.447753906250000       -2.40029811E-04
   21.472167968750000       -2.39764573E-04
   21.496582031250000       -2.39501605E-04
   21.520996093750000       -2.39239860E-04
   21.545410156250000       -2.38981418E-04
   21.569824218750000       -2.38724184E-04
   21.594238281250000       -2.38469191E-04
   21.618652343750000       -2.38217486E-04
   21.643066406250000       -2.37966990E-04
   21.667480468750000       -2.37718719E-04
   21.691894531250000       -2.37472690E-04
   21.716308593750000       -2.37228873E-04
   21.740722656250000       -2.36987282E-04
   21.765136718750000       -2.36747917E-04
   21.789550781250000       -2.36510765E-04
   21.813964843750000       -2.36275824E-04
   21.838378906250000       -2.36042062E-04
   21.862792968750000       -2.35811516E-04
   21.887207031250000       -2.35582149E-04
   21.911621093750000       -2.35354993E-04
   21.936035156250000       -2.35131025E-04
   21.960449218750000       -2.34908235E-04
   21.984863281250000       -2.34687628E-04
   22.009277343750000       -2.34468185E-04
   22.033691406250000       -2.34251929E-04
   22.058105468750000       -2.34037841E-04
   22.082519531250000       -2.33824903E-04
   22.106933593750000       -2.33614133E-04
   22.131347656250000       -2.33406550E-04
   22.155761718750000       -2.33200102E-04
   22.180175781250000       -2.32994789E-04
   22.204589843750000       -2.32792634E-04
   22.229003906250000       -2.32592633E-04
   22.253417968750000       -2.32393766E-04
   22.277832031250000       -2.32197039E-04
   22.302246093750000       -2.32003455E-04
   22.326660156250000       -2.31811006E-04
   22.351074218750000       -2.31619662E-04
   22.375488281250000       -2.31431462E-04
   22.399902343750000       -2.31244383E-04
   22.424316406250000       -2.31060418E-04
   22.448730468750000       -2.30877573E-04
   22.473144531250000       -2.30696838E-04
   22.497558593750000       -2.30517209E-04
   22.521972656250000       -2.30340709E-04
   22.546386718750000       -2.30165286E-04
   22.570800781250000       -2.29991987E-04
   22.595214843750000       -2.29820769E-04
   22.619628906250000       -2.29651661E-04
   22.644042968750000       -2.29484649E-04
   22.668457031250000       -2.29318728E-04
   22.692871093750000       -2.29154888E-04
   22.717285156250000       -2.28993129E-04
   22.741699218750000       -2.28833465E-04
   22.766113281250000       -2.28674879E-04
   22.790527343750000       -2.28519362E-04
   22.814941406250000       -2.28364923E-04
   22.839355468750000       -2.28212564E-04
   22.863769531250000       -2.28061283E-04
   22.888183593750000       -2.27913057E-04
   22.912597656250000       -2.27765908E-04
   22.937011718750000       -2.27620811E-04
   22.961425781250000       -2.27477780E-04
   22.985839843750000       -2.27335811E-04
   23.010253906250000       -2.27195895E-04
   23.034667968750000       -2.27058044E-04
   23.059082031250000       -2.26922231E-04
   23.083496093750000       -2.26788485E-04
   23.107910156250000       -2.26655771E-04
   23.132324218750000       -2.26525110E-04
   23.156738281250000       -2.26396500E-04
   23.181152343750000       -2.26268923E-04
   23.205566406250000       -2.26144388E-04
   23.229980468750000       -2.26020900E-04
   23.254394531250000       -2.25898446E-04
   23.278808593750000       -2.25779033E-04
   23.303222656250000       -2.25660639E-04
   23.327636718750000       -2.25544281E-04
   23.352050781250000       -2.25429962E-04
   23.376464843750000       -2.25316660E-04
   23.400878906250000       -2.25206386E-04
   23.425292968750000       -2.25097130E-04
   23.449707031250000       -2.24988908E-04
   23.474121093750000       -2.24883712E-04
   23.498535156250000       -2.24779520E-04
   23.522949218750000       -2.24677351E-04
   23.547363281250000       -2.24576201E-04
   23.571777343750000       -2.24477073E-04
   23.596191406250000       -2.24379954E-04
   23.620605468750000       -2.24284842E-04
   23.645019531250000       -2.24191739E-04
   23.669433593750000       -2.24099640E-04
   23.693847656250000       -2.24009564E-04
   23.718261718750000       -2.23920491E-04
   23.742675781250000       -2.23833413E-04
   23.767089843750000       -2.23748357E-04
   23.791503906250000       -2.23665280E-04
   23.815917968750000       -2.23584211E-04
   23.840332031250000       -2.23504147E-04
   23.864746093750000       -2.23425086E-04
   23.889160156250000       -2.23349023E-04
   23.913574218750000       -2.23273950E-04
   23.937988281250000       -2.23200870E-04
   23.962402343750000       -2.23129784E-04
   23.986816406250000       -2.23059702E-04
   24.011230468750000       -2.22991599E-04
   24.035644531250000       -2.22925490E-04
   24.060058593750000       -2.22860384E-04
   24.084472656250000       -2.22797258E-04
   24.108886718750000       -2.22736111E-04
   24.133300781250000       -2.22676957E-04
   24.157714843750000       -2.22618793E-04
   24.182128906250000       -2.22562623E-04
   24.206542968750000       -2.22507428E-04
   24.230957031250000       -2.22454226E-04
   24.255371093750000       -2.22403003E-04
   24.279785156250000       -2.22353745E-04
   24.304199218750000       -2.22305491E-04
   24.328613281250000       -2.22259201E-04
   24.353027343750000       -2.22214905E-04
   24.377441406250000       -2.22171584E-04
   24.401855468750000       -2.22130242E-04
   24.426269531250000       -2.22090879E-04
   24.450683593750000       -2.22053481E-04
   24.475097656250000       -2.22017072E-04
   24.499511718750000       -2.21981652E-04
   24.523925781250000       -2.21949187E-04
   24.548339843750000       -2.21917711E-04
   24.572753906250000       -2.21888200E-04
   24.597167968750000       -2.21859678E-04
   24.621582031250000       -2.21833136E-04
   24.645996093750000       -2.21808543E-04
   24.670410156250000       -2.21785929E-04
   24.694824218750000       -2.21764305E-04
   24.719238281250000       -2.21744631E-04
   24.743652343750000       -2.21726936E-04
   24.768066406250000       -2.21710230E-04
   24.792480468750000       -2.21695489E-04
   24.816894531250000       -2.21681723E-04
   24.841308593750000       -2.21670911E-04
   24.865722656250000       -2.21661074E-04
   24.890136718750000       -2.21652241E-04
   24.914550781250000       -2.21645358E-04
   24.938964843750000       -2.21640439E-04
   24.963378906250000       -2.21637485E-04
   24.987792968750000       -2.21635521E-04
   25.012207031250000       -2.21635521E-04
   25.036621093750000       -2.21637485E-04
   25.061035156250000       -2.21640439E-04
   25.085449218750000       -2.21645358E-04
   25.109863281250000       -2.21652241E-04
   25.134277343750000       -2.21661074E-04
   25.158691406250000       -2.21670911E-04
   25.183105468750000       -2.21681723E-04
   25.207519531250000       -2.21695489E-04
   25.231933593750000       -2.21710230E-04
   25.256347656250000       -2.21726936E-04
   25.280761718750000       -2.21744631E-04
   25.305175781250000       -2.21764305E-04
   25.329589843750000       -2.21785929E-04
   25.354003906250000       -2.21808543E-04
   25.378417968750000       -2.21833136E-04
   25.402832031250000       -2.21859678E-04
   25.427246093750000       -2.21888200E-04
   25.451660156250000       -2.21917711E-04
   25.476074218750000       -2.21949187E-04
   25.500488281250000       -2.21981652E-04
   25.524902343750000       -2.22017072E-04
   25.549316406250000       -2.22053481E-04
   25.573730468750000       -2.22090879E-04
   25.598144531250000       -2.22130242E-04
   25.622558593750000       -2.22171584E-04
   25.646972656250000       -2.22214905E-04
   25.671386718750000       -2.22259201E-04
   25.695800781250000       -2.22305491E-04
   25.720214843750000       -2.22353745E-04
   25.744628906250000       -2.22403003E-04
   25.769042968750000       -2.22454226E-04
   25.793457031250000       -2.22507428E-04
   25.817871093750000       -2.22562623E-04
   25.842285156250000       -2.22618793E-04
   25.866699218750000       -2.22676957E-04
   25.891113281250000       -2.22736111E-04
   25.915527343750000       -2.22797258E-04
   25.939941406250000       -2.22860384E-04
   25.964355468750000       -2.22925490E-04
   25.988769531250000       -2.22991599E-04
   26.013183593750000       -2.23059702E-04
   26.037597656250000       -2.23129784E-04
   26.062011718750000       -2.23200870E-04
   26.086425781250000       -2.23273950E-04
   26.110839843750000       -2.23349023E-04
   26.135253906250000       -2.23425086E-04
   26.159667968750000       -2.23504147E-04
   26.184082031250000       -2.23584211E-04
   26.208496093750000       -2.23665280E-04
   26.232910156250000       -2.23748357E-04
   26.257324218750000       -2.23833413E-04
   26.281738281250000       -2.23920491E-04
   26.306152343750000       -2.24009564E-04
   26.330566406250000       -2.24099640E-04
   26.354980468750000       -2.24191739E-04
   26.379394531250000       -2.24284842E-04
   26.403808593750000       -2.24379954E-04
   26.428222656250000       -2.24477073E-04
   26.452636718750000       -2.24576201E-04
   26.477050781250000       -2.24677351E-04
   26.501464843750000       -2.24779520E-04
   26.525878906250000       -2.24883712E-04
   26.550292968750000       -2.24988908E-04
   26.574707031250000       -2.25097130E-04
   26.599121093750000       -2.25206386E-04
   26.623535156250000       -2.25316660E-04
   26.647949218750000       -2.25429962E-04
   26.672363281250000       -2.25544281E-04
   26.696777343750000       -2.25660639E-04
   26.721191406250000       -2.25779033E-04
   26.745605468750000       -2.25898446E-04
   26.770019531250000       -2.26020900E-04
   26.794433593750000       -2.26144388E-04
   26.818847656250000       -2.26268923E-04
   26.843261718750000       -2.26396500E-04
   26.867675781250000       -2.26525110E-04
   26.892089843750000       -2.26655771E-04
   26.916503906250000       -2.26788485E-04
   26.940917968750000       -2.26922231E-04
   26.965332031250000       -2.27058044E-04
   26.989746093750000       -2.27195895E-04
   27.014160156250000       -2.27335811E-04
   27.038574218750000       -2.27477780E-04
   27.062988281250000       -2.27620811E-04
   27.087402343750000       -2.27765908E-04
   27.111816406250000       -2.27913057E-04
   27.136230468750000       -2.28061283E-04
   27.160644531250000       -2.28212564E-04
   27.185058593750000       -2.28364923E-04
   27.209472656250000       -2.28519362E-04
   27.233886718750000       -2.28674879E-04
   27.258300781250000       -2.28833465E-04
   27.282714843750000       -2.28993129E-04
   27.307128906250000       -2.29154888E-04
   27.331542968750000       -2.29318728E-04
   27.355957031250000       -2.29484649E-04
   27.380371093750000       -2.29651661E-04
   27.404785156250000       -2.29820769E-04
   27.429199218750000       -2.29991987E-04
   27.453613281250000       -2.30165286E-04
   27.478027343750000       -2.30340709E-04
   27.502441406250000       -2.30517209E-04
   27.526855468750000       -2.30696838E-04
   27.551269531250000       -2.30877573E-04
   27.575683593750000       -2.31060418E-04
   27.600097656250000       -2.31244383E-04
   27.624511718750000       -2.31431462E-04
   27.648925781250000       -2.31619662E-04
   27.673339843750000       -2.31811006E-04
   27.697753906250000       -2.32003455E-04
   27.722167968750000       -2.32197039E-04
   27.746582031250000       -2.32393766E-04
   27.770996093750000       -2.32592633E-04
   27.795410156250000       -2.32792634E-04
   27.819824218750000       -2.32994789E-04
   27.844238281250000       -2.33200102E-04
   27.868652343750000       -2.33406550E-04
   27.893066406250000       -2.33614133E-04
   27.917480468750000       -2.33824903E-04
   27.941894531250000       -2.34037841E-04
   27.966308593750000       -2.34251929E-04
   27.990722656250000       -2.34468185E-04
   28.015136718750000       -2.34687628E-04
   28.039550781250000       -2.34908235E-04
   28.063964843750000       -2.35131025E-04
   28.088378906250000       -2.35354993E-04
   28.112792968750000       -2.35582149E-04
   28.137207031250000       -2.35811516E-04
   28.161621093750000       -2.36042062E-04
   28.186035156250000       -2.36275824E-04
   28.210449218750000       -2.36510765E-04
   28.234863281250000       -2.36747917E-04
   28.259277343750000       -2.36987282E-04
   28.283691406250000       -2.37228873E-04
   28.308105468750000       -2.37472690E-04
   28.332519531250000       -2.37718719E-04
   28.356933593750000       -2.37966990E-04
   28.381347656250000       -2.38217486E-04
   28.405761718750000       -2.38469191E-04
   28.430175781250000       -2.38724184E-04
   28.454589843750000       -2.38981418E-04
   28.479003906250000       -2.39239860E-04
   28.503417968750000       -2.39501605E-04
   28.527832031250000       -2.39764573E-04
   28.552246093750000       -2.40029811E-04
   28.576660156250000       -2.40298352E-04
   28.601074218750000       -2.40568130E-04
   28.625488281250000       -2.40840192E-04
   28.649902343750000       -2.41115573E-04
   28.674316406250000       -2.41392205E-04
   28.698730468750000       -2.41671136E-04
   28.723144531250000       -2.41952366E-04
   28.747558593750000       -2.42236929E-04
   28.771972656250000       -2.42522772E-04
   28.796386718750000       -2.42810929E-04
   28.820800781250000       -2.43101400E-04
   28.845214843750000       -2.43395247E-04
   28.869628906250000       -2.43690360E-04
   28.894042968750000       -2.43987830E-04
   28.918457031250000       -2.44288676E-04
   28.942871093750000       -2.44590803E-04
   28.967285156250000       -2.44895316E-04
   28.991699218750000       -2.45203206E-04
   29.016113281250000       -2.45512434E-04
   29.040527343750000       -2.45825038E-04
   29.064941406250000       -2.46139010E-04
   29.089355468750000       -2.46456388E-04
   29.113769531250000       -2.46776151E-04
   29.138183593750000       -2.47098302E-04
   29.162597656250000       -2.47422839E-04
   29.187011718750000       -2.47749791E-04
   29.211425781250000       -2.48079159E-04
   29.235839843750000       -2.48410943E-04
   29.260253906250000       -2.48745113E-04
   29.284667968750000       -2.49081728E-04
   29.309082031250000       -2.49421835E-04
   29.333496093750000       -2.49764387E-04
   29.357910156250000       -2.50108307E-04
   29.382324218750000       -2.50455749E-04
   29.406738281250000       -2.50805635E-04
   29.431152343750000       -2.51157995E-04
   29.455566406250000       -2.51512829E-04
   29.479980468750000       -2.51871184E-04
   29.504394531250000       -2.52232043E-04
   29.528808593750000       -2.52594327E-04
   29.553222656250000       -2.52960162E-04
   29.577636718750000       -2.53328501E-04
   29.602050781250000       -2.53700418E-04
   29.626464843750000       -2.54073762E-04
   29.650878906250000       -2.54450744E-04
   29.675292968750000       -2.54830229E-04
   29.699707031250000       -2.55212246E-04
   29.724121093750000       -2.55596824E-04
   29.748535156250000       -2.55983934E-04
   29.772949218750000       -2.56374711E-04
   29.797363281250000       -2.56768020E-04
   29.821777343750000       -2.57163920E-04
   29.846191406250000       -2.57563486E-04
   29.870605468750000       -2.57964566E-04
   29.895019531250000       -2.58369313E-04
   29.919433593750000       -2.58777727E-04
   29.943847656250000       -2.59187713E-04
   29.968261718750000       -2.59601366E-04
   29.992675781250000       -2.60017667E-04
   30.017089843750000       -2.60436587E-04
   30.041503906250000       -2.60859262E-04
   30.065917968750000       -2.61284586E-04
   30.090332031250000       -2.61712557E-04
   30.114746093750000       -2.62144284E-04
   30.139160156250000       -2.62578717E-04
   30.163574218750000       -2.63015798E-04
   30.187988281250000       -2.63456692E-04
   30.212402343750000       -2.63900292E-04
   30.236816406250000       -2.64346570E-04
   30.261230468750000       -2.64796690E-04
   30.285644531250000       -2.65249546E-04
   30.310058593750000       -2.65705137E-04
   30.334472656250000       -2.66164570E-04
   30.358886718750000       -2.66626768E-04
   30.383300781250000       -2.67092808E-04
   30.407714843750000       -2.67561642E-04
   30.432128906250000       -2.68034375E-04
   30.456542968750000       -2.68509903E-04
   30.480957031250000       -2.68988224E-04
   30.505371093750000       -2.69470445E-04
   30.529785156250000       -2.69955519E-04
   30.554199218750000       -2.70444521E-04
   30.578613281250000       -2.70936376E-04
   30.603027343750000       -2.71432189E-04
   30.627441406250000       -2.71930854E-04
   30.651855468750000       -2.72433535E-04
   30.676269531250000       -2.72939069E-04
   30.700683593750000       -2.73447513E-04
   30.725097656250000       -2.73961108E-04
   30.749511718750000       -2.74476479E-04
   30.773925781250000       -2.74997030E-04
   30.798339843750000       -2.75519356E-04
   30.822753906250000       -2.76046921E-04
   30.847167968750000       -2.76577426E-04
   30.871582031250000       -2.77110899E-04
   30.895996093750000       -2.77648476E-04
   30.920410156250000       -2.78190186E-04
   30.944824218750000       -2.78736028E-04
   30.969238281250000       -2.79283733E-04
   30.993652343750000       -2.79836764E-04
   31.018066406250000       -2.80392793E-04
   31.042480468750000       -2.80953042E-04
   31.066894531250000       -2.81517481E-04
   31.091308593750000       -2.82084977E-04
   31.115722656250000       -2.82656722E-04
   31.140136718750000       -2.83231522E-04
   31.164550781250000       -2.83810601E-04
   31.188964843750000       -2.84393929E-04
   31.213378906250000       -2.84981565E-04
   31.237792968750000       -2.85572343E-04
   31.262207031250000       -2.86167400E-04
   31.286621093750000       -2.86766823E-04
   31.311035156250000       -2.87370553E-04
   31.335449218750000       -2.87977513E-04
   31.359863281250000       -2.88588810E-04
   31.384277343750000       -2.89204501E-04
   31.408691406250000       -2.89824588E-04
   31.433105468750000       -2.90447904E-04
   31.457519531250000       -2.91076838E-04
   31.481933593750000       -2.91709061E-04
   31.506347656250000       -2.92345707E-04
   31.530761718750000       -2.92986864E-04
   31.555175781250000       -2.93632504E-04
   31.579589843750000       -2.94281461E-04
   31.604003906250000       -2.94936122E-04
   31.628417968750000       -2.95594131E-04
   31.652832031250000       -2.96256709E-04
   31.677246093750000       -2.96925078E-04
   31.701660156250000       -2.97596795E-04
   31.726074218750000       -2.98273138E-04
   31.750488281250000       -2.98954110E-04
   31.774902343750000       -2.99639738E-04
   31.799316406250000       -3.00329993E-04
   31.823730468750000       -3.01024935E-04
   31.848144531250000       -3.01724591E-04
   31.872558593750000       -3.02428933E-04
   31.896972656250000       -3.03139212E-04
   31.921386718750000       -3.03853041E-04
   31.945800781250000       -3.04571615E-04
   31.970214843750000       -3.05294991E-04
   31.994628906250000       -3.06024391E-04
   32.019042968750000       -3.06757371E-04
   32.043457031250000       -3.07496433E-04
   32.067871093750000       -3.08239105E-04
   32.092285156250000       -3.08987888E-04
   32.116699218750000       -3.09741590E-04
   32.141113281250000       -3.10501404E-04
   32.165527343750000       -3.11264943E-04
   32.189941406250000       -3.12033430E-04
   32.214355468750000       -3.12808144E-04
   32.238769531250000       -3.13587836E-04
   32.263183593750000       -3.14372563E-04
   32.287597656250000       -3.15163546E-04
   32.312011718750000       -3.15959594E-04
   32.336425781250000       -3.16760736E-04
   32.360839843750000       -3.17566970E-04
   32.385253906250000       -3.18379578E-04
   32.409667968750000       -3.19197337E-04
   32.434082031250000       -3.20020248E-04
   32.458496093750000       -3.20849620E-04
   32.482910156250000       -3.21684201E-04
   32.507324218750000       -3.22523993E-04
   32.531738281250000       -3.23370303E-04
   32.556152343750000       -3.24221910E-04
   32.580566406250000       -3.25080095E-04
   32.604980468750000       -3.25943576E-04
   32.629394531250000       -3.26813693E-04
   32.653808593750000       -3.27689195E-04
   32.678222656250000       -3.28570080E-04
   32.702636718750000       -3.29457660E-04
   32.727050781250000       -3.30351962E-04
   32.751464843750000       -3.31251736E-04
   32.775878906250000       -3.32158321E-04
   32.800292968750000       -3.33070406E-04
   32.824707031250000       -3.33989301E-04
   32.849121093750000       -3.34913784E-04
   32.873535156250000       -3.35846475E-04
   32.897949218750000       -3.36783472E-04
   32.922363281250000       -3.37728736E-04
   32.946777343750000       -3.38679674E-04
   32.971191406250000       -3.39637598E-04
   32.995605468750000       -3.40601284E-04
   33.020019531250000       -3.41573323E-04
   33.044433593750000       -3.42551153E-04
   33.068847656250000       -3.43536114E-04
   33.093261718750000       -3.44526925E-04
   33.117675781250000       -3.45526263E-04
   33.142089843750000       -3.46531480E-04
   33.166503906250000       -3.47543944E-04
   33.190917968750000       -3.48563713E-04
   33.215332031250000       -3.49590788E-04
   33.239746093750000       -3.50625225E-04
   33.264160156250000       -3.51665716E-04
   33.288574218750000       -3.52714938E-04
   33.312988281250000       -3.53771640E-04
   33.337402343750000       -3.54834483E-04
   33.361816406250000       -3.55906173E-04
   33.386230468750000       -3.56985431E-04
   33.410644531250000       -3.58070945E-04
   33.435058593750000       -3.59165424E-04
   33.459472656250000       -3.60267557E-04
   33.483886718750000       -3.61377402E-04
   33.508300781250000       -3.62494960E-04
   33.532714843750000       -3.63620318E-04
   33.557128906250000       -3.64754815E-04
   33.581542968750000       -3.65895830E-04
   33.605957031250000       -3.67046072E-04
   33.630371093750000       -3.68204230E-04
   33.654785156250000       -3.69371759E-04
   33.679199218750000       -3.70545895E-04
   33.703613281250000       -3.71729431E-04
   33.728027343750000       -3.72921058E-04
   33.752441406250000       -3.74122203E-04
   33.776855468750000       -3.75331525E-04
   33.801269531250000       -3.76549026E-04
   33.825683593750000       -3.77776159E-04
   33.850097656250000       -3.79011588E-04
   33.874511718750000       -3.80256766E-04
   33.898925781250000       -3.81510297E-04
   33.923339843750000       -3.82773665E-04
   33.947753906250000       -3.84045474E-04
   33.972167968750000       -3.85327206E-04
   33.996582031250000       -3.86618922E-04
   34.020996093750000       -3.87919223E-04
   34.045410156250000       -3.89228167E-04
   34.069824218750000       -3.90548637E-04
   34.094238281250000       -3.91877838E-04
   34.118652343750000       -3.93217255E-04
   34.143066406250000       -3.94565519E-04
   34.167480468750000       -3.95924086E-04
   34.191894531250000       -3.97292984E-04
   34.216308593750000       -3.98672331E-04
   34.240722656250000       -4.00062156E-04
   34.265136718750000       -4.01462516E-04
   34.289550781250000       -4.02871985E-04
   34.313964843750000       -4.04293532E-04
   34.338378906250000       -4.05724335E-04
   34.362792968750000       -4.07167332E-04
   34.387207031250000       -4.08619671E-04
   34.411621093750000       -4.10084351E-04
   34.436035156250000       -4.11558431E-04
   34.460449218750000       -4.13044996E-04
   34.484863281250000       -4.14541108E-04
   34.509277343750000       -4.16049792E-04
   34.533691406250000       -4.17571136E-04
   34.558105468750000       -4.19102202E-04
   34.582519531250000       -4.20644530E-04
   34.606933593750000       -4.22199693E-04
   34.631347656250000       -4.23767779E-04
   34.655761718750000       -4.25345788E-04
   34.680175781250000       -4.26936866E-04
   34.704589843750000       -4.28539526E-04
   34.729003906250000       -4.30155371E-04
   34.753417968750000       -4.31782915E-04
   34.777832031250000       -4.33423818E-04
   34.802246093750000       -4.35076538E-04
   34.826660156250000       -4.36742761E-04
   34.851074218750000       -4.38420946E-04
   34.875488281250000       -4.40112752E-04
   34.899902343750000       -4.41818236E-04
   34.924316406250000       -4.43535944E-04
   34.948730468750000       -4.45267477E-04
   34.973144531250000       -4.47012921E-04
   34.997558593750000       -4.48772364E-04
   35.021972656250000       -4.50544292E-04
   35.046386718750000       -4.52331937E-04
   35.070800781250000       -4.54132271E-04
   35.095214843750000       -4.55946865E-04
   35.119628906250000       -4.57775895E-04
   35.144042968750000       -4.59620962E-04
   35.168457031250000       -4.61479009E-04
   35.192871093750000       -4.63351695E-04
   35.217285156250000       -4.65240737E-04
   35.241699218750000       -4.67142963E-04
   35.266113281250000       -4.69061721E-04
   35.290527343750000       -4.70995466E-04
   35.314941406250000       -4.72944288E-04
   35.339355468750000       -4.74909903E-04
   35.363769531250000       -4.76890797E-04
   35.388183593750000       -4.78887057E-04
   35.412597656250000       -4.80900402E-04
   35.437011718750000       -4.82929288E-04
   35.461425781250000       -4.84975491E-04
   35.485839843750000       -4.87037410E-04
   35.510253906250000       -4.89116821E-04
   35.534667968750000       -4.91213868E-04
   35.559082031250000       -4.93326923E-04
   35.583496093750000       -4.95457789E-04
   35.607910156250000       -4.97606583E-04
   35.632324218750000       -4.99771733E-04
   35.656738281250000       -5.01954986E-04
   35.681152343750000       -5.04158204E-04
   35.705566406250000       -5.06378128E-04
   35.729980468750000       -5.08616504E-04
   35.754394531250000       -5.10873448E-04
   35.778808593750000       -5.13149134E-04
   35.803222656250000       -5.15443622E-04
   35.827636718750000       -5.17758774E-04
   35.852050781250000       -5.20093017E-04
   35.876464843750000       -5.22444665E-04
   35.900878906250000       -5.24819188E-04
   35.925292968750000       -5.27211349E-04
   35.949707031250000       -5.29624813E-04
   35.974121093750000       -5.32057951E-04
   35.998535156250000       -5.34512743E-04
   36.022949218750000       -5.36989188E-04
   36.047363281250000       -5.39485773E-04
   36.071777343750000       -5.42002497E-04
   36.096191406250000       -5.44543203E-04
   36.120605468750000       -5.47104399E-04
   36.145019531250000       -5.49686200E-04
   36.169433593750000       -5.52292389E-04
   36.193847656250000       -5.54919417E-04
   36.218261718750000       -5.57571184E-04
   36.242675781250000       -5.60244138E-04
   36.267089843750000       -5.62942121E-04
   36.291503906250000       -5.65661583E-04
   36.315917968750000       -5.68406365E-04
   36.340332031250000       -5.71174780E-04
   36.364746093750000       -5.73966943E-04
   36.389160156250000       -5.76785009E-04
   36.413574218750000       -5.79627173E-04
   36.437988281250000       -5.82493609E-04
   36.462402343750000       -5.85386413E-04
   36.486816406250000       -5.88303839E-04
   36.511230468750000       -5.91247983E-04
   36.535644531250000       -5.94218960E-04
   36.560058593750000       -5.97215141E-04
   36.584472656250000       -6.00238505E-04
   36.608886718750000       -6.03289343E-04
   36.633300781250000       -6.06367830E-04
   36.657714843750000       -6.09474082E-04
   36.682128906250000       -6.12608332E-04
   36.706542968750000       -6.15768891E-04
   36.730957031250000       -6.18959777E-04
   36.755371093750000       -6.22181222E-04
   36.779785156250000       -6.25429559E-04
   36.804199218750000       -6.28708804E-04
   36.828613281250000       -6.32017327E-04
   36.853027343750000       -6.35357283E-04
   36.877441406250000       -6.38726866E-04
   36.901855468750000       -6.42128347E-04
   36.926269531250000       -6.45559863E-04
   36.950683593750000       -6.49025780E-04
   36.975097656250000       -6.52522198E-04
   36.999511718750000       -6.56051445E-04
   37.023925781250000       -6.59611658E-04
   37.048339843750000       -6.63207204E-04
   37.072753906250000       -6.66836277E-04
   37.097167968750000       -6.70499168E-04
   37.121582031250000       -6.74195995E-04
   37.145996093750000       -6.77929202E-04
   37.170410156250000       -6.81696984E-04
   37.194824218750000       -6.85499515E-04
   37.219238281250000       -6.89339184E-04
   37.243652343750000       -6.93214242E-04
   37.268066406250000       -6.97126961E-04
   37.292480468750000       -7.01077690E-04
   37.316894531250000       -7.05066661E-04
   37.341308593750000       -7.09092128E-04
   37.365722656250000       -7.13158573E-04
   37.390136718750000       -7.17261981E-04
   37.414550781250000       -7.21407065E-04
   37.438964843750000       -7.25591904E-04
   37.463378906250000       -7.29816849E-04
   37.487792968750000       -7.34082190E-04
   37.512207031250000       -7.38390372E-04
   37.536621093750000       -7.42741802E-04
   37.561035156250000       -7.47134618E-04
   37.585449218750000       -7.51569110E-04
   37.609863281250000       -7.56050053E-04
   37.634277343750000       -7.60573428E-04
   37.658691406250000       -7.65143952E-04
   37.683105468750000       -7.69757549E-04
   37.707519531250000       -7.74419052E-04
   37.731933593750000       -7.79126596E-04
   37.756347656250000       -7.83880590E-04
   37.780761718750000       -7.88681326E-04
   37.805175781250000       -7.93531595E-04
   37.829589843750000       -7.98431691E-04
   37.854003906250000       -8.03379749E-04
   37.878417968750000       -8.08378449E-04
   37.902832031250000       -8.13428313E-04
   37.927246093750000       -8.18529632E-04
   37.951660156250000       -8.23682873E-04
   37.976074218750000       -8.28888558E-04
   38.000488281250000       -8.34146980E-04
   38.024902343750000       -8.39461049E-04
   38.049316406250000       -8.44828784E-04
   38.073730468750000       -8.50253098E-04
   38.098144531250000       -8.55732069E-04
   38.122558593750000       -8.61268491E-04
   38.146972656250000       -8.66862887E-04
   38.171386718750000       -8.72515782E-04
   38.195800781250000       -8.78227642E-04
   38.220214843750000       -8.83998931E-04
   38.244628906250000       -8.89832736E-04
   38.269042968750000       -8.95724574E-04
   38.293457031250000       -9.01682419E-04
   38.317871093750000       -9.07701848E-04
   38.342285156250000       -9.13783442E-04
   38.366699218750000       -9.19932674E-04
   38.391113281250000       -9.26145178E-04
   38.415527343750000       -9.32426541E-04
   38.439941406250000       -9.38774843E-04
   38.464355468750000       -9.45190608E-04
   38.488769531250000       -9.51674534E-04
   38.513183593750000       -9.58229823E-04
   38.537597656250000       -9.64854378E-04
   38.562011718750000       -9.71554138E-04
   38.586425781250000       -9.78324562E-04
   38.610839843750000       -9.85168852E-04
   38.635253906250000       -9.92087647E-04
   38.659667968750000       -9.99084441E-04
   38.684082031250000       -1.00615714E-03
   38.708496093750000       -1.01330911E-03
   38.732910156250000       -1.02053850E-03
   38.757324218750000       -1.02784857E-03
   38.781738281250000       -1.03523745E-03
   38.806152343750000       -1.04271132E-03
   38.830566406250000       -1.05026830E-03
   38.854980468750000       -1.05791178E-03
   38.879394531250000       -1.06563699E-03
   38.903808593750000       -1.07345323E-03
   38.928222656250000       -1.08135561E-03
   38.952636718750000       -1.08934788E-03
   38.977050781250000       -1.09742791E-03
   39.001464843750000       -1.10560236E-03
   39.025878906250000       -1.11387204E-03
   39.050292968750000       -1.12223218E-03
   39.074707031250000       -1.13068940E-03
   39.099121093750000       -1.13924453E-03
   39.123535156250000       -1.14789861E-03
   39.147949218750000       -1.15665270E-03
   39.172363281250000       -1.16550759E-03
   39.196777343750000       -1.17446424E-03
   39.221191406250000       -1.18352682E-03
   39.245605468750000       -1.19269313E-03
   39.270019531250000       -1.20196736E-03
   39.294433593750000       -1.21135055E-03
   39.318847656250000       -1.22084375E-03
   39.343261718750000       -1.23045116E-03
   39.367675781250000       -1.24016765E-03
   39.392089843750000       -1.25000370E-03
   39.416503906250000       -1.25995418E-03
   39.440917968750000       -1.27002352E-03
   39.465332031250000       -1.28021266E-03
   39.489746093750000       -1.29052310E-03
   39.514160156250000       -1.30095903E-03
   39.538574218750000       -1.31151860E-03
   39.562988281250000       -1.32220623E-03
   39.587402343750000       -1.33302656E-03
   39.611816406250000       -1.34397438E-03
   39.636230468750000       -1.35505432E-03
   39.660644531250000       -1.36627094E-03
   39.685058593750000       -1.37762562E-03
   39.709472656250000       -1.38911663E-03
   39.733886718750000       -1.40075199E-03
   39.758300781250000       -1.41252647E-03
   39.782714843750000       -1.42444822E-03
   39.807128906250000       -1.43651897E-03
   39.831542968750000       -1.44874013E-03
   39.855957031250000       -1.46110984E-03
   39.880371093750000       -1.47363660E-03
   39.904785156250000       -1.48631877E-03
   39.929199218750000       -1.49916124E-03
   39.953613281250000       -1.51216239E-03
   39.978027343750000       -1.52533094E-03
   40.002441406250000       -1.53866154E-03
   40.026855468750000       -1.55216316E-03
   40.051269531250000       -1.56583753E-03
   40.075683593750000       -1.57968304E-03
   40.100097656250000       -1.59370876E-03
   40.124511718750000       -1.60791306E-03
   40.148925781250000       -1.62229768E-03
   40.173339843750000       -1.63686869E-03
   40.197753906250000       -1.65162783E-03
   40.222167968750000       -1.66657718E-03
   40.246582031250000       -1.68172282E-03
   40.270996093750000       -1.69706298E-03
   40.295410156250000       -1.71259989E-03
   40.319824218750000       -1.72834343E-03
   40.344238281250000       -1.74429594E-03
   40.368652343750000       -1.76045194E-03
   40.393066406250000       -1.77682540E-03
   40.417480468750000       -1.79341505E-03
   40.441894531250000       -1.81021914E-03
   40.466308593750000       -1.82725233E-03
   40.490722656250000       -1.84450904E-03
   40.515136718750000       -1.86199590E-03
   40.539550781250000       -1.87971548E-03
   40.563964843750000       -1.89767464E-03
   40.588378906250000       -1.91587629E-03
   40.612792968750000       -1.93432299E-03
   40.637207031250000       -1.95301347E-03
   40.661621093750000       -1.97196333E-03
   40.686035156250000       -1.99116697E-03
   40.710449218750000       -2.01063603E-03
   40.734863281250000       -2.03036913E-03
   40.759277343750000       -2.05036951E-03
   40.783691406250000       -2.07064906E-03
   40.808105468750000       -2.09120242E-03
   40.832519531250000       -2.11204588E-03
   40.856933593750000       -2.13317410E-03
   40.881347656250000       -2.15459499E-03
   40.905761718750000       -2.17631203E-03
   40.930175781250000       -2.19833339E-03
   40.954589843750000       -2.22066254E-03
   40.979003906250000       -2.24330346E-03
   41.003417968750000       -2.26626429E-03
   41.027832031250000       -2.28954898E-03
   41.052246093750000       -2.31316173E-03
   41.076660156250000       -2.33710650E-03
   41.101074218750000       -2.36139190E-03
   41.125488281250000       -2.38602236E-03
   41.149902343750000       -2.41100672E-03
   41.174316406250000       -2.43634963E-03
   41.198730468750000       -2.46205041E-03
   41.223144531250000       -2.48812349E-03
   41.247558593750000       -2.51457351E-03
   41.271972656250000       -2.54140538E-03
   41.296386718750000       -2.56862352E-03
   41.320800781250000       -2.59623816E-03
   41.345214843750000       -2.62425421E-03
   41.369628906250000       -2.65268190E-03
   41.394042968750000       -2.68152147E-03
   41.418457031250000       -2.71078828E-03
   41.442871093750000       -2.74048280E-03
   41.467285156250000       -2.77061574E-03
   41.491699218750000       -2.80119805E-03
   41.516113281250000       -2.83223018E-03
   41.540527343750000       -2.86372332E-03
   41.564941406250000       -2.89568887E-03
   41.589355468750000       -2.92812753E-03
   41.613769531250000       -2.96105118E-03
   41.638183593750000       -2.99447146E-03
   41.662597656250000       -3.02839512E-03
   41.687011718750000       -3.06282868E-03
   41.711425781250000       -3.09778471E-03
   41.735839843750000       -3.13327555E-03
   41.760253906250000       -3.16929701E-03
   41.784667968750000       -3.20587377E-03
   41.809082031250000       -3.24300700E-03
   41.833496093750000       -3.28071020E-03
   41.857910156250000       -3.31899128E-03
   41.882324218750000       -3.35786375E-03
   41.906738281250000       -3.39733576E-03
   41.931152343750000       -3.43741523E-03
   41.955566406250000       -3.47812311E-03
   41.979980468750000       -3.51946126E-03
   42.004394531250000       -3.56143876E-03
   42.028808593750000       -3.60407680E-03
   42.053222656250000       -3.64738423E-03
   42.077636718750000       -3.69137060E-03
   42.102050781250000       -3.73605173E-03
   42.126464843750000       -3.78143694E-03
   42.150878906250000       -3.82754300E-03
   42.175292968750000       -3.87437968E-03
   42.199707031250000       -3.92195722E-03
   42.224121093750000       -3.97029985E-03
   42.248535156250000       -4.01941082E-03
   42.272949218750000       -4.06930828E-03
   42.297363281250000       -4.12000995E-03
   42.321777343750000       -4.17152746E-03
   42.346191406250000       -4.22387943E-03
   42.370605468750000       -4.27707750E-03
   42.395019531250000       -4.33113426E-03
   42.419433593750000       -4.38607577E-03
   42.443847656250000       -4.44191461E-03
   42.468261718750000       -4.49866476E-03
   42.492675781250000       -4.55634575E-03
   42.517089843750000       -4.61497158E-03
   42.541503906250000       -4.67456365E-03
   42.565917968750000       -4.73514246E-03
   42.590332031250000       -4.79672384E-03
   42.614746093750000       -4.85932175E-03
   42.639160156250000       -4.92296647E-03
   42.663574218750000       -4.98767383E-03
   42.687988281250000       -5.05345920E-03
   42.712402343750000       -5.12034679E-03
   42.736816406250000       -5.18836081E-03
   42.761230468750000       -5.25751803E-03
   42.785644531250000       -5.32784406E-03
   42.810058593750000       -5.39936405E-03
   42.834472656250000       -5.47208777E-03
   42.858886718750000       -5.54605853E-03
   42.883300781250000       -5.62128657E-03
   42.907714843750000       -5.69779146E-03
   42.932128906250000       -5.77561790E-03
   42.956542968750000       -5.85477753E-03
   42.980957031250000       -5.93529921E-03
   43.005371093750000       -6.01721276E-03
   43.029785156250000       -6.10053912E-03
   43.054199218750000       -6.18530996E-03
   43.078613281250000       -6.27155555E-03
   43.103027343750000       -6.35930896E-03
   43.127441406250000       -6.44858321E-03
   43.151855468750000       -6.53943047E-03
   43.176269531250000       -6.63186610E-03
   43.200683593750000       -6.72593340E-03
   43.225097656250000       -6.82165846E-03
   43.249511718750000       -6.91906642E-03
   43.273925781250000       -7.01820431E-03
   43.298339843750000       -7.11910892E-03
   43.322753906250000       -7.22180819E-03
   43.347167968750000       -7.32633052E-03
   43.371582031250000       -7.43273553E-03
   43.395996093750000       -7.54103251E-03
   43.420410156250000       -7.65129318E-03
   43.444824218750000       -7.76352873E-03
   43.469238281250000       -7.87779130E-03
   43.493652343750000       -7.99412373E-03
   43.518066406250000       -8.11256096E-03
   43.542480468750000       -8.23315699E-03
   43.566894531250000       -8.35594907E-03
   43.591308593750000       -8.48099310E-03
   43.615722656250000       -8.60831514E-03
   43.640136718750000       -8.73797573E-03
   43.664550781250000       -8.87002330E-03
   43.688964843750000       -9.00451001E-03
   43.713378906250000       -9.14147589E-03
   43.737792968750000       -9.28098522E-03
   43.762207031250000       -9.42307990E-03
   43.786621093750000       -9.56781395E-03
   43.811035156250000       -9.71525721E-03
   43.835449218750000       -9.86545440E-03
   43.859863281250000       -1.00184632E-02
   43.884277343750000       -1.01743564E-02
   43.908691406250000       -1.03331702E-02
   43.933105468750000       -1.04949912E-02
   43.957519531250000       -1.06598707E-02
   43.981933593750000       -1.08278729E-02
   44.006347656250000       -1.09990649E-02
   44.030761718750000       -1.11735137E-02
   44.055175781250000       -1.13513013E-02
   44.079589843750000       -1.15324864E-02
   44.104003906250000       -1.17171528E-02
   44.128417968750000       -1.19053470E-02
   44.152832031250000       -1.20971864E-02
   44.177246093750000       -1.22927185E-02
   44.201660156250000       -1.24920374E-02
   44.226074218750000       -1.26952222E-02
   44.250488281250000       -1.29023399E-02
   44.274902343750000       -1.31135043E-02
   44.299316406250000       -1.33288009E-02
   44.323730468750000       -1.35483006E-02
   44.348144531250000       -1.37720937E-02
   44.372558593750000       -1.40003022E-02
   44.396972656250000       -1.42329875E-02
   44.421386718750000       -1.44702774E-02
   44.445800781250000       -1.47122517E-02
   44.470214843750000       -1.49590420E-02
   44.494628906250000       -1.52107198E-02
   44.519042968750000       -1.54674193E-02
   44.543457031250000       -1.57292318E-02
   44.567871093750000       -1.59962811E-02
   44.592285156250000       -1.62686966E-02
   44.616699218750000       -1.65465754E-02
   44.641113281250000       -1.68300495E-02
   44.665527343750000       -1.71192400E-02
   44.689941406250000       -1.74142830E-02
   44.714355468750000       -1.77153032E-02
   44.738769531250000       -1.80224497E-02
   44.763183593750000       -1.83358286E-02
   44.787597656250000       -1.86556149E-02
   44.812011718750000       -1.89819243E-02
   44.836425781250000       -1.93149317E-02
   44.860839843750000       -1.96547639E-02
   44.885253906250000       -2.00016033E-02
   44.909667968750000       -2.03555804E-02
   44.934082031250000       -2.07168665E-02
   44.958496093750000       -2.10856386E-02
   44.982910156250000       -2.14620773E-02
   45.007324218750000       -2.18463242E-02
   45.031738281250000       -2.22385898E-02
   45.056152343750000       -2.26390660E-02
   45.080566406250000       -2.30478849E-02
   45.104980468750000       -2.34653149E-02
   45.129394531250000       -2.38914937E-02
   45.153808593750000       -2.43266542E-02
   45.178222656250000       -2.47710105E-02
   45.202636718750000       -2.52247397E-02
   45.227050781250000       -2.56881099E-02
   45.251464843750000       -2.61613056E-02
   45.275878906250000       -2.66445875E-02
   45.300292968750000       -2.71381699E-02
   45.324707031250000       -2.76423004E-02
   45.349121093750000       -2.81572305E-02
   45.373535156250000       -2.86832172E-02
   45.397949218750000       -2.92205010E-02
   45.422363281250000       -2.97693741E-02
   45.446777343750000       -3.03301159E-02
   45.471191406250000       -3.09029818E-02
   45.495605468750000       -3.14882621E-02
   45.520019531250000       -3.20862755E-02
   45.544433593750000       -3.26973014E-02
   45.568847656250000       -3.33216488E-02
   45.593261718750000       -3.39596607E-02
   45.617675781250000       -3.46116647E-02
   45.642089843750000       -3.52779664E-02
   45.666503906250000       -3.59589346E-02
   45.690917968750000       -3.66549157E-02
   45.715332031250000       -3.73662673E-02
   45.739746093750000       -3.80933546E-02
   45.764160156250000       -3.88365835E-02
   45.788574218750000       -3.95963378E-02
   45.812988281250000       -4.03730124E-02
   45.837402343750000       -4.11670096E-02
   45.861816406250000       -4.19787690E-02
   45.886230468750000       -4.28087153E-02
   45.910644531250000       -4.36573140E-02
   45.935058593750000       -4.45249751E-02
   45.959472656250000       -4.54122201E-02
   45.983886718750000       -4.63194810E-02
   46.008300781250000       -4.72473018E-02
   46.032714843750000       -4.81961742E-02
   46.057128906250000       -4.91665974E-02
   46.081542968750000       -5.01591228E-02
   46.105957031250000       -5.11742719E-02
   46.130371093750000       -5.22126593E-02
   46.154785156250000       -5.32748401E-02
   46.179199218750000       -5.43613806E-02
   46.203613281250000       -5.54729402E-02
   46.228027343750000       -5.66101111E-02
   46.252441406250000       -5.77735417E-02
   46.276855468750000       -5.89639060E-02
   46.301269531250000       -6.01818822E-02
   46.325683593750000       -6.14281297E-02
   46.350097656250000       -6.27034083E-02
   46.374511718750000       -6.40084520E-02
   46.398925781250000       -6.53439760E-02
   46.423339843750000       -6.67107925E-02
   46.447753906250000       -6.81096911E-02
   46.472167968750000       -6.95414916E-02
   46.496582031250000       -7.10070208E-02
   46.520996093750000       -7.25071803E-02
   46.545410156250000       -7.40428045E-02
   46.569824218750000       -7.56148770E-02
   46.594238281250000       -7.72242323E-02
   46.618652343750000       -7.88719505E-02
   46.643066406250000       -8.05589557E-02
   46.667480468750000       -8.22862536E-02
   46.691894531250000       -8.40549469E-02
   46.716308593750000       -8.58661011E-02
   46.740722656250000       -8.77207741E-02
   46.765136718750000       -8.96201804E-02
   46.789550781250000       -9.15654004E-02
   46.813964843750000       -9.35577005E-02
   46.838378906250000       -9.55983251E-02
   46.862792968750000       -9.76885036E-02
   46.887207031250000       -9.98295993E-02
   46.911621093750000      -0.102022901    
   46.936035156250000      -0.104269803    
   46.960449218750000      -0.106571764    
   46.984863281250000      -0.108930245    
   47.009277343750000      -0.111346751    
   47.033691406250000      -0.113822870    
   47.058105468750000      -0.116360113    
   47.082519531250000      -0.118960164    
   47.106933593750000      -0.121624745    
   47.131347656250000      -0.124355562    
   47.155761718750000      -0.127154440    
   47.180175781250000      -0.130023226    
   47.204589843750000      -0.132963777    
   47.229003906250000      -0.135978073    
   47.253417968750000      -0.139068201    
   47.277832031250000      -0.142236143    
   47.302246093750000      -0.145484060    
   47.326660156250000      -0.148814127    
   47.351074218750000      -0.152228743    
   47.375488281250000      -0.155730084    
   47.399902343750000      -0.159320652    
   47.424316406250000      -0.163002983    
   47.448730468750000      -0.166779503    
   47.473144531250000      -0.170652971    
   47.497558593750000      -0.174626008    
   47.521972656250000      -0.178701460    
   47.546386718750000      -0.182882354    
   47.570800781250000      -0.187171429    
   47.595214843750000      -0.191571981    
   47.619628906250000      -0.196087152    
   47.644042968750000      -0.200720102    
   47.668457031250000      -0.205474317    
   47.692871093750000      -0.210353240    
   47.717285156250000      -0.215360552    
   47.741699218750000      -0.220499977    
   47.766113281250000      -0.225775242    
   47.790527343750000      -0.231190488    
   47.814941406250000      -0.236749664    
   47.839355468750000      -0.242457137    
   47.863769531250000      -0.248317301    
   47.888183593750000      -0.254334599    
   47.912597656250000      -0.260513753    
   47.937011718750000      -0.266859621    
   47.961425781250000      -0.273377299    
   47.985839843750000      -0.280071825    
   48.010253906250000      -0.286948800    
   48.034667968750000      -0.294013560    
   48.059082031250000      -0.301271975    
   48.083496093750000      -0.308730036    
   48.107910156250000      -0.316394031    
   48.132324218750000      -0.324270159    
   48.156738281250000      -0.332365185    
   48.181152343750000      -0.340685964    
   48.205566406250000      -0.349239737    
   48.229980468750000      -0.358033866    
   48.254394531250000      -0.367076069    
   48.278808593750000      -0.376374424    
   48.303222656250000      -0.385937154    
   48.327636718750000      -0.395772874    
   48.352050781250000      -0.405890852    
   48.376464843750000      -0.416300207    
   48.400878906250000      -0.427010655    
   48.425292968750000      -0.438032478    
   48.449707031250000      -0.449376166    
   48.474121093750000      -0.461052865    
   48.498535156250000      -0.473073810    
   48.522949218750000      -0.485451221    
   48.547363281250000      -0.498197436    
   48.571777343750000      -0.511325538    
   48.596191406250000      -0.524849296    
   48.620605468750000      -0.538782775    
   48.645019531250000      -0.553141117    
   48.669433593750000      -0.567939758    
   48.693847656250000      -0.583195210    
   48.718261718750000      -0.598924518    
   48.742675781250000      -0.615145743    
   48.767089843750000      -0.631877720    
   48.791503906250000      -0.649140358    
   48.815917968750000      -0.666954517    
   48.840332031250000      -0.685341895    
   48.864746093750000      -0.704325974    
   48.889160156250000      -0.723930657    
   48.913574218750000      -0.744181991    
   48.937988281250000      -0.765106797    
   48.962402343750000      -0.786733866    
   48.986816406250000      -0.809093237    
   49.011230468750000      -0.832217097    
   49.035644531250000      -0.856139064    
   49.060058593750000      -0.880895317    
   49.084472656250000      -0.906523883    
   49.108886718750000      -0.933065176    
   49.133300781250000      -0.960562468    
   49.157714843750000      -0.989061296    
   49.182128906250000       -1.01861072    
   49.206542968750000       -1.04926276    
   49.230957031250000       -1.08107305    
   49.255371093750000       -1.11410105    
   49.279785156250000       -1.14841032    
   49.304199218750000       -1.18406928    
   49.328613281250000       -1.22115064    
   49.353027343750000       -1.25973356    
   49.377441406250000       -1.29990196    
   49.401855468750000       -1.34174752    
   49.426269531250000       -1.38536739    
   49.450683593750000       -1.43086851    
   49.475097656250000       -1.47836423    
   49.499511718750000       -1.52797961    
   49.523925781250000       -1.57984757    
   49.548339843750000       -1.63411522    
   49.572753906250000       -1.69093931    
   49.597167968750000       -1.75049400    
   49.621582031250000       -1.81296492    
   49.645996093750000       -1.87855959    
   49.670410156250000       -1.94749928    
   49.694824218750000       -2.02003241    
   49.719238281250000       -2.09642434    
   49.743652343750000       -2.17697453    
   49.768066406250000       -2.26200271    
   49.792480468750000       -2.35187340    
   49.816894531250000       -2.44697285    
   49.841308593750000       -2.54774904    
   49.865722656250000       -2.65466952    
   49.890136718750000       -2.76829267    
   49.914550781250000       -2.88918090    
   49.938964843750000       -3.01805091    
   49.963378906250000       -3.15554214    
   49.987792968750000       -3.30271983    
