   1.2207031250000000E-002  -1.93906985E-02
   3.6621093750000000E-002  -1.82323046E-02
   6.1035156250000000E-002  -1.71526335E-02
   8.5449218750000000E-002  -1.61446072E-02
  0.10986328125000000       -1.52035616E-02
  0.13427734375000000       -1.43243568E-02
  0.15869140625000000       -1.35027235E-02
  0.18310546875000000       -1.27344234E-02
  0.20751953125000000       -1.20157441E-02
  0.23193359375000000       -1.13431150E-02
  0.25634765625000000       -1.07133435E-02
  0.28076171875000000       -1.01233954E-02
  0.30517578125000000       -9.57052968E-03
  0.32958984375000000       -9.05216020E-03
  0.35400390625000000       -8.56593251E-03
  0.37841796875000000       -8.10963474E-03
  0.40283203125000000       -7.68124638E-03
  0.42724609375000000       -7.27887079E-03
  0.45166015625000000       -6.90077012E-03
  0.47607421875000000       -6.54531596E-03
  0.50048828125000000       -6.21101027E-03
  0.52490234375000000       -5.89645281E-03
  0.54931640625000000       -5.60035324E-03
  0.57373046875000000       -5.32150315E-03
  0.59814453125000000       -5.05878823E-03
  0.62255859375000000       -4.81116539E-03
  0.64697265625000000       -4.57767118E-03
  0.67138671875000000       -4.35740361E-03
  0.69580078125000000       -4.14952775E-03
  0.72021484375000000       -3.95326223E-03
  0.74462890625000000       -3.76788224E-03
  0.76904296875000000       -3.59271071E-03
  0.79345703125000000       -3.42711830E-03
  0.81787109375000000       -3.27051524E-03
  0.84228515625000000       -3.12235462E-03
  0.86669921875000000       -2.98212329E-03
  0.89111328125000000       -2.84934393E-03
  0.91552734375000000       -2.72357021E-03
  0.93994140625000000       -2.60438514E-03
  0.96435546875000000       -2.49139825E-03
  0.98876953125000000       -2.38424586E-03
   1.0131835937500000       -2.28258641E-03
   1.0375976562500000       -2.18610163E-03
   1.0620117187500000       -2.09449185E-03
   1.0864257812500000       -2.00747862E-03
   1.1108398437500000       -1.92479882E-03
   1.1352539062500000       -1.84620777E-03
   1.1596679687500000       -1.77147437E-03
   1.1840820312500000       -1.70038431E-03
   1.2084960937500000       -1.63273327E-03
   1.2329101562500000       -1.56833255E-03
   1.2573242187500000       -1.50700333E-03
   1.2817382812500000       -1.44857750E-03
   1.3061523437500000       -1.39289815E-03
   1.3305664062500000       -1.33981777E-03
   1.3549804687500000       -1.28919643E-03
   1.3793945312500000       -1.24090316E-03
   1.4038085937500000       -1.19481585E-03
   1.4282226562500000       -1.15081761E-03
   1.4526367187500000       -1.10879983E-03
   1.4770507812500000       -1.06865983E-03
   1.5014648437500000       -1.03030051E-03
   1.5258789062500000       -9.93631314E-04
   1.5502929687500000       -9.58564808E-04
   1.5747070312500000       -9.25021537E-04
   1.5991210937500000       -8.92923388E-04
   1.6235351562500000       -8.62199406E-04
   1.6479492187500000       -8.32780730E-04
   1.6723632812500000       -8.04603565E-04
   1.6967773437500000       -7.77606037E-04
   1.7211914062500000       -7.51731568E-04
   1.7456054687500000       -7.26925209E-04
   1.7700195312500000       -7.03135738E-04
   1.7944335937500000       -6.80315075E-04
   1.8188476562500000       -6.58416306E-04
   1.8432617187500000       -6.37396646E-04
   1.8676757812500000       -6.17214304E-04
   1.8920898437500000       -5.97830396E-04
   1.9165039062500000       -5.79208310E-04
   1.9409179687500000       -5.61312540E-04
   1.9653320312500000       -5.44110022E-04
   1.9897460937500000       -5.27569035E-04
   2.0141601562500000       -5.11659833E-04
   2.0385742187500000       -4.96354129E-04
   2.0629882812500000       -4.81624855E-04
   2.0874023437500000       -4.67446516E-04
   2.1118164062500000       -4.53794812E-04
   2.1362304687500000       -4.40646429E-04
   2.1606445312500000       -4.27979976E-04
   2.1850585937500000       -4.15774062E-04
   2.2094726562500000       -4.04009043E-04
   2.2338867187500000       -3.92666407E-04
   2.2583007812500000       -3.81727819E-04
   2.2827148437500000       -3.71176226E-04
   2.3071289062500000       -3.60995618E-04
   2.3315429687500000       -3.51170485E-04
   2.3559570312500000       -3.41685867E-04
   2.3803710937500000       -3.32528027E-04
   2.4047851562500000       -3.23683314E-04
   2.4291992187500000       -3.15139099E-04
   2.4536132812500000       -3.06883245E-04
   2.4780273437500000       -2.98904342E-04
   2.5024414062500000       -2.91190954E-04
   2.5268554687500000       -2.83732545E-04
   2.5512695312500000       -2.76519393E-04
   2.5756835937500000       -2.69541692E-04
   2.6000976562500000       -2.62790127E-04
   2.6245117187500000       -2.56256200E-04
   2.6489257812500000       -2.49931269E-04
   2.6733398437500000       -2.43807459E-04
   2.6977539062500000       -2.37876928E-04
   2.7221679687500000       -2.32132632E-04
   2.7465820312500000       -2.26567412E-04
   2.7709960937500000       -2.21174399E-04
   2.7954101562500000       -2.15947497E-04
   2.8198242187500000       -2.10880433E-04
   2.8442382812500000       -2.05967241E-04
   2.8686523437500000       -2.01202449E-04
   2.8930664062500000       -1.96580630E-04
   2.9174804687500000       -1.92096544E-04
   2.9418945312500000       -1.87745129E-04
   2.9663085937500000       -1.83521843E-04
   2.9907226562500000       -1.79422132E-04
   3.0151367187500000       -1.75441572E-04
   3.0395507812500000       -1.71576059E-04
   3.0639648437500000       -1.67821359E-04
   3.0883789062500000       -1.64173791E-04
   3.1127929687500000       -1.60629788E-04
   3.1372070312500000       -1.57185510E-04
   3.1616210937500000       -1.53837784E-04
   3.1860351562500000       -1.50583117E-04
   3.2104492187500000       -1.47418570E-04
   3.2348632812500000       -1.44341000E-04
   3.2592773437500000       -1.41347526E-04
   3.2836914062500000       -1.38435469E-04
   3.3081054687500000       -1.35601978E-04
   3.3325195312500000       -1.32844580E-04
   3.3569335937500000       -1.30160828E-04
   3.3813476562500000       -1.27548163E-04
   3.4057617187500000       -1.25004415E-04
   3.4301757812500000       -1.22527403E-04
   3.4545898437500000       -1.20114877E-04
   3.4790039062500000       -1.17765012E-04
   3.5034179687500000       -1.15475465E-04
   3.5278320312500000       -1.13244751E-04
   3.5522460937500000       -1.11070651E-04
   3.5766601562500000       -1.08951681E-04
   3.6010742187500000       -1.06886066E-04
   3.6254882812500000       -1.04872095E-04
   3.6499023437500000       -1.02908307E-04
   3.6743164062500000       -1.00993078E-04
   3.6987304687500000       -9.91249472E-05
   3.7231445312500000       -9.73025817E-05
   3.7475585937500000       -9.55244905E-05
   3.7719726562500000       -9.37894438E-05
   3.7963867187500000       -9.20962120E-05
   3.8208007812500000       -9.04434419E-05
   3.8452148437500000       -8.88299764E-05
   3.8696289062500000       -8.72546298E-05
   3.8940429687500000       -8.57165141E-05
   3.9184570312500000       -8.42142908E-05
   3.9428710937500000       -8.27470576E-05
   3.9672851562500000       -8.13138176E-05
   3.9916992187500000       -7.99135159E-05
   4.0161132812500000       -7.85454104E-05
   4.0405273437500000       -7.72084095E-05
   4.0649414062500000       -7.59017203E-05
   4.0893554687500000       -7.46243895E-05
   4.1137695312500000       -7.33758570E-05
   4.1381835937500000       -7.21550314E-05
   4.1625976562500000       -7.09613887E-05
   4.1870117187500000       -6.97940632E-05
   4.2114257812500000       -6.86523854E-05
   4.2358398437500000       -6.75356205E-05
   4.2602539062500000       -6.64431354E-05
   4.2846679687500000       -6.53743118E-05
   4.3090820312500000       -6.43283856E-05
   4.3334960937500000       -6.33049349E-05
   4.3579101562500000       -6.23032247E-05
   4.3823242187500000       -6.13227821E-05
   4.4067382812500000       -6.03629123E-05
   4.4311523437500000       -5.94232370E-05
   4.4555664062500000       -5.85031630E-05
   4.4799804687500000       -5.76021957E-05
   4.5043945312500000       -5.67198367E-05
   4.5288085937500000       -5.58556130E-05
   4.5532226562500000       -5.50090590E-05
   4.5776367187500000       -5.41797199E-05
   4.6020507812500000       -5.33672210E-05
   4.6264648437500000       -5.25710566E-05
   4.6508789062500000       -5.17909430E-05
   4.6752929687500000       -5.10263344E-05
   4.6997070312500000       -5.02768889E-05
   4.7241210937500000       -4.95423483E-05
   4.7485351562500000       -4.88221922E-05
   4.7729492187500000       -4.81161769E-05
   4.7973632812500000       -4.74239314E-05
   4.8217773437500000       -4.67450955E-05
   4.8461914062500000       -4.60793235E-05
   4.8706054687500000       -4.54263864E-05
   4.8950195312500000       -4.47859529E-05
   4.9194335937500000       -4.41576922E-05
   4.9438476562500000       -4.35413422E-05
   4.9682617187500000       -4.29366446E-05
   4.9926757812500000       -4.23432903E-05
   5.0170898437500000       -4.17609808E-05
   5.0415039062500000       -4.11895307E-05
   5.0659179687500000       -4.06287145E-05
   5.0903320312500000       -4.00781792E-05
   5.1147460937500000       -3.95377683E-05
   5.1391601562500000       -3.90072055E-05
   5.1635742187500000       -3.84863342E-05
   5.1879882812500000       -3.79748926E-05
   5.2124023437500000       -3.74726733E-05
   5.2368164062500000       -3.69794288E-05
   5.2612304687500000       -3.64950174E-05
   5.2856445312500000       -3.60192498E-05
   5.3100585937500000       -3.55518823E-05
   5.3344726562500000       -3.50927912E-05
   5.3588867187500000       -3.46416928E-05
   5.3833007812500000       -3.41985688E-05
   5.4077148437500000       -3.37630918E-05
   5.4321289062500000       -3.33351963E-05
   5.4565429687500000       -3.29146751E-05
   5.4809570312500000       -3.25014080E-05
   5.5053710937500000       -3.20951476E-05
   5.5297851562500000       -3.16958831E-05
   5.5541992187500000       -3.13033634E-05
   5.5786132812500000       -3.09174466E-05
   5.6030273437500000       -3.05380818E-05
   5.6274414062500000       -3.01650325E-05
   5.6518554687500000       -2.97982042E-05
   5.6762695312500000       -2.94375095E-05
   5.7006835937500000       -2.90827666E-05
   5.7250976562500000       -2.87338444E-05
   5.7495117187500000       -2.83906593E-05
   5.7739257812500000       -2.80531312E-05
   5.7983398437500000       -2.77210456E-05
   5.8227539062500000       -2.73943697E-05
   5.8471679687500000       -2.70729397E-05
   5.8715820312500000       -2.67567266E-05
   5.8959960937500000       -2.64455266E-05
   5.9204101562500000       -2.61393143E-05
   5.9448242187500000       -2.58379769E-05
   5.9692382812500000       -2.55414070E-05
   5.9936523437500000       -2.52495374E-05
   6.0180664062500000       -2.49622208E-05
   6.0424804687500000       -2.46793970E-05
   6.0668945312500000       -2.44009625E-05
   6.0913085937500000       -2.41269008E-05
   6.1157226562500000       -2.38570301E-05
   6.1401367187500000       -2.35913358E-05
   6.1645507812500000       -2.33297214E-05
   6.1889648437500000       -2.30720925E-05
   6.2133789062500000       -2.28183999E-05
   6.2377929687500000       -2.25685108E-05
   6.2622070312500000       -2.23224524E-05
   6.2866210937500000       -2.20800630E-05
   6.3110351562500000       -2.18413297E-05
   6.3354492187500000       -2.16061308E-05
   6.3598632812500000       -2.13744588E-05
   6.3842773437500000       -2.11462302E-05
   6.4086914062500000       -2.09213631E-05
   6.4331054687500000       -2.06997811E-05
   6.4575195312500000       -2.04814751E-05
   6.4819335937500000       -2.02663323E-05
   6.5063476562500000       -2.00543509E-05
   6.5307617187500000       -1.98454181E-05
   6.5551757812500000       -1.96395322E-05
   6.5795898437500000       -1.94365821E-05
   6.6040039062500000       -1.92365351E-05
   6.6284179687500000       -1.90393857E-05
   6.6528320312500000       -1.88449994E-05
   6.6772460937500000       -1.86534089E-05
   6.7016601562500000       -1.84645105E-05
   6.7260742187500000       -1.82782715E-05
   6.7504882812500000       -1.80946299E-05
   6.7749023437500000       -1.79135823E-05
   6.7993164062500000       -1.77350357E-05
   6.8237304687500000       -1.75589903E-05
   6.8481445312500000       -1.73853514E-05
   6.8725585937500000       -1.72141226E-05
   6.8969726562500000       -1.70452440E-05
   6.9213867187500000       -1.68786864E-05
   6.9458007812500000       -1.67143917E-05
   6.9702148437500000       -1.65523325E-05
   6.9946289062500000       -1.63924851E-05
   7.0190429687500000       -1.62347878E-05
   7.0434570312500000       -1.60791897E-05
   7.0678710937500000       -1.59256942E-05
   7.0922851562500000       -1.57742761E-05
   7.1166992187500000       -1.56248534E-05
   7.1411132812500000       -1.54774025E-05
   7.1655273437500000       -1.53319015E-05
   7.1899414062500000       -1.51883260E-05
   7.2143554687500000       -1.50466558E-05
   7.2387695312500000       -1.49068101E-05
   7.2631835937500000       -1.47688270E-05
   7.2875976562500000       -1.46325983E-05
   7.3120117187500000       -1.44981614E-05
   7.3364257812500000       -1.43654697E-05
   7.3608398437500000       -1.42344725E-05
   7.3852539062500000       -1.41051532E-05
   7.4096679687500000       -1.39774929E-05
   7.4340820312500000       -1.38514442E-05
   7.4584960937500000       -1.37270190E-05
   7.4829101562500000       -1.36041699E-05
   7.5073242187500000       -1.34828815E-05
   7.5317382812500000       -1.33631092E-05
   7.5561523437500000       -1.32448358E-05
   7.5805664062500000       -1.31280458E-05
   7.6049804687500000       -1.30126955E-05
   7.6293945312500000       -1.28987976E-05
   7.6538085937500000       -1.27863095E-05
   7.6782226562500000       -1.26752166E-05
   7.7026367187500000       -1.25654760E-05
   7.7270507812500000       -1.24571025E-05
   7.7514648437500000       -1.23500267E-05
   7.7758789062500000       -1.22442889E-05
   7.8002929687500000       -1.21398234E-05
   7.8247070312500000       -1.20366158E-05
   7.8491210937500000       -1.19346541E-05
   7.8735351562500000       -1.18339258E-05
   7.8979492187500000       -1.17344171E-05
   7.9223632812500000       -1.16360907E-05
   7.9467773437500000       -1.15389348E-05
   7.9711914062500000       -1.14429376E-05
   7.9956054687500000       -1.13480864E-05
   8.0200195312500000       -1.12543466E-05
   8.0444335937500000       -1.11617055E-05
   8.0688476562500000       -1.10701776E-05
   8.0932617187500000       -1.09797029E-05
   8.1176757812500000       -1.08902941E-05
   8.1420898437500000       -1.08019185E-05
   8.1665039062500000       -1.07145879E-05
   8.1909179687500000       -1.06282450E-05
   8.2153320312500000       -1.05429044E-05
   8.2397460937500000       -1.04585561E-05
   8.2641601562500000       -1.03751663E-05
   8.2885742187500000       -1.02927270E-05
   8.3129882812500000       -1.02112499E-05
   8.3374023437500000       -1.01306823E-05
   8.3618164062500000       -1.00510360E-05
   8.3862304687500000       -9.97228108E-06
   8.4106445312500000       -9.89440741E-06
   8.4350585937500000       -9.81743051E-06
   8.4594726562500000       -9.74129671E-06
   8.4838867187500000       -9.66604239E-06
   8.5083007812500000       -9.59159206E-06
   8.5327148437500000       -9.51800575E-06
   8.5571289062500000       -9.44520798E-06
   8.5815429687500000       -9.37321420E-06
   8.6059570312500000       -9.30201622E-06
   8.6303710937500000       -9.23160678E-06
   8.6547851562500000       -9.16197951E-06
   8.6791992187500000       -9.09310438E-06
   8.7036132812500000       -9.02497504E-06
   8.7280273437500000       -8.95758421E-06
   8.7524414062500000       -8.89092553E-06
   8.7768554687500000       -8.82499262E-06
   8.8012695312500000       -8.75975820E-06
   8.8256835937500000       -8.69523501E-06
   8.8500976562500000       -8.63139758E-06
   8.8745117187500000       -8.56825955E-06
   8.8989257812500000       -8.50577362E-06
   8.9233398437500000       -8.44395527E-06
   8.9477539062500000       -8.38279720E-06
   8.9721679687500000       -8.32227397E-06
   8.9965820312500000       -8.26240012E-06
   9.0209960937500000       -8.20316836E-06
   9.0454101562500000       -8.14453597E-06
   9.0698242187500000       -8.08651566E-06
   9.0942382812500000       -8.02912200E-06
   9.1186523437500000       -7.97231041E-06
   9.1430664062500000       -7.91607545E-06
   9.1674804687500000       -7.86045166E-06
   9.1918945312500000       -7.80537539E-06
   9.2163085937500000       -7.75088029E-06
   9.2407226562500000       -7.69694179E-06
   9.2651367187500000       -7.64355536E-06
   9.2895507812500000       -7.59069781E-06
   9.3139648437500000       -7.53840141E-06
   9.3383789062500000       -7.48662478E-06
   9.3627929687500000       -7.43538158E-06
   9.3872070312500000       -7.38464860E-06
   9.4116210937500000       -7.33442175E-06
   9.4360351562500000       -7.28469695E-06
   9.4604492187500000       -7.23548783E-06
   9.4848632812500000       -7.18675392E-06
   9.5092773437500000       -7.13852751E-06
   9.5336914062500000       -7.09076767E-06
   9.5581054687500000       -7.04347121E-06
   9.5825195312500000       -6.99665179E-06
   9.6069335937500000       -6.95028803E-06
   9.6313476562500000       -6.90439356E-06
   9.6557617187500000       -6.85894656E-06
   9.6801757812500000       -6.81394386E-06
   9.7045898437500000       -6.76938134E-06
   9.7290039062500000       -6.72523856E-06
   9.7534179687500000       -6.68154644E-06
   9.7778320312500000       -6.63826677E-06
   9.8022460937500000       -6.59541320E-06
   9.8266601562500000       -6.55296571E-06
   9.8510742187500000       -6.51092068E-06
   9.8754882812500000       -6.46929175E-06
   9.8999023437500000       -6.42805890E-06
   9.9243164062500000       -6.38721849E-06
   9.9487304687500000       -6.34675143E-06
   9.9731445312500000       -6.30668728E-06
   9.9975585937500000       -6.26700694E-06
   10.021972656250000       -6.22769039E-06
   10.046386718750000       -6.18875129E-06
   10.070800781250000       -6.15017052E-06
   10.095214843750000       -6.11196128E-06
   10.119628906250000       -6.07410448E-06
   10.144042968750000       -6.03661329E-06
   10.168457031250000       -5.99945315E-06
   10.192871093750000       -5.96265318E-06
   10.217285156250000       -5.92619517E-06
   10.241699218750000       -5.89006004E-06
   10.266113281250000       -5.85427688E-06
   10.290527343750000       -5.81881159E-06
   10.314941406250000       -5.78367781E-06
   10.339355468750000       -5.74885689E-06
   10.363769531250000       -5.71436203E-06
   10.388183593750000       -5.68019095E-06
   10.412597656250000       -5.64631046E-06
   10.437011718750000       -5.61274874E-06
   10.461425781250000       -5.57950352E-06
   10.485839843750000       -5.54654207E-06
   10.510253906250000       -5.51387711E-06
   10.534667968750000       -5.48152184E-06
   10.559082031250000       -5.44944396E-06
   10.583496093750000       -5.41765576E-06
   10.607910156250000       -5.38615541E-06
   10.632324218750000       -5.35492609E-06
   10.656738281250000       -5.32398099E-06
   10.681152343750000       -5.29331692E-06
   10.705566406250000       -5.26291797E-06
   10.729980468750000       -5.23278186E-06
   10.754394531250000       -5.20292087E-06
   10.778808593750000       -5.17331955E-06
   10.803222656250000       -5.14398926E-06
   10.827636718750000       -5.11489998E-06
   10.852050781250000       -5.08606445E-06
   10.876464843750000       -5.05749449E-06
   10.900878906250000       -5.02916009E-06
   10.925292968750000       -5.00108763E-06
   10.949707031250000       -4.97324709E-06
   10.974121093750000       -4.94563710E-06
   10.998535156250000       -4.91828359E-06
   11.022949218750000       -4.89115746E-06
   11.047363281250000       -4.86427007E-06
   11.071777343750000       -4.83760641E-06
   11.096191406250000       -4.81116513E-06
   11.120605468750000       -4.78495804E-06
   11.145019531250000       -4.75897014E-06
   11.169433593750000       -4.73321325E-06
   11.193847656250000       -4.70765826E-06
   11.218261718750000       -4.68233156E-06
   11.242675781250000       -4.65721769E-06
   11.267089843750000       -4.63231481E-06
   11.291503906250000       -4.60762203E-06
   11.315917968750000       -4.58313798E-06
   11.340332031250000       -4.55884719E-06
   11.364746093750000       -4.53477560E-06
   11.389160156250000       -4.51089454E-06
   11.413574218750000       -4.48721676E-06
   11.437988281250000       -4.46372678E-06
   11.462402343750000       -4.44043735E-06
   11.486816406250000       -4.41734664E-06
   11.511230468750000       -4.39444011E-06
   11.535644531250000       -4.37171684E-06
   11.560058593750000       -4.34918820E-06
   11.584472656250000       -4.32684055E-06
   11.608886718750000       -4.30467207E-06
   11.633300781250000       -4.28269504E-06
   11.657714843750000       -4.26089446E-06
   11.682128906250000       -4.23926986E-06
   11.706542968750000       -4.21781988E-06
   11.730957031250000       -4.19654361E-06
   11.755371093750000       -4.17543970E-06
   11.779785156250000       -4.15450677E-06
   11.804199218750000       -4.13373164E-06
   11.828613281250000       -4.11313795E-06
   11.853027343750000       -4.09269978E-06
   11.877441406250000       -4.07242851E-06
   11.901855468750000       -4.05232277E-06
   11.926269531250000       -4.03238164E-06
   11.950683593750000       -4.01259194E-06
   11.975097656250000       -3.99295277E-06
   11.999511718750000       -3.97348686E-06
   12.023925781250000       -3.95415782E-06
   12.048339843750000       -3.93498794E-06
   12.072753906250000       -3.91597678E-06
   12.097167968750000       -3.89709885E-06
   12.121582031250000       -3.87837781E-06
   12.145996093750000       -3.85981184E-06
   12.170410156250000       -3.84137729E-06
   12.194824218750000       -3.82309599E-06
   12.219238281250000       -3.80495590E-06
   12.243652343750000       -3.78695586E-06
   12.268066406250000       -3.76909475E-06
   12.292480468750000       -3.75137211E-06
   12.316894531250000       -3.73378657E-06
   12.341308593750000       -3.71632632E-06
   12.365722656250000       -3.69901318E-06
   12.390136718750000       -3.68183510E-06
   12.414550781250000       -3.66477934E-06
   12.438964843750000       -3.64785706E-06
   12.463378906250000       -3.63106710E-06
   12.487792968750000       -3.61440880E-06
   12.512207031250000       -3.59786964E-06
   12.536621093750000       -3.58146076E-06
   12.561035156250000       -3.56518126E-06
   12.585449218750000       -3.54901886E-06
   12.609863281250000       -3.53297287E-06
   12.634277343750000       -3.51705376E-06
   12.658691406250000       -3.50126106E-06
   12.683105468750000       -3.48558274E-06
   12.707519531250000       -3.47001787E-06
   12.731933593750000       -3.45457715E-06
   12.756347656250000       -3.43923762E-06
   12.780761718750000       -3.42403155E-06
   12.805175781250000       -3.40892552E-06
   12.829589843750000       -3.39394069E-06
   12.854003906250000       -3.37905453E-06
   12.878417968750000       -3.36428820E-06
   12.902832031250000       -3.34963011E-06
   12.927246093750000       -3.33507978E-06
   12.951660156250000       -3.32064724E-06
   12.976074218750000       -3.30631019E-06
   13.000488281250000       -3.29207887E-06
   13.024902343750000       -3.27795283E-06
   13.049316406250000       -3.26393138E-06
   13.073730468750000       -3.25001383E-06
   13.098144531250000       -3.23618883E-06
   13.122558593750000       -3.22247729E-06
   13.146972656250000       -3.20885738E-06
   13.171386718750000       -3.19533910E-06
   13.195800781250000       -3.18192201E-06
   13.220214843750000       -3.16859450E-06
   13.244628906250000       -3.15536727E-06
   13.269042968750000       -3.14223917E-06
   13.293457031250000       -3.12919951E-06
   13.317871093750000       -3.11625809E-06
   13.342285156250000       -3.10341443E-06
   13.366699218750000       -3.09065740E-06
   13.391113281250000       -3.07798700E-06
   13.415527343750000       -3.06541256E-06
   13.439941406250000       -3.05292338E-06
   13.464355468750000       -3.04052946E-06
   13.488769531250000       -3.02821991E-06
   13.513183593750000       -3.01600448E-06
   13.537597656250000       -3.00387228E-06
   13.562011718750000       -2.99182329E-06
   13.586425781250000       -2.97985662E-06
   13.610839843750000       -2.96798225E-06
   13.635253906250000       -2.95617929E-06
   13.659667968750000       -2.94447750E-06
   13.684082031250000       -2.93284643E-06
   13.708496093750000       -2.92129562E-06
   13.732910156250000       -2.90983439E-06
   13.757324218750000       -2.89844274E-06
   13.781738281250000       -2.88714000E-06
   13.806152343750000       -2.87590592E-06
   13.830566406250000       -2.86475984E-06
   13.854980468750000       -2.85369129E-06
   13.879394531250000       -2.84269026E-06
   13.903808593750000       -2.83177587E-06
   13.928222656250000       -2.82092810E-06
   13.952636718750000       -2.81016605E-06
   13.977050781250000       -2.79947017E-06
   14.001464843750000       -2.78884954E-06
   14.025878906250000       -2.77830350E-06
   14.050292968750000       -2.76782271E-06
   14.074707031250000       -2.75742536E-06
   14.099121093750000       -2.74709214E-06
   14.123535156250000       -2.73683236E-06
   14.147949218750000       -2.72664533E-06
   14.172363281250000       -2.71652175E-06
   14.196777343750000       -2.70647001E-06
   14.221191406250000       -2.69649036E-06
   14.245605468750000       -2.68657277E-06
   14.270019531250000       -2.67672635E-06
   14.294433593750000       -2.66694110E-06
   14.318847656250000       -2.65722656E-06
   14.343261718750000       -2.64758205E-06
   14.367675781250000       -2.63799780E-06
   14.392089843750000       -2.62847379E-06
   14.416503906250000       -2.61901891E-06
   14.440917968750000       -2.60963270E-06
   14.465332031250000       -2.60029628E-06
   14.489746093750000       -2.59103740E-06
   14.514160156250000       -2.58182763E-06
   14.538574218750000       -2.57268562E-06
   14.562988281250000       -2.56361045E-06
   14.587402343750000       -2.55458394E-06
   14.611816406250000       -2.54562383E-06
   14.636230468750000       -2.53672988E-06
   14.660644531250000       -2.52788345E-06
   14.685058593750000       -2.51910296E-06
   14.709472656250000       -2.51037841E-06
   14.733886718750000       -2.50170979E-06
   14.758300781250000       -2.49309710E-06
   14.782714843750000       -2.48454853E-06
   14.807128906250000       -2.47605499E-06
   14.831542968750000       -2.46760760E-06
   14.855957031250000       -2.45922342E-06
   14.880371093750000       -2.45089382E-06
   14.904785156250000       -2.44262696E-06
   14.929199218750000       -2.43440491E-06
   14.953613281250000       -2.42623651E-06
   14.978027343750000       -2.41812154E-06
   15.002441406250000       -2.41005932E-06
   15.026855468750000       -2.40205873E-06
   15.051269531250000       -2.39410178E-06
   15.075683593750000       -2.38619714E-06
   15.100097656250000       -2.37834456E-06
   15.124511718750000       -2.37054383E-06
   15.148925781250000       -2.36279448E-06
   15.173339843750000       -2.35509651E-06
   15.197753906250000       -2.34744948E-06
   15.222167968750000       -2.33984474E-06
   15.246582031250000       -2.33229048E-06
   15.270996093750000       -2.32479533E-06
   15.295410156250000       -2.31734157E-06
   15.319824218750000       -2.30992919E-06
   15.344238281250000       -2.30257501E-06
   15.368652343750000       -2.29526177E-06
   15.393066406250000       -2.28799786E-06
   15.417480468750000       -2.28078261E-06
   15.441894531250000       -2.27360806E-06
   15.466308593750000       -2.26649036E-06
   15.490722656250000       -2.25940403E-06
   15.515136718750000       -2.25237454E-06
   15.539550781250000       -2.24538439E-06
   15.563964843750000       -2.23844199E-06
   15.588378906250000       -2.23153870E-06
   15.612792968750000       -2.22468270E-06
   15.637207031250000       -2.21787400E-06
   15.661621093750000       -2.21110372E-06
   15.686035156250000       -2.20437187E-06
   15.710449218750000       -2.19769481E-06
   15.734863281250000       -2.19104777E-06
   15.759277343750000       -2.18445484E-06
   15.783691406250000       -2.17789147E-06
   15.808105468750000       -2.17137381E-06
   15.832519531250000       -2.16490162E-06
   15.856933593750000       -2.15846649E-06
   15.881347656250000       -2.15207683E-06
   15.905761718750000       -2.14572378E-06
   15.930175781250000       -2.13940757E-06
   15.954589843750000       -2.13313569E-06
   15.979003906250000       -2.12690043E-06
   16.003417968750000       -2.12070927E-06
   16.027832031250000       -2.11455404E-06
   16.052246093750000       -2.10843473E-06
   16.076660156250000       -2.10235930E-06
   16.101074218750000       -2.09631912E-06
   16.125488281250000       -2.09031441E-06
   16.149902343750000       -2.08434517E-06
   16.174316406250000       -2.07841867E-06
   16.198730468750000       -2.07252720E-06
   16.223144531250000       -2.06667823E-06
   16.247558593750000       -2.06085610E-06
   16.271972656250000       -2.05507627E-06
   16.296386718750000       -2.04933076E-06
   16.320800781250000       -2.04361936E-06
   16.345214843750000       -2.03794980E-06
   16.369628906250000       -2.03230638E-06
   16.394042968750000       -2.02670458E-06
   16.418457031250000       -2.02113620E-06
   16.442871093750000       -2.01560124E-06
   16.467285156250000       -2.01009971E-06
   16.491699218750000       -2.00463114E-06
   16.516113281250000       -1.99920350E-06
   16.540527343750000       -1.99380111E-06
   16.564941406250000       -1.98843895E-06
   16.589355468750000       -1.98310181E-06
   16.613769531250000       -1.97780491E-06
   16.638183593750000       -1.97254030E-06
   16.662597656250000       -1.96730798E-06
   16.687011718750000       -1.96210749E-06
   16.711425781250000       -1.95693156E-06
   16.735839843750000       -1.95179496E-06
   16.760253906250000       -1.94669019E-06
   16.784667968750000       -1.94161703E-06
   16.809082031250000       -1.93657525E-06
   16.833496093750000       -1.93156461E-06
   16.857910156250000       -1.92657785E-06
   16.882324218750000       -1.92162952E-06
   16.906738281250000       -1.91671234E-06
   16.931152343750000       -1.91181834E-06
   16.955566406250000       -1.90695516E-06
   16.979980468750000       -1.90213007E-06
   17.004394531250000       -1.89732793E-06
   17.028808593750000       -1.89255627E-06
   17.053222656250000       -1.88781473E-06
   17.077636718750000       -1.88310332E-06
   17.102050781250000       -1.87841465E-06
   17.126464843750000       -1.87376315E-06
   17.150878906250000       -1.86913417E-06
   17.175292968750000       -1.86453485E-06
   17.199707031250000       -1.85996510E-06
   17.224121093750000       -1.85542478E-06
   17.248535156250000       -1.85091380E-06
   17.272949218750000       -1.84642477E-06
   17.297363281250000       -1.84196495E-06
   17.321777343750000       -1.83753400E-06
   17.346191406250000       -1.83312488E-06
   17.370605468750000       -1.82875169E-06
   17.395019531250000       -1.82440010E-06
   17.419433593750000       -1.82006977E-06
   17.443847656250000       -1.81577525E-06
   17.468261718750000       -1.81150199E-06
   17.492675781250000       -1.80725692E-06
   17.517089843750000       -1.80303289E-06
   17.541503906250000       -1.79884421E-06
   17.565917968750000       -1.79467634E-06
   17.590332031250000       -1.79052927E-06
   17.614746093750000       -1.78640994E-06
   17.639160156250000       -1.78231846E-06
   17.663574218750000       -1.77825450E-06
   17.687988281250000       -1.77421100E-06
   17.712402343750000       -1.77018774E-06
   17.736816406250000       -1.76619903E-06
   17.761230468750000       -1.76223045E-06
   17.785644531250000       -1.75828200E-06
   17.810058593750000       -1.75436060E-06
   17.834472656250000       -1.75046625E-06
   17.858886718750000       -1.74659169E-06
   17.883300781250000       -1.74274396E-06
   17.907714843750000       -1.73891590E-06
   17.932128906250000       -1.73511444E-06
   17.956542968750000       -1.73133253E-06
   17.980957031250000       -1.72757711E-06
   18.005371093750000       -1.72384807E-06
   18.029785156250000       -1.72013836E-06
   18.054199218750000       -1.71644785E-06
   18.078613281250000       -1.71278350E-06
   18.103027343750000       -1.70913813E-06
   18.127441406250000       -1.70551891E-06
   18.151855468750000       -1.70192538E-06
   18.176269531250000       -1.69834391E-06
   18.200683593750000       -1.69479506E-06
   18.225097656250000       -1.69125803E-06
   18.249511718750000       -1.68774659E-06
   18.273925781250000       -1.68426061E-06
   18.298339843750000       -1.68079316E-06
   18.322753906250000       -1.67734413E-06
   18.347167968750000       -1.67392045E-06
   18.371582031250000       -1.67051508E-06
   18.395996093750000       -1.66713471E-06
   18.420410156250000       -1.66377265E-06
   18.444824218750000       -1.66042867E-06
   18.469238281250000       -1.65710946E-06
   18.493652343750000       -1.65380834E-06
   18.518066406250000       -1.65053200E-06
   18.542480468750000       -1.64727351E-06
   18.566894531250000       -1.64403275E-06
   18.591308593750000       -1.64080984E-06
   18.615722656250000       -1.63761138E-06
   18.640136718750000       -1.63443053E-06
   18.664550781250000       -1.63127390E-06
   18.688964843750000       -1.62813490E-06
   18.713378906250000       -1.62501317E-06
   18.737792968750000       -1.62190895E-06
   18.762207031250000       -1.61882883E-06
   18.786621093750000       -1.61576588E-06
   18.811035156250000       -1.61272021E-06
   18.835449218750000       -1.60969830E-06
   18.859863281250000       -1.60668685E-06
   18.884277343750000       -1.60369905E-06
   18.908691406250000       -1.60073500E-06
   18.933105468750000       -1.59778119E-06
   18.957519531250000       -1.59485091E-06
   18.981933593750000       -1.59193735E-06
   19.006347656250000       -1.58904072E-06
   19.030761718750000       -1.58616729E-06
   19.055175781250000       -1.58330397E-06
   19.079589843750000       -1.58046385E-06
   19.104003906250000       -1.57764021E-06
   19.128417968750000       -1.57483976E-06
   19.152832031250000       -1.57204909E-06
   19.177246093750000       -1.56928149E-06
   19.201660156250000       -1.56653016E-06
   19.226074218750000       -1.56379508E-06
   19.250488281250000       -1.56107637E-06
   19.274902343750000       -1.55837381E-06
   19.299316406250000       -1.55569387E-06
   19.323730468750000       -1.55302359E-06
   19.348144531250000       -1.55037583E-06
   19.372558593750000       -1.54774409E-06
   19.396972656250000       -1.54512827E-06
   19.421386718750000       -1.54253485E-06
   19.445800781250000       -1.53995086E-06
   19.470214843750000       -1.53738256E-06
   19.494628906250000       -1.53483666E-06
   19.519042968750000       -1.53230633E-06
   19.543457031250000       -1.52978532E-06
   19.567871093750000       -1.52728637E-06
   19.592285156250000       -1.52480300E-06
   19.616699218750000       -1.52233508E-06
   19.641113281250000       -1.51988274E-06
   19.665527343750000       -1.51745223E-06
   19.689941406250000       -1.51503082E-06
   19.714355468750000       -1.51262464E-06
   19.738769531250000       -1.51024028E-06
   19.763183593750000       -1.50786479E-06
   19.787597656250000       -1.50551091E-06
   19.812011718750000       -1.50316578E-06
   19.836425781250000       -1.50084225E-06
   19.860839843750000       -1.49853383E-06
   19.885253906250000       -1.49623406E-06
   19.909667968750000       -1.49395578E-06
   19.934082031250000       -1.49169239E-06
   19.958496093750000       -1.48943764E-06
   19.982910156250000       -1.48720414E-06
   20.007324218750000       -1.48498555E-06
   20.031738281250000       -1.48278173E-06
   20.056152343750000       -1.48059280E-06
   20.080566406250000       -1.47841217E-06
   20.104980468750000       -1.47625269E-06
   20.129394531250000       -1.47410788E-06
   20.153808593750000       -1.47197761E-06
   20.178222656250000       -1.46985576E-06
   20.202636718750000       -1.46775471E-06
   20.227050781250000       -1.46566822E-06
   20.251464843750000       -1.46359002E-06
   20.275878906250000       -1.46153241E-06
   20.300292968750000       -1.45948309E-06
   20.324707031250000       -1.45745435E-06
   20.349121093750000       -1.45543368E-06
   20.373535156250000       -1.45342744E-06
   20.397949218750000       -1.45144156E-06
   20.422363281250000       -1.44946387E-06
   20.446777343750000       -1.44750027E-06
   20.471191406250000       -1.44555099E-06
   20.495605468750000       -1.44361570E-06
   20.520019531250000       -1.44169462E-06
   20.544433593750000       -1.43978764E-06
   20.568847656250000       -1.43789464E-06
   20.593261718750000       -1.43600960E-06
   20.617675781250000       -1.43414456E-06
   20.642089843750000       -1.43228738E-06
   20.666503906250000       -1.43045031E-06
   20.690917968750000       -1.42862098E-06
   20.715332031250000       -1.42680551E-06
   20.739746093750000       -1.42500380E-06
   20.764160156250000       -1.42321596E-06
   20.788574218750000       -1.42144188E-06
   20.812988281250000       -1.41967541E-06
   20.837402343750000       -1.41792873E-06
   20.861816406250000       -1.41618966E-06
   20.886230468750000       -1.41446424E-06
   20.910644531250000       -1.41275245E-06
   20.935058593750000       -1.41105420E-06
   20.959472656250000       -1.40936959E-06
   20.983886718750000       -1.40769851E-06
   21.008300781250000       -1.40603470E-06
   21.032714843750000       -1.40439056E-06
   21.057128906250000       -1.40275381E-06
   21.081542968750000       -1.40113048E-06
   21.105957031250000       -1.39951453E-06
   21.130371093750000       -1.39791791E-06
   21.154785156250000       -1.39633471E-06
   21.179199218750000       -1.39475878E-06
   21.203613281250000       -1.39319604E-06
   21.228027343750000       -1.39164661E-06
   21.252441406250000       -1.39010444E-06
   21.276855468750000       -1.38858150E-06
   21.301269531250000       -1.38706571E-06
   21.325683593750000       -1.38556311E-06
   21.350097656250000       -1.38407358E-06
   21.374511718750000       -1.38259725E-06
   21.398925781250000       -1.38113398E-06
   21.423339843750000       -1.37967766E-06
   21.447753906250000       -1.37823451E-06
   21.472167968750000       -1.37680433E-06
   21.496582031250000       -1.37538120E-06
   21.520996093750000       -1.37397694E-06
   21.545410156250000       -1.37257973E-06
   21.569824218750000       -1.37119537E-06
   21.594238281250000       -1.36982396E-06
   21.618652343750000       -1.36845949E-06
   21.643066406250000       -1.36710787E-06
   21.667480468750000       -1.36576898E-06
   21.691894531250000       -1.36444305E-06
   21.716308593750000       -1.36312985E-06
   21.740722656250000       -1.36182348E-06
   21.765136718750000       -1.36052984E-06
   21.789550781250000       -1.35924893E-06
   21.813964843750000       -1.35797472E-06
   21.838378906250000       -1.35671326E-06
   21.862792968750000       -1.35546452E-06
   21.887207031250000       -1.35422829E-06
   21.911621093750000       -1.35299888E-06
   21.936035156250000       -1.35178800E-06
   21.960449218750000       -1.35057780E-06
   21.984863281250000       -1.34938614E-06
   22.009277343750000       -1.34820107E-06
   22.033691406250000       -1.34702850E-06
   22.058105468750000       -1.34586855E-06
   22.082519531250000       -1.34472100E-06
   22.106933593750000       -1.34358004E-06
   22.131347656250000       -1.34245158E-06
   22.155761718750000       -1.34132961E-06
   22.180175781250000       -1.34022594E-06
   22.204589843750000       -1.33912886E-06
   22.229003906250000       -1.33803826E-06
   22.253417968750000       -1.33696585E-06
   22.277832031250000       -1.33589992E-06
   22.302246093750000       -1.33484639E-06
   22.326660156250000       -1.33379922E-06
   22.351074218750000       -1.33277024E-06
   22.375488281250000       -1.33174183E-06
   22.399902343750000       -1.33073149E-06
   22.424316406250000       -1.32972764E-06
   22.448730468750000       -1.32873595E-06
   22.473144531250000       -1.32775654E-06
   22.497558593750000       -1.32678338E-06
   22.521972656250000       -1.32582250E-06
   22.546386718750000       -1.32487378E-06
   22.570800781250000       -1.32393131E-06
   22.595214843750000       -1.32300102E-06
   22.619628906250000       -1.32208288E-06
   22.644042968750000       -1.32117100E-06
   22.668457031250000       -1.32027117E-06
   22.692871093750000       -1.31938350E-06
   22.717285156250000       -1.31850209E-06
   22.741699218750000       -1.31763261E-06
   22.766113281250000       -1.31676950E-06
   22.790527343750000       -1.31592412E-06
   22.814941406250000       -1.31508500E-06
   22.839355468750000       -1.31425202E-06
   22.863769531250000       -1.31343108E-06
   22.888183593750000       -1.31262209E-06
   22.912597656250000       -1.31182503E-06
   22.937011718750000       -1.31103411E-06
   22.961425781250000       -1.31025524E-06
   22.985839843750000       -1.30948240E-06
   23.010253906250000       -1.30872149E-06
   23.034667968750000       -1.30797252E-06
   23.059082031250000       -1.30722958E-06
   23.083496093750000       -1.30649858E-06
   23.107910156250000       -1.30577939E-06
   23.132324218750000       -1.30506623E-06
   23.156738281250000       -1.30436501E-06
   23.181152343750000       -1.30367562E-06
   23.205566406250000       -1.30299225E-06
   23.229980468750000       -1.30231490E-06
   23.254394531250000       -1.30165506E-06
   23.278808593750000       -1.30100136E-06
   23.303222656250000       -1.30035937E-06
   23.327636718750000       -1.29972341E-06
   23.352050781250000       -1.29909915E-06
   23.376464843750000       -1.29848092E-06
   23.400878906250000       -1.29787452E-06
   23.425292968750000       -1.29727971E-06
   23.449707031250000       -1.29669093E-06
   23.474121093750000       -1.29611385E-06
   23.498535156250000       -1.29554849E-06
   23.522949218750000       -1.29498903E-06
   23.547363281250000       -1.29444129E-06
   23.571777343750000       -1.29389946E-06
   23.596191406250000       -1.29336922E-06
   23.620605468750000       -1.29285081E-06
   23.645019531250000       -1.29233820E-06
   23.669433593750000       -1.29183718E-06
   23.693847656250000       -1.29134219E-06
   23.718261718750000       -1.29085868E-06
   23.742675781250000       -1.29038688E-06
   23.767089843750000       -1.28992099E-06
   23.791503906250000       -1.28946670E-06
   23.815917968750000       -1.28901820E-06
   23.840332031250000       -1.28858710E-06
   23.864746093750000       -1.28815611E-06
   23.889160156250000       -1.28773661E-06
   23.913574218750000       -1.28732881E-06
   23.937988281250000       -1.28693250E-06
   23.962402343750000       -1.28654199E-06
   23.986816406250000       -1.28615739E-06
   24.011230468750000       -1.28578426E-06
   24.035644531250000       -1.28542274E-06
   24.060058593750000       -1.28506701E-06
   24.084472656250000       -1.28472277E-06
   24.108886718750000       -1.28439012E-06
   24.133300781250000       -1.28406327E-06
   24.157714843750000       -1.28374791E-06
   24.182128906250000       -1.28343834E-06
   24.206542968750000       -1.28314025E-06
   24.230957031250000       -1.28285376E-06
   24.255371093750000       -1.28257295E-06
   24.279785156250000       -1.28229794E-06
   24.304199218750000       -1.28203442E-06
   24.328613281250000       -1.28178249E-06
   24.353027343750000       -1.28154193E-06
   24.377441406250000       -1.28130716E-06
   24.401855468750000       -1.28107808E-06
   24.426269531250000       -1.28086060E-06
   24.450683593750000       -1.28065449E-06
   24.475097656250000       -1.28045417E-06
   24.499511718750000       -1.28026534E-06
   24.523925781250000       -1.28008787E-06
   24.548339843750000       -1.27991621E-06
   24.572753906250000       -1.27975034E-06
   24.597167968750000       -1.27960152E-06
   24.621582031250000       -1.27945282E-06
   24.645996093750000       -1.27932128E-06
   24.670410156250000       -1.27919543E-06
   24.694824218750000       -1.27907526E-06
   24.719238281250000       -1.27896669E-06
   24.743652343750000       -1.27886938E-06
   24.768066406250000       -1.27877797E-06
   24.792480468750000       -1.27869782E-06
   24.816894531250000       -1.27862359E-06
   24.841308593750000       -1.27856060E-06
   24.865722656250000       -1.27850922E-06
   24.890136718750000       -1.27846340E-06
   24.914550781250000       -1.27842918E-06
   24.938964843750000       -1.27840053E-06
   24.963378906250000       -1.27838337E-06
   24.987792968750000       -1.27837200E-06
   25.012207031250000       -1.27837200E-06
   25.036621093750000       -1.27838337E-06
   25.061035156250000       -1.27840053E-06
   25.085449218750000       -1.27842918E-06
   25.109863281250000       -1.27846340E-06
   25.134277343750000       -1.27850922E-06
   25.158691406250000       -1.27856060E-06
   25.183105468750000       -1.27862359E-06
   25.207519531250000       -1.27869782E-06
   25.231933593750000       -1.27877797E-06
   25.256347656250000       -1.27886938E-06
   25.280761718750000       -1.27896669E-06
   25.305175781250000       -1.27907526E-06
   25.329589843750000       -1.27919543E-06
   25.354003906250000       -1.27932128E-06
   25.378417968750000       -1.27945282E-06
   25.402832031250000       -1.27960152E-06
   25.427246093750000       -1.27975034E-06
   25.451660156250000       -1.27991621E-06
   25.476074218750000       -1.28008787E-06
   25.500488281250000       -1.28026534E-06
   25.524902343750000       -1.28045417E-06
   25.549316406250000       -1.28065449E-06
   25.573730468750000       -1.28086060E-06
   25.598144531250000       -1.28107808E-06
   25.622558593750000       -1.28130716E-06
   25.646972656250000       -1.28154193E-06
   25.671386718750000       -1.28178249E-06
   25.695800781250000       -1.28203442E-06
   25.720214843750000       -1.28229794E-06
   25.744628906250000       -1.28257295E-06
   25.769042968750000       -1.28285376E-06
   25.793457031250000       -1.28314025E-06
   25.817871093750000       -1.28343834E-06
   25.842285156250000       -1.28374791E-06
   25.866699218750000       -1.28406327E-06
   25.891113281250000       -1.28439012E-06
   25.915527343750000       -1.28472277E-06
   25.939941406250000       -1.28506701E-06
   25.964355468750000       -1.28542274E-06
   25.988769531250000       -1.28578426E-06
   26.013183593750000       -1.28615739E-06
   26.037597656250000       -1.28654199E-06
   26.062011718750000       -1.28693250E-06
   26.086425781250000       -1.28732881E-06
   26.110839843750000       -1.28773661E-06
   26.135253906250000       -1.28815611E-06
   26.159667968750000       -1.28858710E-06
   26.184082031250000       -1.28901820E-06
   26.208496093750000       -1.28946670E-06
   26.232910156250000       -1.28992099E-06
   26.257324218750000       -1.29038688E-06
   26.281738281250000       -1.29085868E-06
   26.306152343750000       -1.29134219E-06
   26.330566406250000       -1.29183718E-06
   26.354980468750000       -1.29233820E-06
   26.379394531250000       -1.29285081E-06
   26.403808593750000       -1.29336922E-06
   26.428222656250000       -1.29389946E-06
   26.452636718750000       -1.29444129E-06
   26.477050781250000       -1.29498903E-06
   26.501464843750000       -1.29554849E-06
   26.525878906250000       -1.29611385E-06
   26.550292968750000       -1.29669093E-06
   26.574707031250000       -1.29727971E-06
   26.599121093750000       -1.29787452E-06
   26.623535156250000       -1.29848092E-06
   26.647949218750000       -1.29909915E-06
   26.672363281250000       -1.29972341E-06
   26.696777343750000       -1.30035937E-06
   26.721191406250000       -1.30100136E-06
   26.745605468750000       -1.30165506E-06
   26.770019531250000       -1.30231490E-06
   26.794433593750000       -1.30299225E-06
   26.818847656250000       -1.30367562E-06
   26.843261718750000       -1.30436501E-06
   26.867675781250000       -1.30506623E-06
   26.892089843750000       -1.30577939E-06
   26.916503906250000       -1.30649858E-06
   26.940917968750000       -1.30722958E-06
   26.965332031250000       -1.30797252E-06
   26.989746093750000       -1.30872149E-06
   27.014160156250000       -1.30948240E-06
   27.038574218750000       -1.31025524E-06
   27.062988281250000       -1.31103411E-06
   27.087402343750000       -1.31182503E-06
   27.111816406250000       -1.31262209E-06
   27.136230468750000       -1.31343108E-06
   27.160644531250000       -1.31425202E-06
   27.185058593750000       -1.31508500E-06
   27.209472656250000       -1.31592412E-06
   27.233886718750000       -1.31676950E-06
   27.258300781250000       -1.31763261E-06
   27.282714843750000       -1.31850209E-06
   27.307128906250000       -1.31938350E-06
   27.331542968750000       -1.32027117E-06
   27.355957031250000       -1.32117100E-06
   27.380371093750000       -1.32208288E-06
   27.404785156250000       -1.32300102E-06
   27.429199218750000       -1.32393131E-06
   27.453613281250000       -1.32487378E-06
   27.478027343750000       -1.32582250E-06
   27.502441406250000       -1.32678338E-06
   27.526855468750000       -1.32775654E-06
   27.551269531250000       -1.32873595E-06
   27.575683593750000       -1.32972764E-06
   27.600097656250000       -1.33073149E-06
   27.624511718750000       -1.33174183E-06
   27.648925781250000       -1.33277024E-06
   27.673339843750000       -1.33379922E-06
   27.697753906250000       -1.33484639E-06
   27.722167968750000       -1.33589992E-06
   27.746582031250000       -1.33696585E-06
   27.770996093750000       -1.33803826E-06
   27.795410156250000       -1.33912886E-06
   27.819824218750000       -1.34022594E-06
   27.844238281250000       -1.34132961E-06
   27.868652343750000       -1.34245158E-06
   27.893066406250000       -1.34358004E-06
   27.917480468750000       -1.34472100E-06
   27.941894531250000       -1.34586855E-06
   27.966308593750000       -1.34702850E-06
   27.990722656250000       -1.34820107E-06
   28.015136718750000       -1.34938614E-06
   28.039550781250000       -1.35057780E-06
   28.063964843750000       -1.35178800E-06
   28.088378906250000       -1.35299888E-06
   28.112792968750000       -1.35422829E-06
   28.137207031250000       -1.35546452E-06
   28.161621093750000       -1.35671326E-06
   28.186035156250000       -1.35797472E-06
   28.210449218750000       -1.35924893E-06
   28.234863281250000       -1.36052984E-06
   28.259277343750000       -1.36182348E-06
   28.283691406250000       -1.36312985E-06
   28.308105468750000       -1.36444305E-06
   28.332519531250000       -1.36576898E-06
   28.356933593750000       -1.36710787E-06
   28.381347656250000       -1.36845949E-06
   28.405761718750000       -1.36982396E-06
   28.430175781250000       -1.37119537E-06
   28.454589843750000       -1.37257973E-06
   28.479003906250000       -1.37397694E-06
   28.503417968750000       -1.37538120E-06
   28.527832031250000       -1.37680433E-06
   28.552246093750000       -1.37823451E-06
   28.576660156250000       -1.37967766E-06
   28.601074218750000       -1.38113398E-06
   28.625488281250000       -1.38259725E-06
   28.649902343750000       -1.38407358E-06
   28.674316406250000       -1.38556311E-06
   28.698730468750000       -1.38706571E-06
   28.723144531250000       -1.38858150E-06
   28.747558593750000       -1.39010444E-06
   28.771972656250000       -1.39164661E-06
   28.796386718750000       -1.39319604E-06
   28.820800781250000       -1.39475878E-06
   28.845214843750000       -1.39633471E-06
   28.869628906250000       -1.39791791E-06
   28.894042968750000       -1.39951453E-06
   28.918457031250000       -1.40113048E-06
   28.942871093750000       -1.40275381E-06
   28.967285156250000       -1.40439056E-06
   28.991699218750000       -1.40603470E-06
   29.016113281250000       -1.40769851E-06
   29.040527343750000       -1.40936959E-06
   29.064941406250000       -1.41105420E-06
   29.089355468750000       -1.41275245E-06
   29.113769531250000       -1.41446424E-06
   29.138183593750000       -1.41618966E-06
   29.162597656250000       -1.41792873E-06
   29.187011718750000       -1.41967541E-06
   29.211425781250000       -1.42144188E-06
   29.235839843750000       -1.42321596E-06
   29.260253906250000       -1.42500380E-06
   29.284667968750000       -1.42680551E-06
   29.309082031250000       -1.42862098E-06
   29.333496093750000       -1.43045031E-06
   29.357910156250000       -1.43228738E-06
   29.382324218750000       -1.43414456E-06
   29.406738281250000       -1.43600960E-06
   29.431152343750000       -1.43789464E-06
   29.455566406250000       -1.43978764E-06
   29.479980468750000       -1.44169462E-06
   29.504394531250000       -1.44361570E-06
   29.528808593750000       -1.44555099E-06
   29.553222656250000       -1.44750027E-06
   29.577636718750000       -1.44946387E-06
   29.602050781250000       -1.45144156E-06
   29.626464843750000       -1.45342744E-06
   29.650878906250000       -1.45543368E-06
   29.675292968750000       -1.45745435E-06
   29.699707031250000       -1.45948309E-06
   29.724121093750000       -1.46153241E-06
   29.748535156250000       -1.46359002E-06
   29.772949218750000       -1.46566822E-06
   29.797363281250000       -1.46775471E-06
   29.821777343750000       -1.46985576E-06
   29.846191406250000       -1.47197761E-06
   29.870605468750000       -1.47410788E-06
   29.895019531250000       -1.47625269E-06
   29.919433593750000       -1.47841217E-06
   29.943847656250000       -1.48059280E-06
   29.968261718750000       -1.48278173E-06
   29.992675781250000       -1.48498555E-06
   30.017089843750000       -1.48720414E-06
   30.041503906250000       -1.48943764E-06
   30.065917968750000       -1.49169239E-06
   30.090332031250000       -1.49395578E-06
   30.114746093750000       -1.49623406E-06
   30.139160156250000       -1.49853383E-06
   30.163574218750000       -1.50084225E-06
   30.187988281250000       -1.50316578E-06
   30.212402343750000       -1.50551091E-06
   30.236816406250000       -1.50786479E-06
   30.261230468750000       -1.51024028E-06
   30.285644531250000       -1.51262464E-06
   30.310058593750000       -1.51503082E-06
   30.334472656250000       -1.51745223E-06
   30.358886718750000       -1.51988274E-06
   30.383300781250000       -1.52233508E-06
   30.407714843750000       -1.52480300E-06
   30.432128906250000       -1.52728637E-06
   30.456542968750000       -1.52978532E-06
   30.480957031250000       -1.53230633E-06
   30.505371093750000       -1.53483666E-06
   30.529785156250000       -1.53738256E-06
   30.554199218750000       -1.53995086E-06
   30.578613281250000       -1.54253485E-06
   30.603027343750000       -1.54512827E-06
   30.627441406250000       -1.54774409E-06
   30.651855468750000       -1.55037583E-06
   30.676269531250000       -1.55302359E-06
   30.700683593750000       -1.55569387E-06
   30.725097656250000       -1.55837381E-06
   30.749511718750000       -1.56107637E-06
   30.773925781250000       -1.56379508E-06
   30.798339843750000       -1.56653016E-06
   30.822753906250000       -1.56928149E-06
   30.847167968750000       -1.57204909E-06
   30.871582031250000       -1.57483976E-06
   30.895996093750000       -1.57764021E-06
   30.920410156250000       -1.58046385E-06
   30.944824218750000       -1.58330397E-06
   30.969238281250000       -1.58616729E-06
   30.993652343750000       -1.58904072E-06
   31.018066406250000       -1.59193735E-06
   31.042480468750000       -1.59485091E-06
   31.066894531250000       -1.59778119E-06
   31.091308593750000       -1.60073500E-06
   31.115722656250000       -1.60369905E-06
   31.140136718750000       -1.60668685E-06
   31.164550781250000       -1.60969830E-06
   31.188964843750000       -1.61272021E-06
   31.213378906250000       -1.61576588E-06
   31.237792968750000       -1.61882883E-06
   31.262207031250000       -1.62190895E-06
   31.286621093750000       -1.62501317E-06
   31.311035156250000       -1.62813490E-06
   31.335449218750000       -1.63127390E-06
   31.359863281250000       -1.63443053E-06
   31.384277343750000       -1.63761138E-06
   31.408691406250000       -1.64080984E-06
   31.433105468750000       -1.64403275E-06
   31.457519531250000       -1.64727351E-06
   31.481933593750000       -1.65053200E-06
   31.506347656250000       -1.65380834E-06
   31.530761718750000       -1.65710946E-06
   31.555175781250000       -1.66042867E-06
   31.579589843750000       -1.66377265E-06
   31.604003906250000       -1.66713471E-06
   31.628417968750000       -1.67051508E-06
   31.652832031250000       -1.67392045E-06
   31.677246093750000       -1.67734413E-06
   31.701660156250000       -1.68079316E-06
   31.726074218750000       -1.68426061E-06
   31.750488281250000       -1.68774659E-06
   31.774902343750000       -1.69125803E-06
   31.799316406250000       -1.69479506E-06
   31.823730468750000       -1.69834391E-06
   31.848144531250000       -1.70192538E-06
   31.872558593750000       -1.70551891E-06
   31.896972656250000       -1.70913813E-06
   31.921386718750000       -1.71278350E-06
   31.945800781250000       -1.71644785E-06
   31.970214843750000       -1.72013836E-06
   31.994628906250000       -1.72384807E-06
   32.019042968750000       -1.72757711E-06
   32.043457031250000       -1.73133253E-06
   32.067871093750000       -1.73511444E-06
   32.092285156250000       -1.73891590E-06
   32.116699218750000       -1.74274396E-06
   32.141113281250000       -1.74659169E-06
   32.165527343750000       -1.75046625E-06
   32.189941406250000       -1.75436060E-06
   32.214355468750000       -1.75828200E-06
   32.238769531250000       -1.76223045E-06
   32.263183593750000       -1.76619903E-06
   32.287597656250000       -1.77018774E-06
   32.312011718750000       -1.77421100E-06
   32.336425781250000       -1.77825450E-06
   32.360839843750000       -1.78231846E-06
   32.385253906250000       -1.78640994E-06
   32.409667968750000       -1.79052927E-06
   32.434082031250000       -1.79467634E-06
   32.458496093750000       -1.79884421E-06
   32.482910156250000       -1.80303289E-06
   32.507324218750000       -1.80725692E-06
   32.531738281250000       -1.81150199E-06
   32.556152343750000       -1.81577525E-06
   32.580566406250000       -1.82006977E-06
   32.604980468750000       -1.82440010E-06
   32.629394531250000       -1.82875169E-06
   32.653808593750000       -1.83312488E-06
   32.678222656250000       -1.83753400E-06
   32.702636718750000       -1.84196495E-06
   32.727050781250000       -1.84642477E-06
   32.751464843750000       -1.85091380E-06
   32.775878906250000       -1.85542478E-06
   32.800292968750000       -1.85996510E-06
   32.824707031250000       -1.86453485E-06
   32.849121093750000       -1.86913417E-06
   32.873535156250000       -1.87376315E-06
   32.897949218750000       -1.87841465E-06
   32.922363281250000       -1.88310332E-06
   32.946777343750000       -1.88781473E-06
   32.971191406250000       -1.89255627E-06
   32.995605468750000       -1.89732793E-06
   33.020019531250000       -1.90213007E-06
   33.044433593750000       -1.90695516E-06
   33.068847656250000       -1.91181834E-06
   33.093261718750000       -1.91671234E-06
   33.117675781250000       -1.92162952E-06
   33.142089843750000       -1.92657785E-06
   33.166503906250000       -1.93156461E-06
   33.190917968750000       -1.93657525E-06
   33.215332031250000       -1.94161703E-06
   33.239746093750000       -1.94669019E-06
   33.264160156250000       -1.95179496E-06
   33.288574218750000       -1.95693156E-06
   33.312988281250000       -1.96210749E-06
   33.337402343750000       -1.96730798E-06
   33.361816406250000       -1.97254030E-06
   33.386230468750000       -1.97780491E-06
   33.410644531250000       -1.98310181E-06
   33.435058593750000       -1.98843895E-06
   33.459472656250000       -1.99380111E-06
   33.483886718750000       -1.99920350E-06
   33.508300781250000       -2.00463114E-06
   33.532714843750000       -2.01009971E-06
   33.557128906250000       -2.01560124E-06
   33.581542968750000       -2.02113620E-06
   33.605957031250000       -2.02670458E-06
   33.630371093750000       -2.03230638E-06
   33.654785156250000       -2.03794980E-06
   33.679199218750000       -2.04361936E-06
   33.703613281250000       -2.04933076E-06
   33.728027343750000       -2.05507627E-06
   33.752441406250000       -2.06085610E-06
   33.776855468750000       -2.06667823E-06
   33.801269531250000       -2.07252720E-06
   33.825683593750000       -2.07841867E-06
   33.850097656250000       -2.08434517E-06
   33.874511718750000       -2.09031441E-06
   33.898925781250000       -2.09631912E-06
   33.923339843750000       -2.10235930E-06
   33.947753906250000       -2.10843473E-06
   33.972167968750000       -2.11455404E-06
   33.996582031250000       -2.12070927E-06
   34.020996093750000       -2.12690043E-06
   34.045410156250000       -2.13313569E-06
   34.069824218750000       -2.13940757E-06
   34.094238281250000       -2.14572378E-06
   34.118652343750000       -2.15207683E-06
   34.143066406250000       -2.15846649E-06
   34.167480468750000       -2.16490162E-06
   34.191894531250000       -2.17137381E-06
   34.216308593750000       -2.17789147E-06
   34.240722656250000       -2.18445484E-06
   34.265136718750000       -2.19104777E-06
   34.289550781250000       -2.19769481E-06
   34.313964843750000       -2.20437187E-06
   34.338378906250000       -2.21110372E-06
   34.362792968750000       -2.21787400E-06
   34.387207031250000       -2.22468270E-06
   34.411621093750000       -2.23153870E-06
   34.436035156250000       -2.23844199E-06
   34.460449218750000       -2.24538439E-06
   34.484863281250000       -2.25237454E-06
   34.509277343750000       -2.25940403E-06
   34.533691406250000       -2.26649036E-06
   34.558105468750000       -2.27360806E-06
   34.582519531250000       -2.28078261E-06
   34.606933593750000       -2.28799786E-06
   34.631347656250000       -2.29526177E-06
   34.655761718750000       -2.30257501E-06
   34.680175781250000       -2.30992919E-06
   34.704589843750000       -2.31734157E-06
   34.729003906250000       -2.32479533E-06
   34.753417968750000       -2.33229048E-06
   34.777832031250000       -2.33984474E-06
   34.802246093750000       -2.34744948E-06
   34.826660156250000       -2.35509651E-06
   34.851074218750000       -2.36279448E-06
   34.875488281250000       -2.37054383E-06
   34.899902343750000       -2.37834456E-06
   34.924316406250000       -2.38619714E-06
   34.948730468750000       -2.39410178E-06
   34.973144531250000       -2.40205873E-06
   34.997558593750000       -2.41005932E-06
   35.021972656250000       -2.41812154E-06
   35.046386718750000       -2.42623651E-06
   35.070800781250000       -2.43440491E-06
   35.095214843750000       -2.44262696E-06
   35.119628906250000       -2.45089382E-06
   35.144042968750000       -2.45922342E-06
   35.168457031250000       -2.46760760E-06
   35.192871093750000       -2.47605499E-06
   35.217285156250000       -2.48454853E-06
   35.241699218750000       -2.49309710E-06
   35.266113281250000       -2.50170979E-06
   35.290527343750000       -2.51037841E-06
   35.314941406250000       -2.51910296E-06
   35.339355468750000       -2.52788345E-06
   35.363769531250000       -2.53672988E-06
   35.388183593750000       -2.54562383E-06
   35.412597656250000       -2.55458394E-06
   35.437011718750000       -2.56361045E-06
   35.461425781250000       -2.57268562E-06
   35.485839843750000       -2.58182763E-06
   35.510253906250000       -2.59103740E-06
   35.534667968750000       -2.60029628E-06
   35.559082031250000       -2.60963270E-06
   35.583496093750000       -2.61901891E-06
   35.607910156250000       -2.62847379E-06
   35.632324218750000       -2.63799780E-06
   35.656738281250000       -2.64758205E-06
   35.681152343750000       -2.65722656E-06
   35.705566406250000       -2.66694110E-06
   35.729980468750000       -2.67672635E-06
   35.754394531250000       -2.68657277E-06
   35.778808593750000       -2.69649036E-06
   35.803222656250000       -2.70647001E-06
   35.827636718750000       -2.71652175E-06
   35.852050781250000       -2.72664533E-06
   35.876464843750000       -2.73683236E-06
   35.900878906250000       -2.74709214E-06
   35.925292968750000       -2.75742536E-06
   35.949707031250000       -2.76782271E-06
   35.974121093750000       -2.77830350E-06
   35.998535156250000       -2.78884954E-06
   36.022949218750000       -2.79947017E-06
   36.047363281250000       -2.81016605E-06
   36.071777343750000       -2.82092810E-06
   36.096191406250000       -2.83177587E-06
   36.120605468750000       -2.84269026E-06
   36.145019531250000       -2.85369129E-06
   36.169433593750000       -2.86475984E-06
   36.193847656250000       -2.87590592E-06
   36.218261718750000       -2.88714000E-06
   36.242675781250000       -2.89844274E-06
   36.267089843750000       -2.90983439E-06
   36.291503906250000       -2.92129562E-06
   36.315917968750000       -2.93284643E-06
   36.340332031250000       -2.94447750E-06
   36.364746093750000       -2.95617929E-06
   36.389160156250000       -2.96798225E-06
   36.413574218750000       -2.97985662E-06
   36.437988281250000       -2.99182329E-06
   36.462402343750000       -3.00387228E-06
   36.486816406250000       -3.01600448E-06
   36.511230468750000       -3.02821991E-06
   36.535644531250000       -3.04052946E-06
   36.560058593750000       -3.05292338E-06
   36.584472656250000       -3.06541256E-06
   36.608886718750000       -3.07798700E-06
   36.633300781250000       -3.09065740E-06
   36.657714843750000       -3.10341443E-06
   36.682128906250000       -3.11625809E-06
   36.706542968750000       -3.12919951E-06
   36.730957031250000       -3.14223917E-06
   36.755371093750000       -3.15536727E-06
   36.779785156250000       -3.16859450E-06
   36.804199218750000       -3.18192201E-06
   36.828613281250000       -3.19533910E-06
   36.853027343750000       -3.20885738E-06
   36.877441406250000       -3.22247729E-06
   36.901855468750000       -3.23618883E-06
   36.926269531250000       -3.25001383E-06
   36.950683593750000       -3.26393138E-06
   36.975097656250000       -3.27795283E-06
   36.999511718750000       -3.29207887E-06
   37.023925781250000       -3.30631019E-06
   37.048339843750000       -3.32064724E-06
   37.072753906250000       -3.33507978E-06
   37.097167968750000       -3.34963011E-06
   37.121582031250000       -3.36428820E-06
   37.145996093750000       -3.37905453E-06
   37.170410156250000       -3.39394069E-06
   37.194824218750000       -3.40892552E-06
   37.219238281250000       -3.42403155E-06
   37.243652343750000       -3.43923762E-06
   37.268066406250000       -3.45457715E-06
   37.292480468750000       -3.47001787E-06
   37.316894531250000       -3.48558274E-06
   37.341308593750000       -3.50126106E-06
   37.365722656250000       -3.51705376E-06
   37.390136718750000       -3.53297287E-06
   37.414550781250000       -3.54901886E-06
   37.438964843750000       -3.56518126E-06
   37.463378906250000       -3.58146076E-06
   37.487792968750000       -3.59786964E-06
   37.512207031250000       -3.61440880E-06
   37.536621093750000       -3.63106710E-06
   37.561035156250000       -3.64785706E-06
   37.585449218750000       -3.66477934E-06
   37.609863281250000       -3.68183510E-06
   37.634277343750000       -3.69901318E-06
   37.658691406250000       -3.71632632E-06
   37.683105468750000       -3.73378657E-06
   37.707519531250000       -3.75137211E-06
   37.731933593750000       -3.76909475E-06
   37.756347656250000       -3.78695586E-06
   37.780761718750000       -3.80495590E-06
   37.805175781250000       -3.82309599E-06
   37.829589843750000       -3.84137729E-06
   37.854003906250000       -3.85981184E-06
   37.878417968750000       -3.87837781E-06
   37.902832031250000       -3.89709885E-06
   37.927246093750000       -3.91597678E-06
   37.951660156250000       -3.93498794E-06
   37.976074218750000       -3.95415782E-06
   38.000488281250000       -3.97348686E-06
   38.024902343750000       -3.99295277E-06
   38.049316406250000       -4.01259194E-06
   38.073730468750000       -4.03238164E-06
   38.098144531250000       -4.05232277E-06
   38.122558593750000       -4.07242851E-06
   38.146972656250000       -4.09269978E-06
   38.171386718750000       -4.11313795E-06
   38.195800781250000       -4.13373164E-06
   38.220214843750000       -4.15450677E-06
   38.244628906250000       -4.17543970E-06
   38.269042968750000       -4.19654361E-06
   38.293457031250000       -4.21781988E-06
   38.317871093750000       -4.23926986E-06
   38.342285156250000       -4.26089446E-06
   38.366699218750000       -4.28269504E-06
   38.391113281250000       -4.30467207E-06
   38.415527343750000       -4.32684055E-06
   38.439941406250000       -4.34918820E-06
   38.464355468750000       -4.37171684E-06
   38.488769531250000       -4.39444011E-06
   38.513183593750000       -4.41734664E-06
   38.537597656250000       -4.44043735E-06
   38.562011718750000       -4.46372678E-06
   38.586425781250000       -4.48721676E-06
   38.610839843750000       -4.51089454E-06
   38.635253906250000       -4.53477560E-06
   38.659667968750000       -4.55884719E-06
   38.684082031250000       -4.58313798E-06
   38.708496093750000       -4.60762203E-06
   38.732910156250000       -4.63231481E-06
   38.757324218750000       -4.65721769E-06
   38.781738281250000       -4.68233156E-06
   38.806152343750000       -4.70765826E-06
   38.830566406250000       -4.73321325E-06
   38.854980468750000       -4.75897014E-06
   38.879394531250000       -4.78495804E-06
   38.903808593750000       -4.81116513E-06
   38.928222656250000       -4.83760641E-06
   38.952636718750000       -4.86427007E-06
   38.977050781250000       -4.89115746E-06
   39.001464843750000       -4.91828359E-06
   39.025878906250000       -4.94563710E-06
   39.050292968750000       -4.97324709E-06
   39.074707031250000       -5.00108763E-06
   39.099121093750000       -5.02916009E-06
   39.123535156250000       -5.05749449E-06
   39.147949218750000       -5.08606445E-06
   39.172363281250000       -5.11489998E-06
   39.196777343750000       -5.14398926E-06
   39.221191406250000       -5.17331955E-06
   39.245605468750000       -5.20292087E-06
   39.270019531250000       -5.23278186E-06
   39.294433593750000       -5.26291797E-06
   39.318847656250000       -5.29331692E-06
   39.343261718750000       -5.32398099E-06
   39.367675781250000       -5.35492609E-06
   39.392089843750000       -5.38615541E-06
   39.416503906250000       -5.41765576E-06
   39.440917968750000       -5.44944396E-06
   39.465332031250000       -5.48152184E-06
   39.489746093750000       -5.51387711E-06
   39.514160156250000       -5.54654207E-06
   39.538574218750000       -5.57950352E-06
   39.562988281250000       -5.61274874E-06
   39.587402343750000       -5.64631046E-06
   39.611816406250000       -5.68019095E-06
   39.636230468750000       -5.71436203E-06
   39.660644531250000       -5.74885689E-06
   39.685058593750000       -5.78367781E-06
   39.709472656250000       -5.81881159E-06
   39.733886718750000       -5.85427688E-06
   39.758300781250000       -5.89006004E-06
   39.782714843750000       -5.92619517E-06
   39.807128906250000       -5.96265318E-06
   39.831542968750000       -5.99945315E-06
   39.855957031250000       -6.03661329E-06
   39.880371093750000       -6.07410448E-06
   39.904785156250000       -6.11196128E-06
   39.929199218750000       -6.15017052E-06
   39.953613281250000       -6.18875129E-06
   39.978027343750000       -6.22769039E-06
   40.002441406250000       -6.26700694E-06
   40.026855468750000       -6.30668728E-06
   40.051269531250000       -6.34675143E-06
   40.075683593750000       -6.38721849E-06
   40.100097656250000       -6.42805890E-06
   40.124511718750000       -6.46929175E-06
   40.148925781250000       -6.51092068E-06
   40.173339843750000       -6.55296571E-06
   40.197753906250000       -6.59541320E-06
   40.222167968750000       -6.63826677E-06
   40.246582031250000       -6.68154644E-06
   40.270996093750000       -6.72523856E-06
   40.295410156250000       -6.76938134E-06
   40.319824218750000       -6.81394386E-06
   40.344238281250000       -6.85894656E-06
   40.368652343750000       -6.90439356E-06
   40.393066406250000       -6.95028803E-06
   40.417480468750000       -6.99665179E-06
   40.441894531250000       -7.04347121E-06
   40.466308593750000       -7.09076767E-06
   40.490722656250000       -7.13852751E-06
   40.515136718750000       -7.18675392E-06
   40.539550781250000       -7.23548783E-06
   40.563964843750000       -7.28469695E-06
   40.588378906250000       -7.33442175E-06
   40.612792968750000       -7.38464860E-06
   40.637207031250000       -7.43538158E-06
   40.661621093750000       -7.48662478E-06
   40.686035156250000       -7.53840141E-06
   40.710449218750000       -7.59069781E-06
   40.734863281250000       -7.64355536E-06
   40.759277343750000       -7.69694179E-06
   40.783691406250000       -7.75088029E-06
   40.808105468750000       -7.80537539E-06
   40.832519531250000       -7.86045166E-06
   40.856933593750000       -7.91607545E-06
   40.881347656250000       -7.97231041E-06
   40.905761718750000       -8.02912200E-06
   40.930175781250000       -8.08651566E-06
   40.954589843750000       -8.14453597E-06
   40.979003906250000       -8.20316836E-06
   41.003417968750000       -8.26240012E-06
   41.027832031250000       -8.32227397E-06
   41.052246093750000       -8.38279720E-06
   41.076660156250000       -8.44395527E-06
   41.101074218750000       -8.50577362E-06
   41.125488281250000       -8.56825955E-06
   41.149902343750000       -8.63139758E-06
   41.174316406250000       -8.69523501E-06
   41.198730468750000       -8.75975820E-06
   41.223144531250000       -8.82499262E-06
   41.247558593750000       -8.89092553E-06
   41.271972656250000       -8.95758421E-06
   41.296386718750000       -9.02497504E-06
   41.320800781250000       -9.09310438E-06
   41.345214843750000       -9.16197951E-06
   41.369628906250000       -9.23160678E-06
   41.394042968750000       -9.30201622E-06
   41.418457031250000       -9.37321420E-06
   41.442871093750000       -9.44520798E-06
   41.467285156250000       -9.51800575E-06
   41.491699218750000       -9.59159206E-06
   41.516113281250000       -9.66604239E-06
   41.540527343750000       -9.74129671E-06
   41.564941406250000       -9.81743051E-06
   41.589355468750000       -9.89440741E-06
   41.613769531250000       -9.97228108E-06
   41.638183593750000       -1.00510360E-05
   41.662597656250000       -1.01306823E-05
   41.687011718750000       -1.02112499E-05
   41.711425781250000       -1.02927270E-05
   41.735839843750000       -1.03751663E-05
   41.760253906250000       -1.04585561E-05
   41.784667968750000       -1.05429044E-05
   41.809082031250000       -1.06282450E-05
   41.833496093750000       -1.07145879E-05
   41.857910156250000       -1.08019185E-05
   41.882324218750000       -1.08902941E-05
   41.906738281250000       -1.09797029E-05
   41.931152343750000       -1.10701776E-05
   41.955566406250000       -1.11617055E-05
   41.979980468750000       -1.12543466E-05
   42.004394531250000       -1.13480864E-05
   42.028808593750000       -1.14429376E-05
   42.053222656250000       -1.15389348E-05
   42.077636718750000       -1.16360907E-05
   42.102050781250000       -1.17344171E-05
   42.126464843750000       -1.18339258E-05
   42.150878906250000       -1.19346541E-05
   42.175292968750000       -1.20366158E-05
   42.199707031250000       -1.21398234E-05
   42.224121093750000       -1.22442889E-05
   42.248535156250000       -1.23500267E-05
   42.272949218750000       -1.24571025E-05
   42.297363281250000       -1.25654760E-05
   42.321777343750000       -1.26752166E-05
   42.346191406250000       -1.27863095E-05
   42.370605468750000       -1.28987976E-05
   42.395019531250000       -1.30126955E-05
   42.419433593750000       -1.31280458E-05
   42.443847656250000       -1.32448358E-05
   42.468261718750000       -1.33631092E-05
   42.492675781250000       -1.34828815E-05
   42.517089843750000       -1.36041699E-05
   42.541503906250000       -1.37270190E-05
   42.565917968750000       -1.38514442E-05
   42.590332031250000       -1.39774929E-05
   42.614746093750000       -1.41051532E-05
   42.639160156250000       -1.42344725E-05
   42.663574218750000       -1.43654697E-05
   42.687988281250000       -1.44981614E-05
   42.712402343750000       -1.46325983E-05
   42.736816406250000       -1.47688270E-05
   42.761230468750000       -1.49068101E-05
   42.785644531250000       -1.50466558E-05
   42.810058593750000       -1.51883260E-05
   42.834472656250000       -1.53319015E-05
   42.858886718750000       -1.54774025E-05
   42.883300781250000       -1.56248534E-05
   42.907714843750000       -1.57742761E-05
   42.932128906250000       -1.59256942E-05
   42.956542968750000       -1.60791897E-05
   42.980957031250000       -1.62347878E-05
   43.005371093750000       -1.63924851E-05
   43.029785156250000       -1.65523325E-05
   43.054199218750000       -1.67143917E-05
   43.078613281250000       -1.68786864E-05
   43.103027343750000       -1.70452440E-05
   43.127441406250000       -1.72141226E-05
   43.151855468750000       -1.73853514E-05
   43.176269531250000       -1.75589903E-05
   43.200683593750000       -1.77350357E-05
   43.225097656250000       -1.79135823E-05
   43.249511718750000       -1.80946299E-05
   43.273925781250000       -1.82782715E-05
   43.298339843750000       -1.84645105E-05
   43.322753906250000       -1.86534089E-05
   43.347167968750000       -1.88449994E-05
   43.371582031250000       -1.90393857E-05
   43.395996093750000       -1.92365351E-05
   43.420410156250000       -1.94365821E-05
   43.444824218750000       -1.96395322E-05
   43.469238281250000       -1.98454181E-05
   43.493652343750000       -2.00543509E-05
   43.518066406250000       -2.02663323E-05
   43.542480468750000       -2.04814751E-05
   43.566894531250000       -2.06997811E-05
   43.591308593750000       -2.09213631E-05
   43.615722656250000       -2.11462302E-05
   43.640136718750000       -2.13744588E-05
   43.664550781250000       -2.16061308E-05
   43.688964843750000       -2.18413297E-05
   43.713378906250000       -2.20800630E-05
   43.737792968750000       -2.23224524E-05
   43.762207031250000       -2.25685108E-05
   43.786621093750000       -2.28183999E-05
   43.811035156250000       -2.30720925E-05
   43.835449218750000       -2.33297214E-05
   43.859863281250000       -2.35913358E-05
   43.884277343750000       -2.38570301E-05
   43.908691406250000       -2.41269008E-05
   43.933105468750000       -2.44009625E-05
   43.957519531250000       -2.46793970E-05
   43.981933593750000       -2.49622208E-05
   44.006347656250000       -2.52495374E-05
   44.030761718750000       -2.55414070E-05
   44.055175781250000       -2.58379769E-05
   44.079589843750000       -2.61393143E-05
   44.104003906250000       -2.64455266E-05
   44.128417968750000       -2.67567266E-05
   44.152832031250000       -2.70729397E-05
   44.177246093750000       -2.73943697E-05
   44.201660156250000       -2.77210456E-05
   44.226074218750000       -2.80531312E-05
   44.250488281250000       -2.83906593E-05
   44.274902343750000       -2.87338444E-05
   44.299316406250000       -2.90827666E-05
   44.323730468750000       -2.94375095E-05
   44.348144531250000       -2.97982042E-05
   44.372558593750000       -3.01650325E-05
   44.396972656250000       -3.05380818E-05
   44.421386718750000       -3.09174466E-05
   44.445800781250000       -3.13033634E-05
   44.470214843750000       -3.16958831E-05
   44.494628906250000       -3.20951476E-05
   44.519042968750000       -3.25014080E-05
   44.543457031250000       -3.29146751E-05
   44.567871093750000       -3.33351963E-05
   44.592285156250000       -3.37630918E-05
   44.616699218750000       -3.41985688E-05
   44.641113281250000       -3.46416928E-05
   44.665527343750000       -3.50927912E-05
   44.689941406250000       -3.55518823E-05
   44.714355468750000       -3.60192498E-05
   44.738769531250000       -3.64950174E-05
   44.763183593750000       -3.69794288E-05
   44.787597656250000       -3.74726733E-05
   44.812011718750000       -3.79748926E-05
   44.836425781250000       -3.84863342E-05
   44.860839843750000       -3.90072055E-05
   44.885253906250000       -3.95377683E-05
   44.909667968750000       -4.00781792E-05
   44.934082031250000       -4.06287145E-05
   44.958496093750000       -4.11895307E-05
   44.982910156250000       -4.17609808E-05
   45.007324218750000       -4.23432903E-05
   45.031738281250000       -4.29366446E-05
   45.056152343750000       -4.35413422E-05
   45.080566406250000       -4.41576922E-05
   45.104980468750000       -4.47859529E-05
   45.129394531250000       -4.54263864E-05
   45.153808593750000       -4.60793235E-05
   45.178222656250000       -4.67450955E-05
   45.202636718750000       -4.74239314E-05
   45.227050781250000       -4.81161769E-05
   45.251464843750000       -4.88221922E-05
   45.275878906250000       -4.95423483E-05
   45.300292968750000       -5.02768889E-05
   45.324707031250000       -5.10263344E-05
   45.349121093750000       -5.17909430E-05
   45.373535156250000       -5.25710566E-05
   45.397949218750000       -5.33672210E-05
   45.422363281250000       -5.41797199E-05
   45.446777343750000       -5.50090590E-05
   45.471191406250000       -5.58556130E-05
   45.495605468750000       -5.67198367E-05
   45.520019531250000       -5.76021957E-05
   45.544433593750000       -5.85031630E-05
   45.568847656250000       -5.94232370E-05
   45.593261718750000       -6.03629123E-05
   45.617675781250000       -6.13227821E-05
   45.642089843750000       -6.23032247E-05
   45.666503906250000       -6.33049349E-05
   45.690917968750000       -6.43283856E-05
   45.715332031250000       -6.53743118E-05
   45.739746093750000       -6.64431354E-05
   45.764160156250000       -6.75356205E-05
   45.788574218750000       -6.86523854E-05
   45.812988281250000       -6.97940632E-05
   45.837402343750000       -7.09613887E-05
   45.861816406250000       -7.21550314E-05
   45.886230468750000       -7.33758570E-05
   45.910644531250000       -7.46243895E-05
   45.935058593750000       -7.59017203E-05
   45.959472656250000       -7.72084095E-05
   45.983886718750000       -7.85454104E-05
   46.008300781250000       -7.99135159E-05
   46.032714843750000       -8.13138176E-05
   46.057128906250000       -8.27470576E-05
   46.081542968750000       -8.42142908E-05
   46.105957031250000       -8.57165141E-05
   46.130371093750000       -8.72546298E-05
   46.154785156250000       -8.88299764E-05
   46.179199218750000       -9.04434419E-05
   46.203613281250000       -9.20962120E-05
   46.228027343750000       -9.37894438E-05
   46.252441406250000       -9.55244905E-05
   46.276855468750000       -9.73025817E-05
   46.301269531250000       -9.91249472E-05
   46.325683593750000       -1.00993078E-04
   46.350097656250000       -1.02908307E-04
   46.374511718750000       -1.04872095E-04
   46.398925781250000       -1.06886066E-04
   46.423339843750000       -1.08951681E-04
   46.447753906250000       -1.11070651E-04
   46.472167968750000       -1.13244751E-04
   46.496582031250000       -1.15475465E-04
   46.520996093750000       -1.17765012E-04
   46.545410156250000       -1.20114877E-04
   46.569824218750000       -1.22527403E-04
   46.594238281250000       -1.25004415E-04
   46.618652343750000       -1.27548163E-04
   46.643066406250000       -1.30160828E-04
   46.667480468750000       -1.32844580E-04
   46.691894531250000       -1.35601978E-04
   46.716308593750000       -1.38435469E-04
   46.740722656250000       -1.41347526E-04
   46.765136718750000       -1.44341000E-04
   46.789550781250000       -1.47418570E-04
   46.813964843750000       -1.50583117E-04
   46.838378906250000       -1.53837784E-04
   46.862792968750000       -1.57185510E-04
   46.887207031250000       -1.60629788E-04
   46.911621093750000       -1.64173791E-04
   46.936035156250000       -1.67821359E-04
   46.960449218750000       -1.71576059E-04
   46.984863281250000       -1.75441572E-04
   47.009277343750000       -1.79422132E-04
   47.033691406250000       -1.83521843E-04
   47.058105468750000       -1.87745129E-04
   47.082519531250000       -1.92096544E-04
   47.106933593750000       -1.96580630E-04
   47.131347656250000       -2.01202449E-04
   47.155761718750000       -2.05967241E-04
   47.180175781250000       -2.10880433E-04
   47.204589843750000       -2.15947497E-04
   47.229003906250000       -2.21174399E-04
   47.253417968750000       -2.26567412E-04
   47.277832031250000       -2.32132632E-04
   47.302246093750000       -2.37876928E-04
   47.326660156250000       -2.43807459E-04
   47.351074218750000       -2.49931269E-04
   47.375488281250000       -2.56256200E-04
   47.399902343750000       -2.62790127E-04
   47.424316406250000       -2.69541692E-04
   47.448730468750000       -2.76519393E-04
   47.473144531250000       -2.83732545E-04
   47.497558593750000       -2.91190954E-04
   47.521972656250000       -2.98904342E-04
   47.546386718750000       -3.06883245E-04
   47.570800781250000       -3.15139099E-04
   47.595214843750000       -3.23683314E-04
   47.619628906250000       -3.32528027E-04
   47.644042968750000       -3.41685867E-04
   47.668457031250000       -3.51170485E-04
   47.692871093750000       -3.60995618E-04
   47.717285156250000       -3.71176226E-04
   47.741699218750000       -3.81727819E-04
   47.766113281250000       -3.92666407E-04
   47.790527343750000       -4.04009043E-04
   47.814941406250000       -4.15774062E-04
   47.839355468750000       -4.27979976E-04
   47.863769531250000       -4.40646429E-04
   47.888183593750000       -4.53794812E-04
   47.912597656250000       -4.67446516E-04
   47.937011718750000       -4.81624855E-04
   47.961425781250000       -4.96354129E-04
   47.985839843750000       -5.11659833E-04
   48.010253906250000       -5.27569035E-04
   48.034667968750000       -5.44110022E-04
   48.059082031250000       -5.61312540E-04
   48.083496093750000       -5.79208310E-04
   48.107910156250000       -5.97830396E-04
   48.132324218750000       -6.17214304E-04
   48.156738281250000       -6.37396646E-04
   48.181152343750000       -6.58416306E-04
   48.205566406250000       -6.80315075E-04
   48.229980468750000       -7.03135738E-04
   48.254394531250000       -7.26925209E-04
   48.278808593750000       -7.51731568E-04
   48.303222656250000       -7.77606037E-04
   48.327636718750000       -8.04603565E-04
   48.352050781250000       -8.32780730E-04
   48.376464843750000       -8.62199406E-04
   48.400878906250000       -8.92923388E-04
   48.425292968750000       -9.25021537E-04
   48.449707031250000       -9.58564808E-04
   48.474121093750000       -9.93631314E-04
   48.498535156250000       -1.03030051E-03
   48.522949218750000       -1.06865983E-03
   48.547363281250000       -1.10879983E-03
   48.571777343750000       -1.15081761E-03
   48.596191406250000       -1.19481585E-03
   48.620605468750000       -1.24090316E-03
   48.645019531250000       -1.28919643E-03
   48.669433593750000       -1.33981777E-03
   48.693847656250000       -1.39289815E-03
   48.718261718750000       -1.44857750E-03
   48.742675781250000       -1.50700333E-03
   48.767089843750000       -1.56833255E-03
   48.791503906250000       -1.63273327E-03
   48.815917968750000       -1.70038431E-03
   48.840332031250000       -1.77147437E-03
   48.864746093750000       -1.84620777E-03
   48.889160156250000       -1.92479882E-03
   48.913574218750000       -2.00747862E-03
   48.937988281250000       -2.09449185E-03
   48.962402343750000       -2.18610163E-03
   48.986816406250000       -2.28258641E-03
   49.011230468750000       -2.38424586E-03
   49.035644531250000       -2.49139825E-03
   49.060058593750000       -2.60438514E-03
   49.084472656250000       -2.72357021E-03
   49.108886718750000       -2.84934393E-03
   49.133300781250000       -2.98212329E-03
   49.157714843750000       -3.12235462E-03
   49.182128906250000       -3.27051524E-03
   49.206542968750000       -3.42711830E-03
   49.230957031250000       -3.59271071E-03
   49.255371093750000       -3.76788224E-03
   49.279785156250000       -3.95326223E-03
   49.304199218750000       -4.14952775E-03
   49.328613281250000       -4.35740361E-03
   49.353027343750000       -4.57767118E-03
   49.377441406250000       -4.81116539E-03
   49.401855468750000       -5.05878823E-03
   49.426269531250000       -5.32150315E-03
   49.450683593750000       -5.60035324E-03
   49.475097656250000       -5.89645281E-03
   49.499511718750000       -6.21101027E-03
   49.523925781250000       -6.54531596E-03
   49.548339843750000       -6.90077012E-03
   49.572753906250000       -7.27887079E-03
   49.597167968750000       -7.68124638E-03
   49.621582031250000       -8.10963474E-03
   49.645996093750000       -8.56593251E-03
   49.670410156250000       -9.05216020E-03
   49.694824218750000       -9.57052968E-03
   49.719238281250000       -1.01233954E-02
   49.743652343750000       -1.07133435E-02
   49.768066406250000       -1.13431150E-02
   49.792480468750000       -1.20157441E-02
   49.816894531250000       -1.27344234E-02
   49.841308593750000       -1.35027235E-02
   49.865722656250000       -1.43243568E-02
   49.890136718750000       -1.52035616E-02
   49.914550781250000       -1.61446072E-02
   49.938964843750000       -1.71526335E-02
   49.963378906250000       -1.82323046E-02
   49.987792968750000       -1.93906985E-02
