   1.2207031250000000E-002  -1.40511346    
   3.6621093750000000E-002  -1.32919884    
   6.1035156250000000E-002  -1.25833344    
   8.5449218750000000E-002  -1.19202828    
  0.10986328125000000       -1.12997222    
  0.13427734375000000       -1.07182133    
  0.15869140625000000       -1.01729631    
  0.18310546875000000      -0.966120005    
  0.20751953125000000      -0.918054342    
  0.23193359375000000      -0.872870564    
  0.25634765625000000      -0.830367029    
  0.28076171875000000      -0.790352643    
  0.30517578125000000      -0.752656877    
  0.32958984375000000      -0.717118859    
  0.35400390625000000      -0.683593929    
  0.37841796875000000      -0.651946008    
  0.40283203125000000      -0.622052014    
  0.42724609375000000      -0.593796372    
  0.45166015625000000      -0.567073822    
  0.47607421875000000      -0.541785777    
  0.50048828125000000      -0.517841995    
  0.52490234375000000      -0.495157987    
  0.54931640625000000      -0.473656327    
  0.57373046875000000      -0.453264236    
  0.59814453125000000      -0.433914751    
  0.62255859375000000      -0.415545285    
  0.64697265625000000      -0.398097813    
  0.67138671875000000      -0.381518036    
  0.69580078125000000      -0.365755737    
  0.72021484375000000      -0.350763589    
  0.74462890625000000      -0.336497903    
  0.76904296875000000      -0.322917491    
  0.79345703125000000      -0.309984088    
  0.81787109375000000      -0.297661841    
  0.84228515625000000      -0.285917193    
  0.86669921875000000      -0.274718583    
  0.89111328125000000      -0.264036655    
  0.91552734375000000      -0.253843725    
  0.93994140625000000      -0.244113952    
  0.96435546875000000      -0.234822839    
  0.98876953125000000      -0.225947618    
   1.0131835937500000      -0.217466697    
   1.0375976562500000      -0.209359959    
   1.0620117187500000      -0.201608211    
   1.0864257812500000      -0.194193646    
   1.1108398437500000      -0.187099263    
   1.1352539062500000      -0.180309236    
   1.1596679687500000      -0.173808515    
   1.1840820312500000      -0.167582914    
   1.2084960937500000      -0.161619022    
   1.2329101562500000      -0.155904293    
   1.2573242187500000      -0.150426671    
   1.2817382812500000      -0.145174906    
   1.3061523437500000      -0.140138328    
   1.3305664062500000      -0.135306910    
   1.3549804687500000      -0.130670965    
   1.3793945312500000      -0.126221463    
   1.4038085937500000      -0.121949837    
   1.4282226562500000      -0.117847972    
   1.4526367187500000      -0.113908149    
   1.4770507812500000      -0.110123023    
   1.5014648437500000      -0.106485672    
   1.5258789062500000      -0.102989525    
   1.5502929687500000       -9.96282697E-02
   1.5747070312500000       -9.63960215E-02
   1.5991210937500000       -9.32870805E-02
   1.6235351562500000       -9.02961195E-02
   1.6479492187500000       -8.74180347E-02
   1.6723632812500000       -8.46479014E-02
   1.6967773437500000       -8.19812045E-02
   1.7211914062500000       -7.94134513E-02
   1.7456054687500000       -7.69404694E-02
   1.7700195312500000       -7.45583251E-02
   1.7944335937500000       -7.22631812E-02
   1.8188476562500000       -7.00514093E-02
   1.8432617187500000       -6.79195970E-02
   1.8676757812500000       -6.58643693E-02
   1.8920898437500000       -6.38826862E-02
   1.9165039062500000       -6.19715117E-02
   1.9409179687500000       -6.01279698E-02
   1.9653320312500000       -5.83493300E-02
   1.9897460937500000       -5.66330366E-02
   2.0141601562500000       -5.49765639E-02
   2.0385742187500000       -5.33775240E-02
   2.0629882812500000       -5.18336818E-02
   2.0874023437500000       -5.03428541E-02
   2.1118164062500000       -4.89029773E-02
   2.1362304687500000       -4.75120284E-02
   2.1606445312500000       -4.61681299E-02
   2.1850585937500000       -4.48694900E-02
   2.2094726562500000       -4.36143465E-02
   2.2338867187500000       -4.24010418E-02
   2.2583007812500000       -4.12279889E-02
   2.2827148437500000       -4.00936790E-02
   2.3071289062500000       -3.89966145E-02
   2.3315429687500000       -3.79354469E-02
   2.3559570312500000       -3.69087867E-02
   2.3803710937500000       -3.59153859E-02
   2.4047851562500000       -3.49540189E-02
   2.4291992187500000       -3.40234824E-02
   2.4536132812500000       -3.31226587E-02
   2.4780273437500000       -3.22504491E-02
   2.5024414062500000       -3.14058438E-02
   2.5268554687500000       -3.05878166E-02
   2.5512695312500000       -2.97954269E-02
   2.5756835937500000       -2.90277414E-02
   2.6000976562500000       -2.82839034E-02
   2.6245117187500000       -2.75630262E-02
   2.6489257812500000       -2.68643294E-02
   2.6733398437500000       -2.61870436E-02
   2.6977539062500000       -2.55303681E-02
   2.7221679687500000       -2.48936210E-02
   2.7465820312500000       -2.42761075E-02
   2.7709960937500000       -2.36771423E-02
   2.7954101562500000       -2.30960958E-02
   2.8198242187500000       -2.25323737E-02
   2.8442382812500000       -2.19853390E-02
   2.8686523437500000       -2.14544572E-02
   2.8930664062500000       -2.09391788E-02
   2.9174804687500000       -2.04389561E-02
   2.9418945312500000       -1.99533068E-02
   2.9663085937500000       -1.94817353E-02
   2.9907226562500000       -1.90237593E-02
   3.0151367187500000       -1.85789466E-02
   3.0395507812500000       -1.81468427E-02
   3.0639648437500000       -1.77270453E-02
   3.0883789062500000       -1.73191428E-02
   3.1127929687500000       -1.69227440E-02
   3.1372070312500000       -1.65374782E-02
   3.1616210937500000       -1.61629878E-02
   3.1860351562500000       -1.57989170E-02
   3.2104492187500000       -1.54449306E-02
   3.2348632812500000       -1.51007166E-02
   3.2592773437500000       -1.47659630E-02
   3.2836914062500000       -1.44403521E-02
   3.3081054687500000       -1.41236149E-02
   3.3325195312500000       -1.38154542E-02
   3.3569335937500000       -1.35156056E-02
   3.3813476562500000       -1.32238232E-02
   3.4057617187500000       -1.29398471E-02
   3.4301757812500000       -1.26634249E-02
   3.4545898437500000       -1.23943351E-02
   3.4790039062500000       -1.21323392E-02
   3.5034179687500000       -1.18772397E-02
   3.5278320312500000       -1.16288131E-02
   3.5522460937500000       -1.13868620E-02
   3.5766601562500000       -1.11511759E-02
   3.6010742187500000       -1.09215910E-02
   3.6254882812500000       -1.06978975E-02
   3.6499023437500000       -1.04799317E-02
   3.6743164062500000       -1.02675343E-02
   3.6987304687500000       -1.00605143E-02
   3.7231445312500000       -9.85873025E-03
   3.7475585937500000       -9.66202840E-03
   3.7719726562500000       -9.47024953E-03
   3.7963867187500000       -9.28324834E-03
   3.8208007812500000       -9.10090189E-03
   3.8452148437500000       -8.92305560E-03
   3.8696289062500000       -8.74959212E-03
   3.8940429687500000       -8.58038198E-03
   3.9184570312500000       -8.41530878E-03
   3.9428710937500000       -8.25424027E-03
   3.9672851562500000       -8.09707399E-03
   3.9916992187500000       -7.94369355E-03
   4.0161132812500000       -7.79399555E-03
   4.0405273437500000       -7.64786918E-03
   4.0649414062500000       -7.50522362E-03
   4.0893554687500000       -7.36595411E-03
   4.1137695312500000       -7.22997589E-03
   4.1381835937500000       -7.09718885E-03
   4.1625976562500000       -6.96750544E-03
   4.1870117187500000       -6.84084697E-03
   4.2114257812500000       -6.71712123E-03
   4.2358398437500000       -6.59625465E-03
   4.2602539062500000       -6.47816714E-03
   4.2846679687500000       -6.36278139E-03
   4.3090820312500000       -6.25002943E-03
   4.3334960937500000       -6.13983767E-03
   4.3579101562500000       -6.03214093E-03
   4.3823242187500000       -5.92686282E-03
   4.4067382812500000       -5.82394889E-03
   4.4311523437500000       -5.72333252E-03
   4.4555664062500000       -5.62494993E-03
   4.4799804687500000       -5.52874990E-03
   4.5043945312500000       -5.43466583E-03
   4.5288085937500000       -5.34264976E-03
   4.5532226562500000       -5.25264908E-03
   4.5776367187500000       -5.16460137E-03
   4.6020507812500000       -5.07846894E-03
   4.6264648437500000       -4.99419123E-03
   4.6508789062500000       -4.91172681E-03
   4.6752929687500000       -4.83103096E-03
   4.6997070312500000       -4.75205760E-03
   4.7241210937500000       -4.67475783E-03
   4.7485351562500000       -4.59908927E-03
   4.7729492187500000       -4.52502118E-03
   4.7973632812500000       -4.45250235E-03
   4.8217773437500000       -4.38149879E-03
   4.8461914062500000       -4.31197137E-03
   4.8706054687500000       -4.24388843E-03
   4.8950195312500000       -4.17720759E-03
   4.9194335937500000       -4.11189301E-03
   4.9438476562500000       -4.04791953E-03
   4.9682617187500000       -3.98524897E-03
   4.9926757812500000       -3.92385153E-03
   5.0170898437500000       -3.86369554E-03
   5.0415039062500000       -3.80474888E-03
   5.0659179687500000       -3.74698010E-03
   5.0903320312500000       -3.69036873E-03
   5.1147460937500000       -3.63488472E-03
   5.1391601562500000       -3.58049897E-03
   5.1635742187500000       -3.52718309E-03
   5.1879882812500000       -3.47491866E-03
   5.2124023437500000       -3.42367357E-03
   5.2368164062500000       -3.37343034E-03
   5.2612304687500000       -3.32415826E-03
   5.2856445312500000       -3.27584101E-03
   5.3100585937500000       -3.22845369E-03
   5.3344726562500000       -3.18197580E-03
   5.3588867187500000       -3.13638803E-03
   5.3833007812500000       -3.09166242E-03
   5.4077148437500000       -3.04778898E-03
   5.4321289062500000       -3.00474092E-03
   5.4565429687500000       -2.96250032E-03
   5.4809570312500000       -2.92105414E-03
   5.5053710937500000       -2.88037700E-03
   5.5297851562500000       -2.84046028E-03
   5.5541992187500000       -2.80127954E-03
   5.5786132812500000       -2.76281917E-03
   5.6030273437500000       -2.72506732E-03
   5.6274414062500000       -2.68800464E-03
   5.6518554687500000       -2.65161670E-03
   5.6762695312500000       -2.61589256E-03
   5.7006835937500000       -2.58081011E-03
   5.7250976562500000       -2.54635932E-03
   5.7495117187500000       -2.51252670E-03
   5.7739257812500000       -2.47929874E-03
   5.7983398437500000       -2.44665868E-03
   5.8227539062500000       -2.41460092E-03
   5.8471679687500000       -2.38310592E-03
   5.8715820312500000       -2.35216832E-03
   5.8959960937500000       -2.32176902E-03
   5.9204101562500000       -2.29190360E-03
   5.9448242187500000       -2.26255646E-03
   5.9692382812500000       -2.23371317E-03
   5.9936523437500000       -2.20537279E-03
   6.0180664062500000       -2.17751437E-03
   6.0424804687500000       -2.15013744E-03
   6.0668945312500000       -2.12322455E-03
   6.0913085937500000       -2.09676917E-03
   6.1157226562500000       -2.07076082E-03
   6.1401367187500000       -2.04519345E-03
   6.1645507812500000       -2.02005357E-03
   6.1889648437500000       -1.99533231E-03
   6.2133789062500000       -1.97102618E-03
   6.2377929687500000       -1.94712030E-03
   6.2622070312500000       -1.92361150E-03
   6.2866210937500000       -1.90049130E-03
   6.3110351562500000       -1.87774783E-03
   6.3354492187500000       -1.85537885E-03
   6.3598632812500000       -1.83337298E-03
   6.3842773437500000       -1.81172497E-03
   6.4086914062500000       -1.79042702E-03
   6.4331054687500000       -1.76947098E-03
   6.4575195312500000       -1.74885232E-03
   6.4819335937500000       -1.72856043E-03
   6.5063476562500000       -1.70859648E-03
   6.5307617187500000       -1.68894464E-03
   6.5551757812500000       -1.66960608E-03
   6.5795898437500000       -1.65057392E-03
   6.6040039062500000       -1.63183827E-03
   6.6284179687500000       -1.61339506E-03
   6.6528320312500000       -1.59524044E-03
   6.6772460937500000       -1.57736754E-03
   6.7016601562500000       -1.55977020E-03
   6.7260742187500000       -1.54244446E-03
   6.7504882812500000       -1.52538682E-03
   6.7749023437500000       -1.50858832E-03
   6.7993164062500000       -1.49204570E-03
   6.8237304687500000       -1.47575536E-03
   6.8481445312500000       -1.45970890E-03
   6.8725585937500000       -1.44390576E-03
   6.8969726562500000       -1.42834266E-03
   6.9213867187500000       -1.41300901E-03
   6.9458007812500000       -1.39790669E-03
   6.9702148437500000       -1.38302788E-03
   6.9946289062500000       -1.36836956E-03
   7.0190429687500000       -1.35392661E-03
   7.0434570312500000       -1.33969611E-03
   7.0678710937500000       -1.32567552E-03
   7.0922851562500000       -1.31185958E-03
   7.1166992187500000       -1.29824353E-03
   7.1411132812500000       -1.28482468E-03
   7.1655273437500000       -1.27160072E-03
   7.1899414062500000       -1.25856674E-03
   7.2143554687500000       -1.24572031E-03
   7.2387695312500000       -1.23305712E-03
   7.2631835937500000       -1.22057460E-03
   7.2875976562500000       -1.20826834E-03
   7.3120117187500000       -1.19613612E-03
   7.3364257812500000       -1.18417596E-03
   7.3608398437500000       -1.17238343E-03
   7.3852539062500000       -1.16075657E-03
   7.4096679687500000       -1.14929117E-03
   7.4340820312500000       -1.13798515E-03
   7.4584960937500000       -1.12683675E-03
   7.4829101562500000       -1.11584179E-03
   7.5073242187500000       -1.10499642E-03
   7.5317382812500000       -1.09430321E-03
   7.5561523437500000       -1.08375377E-03
   7.5805664062500000       -1.07334869E-03
   7.6049804687500000       -1.06308411E-03
   7.6293945312500000       -1.05295831E-03
   7.6538085937500000       -1.04296987E-03
   7.6782226562500000       -1.03311718E-03
   7.7026367187500000       -1.02339440E-03
   7.7270507812500000       -1.01380213E-03
   7.7514648437500000       -1.00433698E-03
   7.7758789062500000       -9.94997332E-04
   7.8002929687500000       -9.85781895E-04
   7.8247070312500000       -9.76687181E-04
   7.8491210937500000       -9.67711909E-04
   7.8735351562500000       -9.58854682E-04
   7.8979492187500000       -9.50112240E-04
   7.9223632812500000       -9.41483304E-04
   7.9467773437500000       -9.32966534E-04
   7.9711914062500000       -9.24558903E-04
   7.9956054687500000       -9.16261051E-04
   8.0200195312500000       -9.08069836E-04
   8.0444335937500000       -8.99982289E-04
   8.0688476562500000       -8.91997188E-04
   8.0932617187500000       -8.84115347E-04
   8.1176757812500000       -8.76331876E-04
   8.1420898437500000       -8.68647592E-04
   8.1665039062500000       -8.61059641E-04
   8.1909179687500000       -8.53565056E-04
   8.2153320312500000       -8.46166571E-04
   8.2397460937500000       -8.38859531E-04
   8.2641601562500000       -8.31642945E-04
   8.2885742187500000       -8.24515824E-04
   8.3129882812500000       -8.17477237E-04
   8.3374023437500000       -8.10524565E-04
   8.3618164062500000       -8.03656876E-04
   8.3862304687500000       -7.96874927E-04
   8.4106445312500000       -7.90174527E-04
   8.4350585937500000       -7.83554686E-04
   8.4594726562500000       -7.77016336E-04
   8.4838867187500000       -7.70555285E-04
   8.5083007812500000       -7.64174038E-04
   8.5327148437500000       -7.57868460E-04
   8.5571289062500000       -7.51637795E-04
   8.5815429687500000       -7.45481229E-04
   8.6059570312500000       -7.39399751E-04
   8.6303710937500000       -7.33387598E-04
   8.6547851562500000       -7.27448962E-04
   8.6791992187500000       -7.21578253E-04
   8.7036132812500000       -7.15778035E-04
   8.7280273437500000       -7.10044405E-04
   8.7524414062500000       -7.04378297E-04
   8.7768554687500000       -6.98779011E-04
   8.8012695312500000       -6.93244277E-04
   8.8256835937500000       -6.87771942E-04
   8.8500976562500000       -6.82364567E-04
   8.8745117187500000       -6.77018310E-04
   8.8989257812500000       -6.71734160E-04
   8.9233398437500000       -6.66509965E-04
   8.9477539062500000       -6.61345141E-04
   8.9721679687500000       -6.56239106E-04
   8.9965820312500000       -6.51189825E-04
   9.0209960937500000       -6.46199798E-04
   9.0454101562500000       -6.41263847E-04
   9.0698242187500000       -6.36384473E-04
   9.0942382812500000       -6.31559698E-04
   9.1186523437500000       -6.26787543E-04
   9.1430664062500000       -6.22070394E-04
   9.1674804687500000       -6.17403362E-04
   9.1918945312500000       -6.12788892E-04
   9.2163085937500000       -6.08226459E-04
   9.2407226562500000       -6.03712746E-04
   9.2651367187500000       -5.99248742E-04
   9.2895507812500000       -5.94833982E-04
   9.3139648437500000       -5.90467942E-04
   9.3383789062500000       -5.86148817E-04
   9.3627929687500000       -5.81876200E-04
   9.3872070312500000       -5.77649625E-04
   9.4116210937500000       -5.73468627E-04
   9.4360351562500000       -5.69332915E-04
   9.4604492187500000       -5.65240625E-04
   9.4848632812500000       -5.61192690E-04
   9.5092773437500000       -5.57188818E-04
   9.5336914062500000       -5.53225807E-04
   9.5581054687500000       -5.49306045E-04
   9.5825195312500000       -5.45427843E-04
   9.6069335937500000       -5.41589339E-04
   9.6313476562500000       -5.37791639E-04
   9.6557617187500000       -5.34034392E-04
   9.6801757812500000       -5.30315854E-04
   9.7045898437500000       -5.26635675E-04
   9.7290039062500000       -5.22993621E-04
   9.7534179687500000       -5.19390567E-04
   9.7778320312500000       -5.15823602E-04
   9.8022460937500000       -5.12293715E-04
   9.8266601562500000       -5.08800615E-04
   9.8510742187500000       -5.05342614E-04
   9.8754882812500000       -5.01919538E-04
   9.8999023437500000       -4.98532201E-04
   9.9243164062500000       -4.95179207E-04
   9.9487304687500000       -4.91860148E-04
   9.9731445312500000       -4.88574733E-04
   9.9975585937500000       -4.85321478E-04
   10.021972656250000       -4.82102565E-04
   10.046386718750000       -4.78915259E-04
   10.070800781250000       -4.75759298E-04
   10.095214843750000       -4.72635613E-04
   10.119628906250000       -4.69542720E-04
   10.144042968750000       -4.66480386E-04
   10.168457031250000       -4.63448319E-04
   10.192871093750000       -4.60446317E-04
   10.217285156250000       -4.57472925E-04
   10.241699218750000       -4.54530265E-04
   10.266113281250000       -4.51615721E-04
   10.290527343750000       -4.48730279E-04
   10.314941406250000       -4.45871265E-04
   10.339355468750000       -4.43042081E-04
   10.363769531250000       -4.40238917E-04
   10.388183593750000       -4.37463896E-04
   10.412597656250000       -4.34714515E-04
   10.437011718750000       -4.31992812E-04
   10.461425781250000       -4.29296342E-04
   10.485839843750000       -4.26625978E-04
   10.510253906250000       -4.23980411E-04
   10.534667968750000       -4.21360572E-04
   10.559082031250000       -4.18766256E-04
   10.583496093750000       -4.16196126E-04
   10.607910156250000       -4.13650007E-04
   10.632324218750000       -4.11127723E-04
   10.656738281250000       -4.08629072E-04
   10.681152343750000       -4.06153849E-04
   10.705566406250000       -4.03702987E-04
   10.729980468750000       -4.01274126E-04
   10.754394531250000       -3.98867065E-04
   10.778808593750000       -3.96483840E-04
   10.803222656250000       -3.94122093E-04
   10.827636718750000       -3.91781621E-04
   10.852050781250000       -3.89463385E-04
   10.876464843750000       -3.87166132E-04
   10.900878906250000       -3.84890765E-04
   10.925292968750000       -3.82634957E-04
   10.949707031250000       -3.80400743E-04
   10.974121093750000       -3.78185825E-04
   10.998535156250000       -3.75992124E-04
   11.022949218750000       -3.73817427E-04
   11.047363281250000       -3.71663686E-04
   11.071777343750000       -3.69527581E-04
   11.096191406250000       -3.67412140E-04
   11.120605468750000       -3.65315122E-04
   11.145019531250000       -3.63237399E-04
   11.169433593750000       -3.61177837E-04
   11.193847656250000       -3.59136291E-04
   11.218261718750000       -3.57112614E-04
   11.242675781250000       -3.55107710E-04
   11.267089843750000       -3.53120413E-04
   11.291503906250000       -3.51150637E-04
   11.315917968750000       -3.49198206E-04
   11.340332031250000       -3.47263005E-04
   11.364746093750000       -3.45344917E-04
   11.389160156250000       -3.43442836E-04
   11.413574218750000       -3.41557636E-04
   11.437988281250000       -3.39689170E-04
   11.462402343750000       -3.37837351E-04
   11.486816406250000       -3.36001074E-04
   11.511230468750000       -3.34180222E-04
   11.535644531250000       -3.32375639E-04
   11.560058593750000       -3.30586277E-04
   11.584472656250000       -3.28812981E-04
   11.608886718750000       -3.27054702E-04
   11.633300781250000       -3.25311266E-04
   11.657714843750000       -3.23582615E-04
   11.682128906250000       -3.21868662E-04
   11.706542968750000       -3.20169289E-04
   11.730957031250000       -3.18484381E-04
   11.755371093750000       -3.16813850E-04
   11.779785156250000       -3.15156678E-04
   11.804199218750000       -3.13514611E-04
   11.828613281250000       -3.11885698E-04
   11.853027343750000       -3.10269825E-04
   11.877441406250000       -3.08668794E-04
   11.901855468750000       -3.07080656E-04
   11.926269531250000       -3.05505295E-04
   11.950683593750000       -3.03943554E-04
   11.975097656250000       -3.02394445E-04
   11.999511718750000       -3.00857879E-04
   12.023925781250000       -2.99334642E-04
   12.048339843750000       -2.97823775E-04
   12.072753906250000       -2.96325190E-04
   12.097167968750000       -2.94838799E-04
   12.121582031250000       -2.93365418E-04
   12.145996093750000       -2.91903212E-04
   12.170410156250000       -2.90452939E-04
   12.194824218750000       -2.89014541E-04
   12.219238281250000       -2.87588831E-04
   12.243652343750000       -2.86173105E-04
   12.268066406250000       -2.84769892E-04
   12.292480468750000       -2.83377361E-04
   12.316894531250000       -2.81996356E-04
   12.341308593750000       -2.80626788E-04
   12.365722656250000       -2.79267668E-04
   12.390136718750000       -2.77919869E-04
   12.414550781250000       -2.76582403E-04
   12.438964843750000       -2.75256083E-04
   12.463378906250000       -2.73939979E-04
   12.487792968750000       -2.72634003E-04
   12.512207031250000       -2.71338999E-04
   12.536621093750000       -2.70054006E-04
   12.561035156250000       -2.68779811E-04
   12.585449218750000       -2.67514639E-04
   12.609863281250000       -2.66260176E-04
   12.634277343750000       -2.65014620E-04
   12.658691406250000       -2.63779599E-04
   12.683105468750000       -2.62554240E-04
   12.707519531250000       -2.61337642E-04
   12.731933593750000       -2.60131405E-04
   12.756347656250000       -2.58934626E-04
   12.780761718750000       -2.57746433E-04
   12.805175781250000       -2.56567582E-04
   12.829589843750000       -2.55398045E-04
   12.854003906250000       -2.54237733E-04
   12.878417968750000       -2.53085804E-04
   12.902832031250000       -2.51943013E-04
   12.927246093750000       -2.50809273E-04
   12.951660156250000       -2.49683770E-04
   12.976074218750000       -2.48567230E-04
   13.000488281250000       -2.47458782E-04
   13.024902343750000       -2.46359210E-04
   13.049316406250000       -2.45267671E-04
   13.073730468750000       -2.44184863E-04
   13.098144531250000       -2.43109986E-04
   13.122558593750000       -2.42042966E-04
   13.146972656250000       -2.40984562E-04
   13.171386718750000       -2.39933157E-04
   13.195800781250000       -2.38890250E-04
   13.220214843750000       -2.37855813E-04
   13.244628906250000       -2.36828229E-04
   13.269042968750000       -2.35808242E-04
   13.293457031250000       -2.34796564E-04
   13.317871093750000       -2.33792394E-04
   13.342285156250000       -2.32794919E-04
   13.366699218750000       -2.31805621E-04
   13.391113281250000       -2.30822930E-04
   13.415527343750000       -2.29848345E-04
   13.439941406250000       -2.28880279E-04
   13.464355468750000       -2.27919460E-04
   13.488769531250000       -2.26965843E-04
   13.513183593750000       -2.26019401E-04
   13.537597656250000       -2.25080075E-04
   13.562011718750000       -2.24147079E-04
   13.586425781250000       -2.23221141E-04
   13.610839843750000       -2.22301460E-04
   13.635253906250000       -2.21389477E-04
   13.659667968750000       -2.20482965E-04
   13.684082031250000       -2.19584064E-04
   13.708496093750000       -2.18691275E-04
   13.732910156250000       -2.17804583E-04
   13.757324218750000       -2.16924658E-04
   13.781738281250000       -2.16051485E-04
   13.806152343750000       -2.15184278E-04
   13.830566406250000       -2.14323023E-04
   13.854980468750000       -2.13468404E-04
   13.879394531250000       -2.12619649E-04
   13.903808593750000       -2.11776744E-04
   13.928222656250000       -2.10939645E-04
   13.952636718750000       -2.10109050E-04
   13.977050781250000       -2.09284204E-04
   14.001464843750000       -2.08465775E-04
   14.025878906250000       -2.07652323E-04
   14.050292968750000       -2.06845230E-04
   14.074707031250000       -2.06043755E-04
   14.099121093750000       -2.05247168E-04
   14.123535156250000       -2.04456854E-04
   14.147949218750000       -2.03672069E-04
   14.172363281250000       -2.02892770E-04
   14.196777343750000       -2.02118958E-04
   14.221191406250000       -2.01350587E-04
   14.245605468750000       -2.00587616E-04
   14.270019531250000       -1.99830043E-04
   14.294433593750000       -1.99077826E-04
   14.318847656250000       -1.98330235E-04
   14.343261718750000       -1.97588655E-04
   14.367675781250000       -1.96851644E-04
   14.392089843750000       -1.96119887E-04
   14.416503906250000       -1.95393353E-04
   14.440917968750000       -1.94672000E-04
   14.465332031250000       -1.93955144E-04
   14.489746093750000       -1.93243424E-04
   14.514160156250000       -1.92536812E-04
   14.538574218750000       -1.91834624E-04
   14.562988281250000       -1.91138170E-04
   14.587402343750000       -1.90445411E-04
   14.611816406250000       -1.89757659E-04
   14.636230468750000       -1.89074897E-04
   14.660644531250000       -1.88397098E-04
   14.685058593750000       -1.87723577E-04
   14.709472656250000       -1.87054306E-04
   14.733886718750000       -1.86389923E-04
   14.758300781250000       -1.85729747E-04
   14.782714843750000       -1.85074401E-04
   14.807128906250000       -1.84423232E-04
   14.831542968750000       -1.83776865E-04
   14.855957031250000       -1.83134616E-04
   14.880371093750000       -1.82497111E-04
   14.904785156250000       -1.81863026E-04
   14.929199218750000       -1.81233670E-04
   14.953613281250000       -1.80608986E-04
   14.978027343750000       -1.79987663E-04
   15.002441406250000       -1.79370996E-04
   15.026855468750000       -1.78758302E-04
   15.051269531250000       -1.78150192E-04
   15.075683593750000       -1.77545400E-04
   15.100097656250000       -1.76945148E-04
   15.124511718750000       -1.76348796E-04
   15.148925781250000       -1.75756330E-04
   15.173339843750000       -1.75167719E-04
   15.197753906250000       -1.74582950E-04
   15.222167968750000       -1.74002635E-04
   15.246582031250000       -1.73425491E-04
   15.270996093750000       -1.72852757E-04
   15.295410156250000       -1.72283166E-04
   15.319824218750000       -1.71717955E-04
   15.344238281250000       -1.71155858E-04
   15.368652343750000       -1.70598083E-04
   15.393066406250000       -1.70043393E-04
   15.417480468750000       -1.69492370E-04
   15.441894531250000       -1.68945640E-04
   15.466308593750000       -1.68401937E-04
   15.490722656250000       -1.67861857E-04
   15.515136718750000       -1.67325386E-04
   15.539550781250000       -1.66792524E-04
   15.563964843750000       -1.66262616E-04
   15.588378906250000       -1.65736885E-04
   15.612792968750000       -1.65214078E-04
   15.637207031250000       -1.64694822E-04
   15.661621093750000       -1.64179059E-04
   15.686035156250000       -1.63666802E-04
   15.710449218750000       -1.63157427E-04
   15.734863281250000       -1.62651515E-04
   15.759277343750000       -1.62149052E-04
   15.783691406250000       -1.61649426E-04
   15.808105468750000       -1.61153832E-04
   15.832519531250000       -1.60660435E-04
   15.856933593750000       -1.60171025E-04
   15.881347656250000       -1.59684394E-04
   15.905761718750000       -1.59201139E-04
   15.930175781250000       -1.58720621E-04
   15.954589843750000       -1.58243449E-04
   15.979003906250000       -1.57768998E-04
   16.003417968750000       -1.57297865E-04
   16.027832031250000       -1.56830007E-04
   16.052246093750000       -1.56364840E-04
   16.076660156250000       -1.55902366E-04
   16.101074218750000       -1.55443122E-04
   16.125488281250000       -1.54987123E-04
   16.149902343750000       -1.54533758E-04
   16.174316406250000       -1.54083027E-04
   16.198730468750000       -1.53635498E-04
   16.223144531250000       -1.53191140E-04
   16.247558593750000       -1.52748806E-04
   16.271972656250000       -1.52309629E-04
   16.296386718750000       -1.51873581E-04
   16.320800781250000       -1.51440108E-04
   16.345214843750000       -1.51009168E-04
   16.369628906250000       -1.50581342E-04
   16.394042968750000       -1.50156033E-04
   16.418457031250000       -1.49733241E-04
   16.442871093750000       -1.49312953E-04
   16.467285156250000       -1.48895720E-04
   16.491699218750000       -1.48480962E-04
   16.516113281250000       -1.48068677E-04
   16.540527343750000       -1.47659404E-04
   16.564941406250000       -1.47252591E-04
   16.589355468750000       -1.46848208E-04
   16.613769531250000       -1.46446255E-04
   16.638183593750000       -1.46047270E-04
   16.662597656250000       -1.45650134E-04
   16.687011718750000       -1.45255952E-04
   16.711425781250000       -1.44864156E-04
   16.735839843750000       -1.44474732E-04
   16.760253906250000       -1.44088233E-04
   16.784667968750000       -1.43703539E-04
   16.809082031250000       -1.43321187E-04
   16.833496093750000       -1.42941717E-04
   16.857910156250000       -1.42564575E-04
   16.882324218750000       -1.42189761E-04
   16.906738281250000       -1.41816694E-04
   16.931152343750000       -1.41446479E-04
   16.955566406250000       -1.41078548E-04
   16.979980468750000       -1.40712888E-04
   17.004394531250000       -1.40349512E-04
   17.028808593750000       -1.39988391E-04
   17.053222656250000       -1.39629527E-04
   17.077636718750000       -1.39272903E-04
   17.102050781250000       -1.38918520E-04
   17.126464843750000       -1.38566349E-04
   17.150878906250000       -1.38216405E-04
   17.175292968750000       -1.37868672E-04
   17.199707031250000       -1.37523137E-04
   17.224121093750000       -1.37179246E-04
   17.248535156250000       -1.36838091E-04
   17.272949218750000       -1.36498566E-04
   17.297363281250000       -1.36161732E-04
   17.321777343750000       -1.35826529E-04
   17.346191406250000       -1.35493479E-04
   17.370605468750000       -1.35162583E-04
   17.395019531250000       -1.34833797E-04
   17.419433593750000       -1.34507151E-04
   17.443847656250000       -1.34182090E-04
   17.468261718750000       -1.33859678E-04
   17.492675781250000       -1.33538822E-04
   17.517089843750000       -1.33220077E-04
   17.541503906250000       -1.32903413E-04
   17.565917968750000       -1.32588291E-04
   17.590332031250000       -1.32275251E-04
   17.614746093750000       -1.31964276E-04
   17.639160156250000       -1.31655368E-04
   17.663574218750000       -1.31348497E-04
   17.687988281250000       -1.31043154E-04
   17.712402343750000       -1.30739849E-04
   17.736816406250000       -1.30438566E-04
   17.761230468750000       -1.30138782E-04
   17.785644531250000       -1.29841006E-04
   17.810058593750000       -1.29545253E-04
   17.834472656250000       -1.29251493E-04
   17.858886718750000       -1.28959218E-04
   17.883300781250000       -1.28668922E-04
   17.907714843750000       -1.28380081E-04
   17.932128906250000       -1.28093234E-04
   17.956542968750000       -1.27808336E-04
   17.980957031250000       -1.27524894E-04
   18.005371093750000       -1.27243402E-04
   18.029785156250000       -1.26963860E-04
   18.054199218750000       -1.26685743E-04
   18.078613281250000       -1.26409563E-04
   18.103027343750000       -1.26134808E-04
   18.127441406250000       -1.25861960E-04
   18.151855468750000       -1.25591032E-04
   18.176269531250000       -1.25321516E-04
   18.200683593750000       -1.25053382E-04
   18.225097656250000       -1.24787155E-04
   18.249511718750000       -1.24522820E-04
   18.273925781250000       -1.24259852E-04
   18.298339843750000       -1.23998776E-04
   18.322753906250000       -1.23739068E-04
   18.347167968750000       -1.23481223E-04
   18.371582031250000       -1.23224745E-04
   18.395996093750000       -1.22970116E-04
   18.420410156250000       -1.22716825E-04
   18.444824218750000       -1.22465397E-04
   18.469238281250000       -1.22215293E-04
   18.493652343750000       -1.21966536E-04
   18.518066406250000       -1.21719604E-04
   18.542480468750000       -1.21474492E-04
   18.566894531250000       -1.21230696E-04
   18.591308593750000       -1.20988218E-04
   18.615722656250000       -1.20747551E-04
   18.640136718750000       -1.20508179E-04
   18.664550781250000       -1.20270117E-04
   18.688964843750000       -1.20033837E-04
   18.713378906250000       -1.19799348E-04
   18.737792968750000       -1.19565651E-04
   18.762207031250000       -1.19333730E-04
   18.786621093750000       -1.19103577E-04
   18.811035156250000       -1.18874697E-04
   18.835449218750000       -1.18647084E-04
   18.859863281250000       -1.18420743E-04
   18.884277343750000       -1.18196142E-04
   18.908691406250000       -1.17972806E-04
   18.933105468750000       -1.17751202E-04
   18.957519531250000       -1.17530850E-04
   18.981933593750000       -1.17311742E-04
   19.006347656250000       -1.17093870E-04
   19.030761718750000       -1.16877723E-04
   19.055175781250000       -1.16662806E-04
   19.079589843750000       -1.16449119E-04
   19.104003906250000       -1.16237134E-04
   19.128417968750000       -1.16026371E-04
   19.152832031250000       -1.15816816E-04
   19.177246093750000       -1.15608484E-04
   19.201660156250000       -1.15401832E-04
   19.226074218750000       -1.15196381E-04
   19.250488281250000       -1.14992137E-04
   19.274902343750000       -1.14789087E-04
   19.299316406250000       -1.14587710E-04
   19.323730468750000       -1.14387520E-04
   19.348144531250000       -1.14188508E-04
   19.372558593750000       -1.13990682E-04
   19.396972656250000       -1.13794515E-04
   19.421386718750000       -1.13599039E-04
   19.445800781250000       -1.13405215E-04
   19.470214843750000       -1.13212547E-04
   19.494628906250000       -1.13021524E-04
   19.519042968750000       -1.12831185E-04
   19.543457031250000       -1.12642476E-04
   19.567871093750000       -1.12454451E-04
   19.592285156250000       -1.12268041E-04
   19.616699218750000       -1.12082780E-04
   19.641113281250000       -1.11899128E-04
   19.665527343750000       -1.11716152E-04
   19.689941406250000       -1.11534311E-04
   19.714355468750000       -1.11354064E-04
   19.738769531250000       -1.11174952E-04
   19.763183593750000       -1.10996967E-04
   19.787597656250000       -1.10820103E-04
   19.812011718750000       -1.10644360E-04
   19.836425781250000       -1.10469729E-04
   19.860839843750000       -1.10296212E-04
   19.885253906250000       -1.10124274E-04
   19.909667968750000       -1.09952984E-04
   19.934082031250000       -1.09783250E-04
   19.958496093750000       -1.09614630E-04
   19.982910156250000       -1.09446635E-04
   20.007324218750000       -1.09280198E-04
   20.031738281250000       -1.09114859E-04
   20.056152343750000       -1.08950604E-04
   20.080566406250000       -1.08787441E-04
   20.104980468750000       -1.08625361E-04
   20.129394531250000       -1.08464359E-04
   20.153808593750000       -1.08304434E-04
   20.178222656250000       -1.08146043E-04
   20.202636718750000       -1.07988264E-04
   20.227050781250000       -1.07831554E-04
   20.251464843750000       -1.07675914E-04
   20.275878906250000       -1.07521795E-04
   20.300292968750000       -1.07368280E-04
   20.324707031250000       -1.07215819E-04
   20.349121093750000       -1.07064872E-04
   20.373535156250000       -1.06914529E-04
   20.397949218750000       -1.06765227E-04
   20.422363281250000       -1.06617437E-04
   20.446777343750000       -1.06470230E-04
   20.471191406250000       -1.06324071E-04
   20.495605468750000       -1.06178944E-04
   20.520019531250000       -1.06035317E-04
   20.544433593750000       -1.05892272E-04
   20.568847656250000       -1.05750252E-04
   20.593261718750000       -1.05609266E-04
   20.617675781250000       -1.05469313E-04
   20.642089843750000       -1.05330379E-04
   20.666503906250000       -1.05192470E-04
   20.690917968750000       -1.05055580E-04
   20.715332031250000       -1.04919716E-04
   20.739746093750000       -1.04784856E-04
   20.764160156250000       -1.04650571E-04
   20.788574218750000       -1.04517741E-04
   20.812988281250000       -1.04385923E-04
   20.837402343750000       -1.04254657E-04
   20.861816406250000       -1.04124847E-04
   20.886230468750000       -1.03995597E-04
   20.910644531250000       -1.03867344E-04
   20.935058593750000       -1.03740087E-04
   20.959472656250000       -1.03613827E-04
   20.983886718750000       -1.03488557E-04
   21.008300781250000       -1.03364284E-04
   21.032714843750000       -1.03241000E-04
   21.057128906250000       -1.03118255E-04
   21.081542968750000       -1.02996943E-04
   21.105957031250000       -1.02876169E-04
   21.130371093750000       -1.02756821E-04
   21.154785156250000       -1.02638005E-04
   21.179199218750000       -1.02520171E-04
   21.203613281250000       -1.02403312E-04
   21.228027343750000       -1.02286984E-04
   21.252441406250000       -1.02172067E-04
   21.276855468750000       -1.02057675E-04
   21.301269531250000       -1.01944694E-04
   21.325683593750000       -1.01832244E-04
   21.350097656250000       -1.01720747E-04
   21.374511718750000       -1.01609781E-04
   21.398925781250000       -1.01500213E-04
   21.423339843750000       -1.01391597E-04
   21.447753906250000       -1.01283506E-04
   21.472167968750000       -1.01176360E-04
   21.496582031250000       -1.01070174E-04
   21.520996093750000       -1.00964935E-04
   21.545410156250000       -1.00860649E-04
   21.569824218750000       -1.00756872E-04
   21.594238281250000       -1.00654041E-04
   21.618652343750000       -1.00552155E-04
   21.643066406250000       -1.00451209E-04
   21.667480468750000       -1.00351208E-04
   21.691894531250000       -1.00251702E-04
   21.716308593750000       -1.00153578E-04
   21.740722656250000       -1.00055950E-04
   21.765136718750000       -9.99592521E-05
   21.789550781250000       -9.98630567E-05
   21.813964843750000       -9.97682291E-05
   21.838378906250000       -9.96738891E-05
   21.862792968750000       -9.95804803E-05
   21.887207031250000       -9.94880029E-05
   21.911621093750000       -9.93960130E-05
   21.936035156250000       -9.93053836E-05
   21.960449218750000       -9.92152345E-05
   21.984863281250000       -9.91260094E-05
   22.009277343750000       -9.90372719E-05
   22.033691406250000       -9.89498876E-05
   22.058105468750000       -9.88629836E-05
   22.082519531250000       -9.87769963E-05
   22.106933593750000       -9.86919185E-05
   22.131347656250000       -9.86073283E-05
   22.155761718750000       -9.85236402E-05
   22.180175781250000       -9.84408689E-05
   22.204589843750000       -9.83589998E-05
   22.229003906250000       -9.82776110E-05
   22.253417968750000       -9.81971243E-05
   22.277832031250000       -9.81175472E-05
   22.302246093750000       -9.80388650E-05
   22.326660156250000       -9.79606557E-05
   22.351074218750000       -9.78833486E-05
   22.375488281250000       -9.78069438E-05
   22.399902343750000       -9.77314339E-05
   22.424316406250000       -9.76563897E-05
   22.448730468750000       -9.75822477E-05
   22.473144531250000       -9.75089933E-05
   22.497558593750000       -9.74362047E-05
   22.521972656250000       -9.73643037E-05
   22.546386718750000       -9.72932976E-05
   22.570800781250000       -9.72231865E-05
   22.595214843750000       -9.71535264E-05
   22.619628906250000       -9.70847614E-05
   22.644042968750000       -9.70168767E-05
   22.668457031250000       -9.69494577E-05
   22.692871093750000       -9.68833410E-05
   22.717285156250000       -9.68172608E-05
   22.741699218750000       -9.67524829E-05
   22.766113281250000       -9.66881635E-05
   22.790527343750000       -9.66247244E-05
   22.814941406250000       -9.65621657E-05
   22.839355468750000       -9.65000581E-05
   22.863769531250000       -9.64388237E-05
   22.888183593750000       -9.63784696E-05
   22.912597656250000       -9.63185594E-05
   22.937011718750000       -9.62595295E-05
   22.961425781250000       -9.62013655E-05
   22.985839843750000       -9.61436599E-05
   23.010253906250000       -9.60868128E-05
   23.034667968750000       -9.60308462E-05
   23.059082031250000       -9.59753233E-05
   23.083496093750000       -9.59210884E-05
   23.107910156250000       -9.58668752E-05
   23.132324218750000       -9.58139572E-05
   23.156738281250000       -9.57614757E-05
   23.181152343750000       -9.57098600E-05
   23.205566406250000       -9.56586882E-05
   23.229980468750000       -9.56083823E-05
   23.254394531250000       -9.55589348E-05
   23.278808593750000       -9.55099313E-05
   23.303222656250000       -9.54622083E-05
   23.327636718750000       -9.54144998E-05
   23.352050781250000       -9.53680719E-05
   23.376464843750000       -9.53220806E-05
   23.400878906250000       -9.52769551E-05
   23.425292968750000       -9.52322589E-05
   23.449707031250000       -9.51884213E-05
   23.474121093750000       -9.51454422E-05
   23.498535156250000       -9.51028924E-05
   23.522949218750000       -9.50612011E-05
   23.547363281250000       -9.50203612E-05
   23.571777343750000       -9.49799578E-05
   23.596191406250000       -9.49404057E-05
   23.620605468750000       -9.49012829E-05
   23.645019531250000       -9.48634333E-05
   23.669433593750000       -9.48255911E-05
   23.693847656250000       -9.47890221E-05
   23.718261718750000       -9.47528897E-05
   23.742675781250000       -9.47175940E-05
   23.767089843750000       -9.46827349E-05
   23.791503906250000       -9.46487271E-05
   23.815917968750000       -9.46155560E-05
   23.840332031250000       -9.45828215E-05
   23.864746093750000       -9.45509310E-05
   23.889160156250000       -9.45198844E-05
   23.913574218750000       -9.44892672E-05
   23.937988281250000       -9.44594940E-05
   23.962402343750000       -9.44301501E-05
   23.986816406250000       -9.44016429E-05
   24.011230468750000       -9.43739869E-05
   24.035644531250000       -9.43467458E-05
   24.060058593750000       -9.43203559E-05
   24.084472656250000       -9.42948100E-05
   24.108886718750000       -9.42696788E-05
   24.133300781250000       -9.42453989E-05
   24.157714843750000       -9.42219558E-05
   24.182128906250000       -9.41989347E-05
   24.206542968750000       -9.41763356E-05
   24.230957031250000       -9.41549952E-05
   24.255371093750000       -9.41340768E-05
   24.279785156250000       -9.41135804E-05
   24.304199218750000       -9.40943428E-05
   24.328613281250000       -9.40751052E-05
   24.353027343750000       -9.40571263E-05
   24.377441406250000       -9.40395621E-05
   24.401855468750000       -9.40224272E-05
   24.426269531250000       -9.40065438E-05
   24.450683593750000       -9.39910824E-05
   24.475097656250000       -9.39760357E-05
   24.499511718750000       -9.39618258E-05
   24.523925781250000       -9.39484598E-05
   24.548339843750000       -9.39355086E-05
   24.572753906250000       -9.39233942E-05
   24.597167968750000       -9.39121164E-05
   24.621582031250000       -9.39012534E-05
   24.645996093750000       -9.38912344E-05
   24.670410156250000       -9.38820449E-05
   24.694824218750000       -9.38732774E-05
   24.719238281250000       -9.38649246E-05
   24.743652343750000       -9.38578305E-05
   24.768066406250000       -9.38507292E-05
   24.792480468750000       -9.38448866E-05
   24.816894531250000       -9.38394587E-05
   24.841308593750000       -9.38348676E-05
   24.865722656250000       -9.38306912E-05
   24.890136718750000       -9.38273515E-05
   24.914550781250000       -9.38248486E-05
   24.938964843750000       -9.38227604E-05
   24.963378906250000       -9.38215089E-05
   24.987792968750000       -9.38206722E-05
   25.012207031250000       -9.38206722E-05
   25.036621093750000       -9.38215089E-05
   25.061035156250000       -9.38227604E-05
   25.085449218750000       -9.38248486E-05
   25.109863281250000       -9.38273515E-05
   25.134277343750000       -9.38306912E-05
   25.158691406250000       -9.38348676E-05
   25.183105468750000       -9.38394587E-05
   25.207519531250000       -9.38448866E-05
   25.231933593750000       -9.38507292E-05
   25.256347656250000       -9.38578305E-05
   25.280761718750000       -9.38649246E-05
   25.305175781250000       -9.38732774E-05
   25.329589843750000       -9.38820449E-05
   25.354003906250000       -9.38912344E-05
   25.378417968750000       -9.39012534E-05
   25.402832031250000       -9.39121164E-05
   25.427246093750000       -9.39233942E-05
   25.451660156250000       -9.39355086E-05
   25.476074218750000       -9.39484598E-05
   25.500488281250000       -9.39618258E-05
   25.524902343750000       -9.39760357E-05
   25.549316406250000       -9.39910824E-05
   25.573730468750000       -9.40065438E-05
   25.598144531250000       -9.40224272E-05
   25.622558593750000       -9.40395621E-05
   25.646972656250000       -9.40571263E-05
   25.671386718750000       -9.40751052E-05
   25.695800781250000       -9.40943428E-05
   25.720214843750000       -9.41135804E-05
   25.744628906250000       -9.41340768E-05
   25.769042968750000       -9.41549952E-05
   25.793457031250000       -9.41763356E-05
   25.817871093750000       -9.41989347E-05
   25.842285156250000       -9.42219558E-05
   25.866699218750000       -9.42453989E-05
   25.891113281250000       -9.42696788E-05
   25.915527343750000       -9.42948100E-05
   25.939941406250000       -9.43203559E-05
   25.964355468750000       -9.43467458E-05
   25.988769531250000       -9.43739869E-05
   26.013183593750000       -9.44016429E-05
   26.037597656250000       -9.44301501E-05
   26.062011718750000       -9.44594940E-05
   26.086425781250000       -9.44892672E-05
   26.110839843750000       -9.45198844E-05
   26.135253906250000       -9.45509310E-05
   26.159667968750000       -9.45828215E-05
   26.184082031250000       -9.46155560E-05
   26.208496093750000       -9.46487271E-05
   26.232910156250000       -9.46827349E-05
   26.257324218750000       -9.47175940E-05
   26.281738281250000       -9.47528897E-05
   26.306152343750000       -9.47890221E-05
   26.330566406250000       -9.48255911E-05
   26.354980468750000       -9.48634333E-05
   26.379394531250000       -9.49012829E-05
   26.403808593750000       -9.49404057E-05
   26.428222656250000       -9.49799578E-05
   26.452636718750000       -9.50203612E-05
   26.477050781250000       -9.50612011E-05
   26.501464843750000       -9.51028924E-05
   26.525878906250000       -9.51454422E-05
   26.550292968750000       -9.51884213E-05
   26.574707031250000       -9.52322589E-05
   26.599121093750000       -9.52769551E-05
   26.623535156250000       -9.53220806E-05
   26.647949218750000       -9.53680719E-05
   26.672363281250000       -9.54144998E-05
   26.696777343750000       -9.54622083E-05
   26.721191406250000       -9.55099313E-05
   26.745605468750000       -9.55589348E-05
   26.770019531250000       -9.56083823E-05
   26.794433593750000       -9.56586882E-05
   26.818847656250000       -9.57098600E-05
   26.843261718750000       -9.57614757E-05
   26.867675781250000       -9.58139572E-05
   26.892089843750000       -9.58668752E-05
   26.916503906250000       -9.59210884E-05
   26.940917968750000       -9.59753233E-05
   26.965332031250000       -9.60308462E-05
   26.989746093750000       -9.60868128E-05
   27.014160156250000       -9.61436599E-05
   27.038574218750000       -9.62013655E-05
   27.062988281250000       -9.62595295E-05
   27.087402343750000       -9.63185594E-05
   27.111816406250000       -9.63784696E-05
   27.136230468750000       -9.64388237E-05
   27.160644531250000       -9.65000581E-05
   27.185058593750000       -9.65621657E-05
   27.209472656250000       -9.66247244E-05
   27.233886718750000       -9.66881635E-05
   27.258300781250000       -9.67524829E-05
   27.282714843750000       -9.68172608E-05
   27.307128906250000       -9.68833410E-05
   27.331542968750000       -9.69494577E-05
   27.355957031250000       -9.70168767E-05
   27.380371093750000       -9.70847614E-05
   27.404785156250000       -9.71535264E-05
   27.429199218750000       -9.72231865E-05
   27.453613281250000       -9.72932976E-05
   27.478027343750000       -9.73643037E-05
   27.502441406250000       -9.74362047E-05
   27.526855468750000       -9.75089933E-05
   27.551269531250000       -9.75822477E-05
   27.575683593750000       -9.76563897E-05
   27.600097656250000       -9.77314339E-05
   27.624511718750000       -9.78069438E-05
   27.648925781250000       -9.78833486E-05
   27.673339843750000       -9.79606557E-05
   27.697753906250000       -9.80388650E-05
   27.722167968750000       -9.81175472E-05
   27.746582031250000       -9.81971243E-05
   27.770996093750000       -9.82776110E-05
   27.795410156250000       -9.83589998E-05
   27.819824218750000       -9.84408689E-05
   27.844238281250000       -9.85236402E-05
   27.868652343750000       -9.86073283E-05
   27.893066406250000       -9.86919185E-05
   27.917480468750000       -9.87769963E-05
   27.941894531250000       -9.88629836E-05
   27.966308593750000       -9.89498876E-05
   27.990722656250000       -9.90372719E-05
   28.015136718750000       -9.91260094E-05
   28.039550781250000       -9.92152345E-05
   28.063964843750000       -9.93053836E-05
   28.088378906250000       -9.93960130E-05
   28.112792968750000       -9.94880029E-05
   28.137207031250000       -9.95804803E-05
   28.161621093750000       -9.96738891E-05
   28.186035156250000       -9.97682291E-05
   28.210449218750000       -9.98630567E-05
   28.234863281250000       -9.99592521E-05
   28.259277343750000       -1.00055950E-04
   28.283691406250000       -1.00153578E-04
   28.308105468750000       -1.00251702E-04
   28.332519531250000       -1.00351208E-04
   28.356933593750000       -1.00451209E-04
   28.381347656250000       -1.00552155E-04
   28.405761718750000       -1.00654041E-04
   28.430175781250000       -1.00756872E-04
   28.454589843750000       -1.00860649E-04
   28.479003906250000       -1.00964935E-04
   28.503417968750000       -1.01070174E-04
   28.527832031250000       -1.01176360E-04
   28.552246093750000       -1.01283506E-04
   28.576660156250000       -1.01391597E-04
   28.601074218750000       -1.01500213E-04
   28.625488281250000       -1.01609781E-04
   28.649902343750000       -1.01720747E-04
   28.674316406250000       -1.01832244E-04
   28.698730468750000       -1.01944694E-04
   28.723144531250000       -1.02057675E-04
   28.747558593750000       -1.02172067E-04
   28.771972656250000       -1.02286984E-04
   28.796386718750000       -1.02403312E-04
   28.820800781250000       -1.02520171E-04
   28.845214843750000       -1.02638005E-04
   28.869628906250000       -1.02756821E-04
   28.894042968750000       -1.02876169E-04
   28.918457031250000       -1.02996943E-04
   28.942871093750000       -1.03118255E-04
   28.967285156250000       -1.03241000E-04
   28.991699218750000       -1.03364284E-04
   29.016113281250000       -1.03488557E-04
   29.040527343750000       -1.03613827E-04
   29.064941406250000       -1.03740087E-04
   29.089355468750000       -1.03867344E-04
   29.113769531250000       -1.03995597E-04
   29.138183593750000       -1.04124847E-04
   29.162597656250000       -1.04254657E-04
   29.187011718750000       -1.04385923E-04
   29.211425781250000       -1.04517741E-04
   29.235839843750000       -1.04650571E-04
   29.260253906250000       -1.04784856E-04
   29.284667968750000       -1.04919716E-04
   29.309082031250000       -1.05055580E-04
   29.333496093750000       -1.05192470E-04
   29.357910156250000       -1.05330379E-04
   29.382324218750000       -1.05469313E-04
   29.406738281250000       -1.05609266E-04
   29.431152343750000       -1.05750252E-04
   29.455566406250000       -1.05892272E-04
   29.479980468750000       -1.06035317E-04
   29.504394531250000       -1.06178944E-04
   29.528808593750000       -1.06324071E-04
   29.553222656250000       -1.06470230E-04
   29.577636718750000       -1.06617437E-04
   29.602050781250000       -1.06765227E-04
   29.626464843750000       -1.06914529E-04
   29.650878906250000       -1.07064872E-04
   29.675292968750000       -1.07215819E-04
   29.699707031250000       -1.07368280E-04
   29.724121093750000       -1.07521795E-04
   29.748535156250000       -1.07675914E-04
   29.772949218750000       -1.07831554E-04
   29.797363281250000       -1.07988264E-04
   29.821777343750000       -1.08146043E-04
   29.846191406250000       -1.08304434E-04
   29.870605468750000       -1.08464359E-04
   29.895019531250000       -1.08625361E-04
   29.919433593750000       -1.08787441E-04
   29.943847656250000       -1.08950604E-04
   29.968261718750000       -1.09114859E-04
   29.992675781250000       -1.09280198E-04
   30.017089843750000       -1.09446635E-04
   30.041503906250000       -1.09614630E-04
   30.065917968750000       -1.09783250E-04
   30.090332031250000       -1.09952984E-04
   30.114746093750000       -1.10124274E-04
   30.139160156250000       -1.10296212E-04
   30.163574218750000       -1.10469729E-04
   30.187988281250000       -1.10644360E-04
   30.212402343750000       -1.10820103E-04
   30.236816406250000       -1.10996967E-04
   30.261230468750000       -1.11174952E-04
   30.285644531250000       -1.11354064E-04
   30.310058593750000       -1.11534311E-04
   30.334472656250000       -1.11716152E-04
   30.358886718750000       -1.11899128E-04
   30.383300781250000       -1.12082780E-04
   30.407714843750000       -1.12268041E-04
   30.432128906250000       -1.12454451E-04
   30.456542968750000       -1.12642476E-04
   30.480957031250000       -1.12831185E-04
   30.505371093750000       -1.13021524E-04
   30.529785156250000       -1.13212547E-04
   30.554199218750000       -1.13405215E-04
   30.578613281250000       -1.13599039E-04
   30.603027343750000       -1.13794515E-04
   30.627441406250000       -1.13990682E-04
   30.651855468750000       -1.14188508E-04
   30.676269531250000       -1.14387520E-04
   30.700683593750000       -1.14587710E-04
   30.725097656250000       -1.14789087E-04
   30.749511718750000       -1.14992137E-04
   30.773925781250000       -1.15196381E-04
   30.798339843750000       -1.15401832E-04
   30.822753906250000       -1.15608484E-04
   30.847167968750000       -1.15816816E-04
   30.871582031250000       -1.16026371E-04
   30.895996093750000       -1.16237134E-04
   30.920410156250000       -1.16449119E-04
   30.944824218750000       -1.16662806E-04
   30.969238281250000       -1.16877723E-04
   30.993652343750000       -1.17093870E-04
   31.018066406250000       -1.17311742E-04
   31.042480468750000       -1.17530850E-04
   31.066894531250000       -1.17751202E-04
   31.091308593750000       -1.17972806E-04
   31.115722656250000       -1.18196142E-04
   31.140136718750000       -1.18420743E-04
   31.164550781250000       -1.18647084E-04
   31.188964843750000       -1.18874697E-04
   31.213378906250000       -1.19103577E-04
   31.237792968750000       -1.19333730E-04
   31.262207031250000       -1.19565651E-04
   31.286621093750000       -1.19799348E-04
   31.311035156250000       -1.20033837E-04
   31.335449218750000       -1.20270117E-04
   31.359863281250000       -1.20508179E-04
   31.384277343750000       -1.20747551E-04
   31.408691406250000       -1.20988218E-04
   31.433105468750000       -1.21230696E-04
   31.457519531250000       -1.21474492E-04
   31.481933593750000       -1.21719604E-04
   31.506347656250000       -1.21966536E-04
   31.530761718750000       -1.22215293E-04
   31.555175781250000       -1.22465397E-04
   31.579589843750000       -1.22716825E-04
   31.604003906250000       -1.22970116E-04
   31.628417968750000       -1.23224745E-04
   31.652832031250000       -1.23481223E-04
   31.677246093750000       -1.23739068E-04
   31.701660156250000       -1.23998776E-04
   31.726074218750000       -1.24259852E-04
   31.750488281250000       -1.24522820E-04
   31.774902343750000       -1.24787155E-04
   31.799316406250000       -1.25053382E-04
   31.823730468750000       -1.25321516E-04
   31.848144531250000       -1.25591032E-04
   31.872558593750000       -1.25861960E-04
   31.896972656250000       -1.26134808E-04
   31.921386718750000       -1.26409563E-04
   31.945800781250000       -1.26685743E-04
   31.970214843750000       -1.26963860E-04
   31.994628906250000       -1.27243402E-04
   32.019042968750000       -1.27524894E-04
   32.043457031250000       -1.27808336E-04
   32.067871093750000       -1.28093234E-04
   32.092285156250000       -1.28380081E-04
   32.116699218750000       -1.28668922E-04
   32.141113281250000       -1.28959218E-04
   32.165527343750000       -1.29251493E-04
   32.189941406250000       -1.29545253E-04
   32.214355468750000       -1.29841006E-04
   32.238769531250000       -1.30138782E-04
   32.263183593750000       -1.30438566E-04
   32.287597656250000       -1.30739849E-04
   32.312011718750000       -1.31043154E-04
   32.336425781250000       -1.31348497E-04
   32.360839843750000       -1.31655368E-04
   32.385253906250000       -1.31964276E-04
   32.409667968750000       -1.32275251E-04
   32.434082031250000       -1.32588291E-04
   32.458496093750000       -1.32903413E-04
   32.482910156250000       -1.33220077E-04
   32.507324218750000       -1.33538822E-04
   32.531738281250000       -1.33859678E-04
   32.556152343750000       -1.34182090E-04
   32.580566406250000       -1.34507151E-04
   32.604980468750000       -1.34833797E-04
   32.629394531250000       -1.35162583E-04
   32.653808593750000       -1.35493479E-04
   32.678222656250000       -1.35826529E-04
   32.702636718750000       -1.36161732E-04
   32.727050781250000       -1.36498566E-04
   32.751464843750000       -1.36838091E-04
   32.775878906250000       -1.37179246E-04
   32.800292968750000       -1.37523137E-04
   32.824707031250000       -1.37868672E-04
   32.849121093750000       -1.38216405E-04
   32.873535156250000       -1.38566349E-04
   32.897949218750000       -1.38918520E-04
   32.922363281250000       -1.39272903E-04
   32.946777343750000       -1.39629527E-04
   32.971191406250000       -1.39988391E-04
   32.995605468750000       -1.40349512E-04
   33.020019531250000       -1.40712888E-04
   33.044433593750000       -1.41078548E-04
   33.068847656250000       -1.41446479E-04
   33.093261718750000       -1.41816694E-04
   33.117675781250000       -1.42189761E-04
   33.142089843750000       -1.42564575E-04
   33.166503906250000       -1.42941717E-04
   33.190917968750000       -1.43321187E-04
   33.215332031250000       -1.43703539E-04
   33.239746093750000       -1.44088233E-04
   33.264160156250000       -1.44474732E-04
   33.288574218750000       -1.44864156E-04
   33.312988281250000       -1.45255952E-04
   33.337402343750000       -1.45650134E-04
   33.361816406250000       -1.46047270E-04
   33.386230468750000       -1.46446255E-04
   33.410644531250000       -1.46848208E-04
   33.435058593750000       -1.47252591E-04
   33.459472656250000       -1.47659404E-04
   33.483886718750000       -1.48068677E-04
   33.508300781250000       -1.48480962E-04
   33.532714843750000       -1.48895720E-04
   33.557128906250000       -1.49312953E-04
   33.581542968750000       -1.49733241E-04
   33.605957031250000       -1.50156033E-04
   33.630371093750000       -1.50581342E-04
   33.654785156250000       -1.51009168E-04
   33.679199218750000       -1.51440108E-04
   33.703613281250000       -1.51873581E-04
   33.728027343750000       -1.52309629E-04
   33.752441406250000       -1.52748806E-04
   33.776855468750000       -1.53191140E-04
   33.801269531250000       -1.53635498E-04
   33.825683593750000       -1.54083027E-04
   33.850097656250000       -1.54533758E-04
   33.874511718750000       -1.54987123E-04
   33.898925781250000       -1.55443122E-04
   33.923339843750000       -1.55902366E-04
   33.947753906250000       -1.56364840E-04
   33.972167968750000       -1.56830007E-04
   33.996582031250000       -1.57297865E-04
   34.020996093750000       -1.57768998E-04
   34.045410156250000       -1.58243449E-04
   34.069824218750000       -1.58720621E-04
   34.094238281250000       -1.59201139E-04
   34.118652343750000       -1.59684394E-04
   34.143066406250000       -1.60171025E-04
   34.167480468750000       -1.60660435E-04
   34.191894531250000       -1.61153832E-04
   34.216308593750000       -1.61649426E-04
   34.240722656250000       -1.62149052E-04
   34.265136718750000       -1.62651515E-04
   34.289550781250000       -1.63157427E-04
   34.313964843750000       -1.63666802E-04
   34.338378906250000       -1.64179059E-04
   34.362792968750000       -1.64694822E-04
   34.387207031250000       -1.65214078E-04
   34.411621093750000       -1.65736885E-04
   34.436035156250000       -1.66262616E-04
   34.460449218750000       -1.66792524E-04
   34.484863281250000       -1.67325386E-04
   34.509277343750000       -1.67861857E-04
   34.533691406250000       -1.68401937E-04
   34.558105468750000       -1.68945640E-04
   34.582519531250000       -1.69492370E-04
   34.606933593750000       -1.70043393E-04
   34.631347656250000       -1.70598083E-04
   34.655761718750000       -1.71155858E-04
   34.680175781250000       -1.71717955E-04
   34.704589843750000       -1.72283166E-04
   34.729003906250000       -1.72852757E-04
   34.753417968750000       -1.73425491E-04
   34.777832031250000       -1.74002635E-04
   34.802246093750000       -1.74582950E-04
   34.826660156250000       -1.75167719E-04
   34.851074218750000       -1.75756330E-04
   34.875488281250000       -1.76348796E-04
   34.899902343750000       -1.76945148E-04
   34.924316406250000       -1.77545400E-04
   34.948730468750000       -1.78150192E-04
   34.973144531250000       -1.78758302E-04
   34.997558593750000       -1.79370996E-04
   35.021972656250000       -1.79987663E-04
   35.046386718750000       -1.80608986E-04
   35.070800781250000       -1.81233670E-04
   35.095214843750000       -1.81863026E-04
   35.119628906250000       -1.82497111E-04
   35.144042968750000       -1.83134616E-04
   35.168457031250000       -1.83776865E-04
   35.192871093750000       -1.84423232E-04
   35.217285156250000       -1.85074401E-04
   35.241699218750000       -1.85729747E-04
   35.266113281250000       -1.86389923E-04
   35.290527343750000       -1.87054306E-04
   35.314941406250000       -1.87723577E-04
   35.339355468750000       -1.88397098E-04
   35.363769531250000       -1.89074897E-04
   35.388183593750000       -1.89757659E-04
   35.412597656250000       -1.90445411E-04
   35.437011718750000       -1.91138170E-04
   35.461425781250000       -1.91834624E-04
   35.485839843750000       -1.92536812E-04
   35.510253906250000       -1.93243424E-04
   35.534667968750000       -1.93955144E-04
   35.559082031250000       -1.94672000E-04
   35.583496093750000       -1.95393353E-04
   35.607910156250000       -1.96119887E-04
   35.632324218750000       -1.96851644E-04
   35.656738281250000       -1.97588655E-04
   35.681152343750000       -1.98330235E-04
   35.705566406250000       -1.99077826E-04
   35.729980468750000       -1.99830043E-04
   35.754394531250000       -2.00587616E-04
   35.778808593750000       -2.01350587E-04
   35.803222656250000       -2.02118958E-04
   35.827636718750000       -2.02892770E-04
   35.852050781250000       -2.03672069E-04
   35.876464843750000       -2.04456854E-04
   35.900878906250000       -2.05247168E-04
   35.925292968750000       -2.06043755E-04
   35.949707031250000       -2.06845230E-04
   35.974121093750000       -2.07652323E-04
   35.998535156250000       -2.08465775E-04
   36.022949218750000       -2.09284204E-04
   36.047363281250000       -2.10109050E-04
   36.071777343750000       -2.10939645E-04
   36.096191406250000       -2.11776744E-04
   36.120605468750000       -2.12619649E-04
   36.145019531250000       -2.13468404E-04
   36.169433593750000       -2.14323023E-04
   36.193847656250000       -2.15184278E-04
   36.218261718750000       -2.16051485E-04
   36.242675781250000       -2.16924658E-04
   36.267089843750000       -2.17804583E-04
   36.291503906250000       -2.18691275E-04
   36.315917968750000       -2.19584064E-04
   36.340332031250000       -2.20482965E-04
   36.364746093750000       -2.21389477E-04
   36.389160156250000       -2.22301460E-04
   36.413574218750000       -2.23221141E-04
   36.437988281250000       -2.24147079E-04
   36.462402343750000       -2.25080075E-04
   36.486816406250000       -2.26019401E-04
   36.511230468750000       -2.26965843E-04
   36.535644531250000       -2.27919460E-04
   36.560058593750000       -2.28880279E-04
   36.584472656250000       -2.29848345E-04
   36.608886718750000       -2.30822930E-04
   36.633300781250000       -2.31805621E-04
   36.657714843750000       -2.32794919E-04
   36.682128906250000       -2.33792394E-04
   36.706542968750000       -2.34796564E-04
   36.730957031250000       -2.35808242E-04
   36.755371093750000       -2.36828229E-04
   36.779785156250000       -2.37855813E-04
   36.804199218750000       -2.38890250E-04
   36.828613281250000       -2.39933157E-04
   36.853027343750000       -2.40984562E-04
   36.877441406250000       -2.42042966E-04
   36.901855468750000       -2.43109986E-04
   36.926269531250000       -2.44184863E-04
   36.950683593750000       -2.45267671E-04
   36.975097656250000       -2.46359210E-04
   36.999511718750000       -2.47458782E-04
   37.023925781250000       -2.48567230E-04
   37.048339843750000       -2.49683770E-04
   37.072753906250000       -2.50809273E-04
   37.097167968750000       -2.51943013E-04
   37.121582031250000       -2.53085804E-04
   37.145996093750000       -2.54237733E-04
   37.170410156250000       -2.55398045E-04
   37.194824218750000       -2.56567582E-04
   37.219238281250000       -2.57746433E-04
   37.243652343750000       -2.58934626E-04
   37.268066406250000       -2.60131405E-04
   37.292480468750000       -2.61337642E-04
   37.316894531250000       -2.62554240E-04
   37.341308593750000       -2.63779599E-04
   37.365722656250000       -2.65014620E-04
   37.390136718750000       -2.66260176E-04
   37.414550781250000       -2.67514639E-04
   37.438964843750000       -2.68779811E-04
   37.463378906250000       -2.70054006E-04
   37.487792968750000       -2.71338999E-04
   37.512207031250000       -2.72634003E-04
   37.536621093750000       -2.73939979E-04
   37.561035156250000       -2.75256083E-04
   37.585449218750000       -2.76582403E-04
   37.609863281250000       -2.77919869E-04
   37.634277343750000       -2.79267668E-04
   37.658691406250000       -2.80626788E-04
   37.683105468750000       -2.81996356E-04
   37.707519531250000       -2.83377361E-04
   37.731933593750000       -2.84769892E-04
   37.756347656250000       -2.86173105E-04
   37.780761718750000       -2.87588831E-04
   37.805175781250000       -2.89014541E-04
   37.829589843750000       -2.90452939E-04
   37.854003906250000       -2.91903212E-04
   37.878417968750000       -2.93365418E-04
   37.902832031250000       -2.94838799E-04
   37.927246093750000       -2.96325190E-04
   37.951660156250000       -2.97823775E-04
   37.976074218750000       -2.99334642E-04
   38.000488281250000       -3.00857879E-04
   38.024902343750000       -3.02394445E-04
   38.049316406250000       -3.03943554E-04
   38.073730468750000       -3.05505295E-04
   38.098144531250000       -3.07080656E-04
   38.122558593750000       -3.08668794E-04
   38.146972656250000       -3.10269825E-04
   38.171386718750000       -3.11885698E-04
   38.195800781250000       -3.13514611E-04
   38.220214843750000       -3.15156678E-04
   38.244628906250000       -3.16813850E-04
   38.269042968750000       -3.18484381E-04
   38.293457031250000       -3.20169289E-04
   38.317871093750000       -3.21868662E-04
   38.342285156250000       -3.23582615E-04
   38.366699218750000       -3.25311266E-04
   38.391113281250000       -3.27054702E-04
   38.415527343750000       -3.28812981E-04
   38.439941406250000       -3.30586277E-04
   38.464355468750000       -3.32375639E-04
   38.488769531250000       -3.34180222E-04
   38.513183593750000       -3.36001074E-04
   38.537597656250000       -3.37837351E-04
   38.562011718750000       -3.39689170E-04
   38.586425781250000       -3.41557636E-04
   38.610839843750000       -3.43442836E-04
   38.635253906250000       -3.45344917E-04
   38.659667968750000       -3.47263005E-04
   38.684082031250000       -3.49198206E-04
   38.708496093750000       -3.51150637E-04
   38.732910156250000       -3.53120413E-04
   38.757324218750000       -3.55107710E-04
   38.781738281250000       -3.57112614E-04
   38.806152343750000       -3.59136291E-04
   38.830566406250000       -3.61177837E-04
   38.854980468750000       -3.63237399E-04
   38.879394531250000       -3.65315122E-04
   38.903808593750000       -3.67412140E-04
   38.928222656250000       -3.69527581E-04
   38.952636718750000       -3.71663686E-04
   38.977050781250000       -3.73817427E-04
   39.001464843750000       -3.75992124E-04
   39.025878906250000       -3.78185825E-04
   39.050292968750000       -3.80400743E-04
   39.074707031250000       -3.82634957E-04
   39.099121093750000       -3.84890765E-04
   39.123535156250000       -3.87166132E-04
   39.147949218750000       -3.89463385E-04
   39.172363281250000       -3.91781621E-04
   39.196777343750000       -3.94122093E-04
   39.221191406250000       -3.96483840E-04
   39.245605468750000       -3.98867065E-04
   39.270019531250000       -4.01274126E-04
   39.294433593750000       -4.03702987E-04
   39.318847656250000       -4.06153849E-04
   39.343261718750000       -4.08629072E-04
   39.367675781250000       -4.11127723E-04
   39.392089843750000       -4.13650007E-04
   39.416503906250000       -4.16196126E-04
   39.440917968750000       -4.18766256E-04
   39.465332031250000       -4.21360572E-04
   39.489746093750000       -4.23980411E-04
   39.514160156250000       -4.26625978E-04
   39.538574218750000       -4.29296342E-04
   39.562988281250000       -4.31992812E-04
   39.587402343750000       -4.34714515E-04
   39.611816406250000       -4.37463896E-04
   39.636230468750000       -4.40238917E-04
   39.660644531250000       -4.43042081E-04
   39.685058593750000       -4.45871265E-04
   39.709472656250000       -4.48730279E-04
   39.733886718750000       -4.51615721E-04
   39.758300781250000       -4.54530265E-04
   39.782714843750000       -4.57472925E-04
   39.807128906250000       -4.60446317E-04
   39.831542968750000       -4.63448319E-04
   39.855957031250000       -4.66480386E-04
   39.880371093750000       -4.69542720E-04
   39.904785156250000       -4.72635613E-04
   39.929199218750000       -4.75759298E-04
   39.953613281250000       -4.78915259E-04
   39.978027343750000       -4.82102565E-04
   40.002441406250000       -4.85321478E-04
   40.026855468750000       -4.88574733E-04
   40.051269531250000       -4.91860148E-04
   40.075683593750000       -4.95179207E-04
   40.100097656250000       -4.98532201E-04
   40.124511718750000       -5.01919538E-04
   40.148925781250000       -5.05342614E-04
   40.173339843750000       -5.08800615E-04
   40.197753906250000       -5.12293715E-04
   40.222167968750000       -5.15823602E-04
   40.246582031250000       -5.19390567E-04
   40.270996093750000       -5.22993621E-04
   40.295410156250000       -5.26635675E-04
   40.319824218750000       -5.30315854E-04
   40.344238281250000       -5.34034392E-04
   40.368652343750000       -5.37791639E-04
   40.393066406250000       -5.41589339E-04
   40.417480468750000       -5.45427843E-04
   40.441894531250000       -5.49306045E-04
   40.466308593750000       -5.53225807E-04
   40.490722656250000       -5.57188818E-04
   40.515136718750000       -5.61192690E-04
   40.539550781250000       -5.65240625E-04
   40.563964843750000       -5.69332915E-04
   40.588378906250000       -5.73468627E-04
   40.612792968750000       -5.77649625E-04
   40.637207031250000       -5.81876200E-04
   40.661621093750000       -5.86148817E-04
   40.686035156250000       -5.90467942E-04
   40.710449218750000       -5.94833982E-04
   40.734863281250000       -5.99248742E-04
   40.759277343750000       -6.03712746E-04
   40.783691406250000       -6.08226459E-04
   40.808105468750000       -6.12788892E-04
   40.832519531250000       -6.17403362E-04
   40.856933593750000       -6.22070394E-04
   40.881347656250000       -6.26787543E-04
   40.905761718750000       -6.31559698E-04
   40.930175781250000       -6.36384473E-04
   40.954589843750000       -6.41263847E-04
   40.979003906250000       -6.46199798E-04
   41.003417968750000       -6.51189825E-04
   41.027832031250000       -6.56239106E-04
   41.052246093750000       -6.61345141E-04
   41.076660156250000       -6.66509965E-04
   41.101074218750000       -6.71734160E-04
   41.125488281250000       -6.77018310E-04
   41.149902343750000       -6.82364567E-04
   41.174316406250000       -6.87771942E-04
   41.198730468750000       -6.93244277E-04
   41.223144531250000       -6.98779011E-04
   41.247558593750000       -7.04378297E-04
   41.271972656250000       -7.10044405E-04
   41.296386718750000       -7.15778035E-04
   41.320800781250000       -7.21578253E-04
   41.345214843750000       -7.27448962E-04
   41.369628906250000       -7.33387598E-04
   41.394042968750000       -7.39399751E-04
   41.418457031250000       -7.45481229E-04
   41.442871093750000       -7.51637795E-04
   41.467285156250000       -7.57868460E-04
   41.491699218750000       -7.64174038E-04
   41.516113281250000       -7.70555285E-04
   41.540527343750000       -7.77016336E-04
   41.564941406250000       -7.83554686E-04
   41.589355468750000       -7.90174527E-04
   41.613769531250000       -7.96874927E-04
   41.638183593750000       -8.03656876E-04
   41.662597656250000       -8.10524565E-04
   41.687011718750000       -8.17477237E-04
   41.711425781250000       -8.24515824E-04
   41.735839843750000       -8.31642945E-04
   41.760253906250000       -8.38859531E-04
   41.784667968750000       -8.46166571E-04
   41.809082031250000       -8.53565056E-04
   41.833496093750000       -8.61059641E-04
   41.857910156250000       -8.68647592E-04
   41.882324218750000       -8.76331876E-04
   41.906738281250000       -8.84115347E-04
   41.931152343750000       -8.91997188E-04
   41.955566406250000       -8.99982289E-04
   41.979980468750000       -9.08069836E-04
   42.004394531250000       -9.16261051E-04
   42.028808593750000       -9.24558903E-04
   42.053222656250000       -9.32966534E-04
   42.077636718750000       -9.41483304E-04
   42.102050781250000       -9.50112240E-04
   42.126464843750000       -9.58854682E-04
   42.150878906250000       -9.67711909E-04
   42.175292968750000       -9.76687181E-04
   42.199707031250000       -9.85781895E-04
   42.224121093750000       -9.94997332E-04
   42.248535156250000       -1.00433698E-03
   42.272949218750000       -1.01380213E-03
   42.297363281250000       -1.02339440E-03
   42.321777343750000       -1.03311718E-03
   42.346191406250000       -1.04296987E-03
   42.370605468750000       -1.05295831E-03
   42.395019531250000       -1.06308411E-03
   42.419433593750000       -1.07334869E-03
   42.443847656250000       -1.08375377E-03
   42.468261718750000       -1.09430321E-03
   42.492675781250000       -1.10499642E-03
   42.517089843750000       -1.11584179E-03
   42.541503906250000       -1.12683675E-03
   42.565917968750000       -1.13798515E-03
   42.590332031250000       -1.14929117E-03
   42.614746093750000       -1.16075657E-03
   42.639160156250000       -1.17238343E-03
   42.663574218750000       -1.18417596E-03
   42.687988281250000       -1.19613612E-03
   42.712402343750000       -1.20826834E-03
   42.736816406250000       -1.22057460E-03
   42.761230468750000       -1.23305712E-03
   42.785644531250000       -1.24572031E-03
   42.810058593750000       -1.25856674E-03
   42.834472656250000       -1.27160072E-03
   42.858886718750000       -1.28482468E-03
   42.883300781250000       -1.29824353E-03
   42.907714843750000       -1.31185958E-03
   42.932128906250000       -1.32567552E-03
   42.956542968750000       -1.33969611E-03
   42.980957031250000       -1.35392661E-03
   43.005371093750000       -1.36836956E-03
   43.029785156250000       -1.38302788E-03
   43.054199218750000       -1.39790669E-03
   43.078613281250000       -1.41300901E-03
   43.103027343750000       -1.42834266E-03
   43.127441406250000       -1.44390576E-03
   43.151855468750000       -1.45970890E-03
   43.176269531250000       -1.47575536E-03
   43.200683593750000       -1.49204570E-03
   43.225097656250000       -1.50858832E-03
   43.249511718750000       -1.52538682E-03
   43.273925781250000       -1.54244446E-03
   43.298339843750000       -1.55977020E-03
   43.322753906250000       -1.57736754E-03
   43.347167968750000       -1.59524044E-03
   43.371582031250000       -1.61339506E-03
   43.395996093750000       -1.63183827E-03
   43.420410156250000       -1.65057392E-03
   43.444824218750000       -1.66960608E-03
   43.469238281250000       -1.68894464E-03
   43.493652343750000       -1.70859648E-03
   43.518066406250000       -1.72856043E-03
   43.542480468750000       -1.74885232E-03
   43.566894531250000       -1.76947098E-03
   43.591308593750000       -1.79042702E-03
   43.615722656250000       -1.81172497E-03
   43.640136718750000       -1.83337298E-03
   43.664550781250000       -1.85537885E-03
   43.688964843750000       -1.87774783E-03
   43.713378906250000       -1.90049130E-03
   43.737792968750000       -1.92361150E-03
   43.762207031250000       -1.94712030E-03
   43.786621093750000       -1.97102618E-03
   43.811035156250000       -1.99533231E-03
   43.835449218750000       -2.02005357E-03
   43.859863281250000       -2.04519345E-03
   43.884277343750000       -2.07076082E-03
   43.908691406250000       -2.09676917E-03
   43.933105468750000       -2.12322455E-03
   43.957519531250000       -2.15013744E-03
   43.981933593750000       -2.17751437E-03
   44.006347656250000       -2.20537279E-03
   44.030761718750000       -2.23371317E-03
   44.055175781250000       -2.26255646E-03
   44.079589843750000       -2.29190360E-03
   44.104003906250000       -2.32176902E-03
   44.128417968750000       -2.35216832E-03
   44.152832031250000       -2.38310592E-03
   44.177246093750000       -2.41460092E-03
   44.201660156250000       -2.44665868E-03
   44.226074218750000       -2.47929874E-03
   44.250488281250000       -2.51252670E-03
   44.274902343750000       -2.54635932E-03
   44.299316406250000       -2.58081011E-03
   44.323730468750000       -2.61589256E-03
   44.348144531250000       -2.65161670E-03
   44.372558593750000       -2.68800464E-03
   44.396972656250000       -2.72506732E-03
   44.421386718750000       -2.76281917E-03
   44.445800781250000       -2.80127954E-03
   44.470214843750000       -2.84046028E-03
   44.494628906250000       -2.88037700E-03
   44.519042968750000       -2.92105414E-03
   44.543457031250000       -2.96250032E-03
   44.567871093750000       -3.00474092E-03
   44.592285156250000       -3.04778898E-03
   44.616699218750000       -3.09166242E-03
   44.641113281250000       -3.13638803E-03
   44.665527343750000       -3.18197580E-03
   44.689941406250000       -3.22845369E-03
   44.714355468750000       -3.27584101E-03
   44.738769531250000       -3.32415826E-03
   44.763183593750000       -3.37343034E-03
   44.787597656250000       -3.42367357E-03
   44.812011718750000       -3.47491866E-03
   44.836425781250000       -3.52718309E-03
   44.860839843750000       -3.58049897E-03
   44.885253906250000       -3.63488472E-03
   44.909667968750000       -3.69036873E-03
   44.934082031250000       -3.74698010E-03
   44.958496093750000       -3.80474888E-03
   44.982910156250000       -3.86369554E-03
   45.007324218750000       -3.92385153E-03
   45.031738281250000       -3.98524897E-03
   45.056152343750000       -4.04791953E-03
   45.080566406250000       -4.11189301E-03
   45.104980468750000       -4.17720759E-03
   45.129394531250000       -4.24388843E-03
   45.153808593750000       -4.31197137E-03
   45.178222656250000       -4.38149879E-03
   45.202636718750000       -4.45250235E-03
   45.227050781250000       -4.52502118E-03
   45.251464843750000       -4.59908927E-03
   45.275878906250000       -4.67475783E-03
   45.300292968750000       -4.75205760E-03
   45.324707031250000       -4.83103096E-03
   45.349121093750000       -4.91172681E-03
   45.373535156250000       -4.99419123E-03
   45.397949218750000       -5.07846894E-03
   45.422363281250000       -5.16460137E-03
   45.446777343750000       -5.25264908E-03
   45.471191406250000       -5.34264976E-03
   45.495605468750000       -5.43466583E-03
   45.520019531250000       -5.52874990E-03
   45.544433593750000       -5.62494993E-03
   45.568847656250000       -5.72333252E-03
   45.593261718750000       -5.82394889E-03
   45.617675781250000       -5.92686282E-03
   45.642089843750000       -6.03214093E-03
   45.666503906250000       -6.13983767E-03
   45.690917968750000       -6.25002943E-03
   45.715332031250000       -6.36278139E-03
   45.739746093750000       -6.47816714E-03
   45.764160156250000       -6.59625465E-03
   45.788574218750000       -6.71712123E-03
   45.812988281250000       -6.84084697E-03
   45.837402343750000       -6.96750544E-03
   45.861816406250000       -7.09718885E-03
   45.886230468750000       -7.22997589E-03
   45.910644531250000       -7.36595411E-03
   45.935058593750000       -7.50522362E-03
   45.959472656250000       -7.64786918E-03
   45.983886718750000       -7.79399555E-03
   46.008300781250000       -7.94369355E-03
   46.032714843750000       -8.09707399E-03
   46.057128906250000       -8.25424027E-03
   46.081542968750000       -8.41530878E-03
   46.105957031250000       -8.58038198E-03
   46.130371093750000       -8.74959212E-03
   46.154785156250000       -8.92305560E-03
   46.179199218750000       -9.10090189E-03
   46.203613281250000       -9.28324834E-03
   46.228027343750000       -9.47024953E-03
   46.252441406250000       -9.66202840E-03
   46.276855468750000       -9.85873025E-03
   46.301269531250000       -1.00605143E-02
   46.325683593750000       -1.02675343E-02
   46.350097656250000       -1.04799317E-02
   46.374511718750000       -1.06978975E-02
   46.398925781250000       -1.09215910E-02
   46.423339843750000       -1.11511759E-02
   46.447753906250000       -1.13868620E-02
   46.472167968750000       -1.16288131E-02
   46.496582031250000       -1.18772397E-02
   46.520996093750000       -1.21323392E-02
   46.545410156250000       -1.23943351E-02
   46.569824218750000       -1.26634249E-02
   46.594238281250000       -1.29398471E-02
   46.618652343750000       -1.32238232E-02
   46.643066406250000       -1.35156056E-02
   46.667480468750000       -1.38154542E-02
   46.691894531250000       -1.41236149E-02
   46.716308593750000       -1.44403521E-02
   46.740722656250000       -1.47659630E-02
   46.765136718750000       -1.51007166E-02
   46.789550781250000       -1.54449306E-02
   46.813964843750000       -1.57989170E-02
   46.838378906250000       -1.61629878E-02
   46.862792968750000       -1.65374782E-02
   46.887207031250000       -1.69227440E-02
   46.911621093750000       -1.73191428E-02
   46.936035156250000       -1.77270453E-02
   46.960449218750000       -1.81468427E-02
   46.984863281250000       -1.85789466E-02
   47.009277343750000       -1.90237593E-02
   47.033691406250000       -1.94817353E-02
   47.058105468750000       -1.99533068E-02
   47.082519531250000       -2.04389561E-02
   47.106933593750000       -2.09391788E-02
   47.131347656250000       -2.14544572E-02
   47.155761718750000       -2.19853390E-02
   47.180175781250000       -2.25323737E-02
   47.204589843750000       -2.30960958E-02
   47.229003906250000       -2.36771423E-02
   47.253417968750000       -2.42761075E-02
   47.277832031250000       -2.48936210E-02
   47.302246093750000       -2.55303681E-02
   47.326660156250000       -2.61870436E-02
   47.351074218750000       -2.68643294E-02
   47.375488281250000       -2.75630262E-02
   47.399902343750000       -2.82839034E-02
   47.424316406250000       -2.90277414E-02
   47.448730468750000       -2.97954269E-02
   47.473144531250000       -3.05878166E-02
   47.497558593750000       -3.14058438E-02
   47.521972656250000       -3.22504491E-02
   47.546386718750000       -3.31226587E-02
   47.570800781250000       -3.40234824E-02
   47.595214843750000       -3.49540189E-02
   47.619628906250000       -3.59153859E-02
   47.644042968750000       -3.69087867E-02
   47.668457031250000       -3.79354469E-02
   47.692871093750000       -3.89966145E-02
   47.717285156250000       -4.00936790E-02
   47.741699218750000       -4.12279889E-02
   47.766113281250000       -4.24010418E-02
   47.790527343750000       -4.36143465E-02
   47.814941406250000       -4.48694900E-02
   47.839355468750000       -4.61681299E-02
   47.863769531250000       -4.75120284E-02
   47.888183593750000       -4.89029773E-02
   47.912597656250000       -5.03428541E-02
   47.937011718750000       -5.18336818E-02
   47.961425781250000       -5.33775240E-02
   47.985839843750000       -5.49765639E-02
   48.010253906250000       -5.66330366E-02
   48.034667968750000       -5.83493300E-02
   48.059082031250000       -6.01279698E-02
   48.083496093750000       -6.19715117E-02
   48.107910156250000       -6.38826862E-02
   48.132324218750000       -6.58643693E-02
   48.156738281250000       -6.79195970E-02
   48.181152343750000       -7.00514093E-02
   48.205566406250000       -7.22631812E-02
   48.229980468750000       -7.45583251E-02
   48.254394531250000       -7.69404694E-02
   48.278808593750000       -7.94134513E-02
   48.303222656250000       -8.19812045E-02
   48.327636718750000       -8.46479014E-02
   48.352050781250000       -8.74180347E-02
   48.376464843750000       -9.02961195E-02
   48.400878906250000       -9.32870805E-02
   48.425292968750000       -9.63960215E-02
   48.449707031250000       -9.96282697E-02
   48.474121093750000      -0.102989525    
   48.498535156250000      -0.106485672    
   48.522949218750000      -0.110123023    
   48.547363281250000      -0.113908149    
   48.571777343750000      -0.117847972    
   48.596191406250000      -0.121949837    
   48.620605468750000      -0.126221463    
   48.645019531250000      -0.130670965    
   48.669433593750000      -0.135306910    
   48.693847656250000      -0.140138328    
   48.718261718750000      -0.145174906    
   48.742675781250000      -0.150426671    
   48.767089843750000      -0.155904293    
   48.791503906250000      -0.161619022    
   48.815917968750000      -0.167582914    
   48.840332031250000      -0.173808515    
   48.864746093750000      -0.180309236    
   48.889160156250000      -0.187099263    
   48.913574218750000      -0.194193646    
   48.937988281250000      -0.201608211    
   48.962402343750000      -0.209359959    
   48.986816406250000      -0.217466697    
   49.011230468750000      -0.225947618    
   49.035644531250000      -0.234822839    
   49.060058593750000      -0.244113952    
   49.084472656250000      -0.253843725    
   49.108886718750000      -0.264036655    
   49.133300781250000      -0.274718583    
   49.157714843750000      -0.285917193    
   49.182128906250000      -0.297661841    
   49.206542968750000      -0.309984088    
   49.230957031250000      -0.322917491    
   49.255371093750000      -0.336497903    
   49.279785156250000      -0.350763589    
   49.304199218750000      -0.365755737    
   49.328613281250000      -0.381518036    
   49.353027343750000      -0.398097813    
   49.377441406250000      -0.415545285    
   49.401855468750000      -0.433914751    
   49.426269531250000      -0.453264236    
   49.450683593750000      -0.473656327    
   49.475097656250000      -0.495157987    
   49.499511718750000      -0.517841995    
   49.523925781250000      -0.541785777    
   49.548339843750000      -0.567073822    
   49.572753906250000      -0.593796372    
   49.597167968750000      -0.622052014    
   49.621582031250000      -0.651946008    
   49.645996093750000      -0.683593929    
   49.670410156250000      -0.717118859    
   49.694824218750000      -0.752656877    
   49.719238281250000      -0.790352643    
   49.743652343750000      -0.830367029    
   49.768066406250000      -0.872870564    
   49.792480468750000      -0.918054342    
   49.816894531250000      -0.966120005    
   49.841308593750000       -1.01729631    
   49.865722656250000       -1.07182133    
   49.890136718750000       -1.12997222    
   49.914550781250000       -1.19202828    
   49.938964843750000       -1.25833344    
   49.963378906250000       -1.32919884    
   49.987792968750000       -1.40511346    
