   1.2207031250000000E-002 -0.820616961    
   3.6621093750000000E-002 -0.774229228    
   6.1035156250000000E-002 -0.730952799    
   8.5449218750000000E-002 -0.690495968    
  0.10986328125000000      -0.652670383    
  0.13427734375000000      -0.617268384    
  0.15869140625000000      -0.584119260    
  0.18310546875000000      -0.553054094    
  0.20751953125000000      -0.523926377    
  0.23193359375000000      -0.496595055    
  0.25634765625000000      -0.470935404    
  0.28076171875000000      -0.446828842    
  0.30517578125000000      -0.424168974    
  0.32958984375000000      -0.402855456    
  0.35400390625000000      -0.382797629    
  0.37841796875000000      -0.363910079    
  0.40283203125000000      -0.346115321    
  0.42724609375000000      -0.329340577    
  0.45166015625000000      -0.313519329    
  0.47607421875000000      -0.298589289    
  0.50048828125000000      -0.284493327    
  0.52490234375000000      -0.271177888    
  0.54931640625000000      -0.258593857    
  0.57373046875000000      -0.246695057    
  0.59814453125000000      -0.235439047    
  0.62255859375000000      -0.224785939    
  0.64697265625000000      -0.214698985    
  0.67138671875000000      -0.205143735    
  0.69580078125000000      -0.196088210    
  0.72021484375000000      -0.187502459    
  0.74462890625000000      -0.179358751    
  0.76904296875000000      -0.171630993    
  0.79345703125000000      -0.164294988    
  0.81787109375000000      -0.157327995    
  0.84228515625000000      -0.150708839    
  0.86669921875000000      -0.144417658    
  0.89111328125000000      -0.138435930    
  0.91552734375000000      -0.132746235    
  0.93994140625000000      -0.127332315    
  0.96435546875000000      -0.122178838    
  0.98876953125000000      -0.117271587    
   1.0131835937500000      -0.112597041    
   1.0375976562500000      -0.108142652    
   1.0620117187500000      -0.103896514    
   1.0864257812500000       -9.98475701E-02
   1.1108398437500000       -9.59852859E-02
   1.1352539062500000       -9.22998786E-02
   1.1596679687500000       -8.87820795E-02
   1.1840820312500000       -8.54231641E-02
   1.2084960937500000       -8.22149292E-02
   1.2329101562500000       -7.91496634E-02
   1.2573242187500000       -7.62200728E-02
   1.2817382812500000       -7.34192953E-02
   1.3061523437500000       -7.07408339E-02
   1.3305664062500000       -6.81785792E-02
   1.3549804687500000       -6.57268018E-02
   1.3793945312500000       -6.33799955E-02
   1.4038085937500000       -6.11330383E-02
   1.4282226562500000       -5.89810759E-02
   1.4526367187500000       -5.69195077E-02
   1.4770507812500000       -5.49439937E-02
   1.5014648437500000       -5.30503765E-02
   1.5258789062500000       -5.12348153E-02
   1.5502929687500000       -4.94936034E-02
   1.5747070312500000       -4.78232466E-02
   1.5991210937500000       -4.62204367E-02
   1.6235351562500000       -4.46820259E-02
   1.6479492187500000       -4.32050861E-02
   1.6723632812500000       -4.17867601E-02
   1.6967773437500000       -4.04244065E-02
   1.7211914062500000       -3.91154625E-02
   1.7456054687500000       -3.78575474E-02
   1.7700195312500000       -3.66483591E-02
   1.7944335937500000       -3.54857296E-02
   1.8188476562500000       -3.43675874E-02
   1.8432617187500000       -3.32920067E-02
   1.8676757812500000       -3.22570838E-02
   1.8920898437500000       -3.12610827E-02
   1.9165039062500000       -3.03022880E-02
   1.9409179687500000       -2.93791220E-02
   1.9653320312500000       -2.84900498E-02
   1.9897460937500000       -2.76336353E-02
   2.0141601562500000       -2.68084705E-02
   2.0385742187500000       -2.60132402E-02
   2.0629882812500000       -2.52467226E-02
   2.0874023437500000       -2.45076772E-02
   2.1118164062500000       -2.37950124E-02
   2.1362304687500000       -2.31075995E-02
   2.1606445312500000       -2.24444345E-02
   2.1850585937500000       -2.18045022E-02
   2.2094726562500000       -2.11868808E-02
   2.2338867187500000       -2.05906704E-02
   2.2583007812500000       -2.00149976E-02
   2.2827148437500000       -1.94590464E-02
   2.3071289062500000       -1.89220440E-02
   2.3315429687500000       -1.84032377E-02
   2.3559570312500000       -1.79019012E-02
   2.3803710937500000       -1.74173638E-02
   2.4047851562500000       -1.69489644E-02
   2.4291992187500000       -1.64960939E-02
   2.4536132812500000       -1.60581302E-02
   2.4780273437500000       -1.56345181E-02
   2.5024414062500000       -1.52247157E-02
   2.5268554687500000       -1.48281874E-02
   2.5512695312500000       -1.44444387E-02
   2.5756835937500000       -1.40729845E-02
   2.6000976562500000       -1.37133775E-02
   2.6245117187500000       -1.33651560E-02
   2.6489257812500000       -1.30279241E-02
   2.6733398437500000       -1.27012627E-02
   2.6977539062500000       -1.23847853E-02
   2.7221679687500000       -1.20781297E-02
   2.7465820312500000       -1.17809279E-02
   2.7709960937500000       -1.14928428E-02
   2.7954101562500000       -1.12135578E-02
   2.8198242187500000       -1.09427422E-02
   2.8442382812500000       -1.06801093E-02
   2.8686523437500000       -1.04253581E-02
   2.8930664062500000       -1.01782242E-02
   2.9174804687500000       -9.93842538E-03
   2.9418945312500000       -9.70571488E-03
   2.9663085937500000       -9.47985332E-03
   2.9907226562500000       -9.26058646E-03
   3.0151367187500000       -9.04770754E-03
   3.0395507812500000       -8.84097815E-03
   3.0639648437500000       -8.64020456E-03
   3.0883789062500000       -8.44518561E-03
   3.1127929687500000       -8.25571269E-03
   3.1372070312500000       -8.07161164E-03
   3.1616210937500000       -7.89270084E-03
   3.1860351562500000       -7.71881081E-03
   3.2104492187500000       -7.54977018E-03
   3.2348632812500000       -7.38541456E-03
   3.2592773437500000       -7.22560333E-03
   3.2836914062500000       -7.07018143E-03
   3.3081054687500000       -6.91900589E-03
   3.3325195312500000       -6.77193655E-03
   3.3569335937500000       -6.62885094E-03
   3.3813476562500000       -6.48961263E-03
   3.4057617187500000       -6.35410100E-03
   3.4301757812500000       -6.22219872E-03
   3.4545898437500000       -6.09379821E-03
   3.4790039062500000       -5.96877839E-03
   3.5034179687500000       -5.84703824E-03
   3.5278320312500000       -5.72847482E-03
   3.5522460937500000       -5.61299315E-03
   3.5766601562500000       -5.50049637E-03
   3.6010742187500000       -5.39088994E-03
   3.6254882812500000       -5.28408773E-03
   3.6499023437500000       -5.18000592E-03
   3.6743164062500000       -5.07855881E-03
   3.6987304687500000       -4.97967238E-03
   3.7231445312500000       -4.88326000E-03
   3.7475585937500000       -4.78925789E-03
   3.7719726562500000       -4.69758874E-03
   3.7963867187500000       -4.60818317E-03
   3.8208007812500000       -4.52097738E-03
   3.8452148437500000       -4.43590526E-03
   3.8696289062500000       -4.35290346E-03
   3.8940429687500000       -4.27191379E-03
   3.9184570312500000       -4.19287570E-03
   3.9428710937500000       -4.11573425E-03
   3.9672851562500000       -4.04043263E-03
   3.9916992187500000       -3.96692334E-03
   4.0161132812500000       -3.89515236E-03
   4.0405273437500000       -3.82507103E-03
   4.0649414062500000       -3.75662767E-03
   4.0893554687500000       -3.68978083E-03
   4.1137695312500000       -3.62448557E-03
   4.1381835937500000       -3.56069836E-03
   4.1625976562500000       -3.49837681E-03
   4.1870117187500000       -3.43747577E-03
   4.2114257812500000       -3.37796705E-03
   4.2358398437500000       -3.31979990E-03
   4.2602539062500000       -3.26294778E-03
   4.2846679687500000       -3.20737320E-03
   4.3090820312500000       -3.15303681E-03
   4.3334960937500000       -3.09990696E-03
   4.3579101562500000       -3.04795313E-03
   4.3823242187500000       -2.99714506E-03
   4.4067382812500000       -2.94745062E-03
   4.4311523437500000       -2.89883767E-03
   4.4555664062500000       -2.85128225E-03
   4.4799804687500000       -2.80475407E-03
   4.5043945312500000       -2.75922683E-03
   4.5288085937500000       -2.71467539E-03
   4.5532226562500000       -2.67107156E-03
   4.5776367187500000       -2.62839417E-03
   4.6020507812500000       -2.58661667E-03
   4.6264648437500000       -2.54571927E-03
   4.6508789062500000       -2.50567915E-03
   4.6752929687500000       -2.46647163E-03
   4.6997070312500000       -2.42807530E-03
   4.7241210937500000       -2.39047222E-03
   4.7485351562500000       -2.35364540E-03
   4.7729492187500000       -2.31756899E-03
   4.7973632812500000       -2.28222925E-03
   4.8217773437500000       -2.24760431E-03
   4.8461914062500000       -2.21367902E-03
   4.8706054687500000       -2.18043500E-03
   4.8950195312500000       -2.14785757E-03
   4.9194335937500000       -2.11592647E-03
   4.9438476562500000       -2.08463077E-03
   4.9682617187500000       -2.05395138E-03
   4.9926757812500000       -2.02387711E-03
   5.0170898437500000       -1.99438981E-03
   5.0415039062500000       -1.96547690E-03
   5.0659179687500000       -1.93712313E-03
   5.0903320312500000       -1.90931919E-03
   5.1147460937500000       -1.88205054E-03
   5.1391601562500000       -1.85530318E-03
   5.1635742187500000       -1.82906573E-03
   5.1879882812500000       -1.80332479E-03
   5.2124023437500000       -1.77807210E-03
   5.2368164062500000       -1.75329472E-03
   5.2612304687500000       -1.72897999E-03
   5.2856445312500000       -1.70512020E-03
   5.3100585937500000       -1.68170326E-03
   5.3344726562500000       -1.65871973E-03
   5.3588867187500000       -1.63615774E-03
   5.3833007812500000       -1.61401299E-03
   5.4077148437500000       -1.59226940E-03
   5.4321289062500000       -1.57092302E-03
   5.4565429687500000       -1.54996302E-03
   5.4809570312500000       -1.52938114E-03
   5.5053710937500000       -1.50916679E-03
   5.5297851562500000       -1.48931646E-03
   5.5541992187500000       -1.46981806E-03
   5.5786132812500000       -1.45066599E-03
   5.6030273437500000       -1.43185293E-03
   5.6274414062500000       -1.41337130E-03
   5.6518554687500000       -1.39521202E-03
   5.6762695312500000       -1.37736998E-03
   5.7006835937500000       -1.35983853E-03
   5.7250976562500000       -1.34260859E-03
   5.7495117187500000       -1.32567587E-03
   5.7739257812500000       -1.30903570E-03
   5.7983398437500000       -1.29267783E-03
   5.8227539062500000       -1.27660006E-03
   5.8471679687500000       -1.26079435E-03
   5.8715820312500000       -1.24525453E-03
   5.8959960937500000       -1.22997689E-03
   5.9204101562500000       -1.21495547E-03
   5.9448242187500000       -1.20018306E-03
   5.9692382812500000       -1.18565757E-03
   5.9936523437500000       -1.17137202E-03
   6.0180664062500000       -1.15732267E-03
   6.0424804687500000       -1.14350452E-03
   6.0668945312500000       -1.12991047E-03
   6.0913085937500000       -1.11653912E-03
   6.1157226562500000       -1.10338384E-03
   6.1401367187500000       -1.09044160E-03
   6.1645507812500000       -1.07770937E-03
   6.1889648437500000       -1.06517877E-03
   6.2133789062500000       -1.05284899E-03
   6.2377929687500000       -1.04071712E-03
   6.2622070312500000       -1.02877535E-03
   6.2866210937500000       -1.01702439E-03
   6.3110351562500000       -1.00545655E-03
   6.3354492187500000       -9.94069385E-04
   6.3598632812500000       -9.82862082E-04
   6.3842773437500000       -9.71827307E-04
   6.4086914062500000       -9.60964302E-04
   6.4331054687500000       -9.50269110E-04
   6.4575195312500000       -9.39737947E-04
   6.4819335937500000       -9.29368543E-04
   6.5063476562500000       -9.19157232E-04
   6.5307617187500000       -9.09100345E-04
   6.5551757812500000       -8.99197359E-04
   6.5795898437500000       -8.89443152E-04
   6.6040039062500000       -8.79834290E-04
   6.6284179687500000       -8.70370364E-04
   6.6528320312500000       -8.61048000E-04
   6.6772460937500000       -8.51863821E-04
   6.7016601562500000       -8.42816080E-04
   6.7260742187500000       -8.33901577E-04
   6.7504882812500000       -8.25116993E-04
   6.7749023437500000       -8.16462329E-04
   6.7993164062500000       -8.07934324E-04
   6.8237304687500000       -7.99530011E-04
   6.8481445312500000       -7.91246362E-04
   6.8725585937500000       -7.83083320E-04
   6.8969726562500000       -7.75037974E-04
   6.9213867187500000       -7.67107413E-04
   6.9458007812500000       -7.59290182E-04
   6.9702148437500000       -7.51585001E-04
   6.9946289062500000       -7.43988960E-04
   7.0190429687500000       -7.36499438E-04
   7.0434570312500000       -7.29115156E-04
   7.0678710937500000       -7.21834833E-04
   7.0922851562500000       -7.14657130E-04
   7.1166992187500000       -7.07578205E-04
   7.1411132812500000       -7.00598175E-04
   7.1655273437500000       -6.93714537E-04
   7.1899414062500000       -6.86926127E-04
   7.2143554687500000       -6.80230558E-04
   7.2387695312500000       -6.73626724E-04
   7.2631835937500000       -6.67113462E-04
   7.2875976562500000       -6.60688558E-04
   7.3120117187500000       -6.54350850E-04
   7.3364257812500000       -6.48098125E-04
   7.3608398437500000       -6.41930674E-04
   7.3852539062500000       -6.35844946E-04
   7.4096679687500000       -6.29840069E-04
   7.4340820312500000       -6.23916276E-04
   7.4584960937500000       -6.18070248E-04
   7.4829101562500000       -6.12302276E-04
   7.5073242187500000       -6.06610323E-04
   7.5317382812500000       -6.00993459E-04
   7.5561523437500000       -5.95449645E-04
   7.5805664062500000       -5.89978066E-04
   7.6049804687500000       -5.84577967E-04
   7.6293945312500000       -5.79247309E-04
   7.6538085937500000       -5.73985395E-04
   7.6782226562500000       -5.68792515E-04
   7.7026367187500000       -5.63665701E-04
   7.7270507812500000       -5.58604195E-04
   7.7514648437500000       -5.53607242E-04
   7.7758789062500000       -5.48674143E-04
   7.8002929687500000       -5.43803151E-04
   7.8247070312500000       -5.38994675E-04
   7.8491210937500000       -5.34245744E-04
   7.8735351562500000       -5.29556884E-04
   7.8979492187500000       -5.24926349E-04
   7.9223632812500000       -5.20353497E-04
   7.9467773437500000       -5.15837746E-04
   7.9711914062500000       -5.11378457E-04
   7.9956054687500000       -5.06972894E-04
   8.0200195312500000       -5.02622628E-04
   8.0444335937500000       -4.98324982E-04
   8.0688476562500000       -4.94080363E-04
   8.0932617187500000       -4.89888305E-04
   8.1176757812500000       -4.85746161E-04
   8.1420898437500000       -4.81654424E-04
   8.1665039062500000       -4.77611553E-04
   8.1909179687500000       -4.73618071E-04
   8.2153320312500000       -4.69672435E-04
   8.2397460937500000       -4.65774181E-04
   8.2641601562500000       -4.61921794E-04
   8.2885742187500000       -4.58115857E-04
   8.3129882812500000       -4.54354828E-04
   8.3374023437500000       -4.50638297E-04
   8.3618164062500000       -4.46965802E-04
   8.3862304687500000       -4.43335914E-04
   8.4106445312500000       -4.39748226E-04
   8.4350585937500000       -4.36203292E-04
   8.4594726562500000       -4.32699686E-04
   8.4838867187500000       -4.29236068E-04
   8.5083007812500000       -4.25812963E-04
   8.5327148437500000       -4.22429061E-04
   8.5571289062500000       -4.19083983E-04
   8.5815429687500000       -4.15777293E-04
   8.6059570312500000       -4.12508671E-04
   8.6303710937500000       -4.09276807E-04
   8.6547851562500000       -4.06082225E-04
   8.6791992187500000       -4.02923702E-04
   8.7036132812500000       -3.99800861E-04
   8.7280273437500000       -3.96713382E-04
   8.7524414062500000       -3.93659982E-04
   8.7768554687500000       -3.90641246E-04
   8.8012695312500000       -3.87655979E-04
   8.8256835937500000       -3.84704734E-04
   8.8500976562500000       -3.81785416E-04
   8.8745117187500000       -3.78898578E-04
   8.8989257812500000       -3.76043958E-04
   8.9233398437500000       -3.73220391E-04
   8.9477539062500000       -3.70427530E-04
   8.9721679687500000       -3.67665110E-04
   8.9965820312500000       -3.64933745E-04
   9.0209960937500000       -3.62231396E-04
   9.0454101562500000       -3.59558675E-04
   9.0698242187500000       -3.56914446E-04
   9.0942382812500000       -3.54299264E-04
   9.1186523437500000       -3.51712079E-04
   9.1430664062500000       -3.49152600E-04
   9.1674804687500000       -3.46620596E-04
   9.1918945312500000       -3.44114960E-04
   9.2163085937500000       -3.41636303E-04
   9.2407226562500000       -3.39184364E-04
   9.2651367187500000       -3.36758094E-04
   9.2895507812500000       -3.34357290E-04
   9.3139648437500000       -3.31982505E-04
   9.3383789062500000       -3.29631876E-04
   9.3627929687500000       -3.27306043E-04
   9.3872070312500000       -3.25003959E-04
   9.4116210937500000       -3.22726206E-04
   9.4360351562500000       -3.20472580E-04
   9.4604492187500000       -3.18241306E-04
   9.4848632812500000       -3.16033722E-04
   9.5092773437500000       -3.13848868E-04
   9.5336914062500000       -3.11686570E-04
   9.5581054687500000       -3.09545809E-04
   9.5825195312500000       -3.07427166E-04
   9.6069335937500000       -3.05330526E-04
   9.6313476562500000       -3.03254841E-04
   9.6557617187500000       -3.01200023E-04
   9.6801757812500000       -2.99165811E-04
   9.7045898437500000       -2.97152088E-04
   9.7290039062500000       -2.95159407E-04
   9.7534179687500000       -2.93186109E-04
   9.7778320312500000       -2.91232776E-04
   9.8022460937500000       -2.89298478E-04
   9.8266601562500000       -2.87383795E-04
   9.8510742187500000       -2.85487855E-04
   9.8754882812500000       -2.83610483E-04
   9.8999023437500000       -2.81752262E-04
   9.9243164062500000       -2.79911561E-04
   9.9487304687500000       -2.78089719E-04
   9.9731445312500000       -2.76285107E-04
   9.9975585937500000       -2.74498336E-04
   10.021972656250000       -2.72729230E-04
   10.046386718750000       -2.70976947E-04
   10.070800781250000       -2.69242038E-04
   10.095214843750000       -2.67523690E-04
   10.119628906250000       -2.65821727E-04
   10.144042968750000       -2.64136092E-04
   10.168457031250000       -2.62466579E-04
   10.192871093750000       -2.60813773E-04
   10.217285156250000       -2.59176159E-04
   10.241699218750000       -2.57554319E-04
   10.266113281250000       -2.55947467E-04
   10.290527343750000       -2.54356099E-04
   10.314941406250000       -2.52780126E-04
   10.339355468750000       -2.51218094E-04
   10.363769531250000       -2.49671895E-04
   10.388183593750000       -2.48139404E-04
   10.412597656250000       -2.46621814E-04
   10.437011718750000       -2.45117728E-04
   10.461425781250000       -2.43628339E-04
   10.485839843750000       -2.42152208E-04
   10.510253906250000       -2.40689915E-04
   10.534667968750000       -2.39241330E-04
   10.559082031250000       -2.37805711E-04
   10.583496093750000       -2.36383610E-04
   10.607910156250000       -2.34974897E-04
   10.632324218750000       -2.33578859E-04
   10.656738281250000       -2.32195380E-04
   10.681152343750000       -2.30824371E-04
   10.705566406250000       -2.29466372E-04
   10.729980468750000       -2.28120029E-04
   10.754394531250000       -2.26786506E-04
   10.778808593750000       -2.25464450E-04
   10.803222656250000       -2.24154399E-04
   10.827636718750000       -2.22856266E-04
   10.852050781250000       -2.21569964E-04
   10.876464843750000       -2.20294794E-04
   10.900878906250000       -2.19031281E-04
   10.925292968750000       -2.17779336E-04
   10.949707031250000       -2.16537665E-04
   10.974121093750000       -2.15307402E-04
   10.998535156250000       -2.14088461E-04
   11.022949218750000       -2.12879546E-04
   11.047363281250000       -2.11681807E-04
   11.071777343750000       -2.10494545E-04
   11.096191406250000       -2.09317092E-04
   11.120605468750000       -2.08150566E-04
   11.145019531250000       -2.06994300E-04
   11.169433593750000       -2.05847638E-04
   11.193847656250000       -2.04711076E-04
   11.218261718750000       -2.03584568E-04
   11.242675781250000       -2.02467447E-04
   11.267089843750000       -2.01360221E-04
   11.291503906250000       -2.00262250E-04
   11.315917968750000       -1.99174028E-04
   11.340332031250000       -1.98094946E-04
   11.364746093750000       -1.97024914E-04
   11.389160156250000       -1.95964443E-04
   11.413574218750000       -1.94912893E-04
   11.437988281250000       -1.93870219E-04
   11.462402343750000       -1.92836349E-04
   11.486816406250000       -1.91811210E-04
   11.511230468750000       -1.90794759E-04
   11.535644531250000       -1.89786384E-04
   11.560058593750000       -1.88787119E-04
   11.584472656250000       -1.87796351E-04
   11.608886718750000       -1.86813486E-04
   11.633300781250000       -1.85839002E-04
   11.657714843750000       -1.84872319E-04
   11.682128906250000       -1.83913900E-04
   11.706542968750000       -1.82963151E-04
   11.730957031250000       -1.82020580E-04
   11.755371093750000       -1.81086129E-04
   11.779785156250000       -1.80158648E-04
   11.804199218750000       -1.79239170E-04
   11.828613281250000       -1.78327668E-04
   11.853027343750000       -1.77422975E-04
   11.877441406250000       -1.76526140E-04
   11.901855468750000       -1.75636058E-04
   11.926269531250000       -1.74753717E-04
   11.950683593750000       -1.73878536E-04
   11.975097656250000       -1.73009976E-04
   11.999511718750000       -1.72149012E-04
   12.023925781250000       -1.71294567E-04
   12.048339843750000       -1.70447631E-04
   12.072753906250000       -1.69607112E-04
   12.097167968750000       -1.68772967E-04
   12.121582031250000       -1.67946200E-04
   12.145996093750000       -1.67125225E-04
   12.170410156250000       -1.66311511E-04
   12.194824218750000       -1.65504025E-04
   12.219238281250000       -1.64703219E-04
   12.243652343750000       -1.63908539E-04
   12.268066406250000       -1.63119956E-04
   12.292480468750000       -1.62337921E-04
   12.316894531250000       -1.61561911E-04
   12.341308593750000       -1.60791882E-04
   12.365722656250000       -1.60027776E-04
   12.390136718750000       -1.59270086E-04
   12.414550781250000       -1.58518247E-04
   12.438964843750000       -1.57772229E-04
   12.463378906250000       -1.57032002E-04
   12.487792968750000       -1.56297538E-04
   12.512207031250000       -1.55568778E-04
   12.536621093750000       -1.54845708E-04
   12.561035156250000       -1.54127789E-04
   12.585449218750000       -1.53415967E-04
   12.609863281250000       -1.52709734E-04
   12.634277343750000       -1.52008550E-04
   12.658691406250000       -1.51312881E-04
   12.683105468750000       -1.50622203E-04
   12.707519531250000       -1.49937463E-04
   12.731933593750000       -1.49257641E-04
   12.756347656250000       -1.48582723E-04
   12.780761718750000       -1.47913146E-04
   12.805175781250000       -1.47248895E-04
   12.829589843750000       -1.46589460E-04
   12.854003906250000       -1.45935264E-04
   12.878417968750000       -1.45285827E-04
   12.902832031250000       -1.44641119E-04
   12.927246093750000       -1.44001562E-04
   12.951660156250000       -1.43366677E-04
   12.976074218750000       -1.42736433E-04
   13.000488281250000       -1.42110788E-04
   13.024902343750000       -1.41490207E-04
   13.049316406250000       -1.40874166E-04
   13.073730468750000       -1.40262666E-04
   13.098144531250000       -1.39655662E-04
   13.122558593750000       -1.39053125E-04
   13.146972656250000       -1.38455056E-04
   13.171386718750000       -1.37861396E-04
   13.195800781250000       -1.37272145E-04
   13.220214843750000       -1.36687260E-04
   13.244628906250000       -1.36106726E-04
   13.269042968750000       -1.35530514E-04
   13.293457031250000       -1.34958158E-04
   13.317871093750000       -1.34390517E-04
   13.342285156250000       -1.33826674E-04
   13.366699218750000       -1.33267065E-04
   13.391113281250000       -1.32711211E-04
   13.415527343750000       -1.32159985E-04
   13.439941406250000       -1.31612469E-04
   13.464355468750000       -1.31068649E-04
   13.488769531250000       -1.30529370E-04
   13.513183593750000       -1.29993321E-04
   13.537597656250000       -1.29461754E-04
   13.562011718750000       -1.28933374E-04
   13.586425781250000       -1.28409447E-04
   13.610839843750000       -1.27888648E-04
   13.635253906250000       -1.27372259E-04
   13.659667968750000       -1.26858969E-04
   13.684082031250000       -1.26349609E-04
   13.708496093750000       -1.25843741E-04
   13.732910156250000       -1.25341772E-04
   13.757324218750000       -1.24843253E-04
   13.781738281250000       -1.24348153E-04
   13.806152343750000       -1.23856458E-04
   13.830566406250000       -1.23368591E-04
   13.854980468750000       -1.22884085E-04
   13.879394531250000       -1.22402940E-04
   13.903808593750000       -1.21925128E-04
   13.928222656250000       -1.21450634E-04
   13.952636718750000       -1.20979435E-04
   13.977050781250000       -1.20511526E-04
   14.001464843750000       -1.20046883E-04
   14.025878906250000       -1.19585893E-04
   14.050292968750000       -1.19127719E-04
   14.074707031250000       -1.18672768E-04
   14.099121093750000       -1.18221004E-04
   14.123535156250000       -1.17772419E-04
   14.147949218750000       -1.17326999E-04
   14.172363281250000       -1.16884723E-04
   14.196777343750000       -1.16445175E-04
   14.221191406250000       -1.16009141E-04
   14.245605468750000       -1.15575800E-04
   14.270019531250000       -1.15145544E-04
   14.294433593750000       -1.14717950E-04
   14.318847656250000       -1.14293805E-04
   14.343261718750000       -1.13872302E-04
   14.367675781250000       -1.13453410E-04
   14.392089843750000       -1.13037924E-04
   14.416503906250000       -1.12625028E-04
   14.440917968750000       -1.12214715E-04
   14.465332031250000       -1.11807756E-04
   14.489746093750000       -1.11402951E-04
   14.514160156250000       -1.11001471E-04
   14.538574218750000       -1.10602123E-04
   14.562988281250000       -1.10206063E-04
   14.587402343750000       -1.09812121E-04
   14.611816406250000       -1.09421046E-04
   14.636230468750000       -1.09032830E-04
   14.660644531250000       -1.08647073E-04
   14.685058593750000       -1.08263761E-04
   14.709472656250000       -1.07883272E-04
   14.733886718750000       -1.07505199E-04
   14.758300781250000       -1.07129927E-04
   14.782714843750000       -1.06757041E-04
   14.807128906250000       -1.06386542E-04
   14.831542968750000       -1.06018415E-04
   14.855957031250000       -1.05652653E-04
   14.880371093750000       -1.05289619E-04
   14.904785156250000       -1.04928913E-04
   14.929199218750000       -1.04570543E-04
   14.953613281250000       -1.04214858E-04
   14.978027343750000       -1.03861101E-04
   15.002441406250000       -1.03510007E-04
   15.026855468750000       -1.03161190E-04
   15.051269531250000       -1.02814651E-04
   15.075683593750000       -1.02469989E-04
   15.100097656250000       -1.02127953E-04
   15.124511718750000       -1.01788151E-04
   15.148925781250000       -1.01450940E-04
   15.173339843750000       -1.01115576E-04
   15.197753906250000       -1.00782418E-04
   15.222167968750000       -1.00451449E-04
   15.246582031250000       -1.00122670E-04
   15.270996093750000       -9.97960597E-05
   15.295410156250000       -9.94712536E-05
   15.319824218750000       -9.91489578E-05
   15.344238281250000       -9.88288084E-05
   15.368652343750000       -9.85104271E-05
   15.393066406250000       -9.81941703E-05
   15.417480468750000       -9.78803873E-05
   15.441894531250000       -9.75683506E-05
   15.466308593750000       -9.72580528E-05
   15.490722656250000       -9.69501925E-05
   15.515136718750000       -9.66440493E-05
   15.539550781250000       -9.63399725E-05
   15.563964843750000       -9.60379548E-05
   15.588378906250000       -9.57379889E-05
   15.612792968750000       -9.54396965E-05
   15.637207031250000       -9.51434413E-05
   15.661621093750000       -9.48488523E-05
   15.686035156250000       -9.45566280E-05
   15.710449218750000       -9.42656989E-05
   15.734863281250000       -9.39771198E-05
   15.759277343750000       -9.36901779E-05
   15.783691406250000       -9.34052077E-05
   15.808105468750000       -9.31218601E-05
   15.832519531250000       -9.28404770E-05
   15.856933593750000       -9.25606946E-05
   15.881347656250000       -9.22828549E-05
   15.905761718750000       -9.20069506E-05
   15.930175781250000       -9.17326324E-05
   15.954589843750000       -9.14598859E-05
   15.979003906250000       -9.11890456E-05
   16.003417968750000       -9.09201190E-05
   16.027832031250000       -9.06527348E-05
   16.052246093750000       -9.03869004E-05
   16.076660156250000       -9.01229505E-05
   16.101074218750000       -8.98605213E-05
   16.125488281250000       -8.95996272E-05
   16.149902343750000       -8.93405886E-05
   16.174316406250000       -8.90833981E-05
   16.198730468750000       -8.88273717E-05
   16.223144531250000       -8.85731788E-05
   16.247558593750000       -8.83204848E-05
   16.271972656250000       -8.80696025E-05
   16.296386718750000       -8.78201972E-05
   16.320800781250000       -8.75722690E-05
   16.345214843750000       -8.73261379E-05
   16.369628906250000       -8.70814620E-05
   16.394042968750000       -8.68382413E-05
   16.418457031250000       -8.65964685E-05
   16.442871093750000       -8.63561290E-05
   16.467285156250000       -8.61175577E-05
   16.491699218750000       -8.58804124E-05
   16.516113281250000       -8.56446859E-05
   16.540527343750000       -8.54103782E-05
   16.564941406250000       -8.51774748E-05
   16.589355468750000       -8.49463104E-05
   16.613769531250000       -8.47165356E-05
   16.638183593750000       -8.44881579E-05
   16.662597656250000       -8.42608351E-05
   16.687011718750000       -8.40355424E-05
   16.711425781250000       -8.38113046E-05
   16.735839843750000       -8.35884348E-05
   16.760253906250000       -8.33669255E-05
   16.784667968750000       -8.31467696E-05
   16.809082031250000       -8.29282944E-05
   16.833496093750000       -8.27108452E-05
   16.857910156250000       -8.24950548E-05
   16.882324218750000       -8.22802758E-05
   16.906738281250000       -8.20671557E-05
   16.931152343750000       -8.18550325E-05
   16.955566406250000       -8.16442334E-05
   16.979980468750000       -8.14350642E-05
   17.004394531250000       -8.12268918E-05
   17.028808593750000       -8.10203419E-05
   17.053222656250000       -8.08147670E-05
   17.077636718750000       -8.06104945E-05
   17.102050781250000       -8.04075025E-05
   17.126464843750000       -8.02057984E-05
   17.150878906250000       -8.00053749E-05
   17.175292968750000       -7.98062247E-05
   17.199707031250000       -7.96080349E-05
   17.224121093750000       -7.94114167E-05
   17.248535156250000       -7.92157516E-05
   17.272949218750000       -7.90213380E-05
   17.297363281250000       -7.88281759E-05
   17.321777343750000       -7.86362652E-05
   17.346191406250000       -7.84455842E-05
   17.370605468750000       -7.82558418E-05
   17.395019531250000       -7.80673217E-05
   17.419433593750000       -7.78800386E-05
   17.443847656250000       -7.76939778E-05
   17.468261718750000       -7.75091321E-05
   17.492675781250000       -7.73251886E-05
   17.517089843750000       -7.71424602E-05
   17.541503906250000       -7.69609396E-05
   17.565917968750000       -7.67803140E-05
   17.590332031250000       -7.66011872E-05
   17.614746093750000       -7.64229553E-05
   17.639160156250000       -7.62456039E-05
   17.663574218750000       -7.60694384E-05
   17.687988281250000       -7.58944516E-05
   17.712402343750000       -7.57206435E-05
   17.736816406250000       -7.55480069E-05
   17.761230468750000       -7.53762288E-05
   17.785644531250000       -7.52053238E-05
   17.810058593750000       -7.50355757E-05
   17.834472656250000       -7.48669845E-05
   17.858886718750000       -7.46995429E-05
   17.883300781250000       -7.45329526E-05
   17.907714843750000       -7.43675046E-05
   17.932128906250000       -7.42029006E-05
   17.956542968750000       -7.40394389E-05
   17.980957031250000       -7.38768067E-05
   18.005371093750000       -7.37156006E-05
   18.029785156250000       -7.35549329E-05
   18.054199218750000       -7.33953784E-05
   18.078613281250000       -7.32369517E-05
   18.103027343750000       -7.30793399E-05
   18.127441406250000       -7.29228341E-05
   18.151855468750000       -7.27671504E-05
   18.176269531250000       -7.26125654E-05
   18.200683593750000       -7.24587881E-05
   18.225097656250000       -7.23061094E-05
   18.249511718750000       -7.21545221E-05
   18.273925781250000       -7.20034441E-05
   18.298339843750000       -7.18537412E-05
   18.322753906250000       -7.17045405E-05
   18.347167968750000       -7.15564238E-05
   18.371582031250000       -7.14093767E-05
   18.395996093750000       -7.12631154E-05
   18.420410156250000       -7.11179237E-05
   18.444824218750000       -7.09735104E-05
   18.469238281250000       -7.08298758E-05
   18.493652343750000       -7.06872961E-05
   18.518066406250000       -7.05454877E-05
   18.542480468750000       -7.04044432E-05
   18.566894531250000       -7.02644538E-05
   18.591308593750000       -7.01255049E-05
   18.615722656250000       -6.99870361E-05
   18.640136718750000       -6.98496005E-05
   18.664550781250000       -6.97132127E-05
   18.688964843750000       -6.95775743E-05
   18.713378906250000       -6.94426781E-05
   18.737792968750000       -6.93085240E-05
   18.762207031250000       -6.91754030E-05
   18.786621093750000       -6.90430243E-05
   18.811035156250000       -6.89116641E-05
   18.835449218750000       -6.87810316E-05
   18.859863281250000       -6.86511412E-05
   18.884277343750000       -6.85219784E-05
   18.908691406250000       -6.83938197E-05
   18.933105468750000       -6.82663886E-05
   18.957519531250000       -6.81396850E-05
   18.981933593750000       -6.80139783E-05
   19.006347656250000       -6.78887081E-05
   19.030761718750000       -6.77644348E-05
   19.055175781250000       -6.76411582E-05
   19.079589843750000       -6.75183037E-05
   19.104003906250000       -6.73964460E-05
   19.128417968750000       -6.72752940E-05
   19.152832031250000       -6.71551243E-05
   19.177246093750000       -6.70353693E-05
   19.201660156250000       -6.69166038E-05
   19.226074218750000       -6.67985296E-05
   19.250488281250000       -6.66811466E-05
   19.274902343750000       -6.65644620E-05
   19.299316406250000       -6.64487452E-05
   19.323730468750000       -6.63337196E-05
   19.348144531250000       -6.62193706E-05
   19.372558593750000       -6.61057129E-05
   19.396972656250000       -6.59927391E-05
   19.421386718750000       -6.58804420E-05
   19.445800781250000       -6.57690980E-05
   19.470214843750000       -6.56584307E-05
   19.494628906250000       -6.55484400E-05
   19.519042968750000       -6.54391188E-05
   19.543457031250000       -6.53304669E-05
   19.567871093750000       -6.52224844E-05
   19.592285156250000       -6.51154405E-05
   19.616699218750000       -6.50090660E-05
   19.641113281250000       -6.49030699E-05
   19.665527343750000       -6.47980196E-05
   19.689941406250000       -6.46936169E-05
   19.714355468750000       -6.45898763E-05
   19.738769531250000       -6.44867905E-05
   19.763183593750000       -6.43843523E-05
   19.787597656250000       -6.42828454E-05
   19.812011718750000       -6.41817096E-05
   19.836425781250000       -6.40814906E-05
   19.860839843750000       -6.39816499E-05
   19.885253906250000       -6.38827260E-05
   19.909667968750000       -6.37844423E-05
   19.934082031250000       -6.36865225E-05
   19.958496093750000       -6.35895194E-05
   19.982910156250000       -6.34931494E-05
   20.007324218750000       -6.33974123E-05
   20.031738281250000       -6.33023155E-05
   20.056152343750000       -6.32078445E-05
   20.080566406250000       -6.31139992E-05
   20.104980468750000       -6.30207942E-05
   20.129394531250000       -6.29282076E-05
   20.153808593750000       -6.28362468E-05
   20.178222656250000       -6.27449117E-05
   20.202636718750000       -6.26541951E-05
   20.227050781250000       -6.25641042E-05
   20.251464843750000       -6.24746244E-05
   20.275878906250000       -6.23857704E-05
   20.300292968750000       -6.22975276E-05
   20.324707031250000       -6.22098960E-05
   20.349121093750000       -6.21228828E-05
   20.373535156250000       -6.20364808E-05
   20.397949218750000       -6.19506827E-05
   20.422363281250000       -6.18654958E-05
   20.446777343750000       -6.17806509E-05
   20.471191406250000       -6.16966790E-05
   20.495605468750000       -6.16133038E-05
   20.520019531250000       -6.15305325E-05
   20.544433593750000       -6.14481032E-05
   20.568847656250000       -6.13665325E-05
   20.593261718750000       -6.12852964E-05
   20.617675781250000       -6.12049189E-05
   20.642089843750000       -6.11248761E-05
   20.666503906250000       -6.10454299E-05
   20.690917968750000       -6.09668350E-05
   20.715332031250000       -6.08885712E-05
   20.739746093750000       -6.08108967E-05
   20.764160156250000       -6.07338079E-05
   20.788574218750000       -6.06573085E-05
   20.812988281250000       -6.05811365E-05
   20.837402343750000       -6.05058049E-05
   20.861816406250000       -6.04310590E-05
   20.886230468750000       -6.03566368E-05
   20.910644531250000       -6.02827931E-05
   20.935058593750000       -6.02097898E-05
   20.959472656250000       -6.01371030E-05
   20.983886718750000       -6.00649946E-05
   21.008300781250000       -5.99932027E-05
   21.032714843750000       -5.99222440E-05
   21.057128906250000       -5.98518600E-05
   21.081542968750000       -5.97817889E-05
   21.105957031250000       -5.97122889E-05
   21.130371093750000       -5.96433601E-05
   21.154785156250000       -5.95749989E-05
   21.179199218750000       -5.95072052E-05
   21.203613281250000       -5.94399789E-05
   21.228027343750000       -5.93730583E-05
   21.252441406250000       -5.93069599E-05
   21.276855468750000       -5.92411707E-05
   21.301269531250000       -5.91759417E-05
   21.325683593750000       -5.91112730E-05
   21.350097656250000       -5.90469062E-05
   21.374511718750000       -5.89833580E-05
   21.398925781250000       -5.89201081E-05
   21.423339843750000       -5.88574185E-05
   21.447753906250000       -5.87952818E-05
   21.472167968750000       -5.87337017E-05
   21.496582031250000       -5.86724163E-05
   21.520996093750000       -5.86119422E-05
   21.545410156250000       -5.85517664E-05
   21.569824218750000       -5.84921363E-05
   21.594238281250000       -5.84328045E-05
   21.618652343750000       -5.83742731E-05
   21.643066406250000       -5.83160399E-05
   21.667480468750000       -5.82583489E-05
   21.691894531250000       -5.82012071E-05
   21.716308593750000       -5.81446075E-05
   21.740722656250000       -5.80882988E-05
   21.765136718750000       -5.80325323E-05
   21.789550781250000       -5.79773114E-05
   21.813964843750000       -5.79226289E-05
   21.838378906250000       -5.78682339E-05
   21.862792968750000       -5.78146319E-05
   21.887207031250000       -5.77613173E-05
   21.911621093750000       -5.77082865E-05
   21.936035156250000       -5.76560415E-05
   21.960449218750000       -5.76040838E-05
   21.984863281250000       -5.75526610E-05
   22.009277343750000       -5.75017730E-05
   22.033691406250000       -5.74511650E-05
   22.058105468750000       -5.74013429E-05
   22.082519531250000       -5.73518009E-05
   22.106933593750000       -5.73025391E-05
   22.131347656250000       -5.72540594E-05
   22.155761718750000       -5.72058561E-05
   22.180175781250000       -5.71581804E-05
   22.204589843750000       -5.71110359E-05
   22.229003906250000       -5.70641678E-05
   22.253417968750000       -5.70178236E-05
   22.277832031250000       -5.69720069E-05
   22.302246093750000       -5.69264630E-05
   22.326660156250000       -5.68816940E-05
   22.351074218750000       -5.68369505E-05
   22.375488281250000       -5.67929783E-05
   22.399902343750000       -5.67492789E-05
   22.424316406250000       -5.67063507E-05
   22.448730468750000       -5.66634444E-05
   22.473144531250000       -5.66213057E-05
   22.497558593750000       -5.65794398E-05
   22.521972656250000       -5.65380906E-05
   22.546386718750000       -5.64970105E-05
   22.570800781250000       -5.64566981E-05
   22.595214843750000       -5.64166512E-05
   22.619628906250000       -5.63768735E-05
   22.644042968750000       -5.63378599E-05
   22.668457031250000       -5.62991117E-05
   22.692871093750000       -5.62606328E-05
   22.717285156250000       -5.62229106E-05
   22.741699218750000       -5.61854577E-05
   22.766113281250000       -5.61482666E-05
   22.790527343750000       -5.61118359E-05
   22.814941406250000       -5.60756671E-05
   22.839355468750000       -5.60400113E-05
   22.863769531250000       -5.60046174E-05
   22.888183593750000       -5.59697328E-05
   22.912597656250000       -5.59353575E-05
   22.937011718750000       -5.59012442E-05
   22.961425781250000       -5.58678839E-05
   22.985839843750000       -5.58345382E-05
   23.010253906250000       -5.58019456E-05
   23.034667968750000       -5.57696148E-05
   23.059082031250000       -5.57377862E-05
   23.083496093750000       -5.57062194E-05
   23.107910156250000       -5.56751547E-05
   23.132324218750000       -5.56445957E-05
   23.156738281250000       -5.56142950E-05
   23.181152343750000       -5.55844963E-05
   23.205566406250000       -5.55552033E-05
   23.229980468750000       -5.55261649E-05
   23.254394531250000       -5.54976286E-05
   23.278808593750000       -5.54695907E-05
   23.303222656250000       -5.54418111E-05
   23.327636718750000       -5.54145336E-05
   23.352050781250000       -5.53875070E-05
   23.376464843750000       -5.53609825E-05
   23.400878906250000       -5.53349601E-05
   23.425292968750000       -5.53094324E-05
   23.449707031250000       -5.52841593E-05
   23.474121093750000       -5.52591409E-05
   23.498535156250000       -5.52348611E-05
   23.522949218750000       -5.52108359E-05
   23.547363281250000       -5.51870653E-05
   23.571777343750000       -5.51640333E-05
   23.596191406250000       -5.51410085E-05
   23.620605468750000       -5.51187259E-05
   23.645019531250000       -5.50966943E-05
   23.669433593750000       -5.50751538E-05
   23.693847656250000       -5.50538680E-05
   23.718261718750000       -5.50330769E-05
   23.742675781250000       -5.50127770E-05
   23.767089843750000       -5.49927281E-05
   23.791503906250000       -5.49731740E-05
   23.815917968750000       -5.49538672E-05
   23.840332031250000       -5.49350516E-05
   23.864746093750000       -5.49167344E-05
   23.889160156250000       -5.48986609E-05
   23.913574218750000       -5.48810822E-05
   23.937988281250000       -5.48639946E-05
   23.962402343750000       -5.48471544E-05
   23.986816406250000       -5.48308053E-05
   24.011230468750000       -5.48147036E-05
   24.035644531250000       -5.47990930E-05
   24.060058593750000       -5.47839700E-05
   24.084472656250000       -5.47690979E-05
   24.108886718750000       -5.47547133E-05
   24.133300781250000       -5.47405762E-05
   24.157714843750000       -5.47269301E-05
   24.182128906250000       -5.47137715E-05
   24.206542968750000       -5.47008603E-05
   24.230957031250000       -5.46884366E-05
   24.255371093750000       -5.46762603E-05
   24.279785156250000       -5.46645715E-05
   24.304199218750000       -5.46533738E-05
   24.328613281250000       -5.46424162E-05
   24.353027343750000       -5.46319498E-05
   24.377441406250000       -5.46219708E-05
   24.401855468750000       -5.46122355E-05
   24.426269531250000       -5.46027477E-05
   24.450683593750000       -5.45939874E-05
   24.475097656250000       -5.45852308E-05
   24.499511718750000       -5.45772054E-05
   24.523925781250000       -5.45694202E-05
   24.548339843750000       -5.45621260E-05
   24.572753906250000       -5.45550720E-05
   24.597167968750000       -5.45485054E-05
   24.621582031250000       -5.45421863E-05
   24.645996093750000       -5.45363509E-05
   24.670410156250000       -5.45310031E-05
   24.694824218750000       -5.45258954E-05
   24.719238281250000       -5.45212788E-05
   24.743652343750000       -5.45171461E-05
   24.768066406250000       -5.45132571E-05
   24.792480468750000       -5.45096118E-05
   24.816894531250000       -5.45064540E-05
   24.841308593750000       -5.45037801E-05
   24.865722656250000       -5.45015937E-05
   24.890136718750000       -5.44996474E-05
   24.914550781250000       -5.44979484E-05
   24.938964843750000       -5.44969735E-05
   24.963378906250000       -5.44960021E-05
   24.987792968750000       -5.44957620E-05
   25.012207031250000       -5.44957620E-05
   25.036621093750000       -5.44960021E-05
   25.061035156250000       -5.44969735E-05
   25.085449218750000       -5.44979484E-05
   25.109863281250000       -5.44996474E-05
   25.134277343750000       -5.45015937E-05
   25.158691406250000       -5.45037801E-05
   25.183105468750000       -5.45064540E-05
   25.207519531250000       -5.45096118E-05
   25.231933593750000       -5.45132571E-05
   25.256347656250000       -5.45171461E-05
   25.280761718750000       -5.45212788E-05
   25.305175781250000       -5.45258954E-05
   25.329589843750000       -5.45310031E-05
   25.354003906250000       -5.45363509E-05
   25.378417968750000       -5.45421863E-05
   25.402832031250000       -5.45485054E-05
   25.427246093750000       -5.45550720E-05
   25.451660156250000       -5.45621260E-05
   25.476074218750000       -5.45694202E-05
   25.500488281250000       -5.45772054E-05
   25.524902343750000       -5.45852308E-05
   25.549316406250000       -5.45939874E-05
   25.573730468750000       -5.46027477E-05
   25.598144531250000       -5.46122355E-05
   25.622558593750000       -5.46219708E-05
   25.646972656250000       -5.46319498E-05
   25.671386718750000       -5.46424162E-05
   25.695800781250000       -5.46533738E-05
   25.720214843750000       -5.46645715E-05
   25.744628906250000       -5.46762603E-05
   25.769042968750000       -5.46884366E-05
   25.793457031250000       -5.47008603E-05
   25.817871093750000       -5.47137715E-05
   25.842285156250000       -5.47269301E-05
   25.866699218750000       -5.47405762E-05
   25.891113281250000       -5.47547133E-05
   25.915527343750000       -5.47690979E-05
   25.939941406250000       -5.47839700E-05
   25.964355468750000       -5.47990930E-05
   25.988769531250000       -5.48147036E-05
   26.013183593750000       -5.48308053E-05
   26.037597656250000       -5.48471544E-05
   26.062011718750000       -5.48639946E-05
   26.086425781250000       -5.48810822E-05
   26.110839843750000       -5.48986609E-05
   26.135253906250000       -5.49167344E-05
   26.159667968750000       -5.49350516E-05
   26.184082031250000       -5.49538672E-05
   26.208496093750000       -5.49731740E-05
   26.232910156250000       -5.49927281E-05
   26.257324218750000       -5.50127770E-05
   26.281738281250000       -5.50330769E-05
   26.306152343750000       -5.50538680E-05
   26.330566406250000       -5.50751538E-05
   26.354980468750000       -5.50966943E-05
   26.379394531250000       -5.51187259E-05
   26.403808593750000       -5.51410085E-05
   26.428222656250000       -5.51640333E-05
   26.452636718750000       -5.51870653E-05
   26.477050781250000       -5.52108359E-05
   26.501464843750000       -5.52348611E-05
   26.525878906250000       -5.52591409E-05
   26.550292968750000       -5.52841593E-05
   26.574707031250000       -5.53094324E-05
   26.599121093750000       -5.53349601E-05
   26.623535156250000       -5.53609825E-05
   26.647949218750000       -5.53875070E-05
   26.672363281250000       -5.54145336E-05
   26.696777343750000       -5.54418111E-05
   26.721191406250000       -5.54695907E-05
   26.745605468750000       -5.54976286E-05
   26.770019531250000       -5.55261649E-05
   26.794433593750000       -5.55552033E-05
   26.818847656250000       -5.55844963E-05
   26.843261718750000       -5.56142950E-05
   26.867675781250000       -5.56445957E-05
   26.892089843750000       -5.56751547E-05
   26.916503906250000       -5.57062194E-05
   26.940917968750000       -5.57377862E-05
   26.965332031250000       -5.57696148E-05
   26.989746093750000       -5.58019456E-05
   27.014160156250000       -5.58345382E-05
   27.038574218750000       -5.58678839E-05
   27.062988281250000       -5.59012442E-05
   27.087402343750000       -5.59353575E-05
   27.111816406250000       -5.59697328E-05
   27.136230468750000       -5.60046174E-05
   27.160644531250000       -5.60400113E-05
   27.185058593750000       -5.60756671E-05
   27.209472656250000       -5.61118359E-05
   27.233886718750000       -5.61482666E-05
   27.258300781250000       -5.61854577E-05
   27.282714843750000       -5.62229106E-05
   27.307128906250000       -5.62606328E-05
   27.331542968750000       -5.62991117E-05
   27.355957031250000       -5.63378599E-05
   27.380371093750000       -5.63768735E-05
   27.404785156250000       -5.64166512E-05
   27.429199218750000       -5.64566981E-05
   27.453613281250000       -5.64970105E-05
   27.478027343750000       -5.65380906E-05
   27.502441406250000       -5.65794398E-05
   27.526855468750000       -5.66213057E-05
   27.551269531250000       -5.66634444E-05
   27.575683593750000       -5.67063507E-05
   27.600097656250000       -5.67492789E-05
   27.624511718750000       -5.67929783E-05
   27.648925781250000       -5.68369505E-05
   27.673339843750000       -5.68816940E-05
   27.697753906250000       -5.69264630E-05
   27.722167968750000       -5.69720069E-05
   27.746582031250000       -5.70178236E-05
   27.770996093750000       -5.70641678E-05
   27.795410156250000       -5.71110359E-05
   27.819824218750000       -5.71581804E-05
   27.844238281250000       -5.72058561E-05
   27.868652343750000       -5.72540594E-05
   27.893066406250000       -5.73025391E-05
   27.917480468750000       -5.73518009E-05
   27.941894531250000       -5.74013429E-05
   27.966308593750000       -5.74511650E-05
   27.990722656250000       -5.75017730E-05
   28.015136718750000       -5.75526610E-05
   28.039550781250000       -5.76040838E-05
   28.063964843750000       -5.76560415E-05
   28.088378906250000       -5.77082865E-05
   28.112792968750000       -5.77613173E-05
   28.137207031250000       -5.78146319E-05
   28.161621093750000       -5.78682339E-05
   28.186035156250000       -5.79226289E-05
   28.210449218750000       -5.79773114E-05
   28.234863281250000       -5.80325323E-05
   28.259277343750000       -5.80882988E-05
   28.283691406250000       -5.81446075E-05
   28.308105468750000       -5.82012071E-05
   28.332519531250000       -5.82583489E-05
   28.356933593750000       -5.83160399E-05
   28.381347656250000       -5.83742731E-05
   28.405761718750000       -5.84328045E-05
   28.430175781250000       -5.84921363E-05
   28.454589843750000       -5.85517664E-05
   28.479003906250000       -5.86119422E-05
   28.503417968750000       -5.86724163E-05
   28.527832031250000       -5.87337017E-05
   28.552246093750000       -5.87952818E-05
   28.576660156250000       -5.88574185E-05
   28.601074218750000       -5.89201081E-05
   28.625488281250000       -5.89833580E-05
   28.649902343750000       -5.90469062E-05
   28.674316406250000       -5.91112730E-05
   28.698730468750000       -5.91759417E-05
   28.723144531250000       -5.92411707E-05
   28.747558593750000       -5.93069599E-05
   28.771972656250000       -5.93730583E-05
   28.796386718750000       -5.94399789E-05
   28.820800781250000       -5.95072052E-05
   28.845214843750000       -5.95749989E-05
   28.869628906250000       -5.96433601E-05
   28.894042968750000       -5.97122889E-05
   28.918457031250000       -5.97817889E-05
   28.942871093750000       -5.98518600E-05
   28.967285156250000       -5.99222440E-05
   28.991699218750000       -5.99932027E-05
   29.016113281250000       -6.00649946E-05
   29.040527343750000       -6.01371030E-05
   29.064941406250000       -6.02097898E-05
   29.089355468750000       -6.02827931E-05
   29.113769531250000       -6.03566368E-05
   29.138183593750000       -6.04310590E-05
   29.162597656250000       -6.05058049E-05
   29.187011718750000       -6.05811365E-05
   29.211425781250000       -6.06573085E-05
   29.235839843750000       -6.07338079E-05
   29.260253906250000       -6.08108967E-05
   29.284667968750000       -6.08885712E-05
   29.309082031250000       -6.09668350E-05
   29.333496093750000       -6.10454299E-05
   29.357910156250000       -6.11248761E-05
   29.382324218750000       -6.12049189E-05
   29.406738281250000       -6.12852964E-05
   29.431152343750000       -6.13665325E-05
   29.455566406250000       -6.14481032E-05
   29.479980468750000       -6.15305325E-05
   29.504394531250000       -6.16133038E-05
   29.528808593750000       -6.16966790E-05
   29.553222656250000       -6.17806509E-05
   29.577636718750000       -6.18654958E-05
   29.602050781250000       -6.19506827E-05
   29.626464843750000       -6.20364808E-05
   29.650878906250000       -6.21228828E-05
   29.675292968750000       -6.22098960E-05
   29.699707031250000       -6.22975276E-05
   29.724121093750000       -6.23857704E-05
   29.748535156250000       -6.24746244E-05
   29.772949218750000       -6.25641042E-05
   29.797363281250000       -6.26541951E-05
   29.821777343750000       -6.27449117E-05
   29.846191406250000       -6.28362468E-05
   29.870605468750000       -6.29282076E-05
   29.895019531250000       -6.30207942E-05
   29.919433593750000       -6.31139992E-05
   29.943847656250000       -6.32078445E-05
   29.968261718750000       -6.33023155E-05
   29.992675781250000       -6.33974123E-05
   30.017089843750000       -6.34931494E-05
   30.041503906250000       -6.35895194E-05
   30.065917968750000       -6.36865225E-05
   30.090332031250000       -6.37844423E-05
   30.114746093750000       -6.38827260E-05
   30.139160156250000       -6.39816499E-05
   30.163574218750000       -6.40814906E-05
   30.187988281250000       -6.41817096E-05
   30.212402343750000       -6.42828454E-05
   30.236816406250000       -6.43843523E-05
   30.261230468750000       -6.44867905E-05
   30.285644531250000       -6.45898763E-05
   30.310058593750000       -6.46936169E-05
   30.334472656250000       -6.47980196E-05
   30.358886718750000       -6.49030699E-05
   30.383300781250000       -6.50090660E-05
   30.407714843750000       -6.51154405E-05
   30.432128906250000       -6.52224844E-05
   30.456542968750000       -6.53304669E-05
   30.480957031250000       -6.54391188E-05
   30.505371093750000       -6.55484400E-05
   30.529785156250000       -6.56584307E-05
   30.554199218750000       -6.57690980E-05
   30.578613281250000       -6.58804420E-05
   30.603027343750000       -6.59927391E-05
   30.627441406250000       -6.61057129E-05
   30.651855468750000       -6.62193706E-05
   30.676269531250000       -6.63337196E-05
   30.700683593750000       -6.64487452E-05
   30.725097656250000       -6.65644620E-05
   30.749511718750000       -6.66811466E-05
   30.773925781250000       -6.67985296E-05
   30.798339843750000       -6.69166038E-05
   30.822753906250000       -6.70353693E-05
   30.847167968750000       -6.71551243E-05
   30.871582031250000       -6.72752940E-05
   30.895996093750000       -6.73964460E-05
   30.920410156250000       -6.75183037E-05
   30.944824218750000       -6.76411582E-05
   30.969238281250000       -6.77644348E-05
   30.993652343750000       -6.78887081E-05
   31.018066406250000       -6.80139783E-05
   31.042480468750000       -6.81396850E-05
   31.066894531250000       -6.82663886E-05
   31.091308593750000       -6.83938197E-05
   31.115722656250000       -6.85219784E-05
   31.140136718750000       -6.86511412E-05
   31.164550781250000       -6.87810316E-05
   31.188964843750000       -6.89116641E-05
   31.213378906250000       -6.90430243E-05
   31.237792968750000       -6.91754030E-05
   31.262207031250000       -6.93085240E-05
   31.286621093750000       -6.94426781E-05
   31.311035156250000       -6.95775743E-05
   31.335449218750000       -6.97132127E-05
   31.359863281250000       -6.98496005E-05
   31.384277343750000       -6.99870361E-05
   31.408691406250000       -7.01255049E-05
   31.433105468750000       -7.02644538E-05
   31.457519531250000       -7.04044432E-05
   31.481933593750000       -7.05454877E-05
   31.506347656250000       -7.06872961E-05
   31.530761718750000       -7.08298758E-05
   31.555175781250000       -7.09735104E-05
   31.579589843750000       -7.11179237E-05
   31.604003906250000       -7.12631154E-05
   31.628417968750000       -7.14093767E-05
   31.652832031250000       -7.15564238E-05
   31.677246093750000       -7.17045405E-05
   31.701660156250000       -7.18537412E-05
   31.726074218750000       -7.20034441E-05
   31.750488281250000       -7.21545221E-05
   31.774902343750000       -7.23061094E-05
   31.799316406250000       -7.24587881E-05
   31.823730468750000       -7.26125654E-05
   31.848144531250000       -7.27671504E-05
   31.872558593750000       -7.29228341E-05
   31.896972656250000       -7.30793399E-05
   31.921386718750000       -7.32369517E-05
   31.945800781250000       -7.33953784E-05
   31.970214843750000       -7.35549329E-05
   31.994628906250000       -7.37156006E-05
   32.019042968750000       -7.38768067E-05
   32.043457031250000       -7.40394389E-05
   32.067871093750000       -7.42029006E-05
   32.092285156250000       -7.43675046E-05
   32.116699218750000       -7.45329526E-05
   32.141113281250000       -7.46995429E-05
   32.165527343750000       -7.48669845E-05
   32.189941406250000       -7.50355757E-05
   32.214355468750000       -7.52053238E-05
   32.238769531250000       -7.53762288E-05
   32.263183593750000       -7.55480069E-05
   32.287597656250000       -7.57206435E-05
   32.312011718750000       -7.58944516E-05
   32.336425781250000       -7.60694384E-05
   32.360839843750000       -7.62456039E-05
   32.385253906250000       -7.64229553E-05
   32.409667968750000       -7.66011872E-05
   32.434082031250000       -7.67803140E-05
   32.458496093750000       -7.69609396E-05
   32.482910156250000       -7.71424602E-05
   32.507324218750000       -7.73251886E-05
   32.531738281250000       -7.75091321E-05
   32.556152343750000       -7.76939778E-05
   32.580566406250000       -7.78800386E-05
   32.604980468750000       -7.80673217E-05
   32.629394531250000       -7.82558418E-05
   32.653808593750000       -7.84455842E-05
   32.678222656250000       -7.86362652E-05
   32.702636718750000       -7.88281759E-05
   32.727050781250000       -7.90213380E-05
   32.751464843750000       -7.92157516E-05
   32.775878906250000       -7.94114167E-05
   32.800292968750000       -7.96080349E-05
   32.824707031250000       -7.98062247E-05
   32.849121093750000       -8.00053749E-05
   32.873535156250000       -8.02057984E-05
   32.897949218750000       -8.04075025E-05
   32.922363281250000       -8.06104945E-05
   32.946777343750000       -8.08147670E-05
   32.971191406250000       -8.10203419E-05
   32.995605468750000       -8.12268918E-05
   33.020019531250000       -8.14350642E-05
   33.044433593750000       -8.16442334E-05
   33.068847656250000       -8.18550325E-05
   33.093261718750000       -8.20671557E-05
   33.117675781250000       -8.22802758E-05
   33.142089843750000       -8.24950548E-05
   33.166503906250000       -8.27108452E-05
   33.190917968750000       -8.29282944E-05
   33.215332031250000       -8.31467696E-05
   33.239746093750000       -8.33669255E-05
   33.264160156250000       -8.35884348E-05
   33.288574218750000       -8.38113046E-05
   33.312988281250000       -8.40355424E-05
   33.337402343750000       -8.42608351E-05
   33.361816406250000       -8.44881579E-05
   33.386230468750000       -8.47165356E-05
   33.410644531250000       -8.49463104E-05
   33.435058593750000       -8.51774748E-05
   33.459472656250000       -8.54103782E-05
   33.483886718750000       -8.56446859E-05
   33.508300781250000       -8.58804124E-05
   33.532714843750000       -8.61175577E-05
   33.557128906250000       -8.63561290E-05
   33.581542968750000       -8.65964685E-05
   33.605957031250000       -8.68382413E-05
   33.630371093750000       -8.70814620E-05
   33.654785156250000       -8.73261379E-05
   33.679199218750000       -8.75722690E-05
   33.703613281250000       -8.78201972E-05
   33.728027343750000       -8.80696025E-05
   33.752441406250000       -8.83204848E-05
   33.776855468750000       -8.85731788E-05
   33.801269531250000       -8.88273717E-05
   33.825683593750000       -8.90833981E-05
   33.850097656250000       -8.93405886E-05
   33.874511718750000       -8.95996272E-05
   33.898925781250000       -8.98605213E-05
   33.923339843750000       -9.01229505E-05
   33.947753906250000       -9.03869004E-05
   33.972167968750000       -9.06527348E-05
   33.996582031250000       -9.09201190E-05
   34.020996093750000       -9.11890456E-05
   34.045410156250000       -9.14598859E-05
   34.069824218750000       -9.17326324E-05
   34.094238281250000       -9.20069506E-05
   34.118652343750000       -9.22828549E-05
   34.143066406250000       -9.25606946E-05
   34.167480468750000       -9.28404770E-05
   34.191894531250000       -9.31218601E-05
   34.216308593750000       -9.34052077E-05
   34.240722656250000       -9.36901779E-05
   34.265136718750000       -9.39771198E-05
   34.289550781250000       -9.42656989E-05
   34.313964843750000       -9.45566280E-05
   34.338378906250000       -9.48488523E-05
   34.362792968750000       -9.51434413E-05
   34.387207031250000       -9.54396965E-05
   34.411621093750000       -9.57379889E-05
   34.436035156250000       -9.60379548E-05
   34.460449218750000       -9.63399725E-05
   34.484863281250000       -9.66440493E-05
   34.509277343750000       -9.69501925E-05
   34.533691406250000       -9.72580528E-05
   34.558105468750000       -9.75683506E-05
   34.582519531250000       -9.78803873E-05
   34.606933593750000       -9.81941703E-05
   34.631347656250000       -9.85104271E-05
   34.655761718750000       -9.88288084E-05
   34.680175781250000       -9.91489578E-05
   34.704589843750000       -9.94712536E-05
   34.729003906250000       -9.97960597E-05
   34.753417968750000       -1.00122670E-04
   34.777832031250000       -1.00451449E-04
   34.802246093750000       -1.00782418E-04
   34.826660156250000       -1.01115576E-04
   34.851074218750000       -1.01450940E-04
   34.875488281250000       -1.01788151E-04
   34.899902343750000       -1.02127953E-04
   34.924316406250000       -1.02469989E-04
   34.948730468750000       -1.02814651E-04
   34.973144531250000       -1.03161190E-04
   34.997558593750000       -1.03510007E-04
   35.021972656250000       -1.03861101E-04
   35.046386718750000       -1.04214858E-04
   35.070800781250000       -1.04570543E-04
   35.095214843750000       -1.04928913E-04
   35.119628906250000       -1.05289619E-04
   35.144042968750000       -1.05652653E-04
   35.168457031250000       -1.06018415E-04
   35.192871093750000       -1.06386542E-04
   35.217285156250000       -1.06757041E-04
   35.241699218750000       -1.07129927E-04
   35.266113281250000       -1.07505199E-04
   35.290527343750000       -1.07883272E-04
   35.314941406250000       -1.08263761E-04
   35.339355468750000       -1.08647073E-04
   35.363769531250000       -1.09032830E-04
   35.388183593750000       -1.09421046E-04
   35.412597656250000       -1.09812121E-04
   35.437011718750000       -1.10206063E-04
   35.461425781250000       -1.10602123E-04
   35.485839843750000       -1.11001471E-04
   35.510253906250000       -1.11402951E-04
   35.534667968750000       -1.11807756E-04
   35.559082031250000       -1.12214715E-04
   35.583496093750000       -1.12625028E-04
   35.607910156250000       -1.13037924E-04
   35.632324218750000       -1.13453410E-04
   35.656738281250000       -1.13872302E-04
   35.681152343750000       -1.14293805E-04
   35.705566406250000       -1.14717950E-04
   35.729980468750000       -1.15145544E-04
   35.754394531250000       -1.15575800E-04
   35.778808593750000       -1.16009141E-04
   35.803222656250000       -1.16445175E-04
   35.827636718750000       -1.16884723E-04
   35.852050781250000       -1.17326999E-04
   35.876464843750000       -1.17772419E-04
   35.900878906250000       -1.18221004E-04
   35.925292968750000       -1.18672768E-04
   35.949707031250000       -1.19127719E-04
   35.974121093750000       -1.19585893E-04
   35.998535156250000       -1.20046883E-04
   36.022949218750000       -1.20511526E-04
   36.047363281250000       -1.20979435E-04
   36.071777343750000       -1.21450634E-04
   36.096191406250000       -1.21925128E-04
   36.120605468750000       -1.22402940E-04
   36.145019531250000       -1.22884085E-04
   36.169433593750000       -1.23368591E-04
   36.193847656250000       -1.23856458E-04
   36.218261718750000       -1.24348153E-04
   36.242675781250000       -1.24843253E-04
   36.267089843750000       -1.25341772E-04
   36.291503906250000       -1.25843741E-04
   36.315917968750000       -1.26349609E-04
   36.340332031250000       -1.26858969E-04
   36.364746093750000       -1.27372259E-04
   36.389160156250000       -1.27888648E-04
   36.413574218750000       -1.28409447E-04
   36.437988281250000       -1.28933374E-04
   36.462402343750000       -1.29461754E-04
   36.486816406250000       -1.29993321E-04
   36.511230468750000       -1.30529370E-04
   36.535644531250000       -1.31068649E-04
   36.560058593750000       -1.31612469E-04
   36.584472656250000       -1.32159985E-04
   36.608886718750000       -1.32711211E-04
   36.633300781250000       -1.33267065E-04
   36.657714843750000       -1.33826674E-04
   36.682128906250000       -1.34390517E-04
   36.706542968750000       -1.34958158E-04
   36.730957031250000       -1.35530514E-04
   36.755371093750000       -1.36106726E-04
   36.779785156250000       -1.36687260E-04
   36.804199218750000       -1.37272145E-04
   36.828613281250000       -1.37861396E-04
   36.853027343750000       -1.38455056E-04
   36.877441406250000       -1.39053125E-04
   36.901855468750000       -1.39655662E-04
   36.926269531250000       -1.40262666E-04
   36.950683593750000       -1.40874166E-04
   36.975097656250000       -1.41490207E-04
   36.999511718750000       -1.42110788E-04
   37.023925781250000       -1.42736433E-04
   37.048339843750000       -1.43366677E-04
   37.072753906250000       -1.44001562E-04
   37.097167968750000       -1.44641119E-04
   37.121582031250000       -1.45285827E-04
   37.145996093750000       -1.45935264E-04
   37.170410156250000       -1.46589460E-04
   37.194824218750000       -1.47248895E-04
   37.219238281250000       -1.47913146E-04
   37.243652343750000       -1.48582723E-04
   37.268066406250000       -1.49257641E-04
   37.292480468750000       -1.49937463E-04
   37.316894531250000       -1.50622203E-04
   37.341308593750000       -1.51312881E-04
   37.365722656250000       -1.52008550E-04
   37.390136718750000       -1.52709734E-04
   37.414550781250000       -1.53415967E-04
   37.438964843750000       -1.54127789E-04
   37.463378906250000       -1.54845708E-04
   37.487792968750000       -1.55568778E-04
   37.512207031250000       -1.56297538E-04
   37.536621093750000       -1.57032002E-04
   37.561035156250000       -1.57772229E-04
   37.585449218750000       -1.58518247E-04
   37.609863281250000       -1.59270086E-04
   37.634277343750000       -1.60027776E-04
   37.658691406250000       -1.60791882E-04
   37.683105468750000       -1.61561911E-04
   37.707519531250000       -1.62337921E-04
   37.731933593750000       -1.63119956E-04
   37.756347656250000       -1.63908539E-04
   37.780761718750000       -1.64703219E-04
   37.805175781250000       -1.65504025E-04
   37.829589843750000       -1.66311511E-04
   37.854003906250000       -1.67125225E-04
   37.878417968750000       -1.67946200E-04
   37.902832031250000       -1.68772967E-04
   37.927246093750000       -1.69607112E-04
   37.951660156250000       -1.70447631E-04
   37.976074218750000       -1.71294567E-04
   38.000488281250000       -1.72149012E-04
   38.024902343750000       -1.73009976E-04
   38.049316406250000       -1.73878536E-04
   38.073730468750000       -1.74753717E-04
   38.098144531250000       -1.75636058E-04
   38.122558593750000       -1.76526140E-04
   38.146972656250000       -1.77422975E-04
   38.171386718750000       -1.78327668E-04
   38.195800781250000       -1.79239170E-04
   38.220214843750000       -1.80158648E-04
   38.244628906250000       -1.81086129E-04
   38.269042968750000       -1.82020580E-04
   38.293457031250000       -1.82963151E-04
   38.317871093750000       -1.83913900E-04
   38.342285156250000       -1.84872319E-04
   38.366699218750000       -1.85839002E-04
   38.391113281250000       -1.86813486E-04
   38.415527343750000       -1.87796351E-04
   38.439941406250000       -1.88787119E-04
   38.464355468750000       -1.89786384E-04
   38.488769531250000       -1.90794759E-04
   38.513183593750000       -1.91811210E-04
   38.537597656250000       -1.92836349E-04
   38.562011718750000       -1.93870219E-04
   38.586425781250000       -1.94912893E-04
   38.610839843750000       -1.95964443E-04
   38.635253906250000       -1.97024914E-04
   38.659667968750000       -1.98094946E-04
   38.684082031250000       -1.99174028E-04
   38.708496093750000       -2.00262250E-04
   38.732910156250000       -2.01360221E-04
   38.757324218750000       -2.02467447E-04
   38.781738281250000       -2.03584568E-04
   38.806152343750000       -2.04711076E-04
   38.830566406250000       -2.05847638E-04
   38.854980468750000       -2.06994300E-04
   38.879394531250000       -2.08150566E-04
   38.903808593750000       -2.09317092E-04
   38.928222656250000       -2.10494545E-04
   38.952636718750000       -2.11681807E-04
   38.977050781250000       -2.12879546E-04
   39.001464843750000       -2.14088461E-04
   39.025878906250000       -2.15307402E-04
   39.050292968750000       -2.16537665E-04
   39.074707031250000       -2.17779336E-04
   39.099121093750000       -2.19031281E-04
   39.123535156250000       -2.20294794E-04
   39.147949218750000       -2.21569964E-04
   39.172363281250000       -2.22856266E-04
   39.196777343750000       -2.24154399E-04
   39.221191406250000       -2.25464450E-04
   39.245605468750000       -2.26786506E-04
   39.270019531250000       -2.28120029E-04
   39.294433593750000       -2.29466372E-04
   39.318847656250000       -2.30824371E-04
   39.343261718750000       -2.32195380E-04
   39.367675781250000       -2.33578859E-04
   39.392089843750000       -2.34974897E-04
   39.416503906250000       -2.36383610E-04
   39.440917968750000       -2.37805711E-04
   39.465332031250000       -2.39241330E-04
   39.489746093750000       -2.40689915E-04
   39.514160156250000       -2.42152208E-04
   39.538574218750000       -2.43628339E-04
   39.562988281250000       -2.45117728E-04
   39.587402343750000       -2.46621814E-04
   39.611816406250000       -2.48139404E-04
   39.636230468750000       -2.49671895E-04
   39.660644531250000       -2.51218094E-04
   39.685058593750000       -2.52780126E-04
   39.709472656250000       -2.54356099E-04
   39.733886718750000       -2.55947467E-04
   39.758300781250000       -2.57554319E-04
   39.782714843750000       -2.59176159E-04
   39.807128906250000       -2.60813773E-04
   39.831542968750000       -2.62466579E-04
   39.855957031250000       -2.64136092E-04
   39.880371093750000       -2.65821727E-04
   39.904785156250000       -2.67523690E-04
   39.929199218750000       -2.69242038E-04
   39.953613281250000       -2.70976947E-04
   39.978027343750000       -2.72729230E-04
   40.002441406250000       -2.74498336E-04
   40.026855468750000       -2.76285107E-04
   40.051269531250000       -2.78089719E-04
   40.075683593750000       -2.79911561E-04
   40.100097656250000       -2.81752262E-04
   40.124511718750000       -2.83610483E-04
   40.148925781250000       -2.85487855E-04
   40.173339843750000       -2.87383795E-04
   40.197753906250000       -2.89298478E-04
   40.222167968750000       -2.91232776E-04
   40.246582031250000       -2.93186109E-04
   40.270996093750000       -2.95159407E-04
   40.295410156250000       -2.97152088E-04
   40.319824218750000       -2.99165811E-04
   40.344238281250000       -3.01200023E-04
   40.368652343750000       -3.03254841E-04
   40.393066406250000       -3.05330526E-04
   40.417480468750000       -3.07427166E-04
   40.441894531250000       -3.09545809E-04
   40.466308593750000       -3.11686570E-04
   40.490722656250000       -3.13848868E-04
   40.515136718750000       -3.16033722E-04
   40.539550781250000       -3.18241306E-04
   40.563964843750000       -3.20472580E-04
   40.588378906250000       -3.22726206E-04
   40.612792968750000       -3.25003959E-04
   40.637207031250000       -3.27306043E-04
   40.661621093750000       -3.29631876E-04
   40.686035156250000       -3.31982505E-04
   40.710449218750000       -3.34357290E-04
   40.734863281250000       -3.36758094E-04
   40.759277343750000       -3.39184364E-04
   40.783691406250000       -3.41636303E-04
   40.808105468750000       -3.44114960E-04
   40.832519531250000       -3.46620596E-04
   40.856933593750000       -3.49152600E-04
   40.881347656250000       -3.51712079E-04
   40.905761718750000       -3.54299264E-04
   40.930175781250000       -3.56914446E-04
   40.954589843750000       -3.59558675E-04
   40.979003906250000       -3.62231396E-04
   41.003417968750000       -3.64933745E-04
   41.027832031250000       -3.67665110E-04
   41.052246093750000       -3.70427530E-04
   41.076660156250000       -3.73220391E-04
   41.101074218750000       -3.76043958E-04
   41.125488281250000       -3.78898578E-04
   41.149902343750000       -3.81785416E-04
   41.174316406250000       -3.84704734E-04
   41.198730468750000       -3.87655979E-04
   41.223144531250000       -3.90641246E-04
   41.247558593750000       -3.93659982E-04
   41.271972656250000       -3.96713382E-04
   41.296386718750000       -3.99800861E-04
   41.320800781250000       -4.02923702E-04
   41.345214843750000       -4.06082225E-04
   41.369628906250000       -4.09276807E-04
   41.394042968750000       -4.12508671E-04
   41.418457031250000       -4.15777293E-04
   41.442871093750000       -4.19083983E-04
   41.467285156250000       -4.22429061E-04
   41.491699218750000       -4.25812963E-04
   41.516113281250000       -4.29236068E-04
   41.540527343750000       -4.32699686E-04
   41.564941406250000       -4.36203292E-04
   41.589355468750000       -4.39748226E-04
   41.613769531250000       -4.43335914E-04
   41.638183593750000       -4.46965802E-04
   41.662597656250000       -4.50638297E-04
   41.687011718750000       -4.54354828E-04
   41.711425781250000       -4.58115857E-04
   41.735839843750000       -4.61921794E-04
   41.760253906250000       -4.65774181E-04
   41.784667968750000       -4.69672435E-04
   41.809082031250000       -4.73618071E-04
   41.833496093750000       -4.77611553E-04
   41.857910156250000       -4.81654424E-04
   41.882324218750000       -4.85746161E-04
   41.906738281250000       -4.89888305E-04
   41.931152343750000       -4.94080363E-04
   41.955566406250000       -4.98324982E-04
   41.979980468750000       -5.02622628E-04
   42.004394531250000       -5.06972894E-04
   42.028808593750000       -5.11378457E-04
   42.053222656250000       -5.15837746E-04
   42.077636718750000       -5.20353497E-04
   42.102050781250000       -5.24926349E-04
   42.126464843750000       -5.29556884E-04
   42.150878906250000       -5.34245744E-04
   42.175292968750000       -5.38994675E-04
   42.199707031250000       -5.43803151E-04
   42.224121093750000       -5.48674143E-04
   42.248535156250000       -5.53607242E-04
   42.272949218750000       -5.58604195E-04
   42.297363281250000       -5.63665701E-04
   42.321777343750000       -5.68792515E-04
   42.346191406250000       -5.73985395E-04
   42.370605468750000       -5.79247309E-04
   42.395019531250000       -5.84577967E-04
   42.419433593750000       -5.89978066E-04
   42.443847656250000       -5.95449645E-04
   42.468261718750000       -6.00993459E-04
   42.492675781250000       -6.06610323E-04
   42.517089843750000       -6.12302276E-04
   42.541503906250000       -6.18070248E-04
   42.565917968750000       -6.23916276E-04
   42.590332031250000       -6.29840069E-04
   42.614746093750000       -6.35844946E-04
   42.639160156250000       -6.41930674E-04
   42.663574218750000       -6.48098125E-04
   42.687988281250000       -6.54350850E-04
   42.712402343750000       -6.60688558E-04
   42.736816406250000       -6.67113462E-04
   42.761230468750000       -6.73626724E-04
   42.785644531250000       -6.80230558E-04
   42.810058593750000       -6.86926127E-04
   42.834472656250000       -6.93714537E-04
   42.858886718750000       -7.00598175E-04
   42.883300781250000       -7.07578205E-04
   42.907714843750000       -7.14657130E-04
   42.932128906250000       -7.21834833E-04
   42.956542968750000       -7.29115156E-04
   42.980957031250000       -7.36499438E-04
   43.005371093750000       -7.43988960E-04
   43.029785156250000       -7.51585001E-04
   43.054199218750000       -7.59290182E-04
   43.078613281250000       -7.67107413E-04
   43.103027343750000       -7.75037974E-04
   43.127441406250000       -7.83083320E-04
   43.151855468750000       -7.91246362E-04
   43.176269531250000       -7.99530011E-04
   43.200683593750000       -8.07934324E-04
   43.225097656250000       -8.16462329E-04
   43.249511718750000       -8.25116993E-04
   43.273925781250000       -8.33901577E-04
   43.298339843750000       -8.42816080E-04
   43.322753906250000       -8.51863821E-04
   43.347167968750000       -8.61048000E-04
   43.371582031250000       -8.70370364E-04
   43.395996093750000       -8.79834290E-04
   43.420410156250000       -8.89443152E-04
   43.444824218750000       -8.99197359E-04
   43.469238281250000       -9.09100345E-04
   43.493652343750000       -9.19157232E-04
   43.518066406250000       -9.29368543E-04
   43.542480468750000       -9.39737947E-04
   43.566894531250000       -9.50269110E-04
   43.591308593750000       -9.60964302E-04
   43.615722656250000       -9.71827307E-04
   43.640136718750000       -9.82862082E-04
   43.664550781250000       -9.94069385E-04
   43.688964843750000       -1.00545655E-03
   43.713378906250000       -1.01702439E-03
   43.737792968750000       -1.02877535E-03
   43.762207031250000       -1.04071712E-03
   43.786621093750000       -1.05284899E-03
   43.811035156250000       -1.06517877E-03
   43.835449218750000       -1.07770937E-03
   43.859863281250000       -1.09044160E-03
   43.884277343750000       -1.10338384E-03
   43.908691406250000       -1.11653912E-03
   43.933105468750000       -1.12991047E-03
   43.957519531250000       -1.14350452E-03
   43.981933593750000       -1.15732267E-03
   44.006347656250000       -1.17137202E-03
   44.030761718750000       -1.18565757E-03
   44.055175781250000       -1.20018306E-03
   44.079589843750000       -1.21495547E-03
   44.104003906250000       -1.22997689E-03
   44.128417968750000       -1.24525453E-03
   44.152832031250000       -1.26079435E-03
   44.177246093750000       -1.27660006E-03
   44.201660156250000       -1.29267783E-03
   44.226074218750000       -1.30903570E-03
   44.250488281250000       -1.32567587E-03
   44.274902343750000       -1.34260859E-03
   44.299316406250000       -1.35983853E-03
   44.323730468750000       -1.37736998E-03
   44.348144531250000       -1.39521202E-03
   44.372558593750000       -1.41337130E-03
   44.396972656250000       -1.43185293E-03
   44.421386718750000       -1.45066599E-03
   44.445800781250000       -1.46981806E-03
   44.470214843750000       -1.48931646E-03
   44.494628906250000       -1.50916679E-03
   44.519042968750000       -1.52938114E-03
   44.543457031250000       -1.54996302E-03
   44.567871093750000       -1.57092302E-03
   44.592285156250000       -1.59226940E-03
   44.616699218750000       -1.61401299E-03
   44.641113281250000       -1.63615774E-03
   44.665527343750000       -1.65871973E-03
   44.689941406250000       -1.68170326E-03
   44.714355468750000       -1.70512020E-03
   44.738769531250000       -1.72897999E-03
   44.763183593750000       -1.75329472E-03
   44.787597656250000       -1.77807210E-03
   44.812011718750000       -1.80332479E-03
   44.836425781250000       -1.82906573E-03
   44.860839843750000       -1.85530318E-03
   44.885253906250000       -1.88205054E-03
   44.909667968750000       -1.90931919E-03
   44.934082031250000       -1.93712313E-03
   44.958496093750000       -1.96547690E-03
   44.982910156250000       -1.99438981E-03
   45.007324218750000       -2.02387711E-03
   45.031738281250000       -2.05395138E-03
   45.056152343750000       -2.08463077E-03
   45.080566406250000       -2.11592647E-03
   45.104980468750000       -2.14785757E-03
   45.129394531250000       -2.18043500E-03
   45.153808593750000       -2.21367902E-03
   45.178222656250000       -2.24760431E-03
   45.202636718750000       -2.28222925E-03
   45.227050781250000       -2.31756899E-03
   45.251464843750000       -2.35364540E-03
   45.275878906250000       -2.39047222E-03
   45.300292968750000       -2.42807530E-03
   45.324707031250000       -2.46647163E-03
   45.349121093750000       -2.50567915E-03
   45.373535156250000       -2.54571927E-03
   45.397949218750000       -2.58661667E-03
   45.422363281250000       -2.62839417E-03
   45.446777343750000       -2.67107156E-03
   45.471191406250000       -2.71467539E-03
   45.495605468750000       -2.75922683E-03
   45.520019531250000       -2.80475407E-03
   45.544433593750000       -2.85128225E-03
   45.568847656250000       -2.89883767E-03
   45.593261718750000       -2.94745062E-03
   45.617675781250000       -2.99714506E-03
   45.642089843750000       -3.04795313E-03
   45.666503906250000       -3.09990696E-03
   45.690917968750000       -3.15303681E-03
   45.715332031250000       -3.20737320E-03
   45.739746093750000       -3.26294778E-03
   45.764160156250000       -3.31979990E-03
   45.788574218750000       -3.37796705E-03
   45.812988281250000       -3.43747577E-03
   45.837402343750000       -3.49837681E-03
   45.861816406250000       -3.56069836E-03
   45.886230468750000       -3.62448557E-03
   45.910644531250000       -3.68978083E-03
   45.935058593750000       -3.75662767E-03
   45.959472656250000       -3.82507103E-03
   45.983886718750000       -3.89515236E-03
   46.008300781250000       -3.96692334E-03
   46.032714843750000       -4.04043263E-03
   46.057128906250000       -4.11573425E-03
   46.081542968750000       -4.19287570E-03
   46.105957031250000       -4.27191379E-03
   46.130371093750000       -4.35290346E-03
   46.154785156250000       -4.43590526E-03
   46.179199218750000       -4.52097738E-03
   46.203613281250000       -4.60818317E-03
   46.228027343750000       -4.69758874E-03
   46.252441406250000       -4.78925789E-03
   46.276855468750000       -4.88326000E-03
   46.301269531250000       -4.97967238E-03
   46.325683593750000       -5.07855881E-03
   46.350097656250000       -5.18000592E-03
   46.374511718750000       -5.28408773E-03
   46.398925781250000       -5.39088994E-03
   46.423339843750000       -5.50049637E-03
   46.447753906250000       -5.61299315E-03
   46.472167968750000       -5.72847482E-03
   46.496582031250000       -5.84703824E-03
   46.520996093750000       -5.96877839E-03
   46.545410156250000       -6.09379821E-03
   46.569824218750000       -6.22219872E-03
   46.594238281250000       -6.35410100E-03
   46.618652343750000       -6.48961263E-03
   46.643066406250000       -6.62885094E-03
   46.667480468750000       -6.77193655E-03
   46.691894531250000       -6.91900589E-03
   46.716308593750000       -7.07018143E-03
   46.740722656250000       -7.22560333E-03
   46.765136718750000       -7.38541456E-03
   46.789550781250000       -7.54977018E-03
   46.813964843750000       -7.71881081E-03
   46.838378906250000       -7.89270084E-03
   46.862792968750000       -8.07161164E-03
   46.887207031250000       -8.25571269E-03
   46.911621093750000       -8.44518561E-03
   46.936035156250000       -8.64020456E-03
   46.960449218750000       -8.84097815E-03
   46.984863281250000       -9.04770754E-03
   47.009277343750000       -9.26058646E-03
   47.033691406250000       -9.47985332E-03
   47.058105468750000       -9.70571488E-03
   47.082519531250000       -9.93842538E-03
   47.106933593750000       -1.01782242E-02
   47.131347656250000       -1.04253581E-02
   47.155761718750000       -1.06801093E-02
   47.180175781250000       -1.09427422E-02
   47.204589843750000       -1.12135578E-02
   47.229003906250000       -1.14928428E-02
   47.253417968750000       -1.17809279E-02
   47.277832031250000       -1.20781297E-02
   47.302246093750000       -1.23847853E-02
   47.326660156250000       -1.27012627E-02
   47.351074218750000       -1.30279241E-02
   47.375488281250000       -1.33651560E-02
   47.399902343750000       -1.37133775E-02
   47.424316406250000       -1.40729845E-02
   47.448730468750000       -1.44444387E-02
   47.473144531250000       -1.48281874E-02
   47.497558593750000       -1.52247157E-02
   47.521972656250000       -1.56345181E-02
   47.546386718750000       -1.60581302E-02
   47.570800781250000       -1.64960939E-02
   47.595214843750000       -1.69489644E-02
   47.619628906250000       -1.74173638E-02
   47.644042968750000       -1.79019012E-02
   47.668457031250000       -1.84032377E-02
   47.692871093750000       -1.89220440E-02
   47.717285156250000       -1.94590464E-02
   47.741699218750000       -2.00149976E-02
   47.766113281250000       -2.05906704E-02
   47.790527343750000       -2.11868808E-02
   47.814941406250000       -2.18045022E-02
   47.839355468750000       -2.24444345E-02
   47.863769531250000       -2.31075995E-02
   47.888183593750000       -2.37950124E-02
   47.912597656250000       -2.45076772E-02
   47.937011718750000       -2.52467226E-02
   47.961425781250000       -2.60132402E-02
   47.985839843750000       -2.68084705E-02
   48.010253906250000       -2.76336353E-02
   48.034667968750000       -2.84900498E-02
   48.059082031250000       -2.93791220E-02
   48.083496093750000       -3.03022880E-02
   48.107910156250000       -3.12610827E-02
   48.132324218750000       -3.22570838E-02
   48.156738281250000       -3.32920067E-02
   48.181152343750000       -3.43675874E-02
   48.205566406250000       -3.54857296E-02
   48.229980468750000       -3.66483591E-02
   48.254394531250000       -3.78575474E-02
   48.278808593750000       -3.91154625E-02
   48.303222656250000       -4.04244065E-02
   48.327636718750000       -4.17867601E-02
   48.352050781250000       -4.32050861E-02
   48.376464843750000       -4.46820259E-02
   48.400878906250000       -4.62204367E-02
   48.425292968750000       -4.78232466E-02
   48.449707031250000       -4.94936034E-02
   48.474121093750000       -5.12348153E-02
   48.498535156250000       -5.30503765E-02
   48.522949218750000       -5.49439937E-02
   48.547363281250000       -5.69195077E-02
   48.571777343750000       -5.89810759E-02
   48.596191406250000       -6.11330383E-02
   48.620605468750000       -6.33799955E-02
   48.645019531250000       -6.57268018E-02
   48.669433593750000       -6.81785792E-02
   48.693847656250000       -7.07408339E-02
   48.718261718750000       -7.34192953E-02
   48.742675781250000       -7.62200728E-02
   48.767089843750000       -7.91496634E-02
   48.791503906250000       -8.22149292E-02
   48.815917968750000       -8.54231641E-02
   48.840332031250000       -8.87820795E-02
   48.864746093750000       -9.22998786E-02
   48.889160156250000       -9.59852859E-02
   48.913574218750000       -9.98475701E-02
   48.937988281250000      -0.103896514    
   48.962402343750000      -0.108142652    
   48.986816406250000      -0.112597041    
   49.011230468750000      -0.117271587    
   49.035644531250000      -0.122178838    
   49.060058593750000      -0.127332315    
   49.084472656250000      -0.132746235    
   49.108886718750000      -0.138435930    
   49.133300781250000      -0.144417658    
   49.157714843750000      -0.150708839    
   49.182128906250000      -0.157327995    
   49.206542968750000      -0.164294988    
   49.230957031250000      -0.171630993    
   49.255371093750000      -0.179358751    
   49.279785156250000      -0.187502459    
   49.304199218750000      -0.196088210    
   49.328613281250000      -0.205143735    
   49.353027343750000      -0.214698985    
   49.377441406250000      -0.224785939    
   49.401855468750000      -0.235439047    
   49.426269531250000      -0.246695057    
   49.450683593750000      -0.258593857    
   49.475097656250000      -0.271177888    
   49.499511718750000      -0.284493327    
   49.523925781250000      -0.298589289    
   49.548339843750000      -0.313519329    
   49.572753906250000      -0.329340577    
   49.597167968750000      -0.346115321    
   49.621582031250000      -0.363910079    
   49.645996093750000      -0.382797629    
   49.670410156250000      -0.402855456    
   49.694824218750000      -0.424168974    
   49.719238281250000      -0.446828842    
   49.743652343750000      -0.470935404    
   49.768066406250000      -0.496595055    
   49.792480468750000      -0.523926377    
   49.816894531250000      -0.553054094    
   49.841308593750000      -0.584119260    
   49.865722656250000      -0.617268384    
   49.890136718750000      -0.652670383    
   49.914550781250000      -0.690495968    
   49.938964843750000      -0.730952799    
   49.963378906250000      -0.774229228    
   49.987792968750000      -0.820616961    
