   2.9296875000000000E-003 -0.498819113    
   8.7890625000000000E-003 -0.496469229    
   1.4648437500000000E-002 -0.494136781    
   2.0507812500000000E-002 -0.491820902    
   2.6367187500000000E-002 -0.489521712    
   3.2226562500000000E-002 -0.487238944    
   3.8085937500000000E-002 -0.484972507    
   4.3945312500000000E-002 -0.482722193    
   4.9804687500000000E-002 -0.480487943    
   5.5664062500000000E-002 -0.478269488    
   6.1523437500000000E-002 -0.476066798    
   6.7382812500000000E-002 -0.473879635    
   7.3242187500000000E-002 -0.471707910    
   7.9101562500000000E-002 -0.469551474    
   8.4960937500000000E-002 -0.467410207    
   9.0820312500000000E-002 -0.465283930    
   9.6679687500000000E-002 -0.463172525    
  0.10253906250000000      -0.461075872    
  0.10839843750000000      -0.458993822    
  0.11425781250000000      -0.456926227    
  0.12011718750000000      -0.454872996    
  0.12597656250000000      -0.452833980    
  0.13183593750000000      -0.450809062    
  0.13769531250000000      -0.448798090    
  0.14355468750000000      -0.446800947    
  0.14941406250000000      -0.444817543    
  0.15527343750000000      -0.442847729    
  0.16113281250000000      -0.440891385    
  0.16699218750000000      -0.438948423    
  0.17285156250000000      -0.437018663    
  0.17871093750000000      -0.435102046    
  0.18457031250000000      -0.433198452    
  0.19042968750000000      -0.431307733    
  0.19628906250000000      -0.429429770    
  0.20214843750000000      -0.427564532    
  0.20800781250000000      -0.425711811    
  0.21386718750000000      -0.423871547    
  0.21972656250000000      -0.422043622    
  0.22558593750000000      -0.420227945    
  0.23144531250000000      -0.418424398    
  0.23730468750000000      -0.416632891    
  0.24316406250000000      -0.414853305    
  0.24902343750000000      -0.413085520    
  0.25488281250000000      -0.411329448    
  0.26074218750000000      -0.409585029    
  0.26660156250000000      -0.407852113    
  0.27246093750000000      -0.406130612    
  0.27832031250000000      -0.404420465    
  0.28417968750000000      -0.402721524    
  0.29003906250000000      -0.401033729    
  0.29589843750000000      -0.399356991    
  0.30175781250000000      -0.397691190    
  0.30761718750000000      -0.396036237    
  0.31347656250000000      -0.394392073    
  0.31933593750000000      -0.392758548    
  0.32519531250000000      -0.391135663    
  0.33105468750000000      -0.389523238    
  0.33691406250000000      -0.387921244    
  0.34277343750000000      -0.386329561    
  0.34863281250000000      -0.384748131    
  0.35449218750000000      -0.383176863    
  0.36035156250000000      -0.381615669    
  0.36621093750000000      -0.380064458    
  0.37207031250000000      -0.378523171    
  0.37792968750000000      -0.376991689    
  0.38378906250000000      -0.375469983    
  0.38964843750000000      -0.373957932    
  0.39550781250000000      -0.372455448    
  0.40136718750000000      -0.370962501    
  0.40722656250000000      -0.369478971    
  0.41308593750000000      -0.368004799    
  0.41894531250000000      -0.366539925    
  0.42480468750000000      -0.365084231    
  0.43066406250000000      -0.363637716    
  0.43652343750000000      -0.362200230    
  0.44238281250000000      -0.360771716    
  0.44824218750000000      -0.359352171    
  0.45410156250000000      -0.357941449    
  0.45996093750000000      -0.356539488    
  0.46582031250000000      -0.355146229    
  0.47167968750000000      -0.353761613    
  0.47753906250000000      -0.352385551    
  0.48339843750000000      -0.351018012    
  0.48925781250000000      -0.349658906    
  0.49511718750000000      -0.348308146    
  0.50097656250000000      -0.346965700    
  0.50683593750000000      -0.345631480    
  0.51269531250000000      -0.344305426    
  0.51855468750000000      -0.342987478    
  0.52441406250000000      -0.341677606    
  0.53027343750000000      -0.340375692    
  0.53613281250000000      -0.339081705    
  0.54199218750000000      -0.337795556    
  0.54785156250000000      -0.336517215    
  0.55371093750000000      -0.335246623    
  0.55957031250000000      -0.333983719    
  0.56542968750000000      -0.332728416    
  0.57128906250000000      -0.331480682    
  0.57714843750000000      -0.330240428    
  0.58300781250000000      -0.329007626    
  0.58886718750000000      -0.327782214    
  0.59472656250000000      -0.326564133    
  0.60058593750000000      -0.325353354    
  0.60644531250000000      -0.324149758    
  0.61230468750000000      -0.322953343    
  0.61816406250000000      -0.321764052    
  0.62402343750000000      -0.320581794    
  0.62988281250000000      -0.319406569    
  0.63574218750000000      -0.318238258    
  0.64160156250000000      -0.317076862    
  0.64746093750000000      -0.315922320    
  0.65332031250000000      -0.314774573    
  0.65917968750000000      -0.313633591    
  0.66503906250000000      -0.312499285    
  0.67089843750000000      -0.311371624    
  0.67675781250000000      -0.310250551    
  0.68261718750000000      -0.309136033    
  0.68847656250000000      -0.308028042    
  0.69433593750000000      -0.306926459    
  0.70019531250000000      -0.305831313    
  0.70605468750000000      -0.304742485    
  0.71191406250000000      -0.303660005    
  0.71777343750000000      -0.302583754    
  0.72363281250000000      -0.301513731    
  0.72949218750000000      -0.300449908    
  0.73535156250000000      -0.299392164    
  0.74121093750000000      -0.298340559    
  0.74707031250000000      -0.297294945    
  0.75292968750000000      -0.296255350    
  0.75878906250000000      -0.295221686    
  0.76464843750000000      -0.294193923    
  0.77050781250000000      -0.293172061    
  0.77636718750000000      -0.292155981    
  0.78222656250000000      -0.291145712    
  0.78808593750000000      -0.290141165    
  0.79394531250000000      -0.289142311    
  0.79980468750000000      -0.288149148    
  0.80566406250000000      -0.287161589    
  0.81152343750000000      -0.286179602    
  0.81738281250000000      -0.285203129    
  0.82324218750000000      -0.284232169    
  0.82910156250000000      -0.283266664    
  0.83496093750000000      -0.282306582    
  0.84082031250000000      -0.281351894    
  0.84667968750000000      -0.280402541    
  0.85253906250000000      -0.279458463    
  0.85839843750000000      -0.278519690    
  0.86425781250000000      -0.277586162    
  0.87011718750000000      -0.276657790    
  0.87597656250000000      -0.275734603    
  0.88183593750000000      -0.274816513    
  0.88769531250000000      -0.273903519    
  0.89355468750000000      -0.272995591    
  0.89941406250000000      -0.272092640    
  0.90527343750000000      -0.271194696    
  0.91113281250000000      -0.270301700    
  0.91699218750000000      -0.269413590    
  0.92285156250000000      -0.268530399    
  0.92871093750000000      -0.267652035    
  0.93457031250000000      -0.266778469    
  0.94042968750000000      -0.265909702    
  0.94628906250000000      -0.265045673    
  0.95214843750000000      -0.264186352    
  0.95800781250000000      -0.263331711    
  0.96386718750000000      -0.262481719    
  0.96972656250000000      -0.261636347    
  0.97558593750000000      -0.260795534    
  0.98144531250000000      -0.259959310    
  0.98730468750000000      -0.259127587    
  0.99316406250000000      -0.258300364    
  0.99902343750000000      -0.257477582    
   1.0048828125000000      -0.256659269    
   1.0107421875000000      -0.255845338    
   1.0166015625000000      -0.255035788    
   1.0224609375000000      -0.254230559    
   1.0283203125000000      -0.253429651    
   1.0341796875000000      -0.252633035    
   1.0400390625000000      -0.251840681    
   1.0458984375000000      -0.251052558    
   1.0517578125000000      -0.250268608    
   1.0576171875000000      -0.249488831    
   1.0634765625000000      -0.248713225    
   1.0693359375000000      -0.247941703    
   1.0751953125000000      -0.247174293    
   1.0810546875000000      -0.246410936    
   1.0869140625000000      -0.245651603    
   1.0927734375000000      -0.244896293    
   1.0986328125000000      -0.244144946    
   1.1044921875000000      -0.243397564    
   1.1103515625000000      -0.242654115    
   1.1162109375000000      -0.241914570    
   1.1220703125000000      -0.241178900    
   1.1279296875000000      -0.240447074    
   1.1337890625000000      -0.239719093    
   1.1396484375000000      -0.238994896    
   1.1455078125000000      -0.238274485    
   1.1513671875000000      -0.237557828    
   1.1572265625000000      -0.236844897    
   1.1630859375000000      -0.236135662    
   1.1689453125000000      -0.235430121    
   1.1748046875000000      -0.234728217    
   1.1806640625000000      -0.234029979    
   1.1865234375000000      -0.233335316    
   1.1923828125000000      -0.232644260    
   1.1982421875000000      -0.231956750    
   1.2041015625000000      -0.231272787    
   1.2099609375000000      -0.230592370    
   1.2158203125000000      -0.229915410    
   1.2216796875000000      -0.229241937    
   1.2275390625000000      -0.228571922    
   1.2333984375000000      -0.227905303    
   1.2392578125000000      -0.227242142    
   1.2451171875000000      -0.226582319    
   1.2509765625000000      -0.225925893    
   1.2568359375000000      -0.225272775    
   1.2626953125000000      -0.224623024    
   1.2685546875000000      -0.223976523    
   1.2744140625000000      -0.223333329    
   1.2802734375000000      -0.222693413    
   1.2861328125000000      -0.222056687    
   1.2919921875000000      -0.221423209    
   1.2978515625000000      -0.220792919    
   1.3037109375000000      -0.220165819    
   1.3095703125000000      -0.219541878    
   1.3154296875000000      -0.218921065    
   1.3212890625000000      -0.218303382    
   1.3271484375000000      -0.217688769    
   1.3330078125000000      -0.217077255    
   1.3388671875000000      -0.216468811    
   1.3447265625000000      -0.215863407    
   1.3505859375000000      -0.215261012    
   1.3564453125000000      -0.214661628    
   1.3623046875000000      -0.214065254    
   1.3681640625000000      -0.213471800    
   1.3740234375000000      -0.212881327    
   1.3798828125000000      -0.212293774    
   1.3857421875000000      -0.211709142    
   1.3916015625000000      -0.211127400    
   1.3974609375000000      -0.210548550    
   1.4033203125000000      -0.209972531    
   1.4091796875000000      -0.209399372    
   1.4150390625000000      -0.208829045    
   1.4208984375000000      -0.208261520    
   1.4267578125000000      -0.207696766    
   1.4326171875000000      -0.207134813    
   1.4384765625000000      -0.206575602    
   1.4443359375000000      -0.206019133    
   1.4501953125000000      -0.205465376    
   1.4560546875000000      -0.204914361    
   1.4619140625000000      -0.204365999    
   1.4677734375000000      -0.203820348    
   1.4736328125000000      -0.203277320    
   1.4794921875000000      -0.202736974    
   1.4853515625000000      -0.202199221    
   1.4912109375000000      -0.201664090    
   1.4970703125000000      -0.201131552    
   1.5029296875000000      -0.200601608    
   1.5087890625000000      -0.200074226    
   1.5146484375000000      -0.199549377    
   1.5205078125000000      -0.199027061    
   1.5263671875000000      -0.198507279    
   1.5322265625000000      -0.197990000    
   1.5380859375000000      -0.197475225    
   1.5439453125000000      -0.196962893    
   1.5498046875000000      -0.196453035    
   1.5556640625000000      -0.195945650    
   1.5615234375000000      -0.195440650    
   1.5673828125000000      -0.194938093    
   1.5732421875000000      -0.194437951    
   1.5791015625000000      -0.193940163    
   1.5849609375000000      -0.193444788    
   1.5908203125000000      -0.192951739    
   1.5966796875000000      -0.192461044    
   1.6025390625000000      -0.191972703    
   1.6083984375000000      -0.191486657    
   1.6142578125000000      -0.191002935    
   1.6201171875000000      -0.190521508    
   1.6259765625000000      -0.190042347    
   1.6318359375000000      -0.189565480    
   1.6376953125000000      -0.189090848    
   1.6435546875000000      -0.188618451    
   1.6494140625000000      -0.188148290    
   1.6552734375000000      -0.187680334    
   1.6611328125000000      -0.187214583    
   1.6669921875000000      -0.186751008    
   1.6728515625000000      -0.186289638    
   1.6787109375000000      -0.185830414    
   1.6845703125000000      -0.185373336    
   1.6904296875000000      -0.184918404    
   1.6962890625000000      -0.184465617    
   1.7021484375000000      -0.184014916    
   1.7080078125000000      -0.183566362    
   1.7138671875000000      -0.183119863    
   1.7197265625000000      -0.182675451    
   1.7255859375000000      -0.182233095    
   1.7314453125000000      -0.181792796    
   1.7373046875000000      -0.181354553    
   1.7431640625000000      -0.180918366    
   1.7490234375000000      -0.180484176    
   1.7548828125000000      -0.180051982    
   1.7607421875000000      -0.179621786    
   1.7666015625000000      -0.179193616    
   1.7724609375000000      -0.178767383    
   1.7783203125000000      -0.178343117    
   1.7841796875000000      -0.177920818    
   1.7900390625000000      -0.177500486    
   1.7958984375000000      -0.177082062    
   1.8017578125000000      -0.176665545    
   1.8076171875000000      -0.176250964    
   1.8134765625000000      -0.175838262    
   1.8193359375000000      -0.175427467    
   1.8251953125000000      -0.175018519    
   1.8310546875000000      -0.174611479    
   1.8369140625000000      -0.174206287    
   1.8427734375000000      -0.173802942    
   1.8486328125000000      -0.173401415    
   1.8544921875000000      -0.173001736    
   1.8603515625000000      -0.172603875    
   1.8662109375000000      -0.172207803    
   1.8720703125000000      -0.171813548    
   1.8779296875000000      -0.171421081    
   1.8837890625000000      -0.171030372    
   1.8896484375000000      -0.170641452    
   1.8955078125000000      -0.170254290    
   1.9013671875000000      -0.169868886    
   1.9072265625000000      -0.169485182    
   1.9130859375000000      -0.169103235    
   1.9189453125000000      -0.168723017    
   1.9248046875000000      -0.168344498    
   1.9306640625000000      -0.167967677    
   1.9365234375000000      -0.167592555    
   1.9423828125000000      -0.167219132    
   1.9482421875000000      -0.166847378    
   1.9541015625000000      -0.166477263    
   1.9599609375000000      -0.166108817    
   1.9658203125000000      -0.165742040    
   1.9716796875000000      -0.165376872    
   1.9775390625000000      -0.165013373    
   1.9833984375000000      -0.164651453    
   1.9892578125000000      -0.164291173    
   1.9951171875000000      -0.163932472    
   2.0009765625000000      -0.163575381    
   2.0068359375000000      -0.163219899    
   2.0126953125000000      -0.162865967    
   2.0185546875000000      -0.162513614    
   2.0244140625000000      -0.162162811    
   2.0302734375000000      -0.161813587    
   2.0361328125000000      -0.161465883    
   2.0419921875000000      -0.161119729    
   2.0478515625000000      -0.160775095    
   2.0537109375000000      -0.160432011    
   2.0595703125000000      -0.160090417    
   2.0654296875000000      -0.159750313    
   2.0712890625000000      -0.159411728    
   2.0771484375000000      -0.159074634    
   2.0830078125000000      -0.158739001    
   2.0888671875000000      -0.158404857    
   2.0947265625000000      -0.158072174    
   2.1005859375000000      -0.157740951    
   2.1064453125000000      -0.157411188    
   2.1123046875000000      -0.157082856    
   2.1181640625000000      -0.156755954    
   2.1240234375000000      -0.156430483    
   2.1298828125000000      -0.156106442    
   2.1357421875000000      -0.155783802    
   2.1416015625000000      -0.155462593    
   2.1474609375000000      -0.155142754    
   2.1533203125000000      -0.154824317    
   2.1591796875000000      -0.154507279    
   2.1650390625000000      -0.154191613    
   2.1708984375000000      -0.153877288    
   2.1767578125000000      -0.153564364    
   2.1826171875000000      -0.153252780    
   2.1884765625000000      -0.152942538    
   2.1943359375000000      -0.152633637    
   2.2001953125000000      -0.152326077    
   2.2060546875000000      -0.152019858    
   2.2119140625000000      -0.151714951    
   2.2177734375000000      -0.151411355    
   2.2236328125000000      -0.151109070    
   2.2294921875000000      -0.150808096    
   2.2353515625000000      -0.150508404    
   2.2412109375000000      -0.150209993    
   2.2470703125000000      -0.149912894    
   2.2529296875000000      -0.149617046    
   2.2587890625000000      -0.149322480    
   2.2646484375000000      -0.149029166    
   2.2705078125000000      -0.148737103    
   2.2763671875000000      -0.148446321    
   2.2822265625000000      -0.148156762    
   2.2880859375000000      -0.147868425    
   2.2939453125000000      -0.147581339    
   2.2998046875000000      -0.147295475    
   2.3056640625000000      -0.147010833    
   2.3115234375000000      -0.146727383    
   2.3173828125000000      -0.146445155    
   2.3232421875000000      -0.146164149    
   2.3291015625000000      -0.145884305    
   2.3349609375000000      -0.145605654    
   2.3408203125000000      -0.145328194    
   2.3466796875000000      -0.145051926    
   2.3525390625000000      -0.144776821    
   2.3583984375000000      -0.144502878    
   2.3642578125000000      -0.144230098    
   2.3701171875000000      -0.143958449    
   2.3759765625000000      -0.143687963    
   2.3818359375000000      -0.143418640    
   2.3876953125000000      -0.143150419    
   2.3935546875000000      -0.142883360    
   2.3994140625000000      -0.142617404    
   2.4052734375000000      -0.142352581    
   2.4111328125000000      -0.142088890    
   2.4169921875000000      -0.141826272    
   2.4228515625000000      -0.141564786    
   2.4287109375000000      -0.141304374    
   2.4345703125000000      -0.141045094    
   2.4404296875000000      -0.140786856    
   2.4462890625000000      -0.140529722    
   2.4521484375000000      -0.140273690    
   2.4580078125000000      -0.140018702    
   2.4638671875000000      -0.139764786    
   2.4697265625000000      -0.139511943    
   2.4755859375000000      -0.139260143    
   2.4814453125000000      -0.139009386    
   2.4873046875000000      -0.138759702    
   2.4931640625000000      -0.138511032    
   2.4990234375000000      -0.138263404    
   2.5048828125000000      -0.138016820    
   2.5107421875000000      -0.137771279    
   2.5166015625000000      -0.137526721    
   2.5224609375000000      -0.137283206    
   2.5283203125000000      -0.137040704    
   2.5341796875000000      -0.136799186    
   2.5400390625000000      -0.136558712    
   2.5458984375000000      -0.136319190    
   2.5517578125000000      -0.136080682    
   2.5576171875000000      -0.135843188    
   2.5634765625000000      -0.135606647    
   2.5693359375000000      -0.135371089    
   2.5751953125000000      -0.135136515    
   2.5810546875000000      -0.134902894    
   2.5869140625000000      -0.134670258    
   2.5927734375000000      -0.134438574    
   2.5986328125000000      -0.134207845    
   2.6044921875000000      -0.133978069    
   2.6103515625000000      -0.133749217    
   2.6162109375000000      -0.133521348    
   2.6220703125000000      -0.133294404    
   2.6279296875000000      -0.133068383    
   2.6337890625000000      -0.132843286    
   2.6396484375000000      -0.132619143    
   2.6455078125000000      -0.132395893    
   2.6513671875000000      -0.132173568    
   2.6572265625000000      -0.131952167    
   2.6630859375000000      -0.131731659    
   2.6689453125000000      -0.131512076    
   2.6748046875000000      -0.131293386    
   2.6806640625000000      -0.131075591    
   2.6865234375000000      -0.130858690    
   2.6923828125000000      -0.130642653    
   2.6982421875000000      -0.130427539    
   2.7041015625000000      -0.130213261    
   2.7099609375000000      -0.129999906    
   2.7158203125000000      -0.129787385    
   2.7216796875000000      -0.129575729    
   2.7275390625000000      -0.129364967    
   2.7333984375000000      -0.129155040    
   2.7392578125000000      -0.128945976    
   2.7451171875000000      -0.128737777    
   2.7509765625000000      -0.128530413    
   2.7568359375000000      -0.128323913    
   2.7626953125000000      -0.128118217    
   2.7685546875000000      -0.127913386    
   2.7744140625000000      -0.127709389    
   2.7802734375000000      -0.127506196    
   2.7861328125000000      -0.127303839    
   2.7919921875000000      -0.127102315    
   2.7978515625000000      -0.126901597    
   2.8037109375000000      -0.126701713    
   2.8095703125000000      -0.126502633    
   2.8154296875000000      -0.126304328    
   2.8212890625000000      -0.126106858    
   2.8271484375000000      -0.125910193    
   2.8330078125000000      -0.125714302    
   2.8388671875000000      -0.125519216    
   2.8447265625000000      -0.125324935    
   2.8505859375000000      -0.125131398    
   2.8564453125000000      -0.124938667    
   2.8623046875000000      -0.124746740    
   2.8681640625000000      -0.124555558    
   2.8740234375000000      -0.124365151    
   2.8798828125000000      -0.124175519    
   2.8857421875000000      -0.123986632    
   2.8916015625000000      -0.123798519    
   2.8974609375000000      -0.123611182    
   2.9033203125000000      -0.123424590    
   2.9091796875000000      -0.123238742    
   2.9150390625000000      -0.123053640    
   2.9208984375000000      -0.122869283    
   2.9267578125000000      -0.122685701    
   2.9326171875000000      -0.122502834    
   2.9384765625000000      -0.122320682    
   2.9443359375000000      -0.122139275    
   2.9501953125000000      -0.121958613    
   2.9560546875000000      -0.121778667    
   2.9619140625000000      -0.121599436    
   2.9677734375000000      -0.121420950    
   2.9736328125000000      -0.121243149    
   2.9794921875000000      -0.121066093    
   2.9853515625000000      -0.120889723    
   2.9912109375000000      -0.120714068    
   2.9970703125000000      -0.120539129    
   3.0029296875000000      -0.120364875    
   3.0087890625000000      -0.120191336    
   3.0146484375000000      -0.120018482    
   3.0205078125000000      -0.119846314    
   3.0263671875000000      -0.119674832    
   3.0322265625000000      -0.119504064    
   3.0380859375000000      -0.119333953    
   3.0439453125000000      -0.119164526    
   3.0498046875000000      -0.118995786    
   3.0556640625000000      -0.118827730    
   3.0615234375000000      -0.118660331    
   3.0673828125000000      -0.118493617    
   3.0732421875000000      -0.118327558    
   3.0791015625000000      -0.118162155    
   3.0849609375000000      -0.117997408    
   3.0908203125000000      -0.117833346    
   3.0966796875000000      -0.117669910    
   3.1025390625000000      -0.117507160    
   3.1083984375000000      -0.117345035    
   3.1142578125000000      -0.117183566    
   3.1201171875000000      -0.117022753    
   3.1259765625000000      -0.116862565    
   3.1318359375000000      -0.116703033    
   3.1376953125000000      -0.116544127    
   3.1435546875000000      -0.116385847    
   3.1494140625000000      -0.116228193    
   3.1552734375000000      -0.116071194    
   3.1611328125000000      -0.115914792    
   3.1669921875000000      -0.115759045    
   3.1728515625000000      -0.115603894    
   3.1787109375000000      -0.115449369    
   3.1845703125000000      -0.115295470    
   3.1904296875000000      -0.115142167    
   3.1962890625000000      -0.114989489    
   3.2021484375000000      -0.114837408    
   3.2080078125000000      -0.114685953    
   3.2138671875000000      -0.114535093    
   3.2197265625000000      -0.114384830    
   3.2255859375000000      -0.114235163    
   3.2314453125000000      -0.114086092    
   3.2373046875000000      -0.113937616    
   3.2431640625000000      -0.113789737    
   3.2490234375000000      -0.113642454    
   3.2548828125000000      -0.113495737    
   3.2607421875000000      -0.113349617    
   3.2666015625000000      -0.113204092    
   3.2724609375000000      -0.113059133    
   3.2783203125000000      -0.112914741    
   3.2841796875000000      -0.112770915    
   3.2900390625000000      -0.112627685    
   3.2958984375000000      -0.112485021    
   3.3017578125000000      -0.112342924    
   3.3076171875000000      -0.112201393    
   3.3134765625000000      -0.112060428    
   3.3193359375000000      -0.111920029    
   3.3251953125000000      -0.111780196    
   3.3310546875000000      -0.111640900    
   3.3369140625000000      -0.111502171    
   3.3427734375000000      -0.111363977    
   3.3486328125000000      -0.111226350    
   3.3544921875000000      -0.111089289    
   3.3603515625000000      -0.110952735    
   3.3662109375000000      -0.110816747    
   3.3720703125000000      -0.110681295    
   3.3779296875000000      -0.110546410    
   3.3837890625000000      -0.110412031    
   3.3896484375000000      -0.110278189    
   3.3955078125000000      -0.110144883    
   3.4013671875000000      -0.110012114    
   3.4072265625000000      -0.109879881    
   3.4130859375000000      -0.109748155    
   3.4189453125000000      -0.109616995    
   3.4248046875000000      -0.109486312    
   3.4306640625000000      -0.109356165    
   3.4365234375000000      -0.109226555    
   3.4423828125000000      -0.109097451    
   3.4482421875000000      -0.108968854    
   3.4541015625000000      -0.108840793    
   3.4599609375000000      -0.108713210    
   3.4658203125000000      -0.108586162    
   3.4716796875000000      -0.108459622    
   3.4775390625000000      -0.108333588    
   3.4833984375000000      -0.108208030    
   3.4892578125000000      -0.108083010    
   3.4951171875000000      -0.107958466    
   3.5009765625000000      -0.107834429    
   3.5068359375000000      -0.107710898    
   3.5126953125000000      -0.107587844    
   3.5185546875000000      -0.107465297    
   3.5244140625000000      -0.107343227    
   3.5302734375000000      -0.107221663    
   3.5361328125000000      -0.107100576    
   3.5419921875000000      -0.106979966    
   3.5478515625000000      -0.106859863    
   3.5537109375000000      -0.106740236    
   3.5595703125000000      -0.106621087    
   3.5654296875000000      -0.106502384    
   3.5712890625000000      -0.106384188    
   3.5771484375000000      -0.106266469    
   3.5830078125000000      -0.106149226    
   3.5888671875000000      -0.106032431    
   3.5947265625000000      -0.105916142    
   3.6005859375000000      -0.105800271    
   3.6064453125000000      -0.105684906    
   3.6123046875000000      -0.105569988    
   3.6181640625000000      -0.105455548    
   3.6240234375000000      -0.105341554    
   3.6298828125000000      -0.105228037    
   3.6357421875000000      -0.105114967    
   3.6416015625000000      -0.105002344    
   3.6474609375000000      -0.104890168    
   3.6533203125000000      -0.104778469    
   3.6591796875000000      -0.104667217    
   3.6650390625000000      -0.104556412    
   3.6708984375000000      -0.104446054    
   3.6767578125000000      -0.104336143    
   3.6826171875000000      -0.104226649    
   3.6884765625000000      -0.104117632    
   3.6943359375000000      -0.104009062    
   3.7001953125000000      -0.103900909    
   3.7060546875000000      -0.103793204    
   3.7119140625000000      -0.103685945    
   3.7177734375000000      -0.103579104    
   3.7236328125000000      -0.103472710    
   3.7294921875000000      -0.103366733    
   3.7353515625000000      -0.103261203    
   3.7412109375000000      -0.103156090    
   3.7470703125000000      -0.103051424    
   3.7529296875000000      -0.102947176    
   3.7587890625000000      -0.102843344    
   3.7646484375000000      -0.102739930    
   3.7705078125000000      -0.102636963    
   3.7763671875000000      -0.102534384    
   3.7822265625000000      -0.102432251    
   3.7880859375000000      -0.102330536    
   3.7939453125000000      -0.102229208    
   3.7998046875000000      -0.102128327    
   3.8056640625000000      -0.102027833    
   3.8115234375000000      -0.101927787    
   3.8173828125000000      -0.101828128    
   3.8232421875000000      -0.101728886    
   3.8291015625000000      -0.101630032    
   3.8349609375000000      -0.101531595    
   3.8408203125000000      -0.101433575    
   3.8466796875000000      -0.101335943    
   3.8525390625000000      -0.101238728    
   3.8583984375000000      -0.101141900    
   3.8642578125000000      -0.101045489    
   3.8701171875000000      -0.100949466    
   3.8759765625000000      -0.100853831    
   3.8818359375000000      -0.100758582    
   3.8876953125000000      -0.100663751    
   3.8935546875000000      -0.100569308    
   3.8994140625000000      -0.100475252    
   3.9052734375000000      -0.100381613    
   3.9111328125000000      -0.100288332    
   3.9169921875000000      -0.100195438    
   3.9228515625000000      -0.100102931    
   3.9287109375000000      -0.100010842    
   3.9345703125000000       -9.99191105E-02
   3.9404296875000000       -9.98277664E-02
   3.9462890625000000       -9.97367799E-02
   3.9521484375000000       -9.96462107E-02
   3.9580078125000000       -9.95559990E-02
   3.9638671875000000       -9.94661748E-02
   3.9697265625000000       -9.93767083E-02
   3.9755859375000000       -9.92876589E-02
   3.9814453125000000       -9.91989374E-02
   3.9873046875000000       -9.91106033E-02
   3.9931640625000000       -9.90226567E-02
   3.9990234375000000       -9.89350677E-02
   4.0048828125000000       -9.88478661E-02
   4.0107421875000000       -9.87610221E-02
   4.0166015625000000       -9.86745358E-02
   4.0224609375000000       -9.85884070E-02
   4.0283203125000000       -9.85026658E-02
   4.0341796875000000       -9.84172821E-02
   4.0400390625000000       -9.83322561E-02
   4.0458984375000000       -9.82475877E-02
   4.0517578125000000       -9.81632769E-02
   4.0576171875000000       -9.80793536E-02
   4.0634765625000000       -9.79957581E-02
   4.0693359375000000       -9.79125202E-02
   4.0751953125000000       -9.78296697E-02
   4.0810546875000000       -9.77471471E-02
   4.0869140625000000       -9.76649821E-02
   4.0927734375000000       -9.75831747E-02
   4.0986328125000000       -9.75016952E-02
   4.1044921875000000       -9.74206030E-02
   4.1103515625000000       -9.73398387E-02
   4.1162109375000000       -9.72594321E-02
   4.1220703125000000       -9.71793532E-02
   4.1279296875000000       -9.70996320E-02
   4.1337890625000000       -9.70202684E-02
   4.1396484375000000       -9.69412327E-02
   4.1455078125000000       -9.68625546E-02
   4.1513671875000000       -9.67842042E-02
   4.1572265625000000       -9.67062116E-02
   4.1630859375000000       -9.66285467E-02
   4.1689453125000000       -9.65512097E-02
   4.1748046875000000       -9.64742303E-02
   4.1806640625000000       -9.63975787E-02
   4.1865234375000000       -9.63212550E-02
   4.1923828125000000       -9.62452888E-02
   4.1982421875000000       -9.61696208E-02
   4.2041015625000000       -9.60943103E-02
   4.2099609375000000       -9.60193276E-02
   4.2158203125000000       -9.59447026E-02
   4.2216796875000000       -9.58703756E-02
   4.2275390625000000       -9.57963765E-02
   4.2333984375000000       -9.57227051E-02
   4.2392578125000000       -9.56493914E-02
   4.2451171875000000       -9.55763757E-02
   4.2509765625000000       -9.55036879E-02
   4.2568359375000000       -9.54313278E-02
   4.2626953125000000       -9.53592956E-02
   4.2685546875000000       -9.52875912E-02
   4.2744140625000000       -9.52161849E-02
   4.2802734375000000       -9.51451063E-02
   4.2861328125000000       -9.50743556E-02
   4.2919921875000000       -9.50039327E-02
   4.2978515625000000       -9.49338078E-02
   4.3037109375000000       -9.48640108E-02
   4.3095703125000000       -9.47945416E-02
   4.3154296875000000       -9.47253704E-02
   4.3212890625000000       -9.46565270E-02
   4.3271484375000000       -9.45879817E-02
   4.3330078125000000       -9.45197642E-02
   4.3388671875000000       -9.44518447E-02
   4.3447265625000000       -9.43842530E-02
   4.3505859375000000       -9.43169594E-02
   4.3564453125000000       -9.42499638E-02
   4.3623046875000000       -9.41832960E-02
   4.3681640625000000       -9.41169262E-02
   4.3740234375000000       -9.40508842E-02
   4.3798828125000000       -9.39851105E-02
   4.3857421875000000       -9.39196646E-02
   4.3916015625000000       -9.38545167E-02
   4.3974609375000000       -9.37896967E-02
   4.4033203125000000       -9.37251449E-02
   4.4091796875000000       -9.36609209E-02
   4.4150390625000000       -9.35969651E-02
   4.4208984375000000       -9.35333371E-02
   4.4267578125000000       -9.34700072E-02
   4.4326171875000000       -9.34069753E-02
   4.4384765625000000       -9.33442414E-02
   4.4443359375000000       -9.32818055E-02
   4.4501953125000000       -9.32196379E-02
   4.4560546875000000       -9.31577981E-02
   4.4619140625000000       -9.30962563E-02
   4.4677734375000000       -9.30349827E-02
   4.4736328125000000       -9.29740071E-02
   4.4794921875000000       -9.29133296E-02
   4.4853515625000000       -9.28529501E-02
   4.4912109375000000       -9.27928686E-02
   4.4970703125000000       -9.27330554E-02
   4.5029296875000000       -9.26735401E-02
   4.5087890625000000       -9.26143229E-02
   4.5146484375000000       -9.25554037E-02
   4.5205078125000000       -9.24967527E-02
   4.5263671875000000       -9.24383700E-02
   4.5322265625000000       -9.23803151E-02
   4.5380859375000000       -9.23225284E-02
   4.5439453125000000       -9.22650099E-02
   4.5498046875000000       -9.22077894E-02
   4.5556640625000000       -9.21508670E-02
   4.5615234375000000       -9.20942128E-02
   4.5673828125000000       -9.20378268E-02
   4.5732421875000000       -9.19817388E-02
   4.5791015625000000       -9.19259191E-02
   4.5849609375000000       -9.18703973E-02
   4.5908203125000000       -9.18151438E-02
   4.5966796875000000       -9.17601585E-02
   4.6025390625000000       -9.17054713E-02
   4.6083984375000000       -9.16510522E-02
   4.6142578125000000       -9.15969014E-02
   4.6201171875000000       -9.15430188E-02
   4.6259765625000000       -9.14894342E-02
   4.6318359375000000       -9.14361179E-02
   4.6376953125000000       -9.13830698E-02
   4.6435546875000000       -9.13302898E-02
   4.6494140625000000       -9.12778080E-02
   4.6552734375000000       -9.12255645E-02
   4.6611328125000000       -9.11736190E-02
   4.6669921875000000       -9.11219418E-02
   4.6728515625000000       -9.10705328E-02
   4.6787109375000000       -9.10193622E-02
   4.6845703125000000       -9.09684896E-02
   4.6904296875000000       -9.09178853E-02
   4.6962890625000000       -9.08675492E-02
   4.7021484375000000       -9.08174813E-02
   4.7080078125000000       -9.07676518E-02
   4.7138671875000000       -9.07181203E-02
   4.7197265625000000       -9.06688571E-02
   4.7255859375000000       -9.06198323E-02
   4.7314453125000000       -9.05710757E-02
   4.7373046875000000       -9.05225873E-02
   4.7431640625000000       -9.04743671E-02
   4.7490234375000000       -9.04264152E-02
   4.7548828125000000       -9.03787315E-02
   4.7607421875000000       -9.03312862E-02
   4.7666015625000000       -9.02841091E-02
   4.7724609375000000       -9.02372003E-02
   4.7783203125000000       -9.01905298E-02
   4.7841796875000000       -9.01441276E-02
   4.7900390625000000       -9.00979936E-02
   4.7958984375000000       -9.00521278E-02
   4.8017578125000000       -9.00065005E-02
   4.8076171875000000       -8.99611413E-02
   4.8134765625000000       -8.99160206E-02
   4.8193359375000000       -8.98711681E-02
   4.8251953125000000       -8.98265541E-02
   4.8310546875000000       -8.97822082E-02
   4.8369140625000000       -8.97381306E-02
   4.8427734375000000       -8.96942914E-02
   4.8486328125000000       -8.96507204E-02
   4.8544921875000000       -8.96073878E-02
   4.8603515625000000       -8.95642936E-02
   4.8662109375000000       -8.95214677E-02
   4.8720703125000000       -8.94788802E-02
   4.8779296875000000       -8.94365609E-02
   4.8837890625000000       -8.93944800E-02
   4.8896484375000000       -8.93526673E-02
   4.8955078125000000       -8.93110931E-02
   4.9013671875000000       -8.92697573E-02
   4.9072265625000000       -8.92286897E-02
   4.9130859375000000       -8.91878307E-02
   4.9189453125000000       -8.91472697E-02
   4.9248046875000000       -8.91069174E-02
   4.9306640625000000       -8.90668333E-02
   4.9365234375000000       -8.90269876E-02
   4.9423828125000000       -8.89873803E-02
   4.9482421875000000       -8.89480114E-02
   4.9541015625000000       -8.89089108E-02
   4.9599609375000000       -8.88700485E-02
   4.9658203125000000       -8.88314247E-02
   4.9716796875000000       -8.87930393E-02
   4.9775390625000000       -8.87548923E-02
   4.9833984375000000       -8.87170136E-02
   4.9892578125000000       -8.86793435E-02
   4.9951171875000000       -8.86419415E-02
   5.0009765625000000       -8.86047781E-02
   5.0068359375000000       -8.85678232E-02
   5.0126953125000000       -8.85311365E-02
   5.0185546875000000       -8.84946883E-02
   5.0244140625000000       -8.84584785E-02
   5.0302734375000000       -8.84225070E-02
   5.0361328125000000       -8.83867741E-02
   5.0419921875000000       -8.83512795E-02
   5.0478515625000000       -8.83160233E-02
   5.0537109375000000       -8.82809758E-02
   5.0595703125000000       -8.82461965E-02
   5.0654296875000000       -8.82116556E-02
   5.0712890625000000       -8.81773531E-02
   5.0771484375000000       -8.81432593E-02
   5.0830078125000000       -8.81094337E-02
   5.0888671875000000       -8.80758166E-02
   5.0947265625000000       -8.80424380E-02
   5.1005859375000000       -8.80092978E-02
   5.1064453125000000       -8.79763961E-02
   5.1123046875000000       -8.79437327E-02
   5.1181640625000000       -8.79112780E-02
   5.1240234375000000       -8.78790617E-02
   5.1298828125000000       -8.78471136E-02
   5.1357421875000000       -8.78153443E-02
   5.1416015625000000       -8.77838433E-02
   5.1474609375000000       -8.77525806E-02
   5.1533203125000000       -8.77215266E-02
   5.1591796875000000       -8.76907110E-02
   5.1650390625000000       -8.76601040E-02
   5.1708984375000000       -8.76297653E-02
   5.1767578125000000       -8.75996351E-02
   5.1826171875000000       -8.75697136E-02
   5.1884765625000000       -8.75400603E-02
   5.1943359375000000       -8.75106156E-02
   5.2001953125000000       -8.74813795E-02
   5.2060546875000000       -8.74524117E-02
   5.2119140625000000       -8.74236524E-02
   5.2177734375000000       -8.73951018E-02
   5.2236328125000000       -8.73667896E-02
   5.2294921875000000       -8.73387158E-02
   5.2353515625000000       -8.73108804E-02
   5.2412109375000000       -8.72832239E-02
   5.2470703125000000       -8.72558355E-02
   5.2529296875000000       -8.72286558E-02
   5.2587890625000000       -8.72017145E-02
   5.2646484375000000       -8.71749818E-02
   5.2705078125000000       -8.71484876E-02
   5.2763671875000000       -8.71222019E-02
   5.2822265625000000       -8.70961249E-02
   5.2880859375000000       -8.70703161E-02
   5.2939453125000000       -8.70446861E-02
   5.2998046875000000       -8.70192945E-02
   5.3056640625000000       -8.69941413E-02
   5.3115234375000000       -8.69691968E-02
   5.3173828125000000       -8.69444907E-02
   5.3232421875000000       -8.69199932E-02
   5.3291015625000000       -8.68957043E-02
   5.3349609375000000       -8.68716538E-02
   5.3408203125000000       -8.68478119E-02
   5.3466796875000000       -8.68242085E-02
   5.3525390625000000       -8.68008137E-02
   5.3583984375000000       -8.67776275E-02
   5.3642578125000000       -8.67546797E-02
   5.3701171875000000       -8.67319405E-02
   5.3759765625000000       -8.67094398E-02
   5.3818359375000000       -8.66871178E-02
   5.3876953125000000       -8.66650641E-02
   5.3935546875000000       -8.66431892E-02
   5.3994140625000000       -8.66215527E-02
   5.4052734375000000       -8.66001248E-02
   5.4111328125000000       -8.65789354E-02
   5.4169921875000000       -8.65579545E-02
   5.4228515625000000       -8.65371823E-02
   5.4287109375000000       -8.65166187E-02
   5.4345703125000000       -8.64962935E-02
   5.4404296875000000       -8.64761770E-02
   5.4462890625000000       -8.64562690E-02
   5.4521484375000000       -8.64365697E-02
   5.4580078125000000       -8.64171088E-02
   5.4638671875000000       -8.63978565E-02
   5.4697265625000000       -8.63788128E-02
   5.4755859375000000       -8.63599777E-02
   5.4814453125000000       -8.63413811E-02
   5.4873046875000000       -8.63229930E-02
   5.4931640625000000       -8.63048136E-02
   5.4990234375000000       -8.62868428E-02
   5.5048828125000000       -8.62691104E-02
   5.5107421875000000       -8.62515569E-02
   5.5166015625000000       -8.62342417E-02
   5.5224609375000000       -8.62171352E-02
   5.5283203125000000       -8.62002373E-02
   5.5341796875000000       -8.61835778E-02
   5.5400390625000000       -8.61670971E-02
   5.5458984375000000       -8.61508548E-02
   5.5517578125000000       -8.61347914E-02
   5.5576171875000000       -8.61189663E-02
   5.5634765625000000       -8.61033499E-02
   5.5693359375000000       -8.60879719E-02
   5.5751953125000000       -8.60727727E-02
   5.5810546875000000       -8.60577822E-02
   5.5869140625000000       -8.60430300E-02
   5.5927734375000000       -8.60284567E-02
   5.5986328125000000       -8.60141218E-02
   5.6044921875000000       -8.59999955E-02
   5.6103515625000000       -8.59860778E-02
   5.6162109375000000       -8.59723687E-02
   5.6220703125000000       -8.59588683E-02
   5.6279296875000000       -8.59455764E-02
   5.6337890625000000       -8.59324932E-02
   5.6396484375000000       -8.59196186E-02
   5.6455078125000000       -8.59069824E-02
   5.6513671875000000       -8.58945251E-02
   5.6572265625000000       -8.58822763E-02
   5.6630859375000000       -8.58702660E-02
   5.6689453125000000       -8.58584344E-02
   5.6748046875000000       -8.58468413E-02
   5.6806640625000000       -8.58354270E-02
   5.6865234375000000       -8.58242512E-02
   5.6923828125000000       -8.58132839E-02
   5.6982421875000000       -8.58024955E-02
   5.7041015625000000       -8.57919455E-02
   5.7099609375000000       -8.57816041E-02
   5.7158203125000000       -8.57714415E-02
   5.7216796875000000       -8.57615173E-02
   5.7275390625000000       -8.57518017E-02
   5.7333984375000000       -8.57422650E-02
   5.7392578125000000       -8.57329667E-02
   5.7451171875000000       -8.57238770E-02
   5.7509765625000000       -8.57149661E-02
   5.7568359375000000       -8.57062936E-02
   5.7626953125000000       -8.56978297E-02
   5.7685546875000000       -8.56895447E-02
   5.7744140625000000       -8.56814981E-02
   5.7802734375000000       -8.56736302E-02
   5.7861328125000000       -8.56660008E-02
   5.7919921875000000       -8.56585503E-02
   5.7978515625000000       -8.56513381E-02
   5.8037109375000000       -8.56443048E-02
   5.8095703125000000       -8.56374800E-02
   5.8154296875000000       -8.56308937E-02
   5.8212890625000000       -8.56244862E-02
   5.8271484375000000       -8.56182873E-02
   5.8330078125000000       -8.56122971E-02
   5.8388671875000000       -8.56065154E-02
   5.8447265625000000       -8.56009424E-02
   5.8505859375000000       -8.55955780E-02
   5.8564453125000000       -8.55904222E-02
   5.8623046875000000       -8.55854750E-02
   5.8681640625000000       -8.55807364E-02
   5.8740234375000000       -8.55762064E-02
   5.8798828125000000       -8.55718553E-02
   5.8857421875000000       -8.55677426E-02
   5.8916015625000000       -8.55638087E-02
   5.8974609375000000       -8.55601132E-02
   5.9033203125000000       -8.55565965E-02
   5.9091796875000000       -8.55533183E-02
   5.9150390625000000       -8.55502188E-02
   5.9208984375000000       -8.55473280E-02
   5.9267578125000000       -8.55446458E-02
   5.9326171875000000       -8.55421722E-02
   5.9384765625000000       -8.55399072E-02
   5.9443359375000000       -8.55378509E-02
   5.9501953125000000       -8.55360031E-02
   5.9560546875000000       -8.55343342E-02
   5.9619140625000000       -8.55329037E-02
   5.9677734375000000       -8.55316520E-02
   5.9736328125000000       -8.55306387E-02
   5.9794921875000000       -8.55298042E-02
   5.9853515625000000       -8.55291784E-02
   5.9912109375000000       -8.55287910E-02
   5.9970703125000000       -8.55285823E-02
   6.0029296875000000       -8.55285823E-02
   6.0087890625000000       -8.55287910E-02
   6.0146484375000000       -8.55291784E-02
   6.0205078125000000       -8.55298042E-02
   6.0263671875000000       -8.55306387E-02
   6.0322265625000000       -8.55316520E-02
   6.0380859375000000       -8.55329037E-02
   6.0439453125000000       -8.55343342E-02
   6.0498046875000000       -8.55360031E-02
   6.0556640625000000       -8.55378509E-02
   6.0615234375000000       -8.55399072E-02
   6.0673828125000000       -8.55421722E-02
   6.0732421875000000       -8.55446458E-02
   6.0791015625000000       -8.55473280E-02
   6.0849609375000000       -8.55502188E-02
   6.0908203125000000       -8.55533183E-02
   6.0966796875000000       -8.55565965E-02
   6.1025390625000000       -8.55601132E-02
   6.1083984375000000       -8.55638087E-02
   6.1142578125000000       -8.55677426E-02
   6.1201171875000000       -8.55718553E-02
   6.1259765625000000       -8.55762064E-02
   6.1318359375000000       -8.55807364E-02
   6.1376953125000000       -8.55854750E-02
   6.1435546875000000       -8.55904222E-02
   6.1494140625000000       -8.55955780E-02
   6.1552734375000000       -8.56009424E-02
   6.1611328125000000       -8.56065154E-02
   6.1669921875000000       -8.56122971E-02
   6.1728515625000000       -8.56182873E-02
   6.1787109375000000       -8.56244862E-02
   6.1845703125000000       -8.56308937E-02
   6.1904296875000000       -8.56374800E-02
   6.1962890625000000       -8.56443048E-02
   6.2021484375000000       -8.56513381E-02
   6.2080078125000000       -8.56585503E-02
   6.2138671875000000       -8.56660008E-02
   6.2197265625000000       -8.56736302E-02
   6.2255859375000000       -8.56814981E-02
   6.2314453125000000       -8.56895447E-02
   6.2373046875000000       -8.56978297E-02
   6.2431640625000000       -8.57062936E-02
   6.2490234375000000       -8.57149661E-02
   6.2548828125000000       -8.57238770E-02
   6.2607421875000000       -8.57329667E-02
   6.2666015625000000       -8.57422650E-02
   6.2724609375000000       -8.57518017E-02
   6.2783203125000000       -8.57615173E-02
   6.2841796875000000       -8.57714415E-02
   6.2900390625000000       -8.57816041E-02
   6.2958984375000000       -8.57919455E-02
   6.3017578125000000       -8.58024955E-02
   6.3076171875000000       -8.58132839E-02
   6.3134765625000000       -8.58242512E-02
   6.3193359375000000       -8.58354270E-02
   6.3251953125000000       -8.58468413E-02
   6.3310546875000000       -8.58584344E-02
   6.3369140625000000       -8.58702660E-02
   6.3427734375000000       -8.58822763E-02
   6.3486328125000000       -8.58945251E-02
   6.3544921875000000       -8.59069824E-02
   6.3603515625000000       -8.59196186E-02
   6.3662109375000000       -8.59324932E-02
   6.3720703125000000       -8.59455764E-02
   6.3779296875000000       -8.59588683E-02
   6.3837890625000000       -8.59723687E-02
   6.3896484375000000       -8.59860778E-02
   6.3955078125000000       -8.59999955E-02
   6.4013671875000000       -8.60141218E-02
   6.4072265625000000       -8.60284567E-02
   6.4130859375000000       -8.60430300E-02
   6.4189453125000000       -8.60577822E-02
   6.4248046875000000       -8.60727727E-02
   6.4306640625000000       -8.60879719E-02
   6.4365234375000000       -8.61033499E-02
   6.4423828125000000       -8.61189663E-02
   6.4482421875000000       -8.61347914E-02
   6.4541015625000000       -8.61508548E-02
   6.4599609375000000       -8.61670971E-02
   6.4658203125000000       -8.61835778E-02
   6.4716796875000000       -8.62002373E-02
   6.4775390625000000       -8.62171352E-02
   6.4833984375000000       -8.62342417E-02
   6.4892578125000000       -8.62515569E-02
   6.4951171875000000       -8.62691104E-02
   6.5009765625000000       -8.62868428E-02
   6.5068359375000000       -8.63048136E-02
   6.5126953125000000       -8.63229930E-02
   6.5185546875000000       -8.63413811E-02
   6.5244140625000000       -8.63599777E-02
   6.5302734375000000       -8.63788128E-02
   6.5361328125000000       -8.63978565E-02
   6.5419921875000000       -8.64171088E-02
   6.5478515625000000       -8.64365697E-02
   6.5537109375000000       -8.64562690E-02
   6.5595703125000000       -8.64761770E-02
   6.5654296875000000       -8.64962935E-02
   6.5712890625000000       -8.65166187E-02
   6.5771484375000000       -8.65371823E-02
   6.5830078125000000       -8.65579545E-02
   6.5888671875000000       -8.65789354E-02
   6.5947265625000000       -8.66001248E-02
   6.6005859375000000       -8.66215527E-02
   6.6064453125000000       -8.66431892E-02
   6.6123046875000000       -8.66650641E-02
   6.6181640625000000       -8.66871178E-02
   6.6240234375000000       -8.67094398E-02
   6.6298828125000000       -8.67319405E-02
   6.6357421875000000       -8.67546797E-02
   6.6416015625000000       -8.67776275E-02
   6.6474609375000000       -8.68008137E-02
   6.6533203125000000       -8.68242085E-02
   6.6591796875000000       -8.68478119E-02
   6.6650390625000000       -8.68716538E-02
   6.6708984375000000       -8.68957043E-02
   6.6767578125000000       -8.69199932E-02
   6.6826171875000000       -8.69444907E-02
   6.6884765625000000       -8.69691968E-02
   6.6943359375000000       -8.69941413E-02
   6.7001953125000000       -8.70192945E-02
   6.7060546875000000       -8.70446861E-02
   6.7119140625000000       -8.70703161E-02
   6.7177734375000000       -8.70961249E-02
   6.7236328125000000       -8.71222019E-02
   6.7294921875000000       -8.71484876E-02
   6.7353515625000000       -8.71749818E-02
   6.7412109375000000       -8.72017145E-02
   6.7470703125000000       -8.72286558E-02
   6.7529296875000000       -8.72558355E-02
   6.7587890625000000       -8.72832239E-02
   6.7646484375000000       -8.73108804E-02
   6.7705078125000000       -8.73387158E-02
   6.7763671875000000       -8.73667896E-02
   6.7822265625000000       -8.73951018E-02
   6.7880859375000000       -8.74236524E-02
   6.7939453125000000       -8.74524117E-02
   6.7998046875000000       -8.74813795E-02
   6.8056640625000000       -8.75106156E-02
   6.8115234375000000       -8.75400603E-02
   6.8173828125000000       -8.75697136E-02
   6.8232421875000000       -8.75996351E-02
   6.8291015625000000       -8.76297653E-02
   6.8349609375000000       -8.76601040E-02
   6.8408203125000000       -8.76907110E-02
   6.8466796875000000       -8.77215266E-02
   6.8525390625000000       -8.77525806E-02
   6.8583984375000000       -8.77838433E-02
   6.8642578125000000       -8.78153443E-02
   6.8701171875000000       -8.78471136E-02
   6.8759765625000000       -8.78790617E-02
   6.8818359375000000       -8.79112780E-02
   6.8876953125000000       -8.79437327E-02
   6.8935546875000000       -8.79763961E-02
   6.8994140625000000       -8.80092978E-02
   6.9052734375000000       -8.80424380E-02
   6.9111328125000000       -8.80758166E-02
   6.9169921875000000       -8.81094337E-02
   6.9228515625000000       -8.81432593E-02
   6.9287109375000000       -8.81773531E-02
   6.9345703125000000       -8.82116556E-02
   6.9404296875000000       -8.82461965E-02
   6.9462890625000000       -8.82809758E-02
   6.9521484375000000       -8.83160233E-02
   6.9580078125000000       -8.83512795E-02
   6.9638671875000000       -8.83867741E-02
   6.9697265625000000       -8.84225070E-02
   6.9755859375000000       -8.84584785E-02
   6.9814453125000000       -8.84946883E-02
   6.9873046875000000       -8.85311365E-02
   6.9931640625000000       -8.85678232E-02
   6.9990234375000000       -8.86047781E-02
   7.0048828125000000       -8.86419415E-02
   7.0107421875000000       -8.86793435E-02
   7.0166015625000000       -8.87170136E-02
   7.0224609375000000       -8.87548923E-02
   7.0283203125000000       -8.87930393E-02
   7.0341796875000000       -8.88314247E-02
   7.0400390625000000       -8.88700485E-02
   7.0458984375000000       -8.89089108E-02
   7.0517578125000000       -8.89480114E-02
   7.0576171875000000       -8.89873803E-02
   7.0634765625000000       -8.90269876E-02
   7.0693359375000000       -8.90668333E-02
   7.0751953125000000       -8.91069174E-02
   7.0810546875000000       -8.91472697E-02
   7.0869140625000000       -8.91878307E-02
   7.0927734375000000       -8.92286897E-02
   7.0986328125000000       -8.92697573E-02
   7.1044921875000000       -8.93110931E-02
   7.1103515625000000       -8.93526673E-02
   7.1162109375000000       -8.93944800E-02
   7.1220703125000000       -8.94365609E-02
   7.1279296875000000       -8.94788802E-02
   7.1337890625000000       -8.95214677E-02
   7.1396484375000000       -8.95642936E-02
   7.1455078125000000       -8.96073878E-02
   7.1513671875000000       -8.96507204E-02
   7.1572265625000000       -8.96942914E-02
   7.1630859375000000       -8.97381306E-02
   7.1689453125000000       -8.97822082E-02
   7.1748046875000000       -8.98265541E-02
   7.1806640625000000       -8.98711681E-02
   7.1865234375000000       -8.99160206E-02
   7.1923828125000000       -8.99611413E-02
   7.1982421875000000       -9.00065005E-02
   7.2041015625000000       -9.00521278E-02
   7.2099609375000000       -9.00979936E-02
   7.2158203125000000       -9.01441276E-02
   7.2216796875000000       -9.01905298E-02
   7.2275390625000000       -9.02372003E-02
   7.2333984375000000       -9.02841091E-02
   7.2392578125000000       -9.03312862E-02
   7.2451171875000000       -9.03787315E-02
   7.2509765625000000       -9.04264152E-02
   7.2568359375000000       -9.04743671E-02
   7.2626953125000000       -9.05225873E-02
   7.2685546875000000       -9.05710757E-02
   7.2744140625000000       -9.06198323E-02
   7.2802734375000000       -9.06688571E-02
   7.2861328125000000       -9.07181203E-02
   7.2919921875000000       -9.07676518E-02
   7.2978515625000000       -9.08174813E-02
   7.3037109375000000       -9.08675492E-02
   7.3095703125000000       -9.09178853E-02
   7.3154296875000000       -9.09684896E-02
   7.3212890625000000       -9.10193622E-02
   7.3271484375000000       -9.10705328E-02
   7.3330078125000000       -9.11219418E-02
   7.3388671875000000       -9.11736190E-02
   7.3447265625000000       -9.12255645E-02
   7.3505859375000000       -9.12778080E-02
   7.3564453125000000       -9.13302898E-02
   7.3623046875000000       -9.13830698E-02
   7.3681640625000000       -9.14361179E-02
   7.3740234375000000       -9.14894342E-02
   7.3798828125000000       -9.15430188E-02
   7.3857421875000000       -9.15969014E-02
   7.3916015625000000       -9.16510522E-02
   7.3974609375000000       -9.17054713E-02
   7.4033203125000000       -9.17601585E-02
   7.4091796875000000       -9.18151438E-02
   7.4150390625000000       -9.18703973E-02
   7.4208984375000000       -9.19259191E-02
   7.4267578125000000       -9.19817388E-02
   7.4326171875000000       -9.20378268E-02
   7.4384765625000000       -9.20942128E-02
   7.4443359375000000       -9.21508670E-02
   7.4501953125000000       -9.22077894E-02
   7.4560546875000000       -9.22650099E-02
   7.4619140625000000       -9.23225284E-02
   7.4677734375000000       -9.23803151E-02
   7.4736328125000000       -9.24383700E-02
   7.4794921875000000       -9.24967527E-02
   7.4853515625000000       -9.25554037E-02
   7.4912109375000000       -9.26143229E-02
   7.4970703125000000       -9.26735401E-02
   7.5029296875000000       -9.27330554E-02
   7.5087890625000000       -9.27928686E-02
   7.5146484375000000       -9.28529501E-02
   7.5205078125000000       -9.29133296E-02
   7.5263671875000000       -9.29740071E-02
   7.5322265625000000       -9.30349827E-02
   7.5380859375000000       -9.30962563E-02
   7.5439453125000000       -9.31577981E-02
   7.5498046875000000       -9.32196379E-02
   7.5556640625000000       -9.32818055E-02
   7.5615234375000000       -9.33442414E-02
   7.5673828125000000       -9.34069753E-02
   7.5732421875000000       -9.34700072E-02
   7.5791015625000000       -9.35333371E-02
   7.5849609375000000       -9.35969651E-02
   7.5908203125000000       -9.36609209E-02
   7.5966796875000000       -9.37251449E-02
   7.6025390625000000       -9.37896967E-02
   7.6083984375000000       -9.38545167E-02
   7.6142578125000000       -9.39196646E-02
   7.6201171875000000       -9.39851105E-02
   7.6259765625000000       -9.40508842E-02
   7.6318359375000000       -9.41169262E-02
   7.6376953125000000       -9.41832960E-02
   7.6435546875000000       -9.42499638E-02
   7.6494140625000000       -9.43169594E-02
   7.6552734375000000       -9.43842530E-02
   7.6611328125000000       -9.44518447E-02
   7.6669921875000000       -9.45197642E-02
   7.6728515625000000       -9.45879817E-02
   7.6787109375000000       -9.46565270E-02
   7.6845703125000000       -9.47253704E-02
   7.6904296875000000       -9.47945416E-02
   7.6962890625000000       -9.48640108E-02
   7.7021484375000000       -9.49338078E-02
   7.7080078125000000       -9.50039327E-02
   7.7138671875000000       -9.50743556E-02
   7.7197265625000000       -9.51451063E-02
   7.7255859375000000       -9.52161849E-02
   7.7314453125000000       -9.52875912E-02
   7.7373046875000000       -9.53592956E-02
   7.7431640625000000       -9.54313278E-02
   7.7490234375000000       -9.55036879E-02
   7.7548828125000000       -9.55763757E-02
   7.7607421875000000       -9.56493914E-02
   7.7666015625000000       -9.57227051E-02
   7.7724609375000000       -9.57963765E-02
   7.7783203125000000       -9.58703756E-02
   7.7841796875000000       -9.59447026E-02
   7.7900390625000000       -9.60193276E-02
   7.7958984375000000       -9.60943103E-02
   7.8017578125000000       -9.61696208E-02
   7.8076171875000000       -9.62452888E-02
   7.8134765625000000       -9.63212550E-02
   7.8193359375000000       -9.63975787E-02
   7.8251953125000000       -9.64742303E-02
   7.8310546875000000       -9.65512097E-02
   7.8369140625000000       -9.66285467E-02
   7.8427734375000000       -9.67062116E-02
   7.8486328125000000       -9.67842042E-02
   7.8544921875000000       -9.68625546E-02
   7.8603515625000000       -9.69412327E-02
   7.8662109375000000       -9.70202684E-02
   7.8720703125000000       -9.70996320E-02
   7.8779296875000000       -9.71793532E-02
   7.8837890625000000       -9.72594321E-02
   7.8896484375000000       -9.73398387E-02
   7.8955078125000000       -9.74206030E-02
   7.9013671875000000       -9.75016952E-02
   7.9072265625000000       -9.75831747E-02
   7.9130859375000000       -9.76649821E-02
   7.9189453125000000       -9.77471471E-02
   7.9248046875000000       -9.78296697E-02
   7.9306640625000000       -9.79125202E-02
   7.9365234375000000       -9.79957581E-02
   7.9423828125000000       -9.80793536E-02
   7.9482421875000000       -9.81632769E-02
   7.9541015625000000       -9.82475877E-02
   7.9599609375000000       -9.83322561E-02
   7.9658203125000000       -9.84172821E-02
   7.9716796875000000       -9.85026658E-02
   7.9775390625000000       -9.85884070E-02
   7.9833984375000000       -9.86745358E-02
   7.9892578125000000       -9.87610221E-02
   7.9951171875000000       -9.88478661E-02
   8.0009765625000000       -9.89350677E-02
   8.0068359375000000       -9.90226567E-02
   8.0126953125000000       -9.91106033E-02
   8.0185546875000000       -9.91989374E-02
   8.0244140625000000       -9.92876589E-02
   8.0302734375000000       -9.93767083E-02
   8.0361328125000000       -9.94661748E-02
   8.0419921875000000       -9.95559990E-02
   8.0478515625000000       -9.96462107E-02
   8.0537109375000000       -9.97367799E-02
   8.0595703125000000       -9.98277664E-02
   8.0654296875000000       -9.99191105E-02
   8.0712890625000000      -0.100010842    
   8.0771484375000000      -0.100102931    
   8.0830078125000000      -0.100195438    
   8.0888671875000000      -0.100288332    
   8.0947265625000000      -0.100381613    
   8.1005859375000000      -0.100475252    
   8.1064453125000000      -0.100569308    
   8.1123046875000000      -0.100663751    
   8.1181640625000000      -0.100758582    
   8.1240234375000000      -0.100853831    
   8.1298828125000000      -0.100949466    
   8.1357421875000000      -0.101045489    
   8.1416015625000000      -0.101141900    
   8.1474609375000000      -0.101238728    
   8.1533203125000000      -0.101335943    
   8.1591796875000000      -0.101433575    
   8.1650390625000000      -0.101531595    
   8.1708984375000000      -0.101630032    
   8.1767578125000000      -0.101728886    
   8.1826171875000000      -0.101828128    
   8.1884765625000000      -0.101927787    
   8.1943359375000000      -0.102027833    
   8.2001953125000000      -0.102128327    
   8.2060546875000000      -0.102229208    
   8.2119140625000000      -0.102330536    
   8.2177734375000000      -0.102432251    
   8.2236328125000000      -0.102534384    
   8.2294921875000000      -0.102636963    
   8.2353515625000000      -0.102739930    
   8.2412109375000000      -0.102843344    
   8.2470703125000000      -0.102947176    
   8.2529296875000000      -0.103051424    
   8.2587890625000000      -0.103156090    
   8.2646484375000000      -0.103261203    
   8.2705078125000000      -0.103366733    
   8.2763671875000000      -0.103472710    
   8.2822265625000000      -0.103579104    
   8.2880859375000000      -0.103685945    
   8.2939453125000000      -0.103793204    
   8.2998046875000000      -0.103900909    
   8.3056640625000000      -0.104009062    
   8.3115234375000000      -0.104117632    
   8.3173828125000000      -0.104226649    
   8.3232421875000000      -0.104336143    
   8.3291015625000000      -0.104446054    
   8.3349609375000000      -0.104556412    
   8.3408203125000000      -0.104667217    
   8.3466796875000000      -0.104778469    
   8.3525390625000000      -0.104890168    
   8.3583984375000000      -0.105002344    
   8.3642578125000000      -0.105114967    
   8.3701171875000000      -0.105228037    
   8.3759765625000000      -0.105341554    
   8.3818359375000000      -0.105455548    
   8.3876953125000000      -0.105569988    
   8.3935546875000000      -0.105684906    
   8.3994140625000000      -0.105800271    
   8.4052734375000000      -0.105916142    
   8.4111328125000000      -0.106032431    
   8.4169921875000000      -0.106149226    
   8.4228515625000000      -0.106266469    
   8.4287109375000000      -0.106384188    
   8.4345703125000000      -0.106502384    
   8.4404296875000000      -0.106621087    
   8.4462890625000000      -0.106740236    
   8.4521484375000000      -0.106859863    
   8.4580078125000000      -0.106979966    
   8.4638671875000000      -0.107100576    
   8.4697265625000000      -0.107221663    
   8.4755859375000000      -0.107343227    
   8.4814453125000000      -0.107465297    
   8.4873046875000000      -0.107587844    
   8.4931640625000000      -0.107710898    
   8.4990234375000000      -0.107834429    
   8.5048828125000000      -0.107958466    
   8.5107421875000000      -0.108083010    
   8.5166015625000000      -0.108208030    
   8.5224609375000000      -0.108333588    
   8.5283203125000000      -0.108459622    
   8.5341796875000000      -0.108586162    
   8.5400390625000000      -0.108713210    
   8.5458984375000000      -0.108840793    
   8.5517578125000000      -0.108968854    
   8.5576171875000000      -0.109097451    
   8.5634765625000000      -0.109226555    
   8.5693359375000000      -0.109356165    
   8.5751953125000000      -0.109486312    
   8.5810546875000000      -0.109616995    
   8.5869140625000000      -0.109748155    
   8.5927734375000000      -0.109879881    
   8.5986328125000000      -0.110012114    
   8.6044921875000000      -0.110144883    
   8.6103515625000000      -0.110278189    
   8.6162109375000000      -0.110412031    
   8.6220703125000000      -0.110546410    
   8.6279296875000000      -0.110681295    
   8.6337890625000000      -0.110816747    
   8.6396484375000000      -0.110952735    
   8.6455078125000000      -0.111089289    
   8.6513671875000000      -0.111226350    
   8.6572265625000000      -0.111363977    
   8.6630859375000000      -0.111502171    
   8.6689453125000000      -0.111640900    
   8.6748046875000000      -0.111780196    
   8.6806640625000000      -0.111920029    
   8.6865234375000000      -0.112060428    
   8.6923828125000000      -0.112201393    
   8.6982421875000000      -0.112342924    
   8.7041015625000000      -0.112485021    
   8.7099609375000000      -0.112627685    
   8.7158203125000000      -0.112770915    
   8.7216796875000000      -0.112914741    
   8.7275390625000000      -0.113059133    
   8.7333984375000000      -0.113204092    
   8.7392578125000000      -0.113349617    
   8.7451171875000000      -0.113495737    
   8.7509765625000000      -0.113642454    
   8.7568359375000000      -0.113789737    
   8.7626953125000000      -0.113937616    
   8.7685546875000000      -0.114086092    
   8.7744140625000000      -0.114235163    
   8.7802734375000000      -0.114384830    
   8.7861328125000000      -0.114535093    
   8.7919921875000000      -0.114685953    
   8.7978515625000000      -0.114837408    
   8.8037109375000000      -0.114989489    
   8.8095703125000000      -0.115142167    
   8.8154296875000000      -0.115295470    
   8.8212890625000000      -0.115449369    
   8.8271484375000000      -0.115603894    
   8.8330078125000000      -0.115759045    
   8.8388671875000000      -0.115914792    
   8.8447265625000000      -0.116071194    
   8.8505859375000000      -0.116228193    
   8.8564453125000000      -0.116385847    
   8.8623046875000000      -0.116544127    
   8.8681640625000000      -0.116703033    
   8.8740234375000000      -0.116862565    
   8.8798828125000000      -0.117022753    
   8.8857421875000000      -0.117183566    
   8.8916015625000000      -0.117345035    
   8.8974609375000000      -0.117507160    
   8.9033203125000000      -0.117669910    
   8.9091796875000000      -0.117833346    
   8.9150390625000000      -0.117997408    
   8.9208984375000000      -0.118162155    
   8.9267578125000000      -0.118327558    
   8.9326171875000000      -0.118493617    
   8.9384765625000000      -0.118660331    
   8.9443359375000000      -0.118827730    
   8.9501953125000000      -0.118995786    
   8.9560546875000000      -0.119164526    
   8.9619140625000000      -0.119333953    
   8.9677734375000000      -0.119504064    
   8.9736328125000000      -0.119674832    
   8.9794921875000000      -0.119846314    
   8.9853515625000000      -0.120018482    
   8.9912109375000000      -0.120191336    
   8.9970703125000000      -0.120364875    
   9.0029296875000000      -0.120539129    
   9.0087890625000000      -0.120714068    
   9.0146484375000000      -0.120889723    
   9.0205078125000000      -0.121066093    
   9.0263671875000000      -0.121243149    
   9.0322265625000000      -0.121420950    
   9.0380859375000000      -0.121599436    
   9.0439453125000000      -0.121778667    
   9.0498046875000000      -0.121958613    
   9.0556640625000000      -0.122139275    
   9.0615234375000000      -0.122320682    
   9.0673828125000000      -0.122502834    
   9.0732421875000000      -0.122685701    
   9.0791015625000000      -0.122869283    
   9.0849609375000000      -0.123053640    
   9.0908203125000000      -0.123238742    
   9.0966796875000000      -0.123424590    
   9.1025390625000000      -0.123611182    
   9.1083984375000000      -0.123798519    
   9.1142578125000000      -0.123986632    
   9.1201171875000000      -0.124175519    
   9.1259765625000000      -0.124365151    
   9.1318359375000000      -0.124555558    
   9.1376953125000000      -0.124746740    
   9.1435546875000000      -0.124938667    
   9.1494140625000000      -0.125131398    
   9.1552734375000000      -0.125324935    
   9.1611328125000000      -0.125519216    
   9.1669921875000000      -0.125714302    
   9.1728515625000000      -0.125910193    
   9.1787109375000000      -0.126106858    
   9.1845703125000000      -0.126304328    
   9.1904296875000000      -0.126502633    
   9.1962890625000000      -0.126701713    
   9.2021484375000000      -0.126901597    
   9.2080078125000000      -0.127102315    
   9.2138671875000000      -0.127303839    
   9.2197265625000000      -0.127506196    
   9.2255859375000000      -0.127709389    
   9.2314453125000000      -0.127913386    
   9.2373046875000000      -0.128118217    
   9.2431640625000000      -0.128323913    
   9.2490234375000000      -0.128530413    
   9.2548828125000000      -0.128737777    
   9.2607421875000000      -0.128945976    
   9.2666015625000000      -0.129155040    
   9.2724609375000000      -0.129364967    
   9.2783203125000000      -0.129575729    
   9.2841796875000000      -0.129787385    
   9.2900390625000000      -0.129999906    
   9.2958984375000000      -0.130213261    
   9.3017578125000000      -0.130427539    
   9.3076171875000000      -0.130642653    
   9.3134765625000000      -0.130858690    
   9.3193359375000000      -0.131075591    
   9.3251953125000000      -0.131293386    
   9.3310546875000000      -0.131512076    
   9.3369140625000000      -0.131731659    
   9.3427734375000000      -0.131952167    
   9.3486328125000000      -0.132173568    
   9.3544921875000000      -0.132395893    
   9.3603515625000000      -0.132619143    
   9.3662109375000000      -0.132843286    
   9.3720703125000000      -0.133068383    
   9.3779296875000000      -0.133294404    
   9.3837890625000000      -0.133521348    
   9.3896484375000000      -0.133749217    
   9.3955078125000000      -0.133978069    
   9.4013671875000000      -0.134207845    
   9.4072265625000000      -0.134438574    
   9.4130859375000000      -0.134670258    
   9.4189453125000000      -0.134902894    
   9.4248046875000000      -0.135136515    
   9.4306640625000000      -0.135371089    
   9.4365234375000000      -0.135606647    
   9.4423828125000000      -0.135843188    
   9.4482421875000000      -0.136080682    
   9.4541015625000000      -0.136319190    
   9.4599609375000000      -0.136558712    
   9.4658203125000000      -0.136799186    
   9.4716796875000000      -0.137040704    
   9.4775390625000000      -0.137283206    
   9.4833984375000000      -0.137526721    
   9.4892578125000000      -0.137771279    
   9.4951171875000000      -0.138016820    
   9.5009765625000000      -0.138263404    
   9.5068359375000000      -0.138511032    
   9.5126953125000000      -0.138759702    
   9.5185546875000000      -0.139009386    
   9.5244140625000000      -0.139260143    
   9.5302734375000000      -0.139511943    
   9.5361328125000000      -0.139764786    
   9.5419921875000000      -0.140018702    
   9.5478515625000000      -0.140273690    
   9.5537109375000000      -0.140529722    
   9.5595703125000000      -0.140786856    
   9.5654296875000000      -0.141045094    
   9.5712890625000000      -0.141304374    
   9.5771484375000000      -0.141564786    
   9.5830078125000000      -0.141826272    
   9.5888671875000000      -0.142088890    
   9.5947265625000000      -0.142352581    
   9.6005859375000000      -0.142617404    
   9.6064453125000000      -0.142883360    
   9.6123046875000000      -0.143150419    
   9.6181640625000000      -0.143418640    
   9.6240234375000000      -0.143687963    
   9.6298828125000000      -0.143958449    
   9.6357421875000000      -0.144230098    
   9.6416015625000000      -0.144502878    
   9.6474609375000000      -0.144776821    
   9.6533203125000000      -0.145051926    
   9.6591796875000000      -0.145328194    
   9.6650390625000000      -0.145605654    
   9.6708984375000000      -0.145884305    
   9.6767578125000000      -0.146164149    
   9.6826171875000000      -0.146445155    
   9.6884765625000000      -0.146727383    
   9.6943359375000000      -0.147010833    
   9.7001953125000000      -0.147295475    
   9.7060546875000000      -0.147581339    
   9.7119140625000000      -0.147868425    
   9.7177734375000000      -0.148156762    
   9.7236328125000000      -0.148446321    
   9.7294921875000000      -0.148737103    
   9.7353515625000000      -0.149029166    
   9.7412109375000000      -0.149322480    
   9.7470703125000000      -0.149617046    
   9.7529296875000000      -0.149912894    
   9.7587890625000000      -0.150209993    
   9.7646484375000000      -0.150508404    
   9.7705078125000000      -0.150808096    
   9.7763671875000000      -0.151109070    
   9.7822265625000000      -0.151411355    
   9.7880859375000000      -0.151714951    
   9.7939453125000000      -0.152019858    
   9.7998046875000000      -0.152326077    
   9.8056640625000000      -0.152633637    
   9.8115234375000000      -0.152942538    
   9.8173828125000000      -0.153252780    
   9.8232421875000000      -0.153564364    
   9.8291015625000000      -0.153877288    
   9.8349609375000000      -0.154191613    
   9.8408203125000000      -0.154507279    
   9.8466796875000000      -0.154824317    
   9.8525390625000000      -0.155142754    
   9.8583984375000000      -0.155462593    
   9.8642578125000000      -0.155783802    
   9.8701171875000000      -0.156106442    
   9.8759765625000000      -0.156430483    
   9.8818359375000000      -0.156755954    
   9.8876953125000000      -0.157082856    
   9.8935546875000000      -0.157411188    
   9.8994140625000000      -0.157740951    
   9.9052734375000000      -0.158072174    
   9.9111328125000000      -0.158404857    
   9.9169921875000000      -0.158739001    
   9.9228515625000000      -0.159074634    
   9.9287109375000000      -0.159411728    
   9.9345703125000000      -0.159750313    
   9.9404296875000000      -0.160090417    
   9.9462890625000000      -0.160432011    
   9.9521484375000000      -0.160775095    
   9.9580078125000000      -0.161119729    
   9.9638671875000000      -0.161465883    
   9.9697265625000000      -0.161813587    
   9.9755859375000000      -0.162162811    
   9.9814453125000000      -0.162513614    
   9.9873046875000000      -0.162865967    
   9.9931640625000000      -0.163219899    
   9.9990234375000000      -0.163575381    
   10.004882812500000      -0.163932472    
   10.010742187500000      -0.164291173    
   10.016601562500000      -0.164651453    
   10.022460937500000      -0.165013373    
   10.028320312500000      -0.165376872    
   10.034179687500000      -0.165742040    
   10.040039062500000      -0.166108817    
   10.045898437500000      -0.166477263    
   10.051757812500000      -0.166847378    
   10.057617187500000      -0.167219132    
   10.063476562500000      -0.167592555    
   10.069335937500000      -0.167967677    
   10.075195312500000      -0.168344498    
   10.081054687500000      -0.168723017    
   10.086914062500000      -0.169103235    
   10.092773437500000      -0.169485182    
   10.098632812500000      -0.169868886    
   10.104492187500000      -0.170254290    
   10.110351562500000      -0.170641452    
   10.116210937500000      -0.171030372    
   10.122070312500000      -0.171421081    
   10.127929687500000      -0.171813548    
   10.133789062500000      -0.172207803    
   10.139648437500000      -0.172603875    
   10.145507812500000      -0.173001736    
   10.151367187500000      -0.173401415    
   10.157226562500000      -0.173802942    
   10.163085937500000      -0.174206287    
   10.168945312500000      -0.174611479    
   10.174804687500000      -0.175018519    
   10.180664062500000      -0.175427467    
   10.186523437500000      -0.175838262    
   10.192382812500000      -0.176250964    
   10.198242187500000      -0.176665545    
   10.204101562500000      -0.177082062    
   10.209960937500000      -0.177500486    
   10.215820312500000      -0.177920818    
   10.221679687500000      -0.178343117    
   10.227539062500000      -0.178767383    
   10.233398437500000      -0.179193616    
   10.239257812500000      -0.179621786    
   10.245117187500000      -0.180051982    
   10.250976562500000      -0.180484176    
   10.256835937500000      -0.180918366    
   10.262695312500000      -0.181354553    
   10.268554687500000      -0.181792796    
   10.274414062500000      -0.182233095    
   10.280273437500000      -0.182675451    
   10.286132812500000      -0.183119863    
   10.291992187500000      -0.183566362    
   10.297851562500000      -0.184014916    
   10.303710937500000      -0.184465617    
   10.309570312500000      -0.184918404    
   10.315429687500000      -0.185373336    
   10.321289062500000      -0.185830414    
   10.327148437500000      -0.186289638    
   10.333007812500000      -0.186751008    
   10.338867187500000      -0.187214583    
   10.344726562500000      -0.187680334    
   10.350585937500000      -0.188148290    
   10.356445312500000      -0.188618451    
   10.362304687500000      -0.189090848    
   10.368164062500000      -0.189565480    
   10.374023437500000      -0.190042347    
   10.379882812500000      -0.190521508    
   10.385742187500000      -0.191002935    
   10.391601562500000      -0.191486657    
   10.397460937500000      -0.191972703    
   10.403320312500000      -0.192461044    
   10.409179687500000      -0.192951739    
   10.415039062500000      -0.193444788    
   10.420898437500000      -0.193940163    
   10.426757812500000      -0.194437951    
   10.432617187500000      -0.194938093    
   10.438476562500000      -0.195440650    
   10.444335937500000      -0.195945650    
   10.450195312500000      -0.196453035    
   10.456054687500000      -0.196962893    
   10.461914062500000      -0.197475225    
   10.467773437500000      -0.197990000    
   10.473632812500000      -0.198507279    
   10.479492187500000      -0.199027061    
   10.485351562500000      -0.199549377    
   10.491210937500000      -0.200074226    
   10.497070312500000      -0.200601608    
   10.502929687500000      -0.201131552    
   10.508789062500000      -0.201664090    
   10.514648437500000      -0.202199221    
   10.520507812500000      -0.202736974    
   10.526367187500000      -0.203277320    
   10.532226562500000      -0.203820348    
   10.538085937500000      -0.204365999    
   10.543945312500000      -0.204914361    
   10.549804687500000      -0.205465376    
   10.555664062500000      -0.206019133    
   10.561523437500000      -0.206575602    
   10.567382812500000      -0.207134813    
   10.573242187500000      -0.207696766    
   10.579101562500000      -0.208261520    
   10.584960937500000      -0.208829045    
   10.590820312500000      -0.209399372    
   10.596679687500000      -0.209972531    
   10.602539062500000      -0.210548550    
   10.608398437500000      -0.211127400    
   10.614257812500000      -0.211709142    
   10.620117187500000      -0.212293774    
   10.625976562500000      -0.212881327    
   10.631835937500000      -0.213471800    
   10.637695312500000      -0.214065254    
   10.643554687500000      -0.214661628    
   10.649414062500000      -0.215261012    
   10.655273437500000      -0.215863407    
   10.661132812500000      -0.216468811    
   10.666992187500000      -0.217077255    
   10.672851562500000      -0.217688769    
   10.678710937500000      -0.218303382    
   10.684570312500000      -0.218921065    
   10.690429687500000      -0.219541878    
   10.696289062500000      -0.220165819    
   10.702148437500000      -0.220792919    
   10.708007812500000      -0.221423209    
   10.713867187500000      -0.222056687    
   10.719726562500000      -0.222693413    
   10.725585937500000      -0.223333329    
   10.731445312500000      -0.223976523    
   10.737304687500000      -0.224623024    
   10.743164062500000      -0.225272775    
   10.749023437500000      -0.225925893    
   10.754882812500000      -0.226582319    
   10.760742187500000      -0.227242142    
   10.766601562500000      -0.227905303    
   10.772460937500000      -0.228571922    
   10.778320312500000      -0.229241937    
   10.784179687500000      -0.229915410    
   10.790039062500000      -0.230592370    
   10.795898437500000      -0.231272787    
   10.801757812500000      -0.231956750    
   10.807617187500000      -0.232644260    
   10.813476562500000      -0.233335316    
   10.819335937500000      -0.234029979    
   10.825195312500000      -0.234728217    
   10.831054687500000      -0.235430121    
   10.836914062500000      -0.236135662    
   10.842773437500000      -0.236844897    
   10.848632812500000      -0.237557828    
   10.854492187500000      -0.238274485    
   10.860351562500000      -0.238994896    
   10.866210937500000      -0.239719093    
   10.872070312500000      -0.240447074    
   10.877929687500000      -0.241178900    
   10.883789062500000      -0.241914570    
   10.889648437500000      -0.242654115    
   10.895507812500000      -0.243397564    
   10.901367187500000      -0.244144946    
   10.907226562500000      -0.244896293    
   10.913085937500000      -0.245651603    
   10.918945312500000      -0.246410936    
   10.924804687500000      -0.247174293    
   10.930664062500000      -0.247941703    
   10.936523437500000      -0.248713225    
   10.942382812500000      -0.249488831    
   10.948242187500000      -0.250268608    
   10.954101562500000      -0.251052558    
   10.959960937500000      -0.251840681    
   10.965820312500000      -0.252633035    
   10.971679687500000      -0.253429651    
   10.977539062500000      -0.254230559    
   10.983398437500000      -0.255035788    
   10.989257812500000      -0.255845338    
   10.995117187500000      -0.256659269    
   11.000976562500000      -0.257477582    
   11.006835937500000      -0.258300364    
   11.012695312500000      -0.259127587    
   11.018554687500000      -0.259959310    
   11.024414062500000      -0.260795534    
   11.030273437500000      -0.261636347    
   11.036132812500000      -0.262481719    
   11.041992187500000      -0.263331711    
   11.047851562500000      -0.264186352    
   11.053710937500000      -0.265045673    
   11.059570312500000      -0.265909702    
   11.065429687500000      -0.266778469    
   11.071289062500000      -0.267652035    
   11.077148437500000      -0.268530399    
   11.083007812500000      -0.269413590    
   11.088867187500000      -0.270301700    
   11.094726562500000      -0.271194696    
   11.100585937500000      -0.272092640    
   11.106445312500000      -0.272995591    
   11.112304687500000      -0.273903519    
   11.118164062500000      -0.274816513    
   11.124023437500000      -0.275734603    
   11.129882812500000      -0.276657790    
   11.135742187500000      -0.277586162    
   11.141601562500000      -0.278519690    
   11.147460937500000      -0.279458463    
   11.153320312500000      -0.280402541    
   11.159179687500000      -0.281351894    
   11.165039062500000      -0.282306582    
   11.170898437500000      -0.283266664    
   11.176757812500000      -0.284232169    
   11.182617187500000      -0.285203129    
   11.188476562500000      -0.286179602    
   11.194335937500000      -0.287161589    
   11.200195312500000      -0.288149148    
   11.206054687500000      -0.289142311    
   11.211914062500000      -0.290141165    
   11.217773437500000      -0.291145712    
   11.223632812500000      -0.292155981    
   11.229492187500000      -0.293172061    
   11.235351562500000      -0.294193923    
   11.241210937500000      -0.295221686    
   11.247070312500000      -0.296255350    
   11.252929687500000      -0.297294945    
   11.258789062500000      -0.298340559    
   11.264648437500000      -0.299392164    
   11.270507812500000      -0.300449908    
   11.276367187500000      -0.301513731    
   11.282226562500000      -0.302583754    
   11.288085937500000      -0.303660005    
   11.293945312500000      -0.304742485    
   11.299804687500000      -0.305831313    
   11.305664062500000      -0.306926459    
   11.311523437500000      -0.308028042    
   11.317382812500000      -0.309136033    
   11.323242187500000      -0.310250551    
   11.329101562500000      -0.311371624    
   11.334960937500000      -0.312499285    
   11.340820312500000      -0.313633591    
   11.346679687500000      -0.314774573    
   11.352539062500000      -0.315922320    
   11.358398437500000      -0.317076862    
   11.364257812500000      -0.318238258    
   11.370117187500000      -0.319406569    
   11.375976562500000      -0.320581794    
   11.381835937500000      -0.321764052    
   11.387695312500000      -0.322953343    
   11.393554687500000      -0.324149758    
   11.399414062500000      -0.325353354    
   11.405273437500000      -0.326564133    
   11.411132812500000      -0.327782214    
   11.416992187500000      -0.329007626    
   11.422851562500000      -0.330240428    
   11.428710937500000      -0.331480682    
   11.434570312500000      -0.332728416    
   11.440429687500000      -0.333983719    
   11.446289062500000      -0.335246623    
   11.452148437500000      -0.336517215    
   11.458007812500000      -0.337795556    
   11.463867187500000      -0.339081705    
   11.469726562500000      -0.340375692    
   11.475585937500000      -0.341677606    
   11.481445312500000      -0.342987478    
   11.487304687500000      -0.344305426    
   11.493164062500000      -0.345631480    
   11.499023437500000      -0.346965700    
   11.504882812500000      -0.348308146    
   11.510742187500000      -0.349658906    
   11.516601562500000      -0.351018012    
   11.522460937500000      -0.352385551    
   11.528320312500000      -0.353761613    
   11.534179687500000      -0.355146229    
   11.540039062500000      -0.356539488    
   11.545898437500000      -0.357941449    
   11.551757812500000      -0.359352171    
   11.557617187500000      -0.360771716    
   11.563476562500000      -0.362200230    
   11.569335937500000      -0.363637716    
   11.575195312500000      -0.365084231    
   11.581054687500000      -0.366539925    
   11.586914062500000      -0.368004799    
   11.592773437500000      -0.369478971    
   11.598632812500000      -0.370962501    
   11.604492187500000      -0.372455448    
   11.610351562500000      -0.373957932    
   11.616210937500000      -0.375469983    
   11.622070312500000      -0.376991689    
   11.627929687500000      -0.378523171    
   11.633789062500000      -0.380064458    
   11.639648437500000      -0.381615669    
   11.645507812500000      -0.383176863    
   11.651367187500000      -0.384748131    
   11.657226562500000      -0.386329561    
   11.663085937500000      -0.387921244    
   11.668945312500000      -0.389523238    
   11.674804687500000      -0.391135663    
   11.680664062500000      -0.392758548    
   11.686523437500000      -0.394392073    
   11.692382812500000      -0.396036237    
   11.698242187500000      -0.397691190    
   11.704101562500000      -0.399356991    
   11.709960937500000      -0.401033729    
   11.715820312500000      -0.402721524    
   11.721679687500000      -0.404420465    
   11.727539062500000      -0.406130612    
   11.733398437500000      -0.407852113    
   11.739257812500000      -0.409585029    
   11.745117187500000      -0.411329448    
   11.750976562500000      -0.413085520    
   11.756835937500000      -0.414853305    
   11.762695312500000      -0.416632891    
   11.768554687500000      -0.418424398    
   11.774414062500000      -0.420227945    
   11.780273437500000      -0.422043622    
   11.786132812500000      -0.423871547    
   11.791992187500000      -0.425711811    
   11.797851562500000      -0.427564532    
   11.803710937500000      -0.429429770    
   11.809570312500000      -0.431307733    
   11.815429687500000      -0.433198452    
   11.821289062500000      -0.435102046    
   11.827148437500000      -0.437018663    
   11.833007812500000      -0.438948423    
   11.838867187500000      -0.440891385    
   11.844726562500000      -0.442847729    
   11.850585937500000      -0.444817543    
   11.856445312500000      -0.446800947    
   11.862304687500000      -0.448798090    
   11.868164062500000      -0.450809062    
   11.874023437500000      -0.452833980    
   11.879882812500000      -0.454872996    
   11.885742187500000      -0.456926227    
   11.891601562500000      -0.458993822    
   11.897460937500000      -0.461075872    
   11.903320312500000      -0.463172525    
   11.909179687500000      -0.465283930    
   11.915039062500000      -0.467410207    
   11.920898437500000      -0.469551474    
   11.926757812500000      -0.471707910    
   11.932617187500000      -0.473879635    
   11.938476562500000      -0.476066798    
   11.944335937500000      -0.478269488    
   11.950195312500000      -0.480487943    
   11.956054687500000      -0.482722193    
   11.961914062500000      -0.484972507    
   11.967773437500000      -0.487238944    
   11.973632812500000      -0.489521712    
   11.979492187500000      -0.491820902    
   11.985351562500000      -0.494136781    
   11.991210937500000      -0.496469229    
   11.997070312500000      -0.498819113    
