   2.9296875000000000E-003 -0.498802423    
   8.7890625000000000E-003 -0.496419102    
   1.4648437500000000E-002 -0.494053215    
   2.0507812500000000E-002 -0.491703928    
   2.6367187500000000E-002 -0.489371389    
   3.2226562500000000E-002 -0.487055272    
   3.8085937500000000E-002 -0.484755546    
   4.3945312500000000E-002 -0.482472003    
   4.9804687500000000E-002 -0.480204552    
   5.5664062500000000E-002 -0.477952987    
   6.1523437500000000E-002 -0.475717217    
   6.7382812500000000E-002 -0.473497093    
   7.3242187500000000E-002 -0.471292466    
   7.9101562500000000E-002 -0.469103217    
   8.4960937500000000E-002 -0.466929197    
   9.0820312500000000E-002 -0.464770287    
   9.6679687500000000E-002 -0.462626368    
  0.10253906250000000      -0.460497290    
  0.10839843750000000      -0.458382934    
  0.11425781250000000      -0.456283152    
  0.12011718750000000      -0.454197854    
  0.12597656250000000      -0.452126890    
  0.13183593750000000      -0.450070143    
  0.13769531250000000      -0.448027492    
  0.14355468750000000      -0.445998847    
  0.14941406250000000      -0.443984032    
  0.15527343750000000      -0.441982955    
  0.16113281250000000      -0.439995527    
  0.16699218750000000      -0.438021600    
  0.17285156250000000      -0.436061054    
  0.17871093750000000      -0.434113801    
  0.18457031250000000      -0.432179719    
  0.19042968750000000      -0.430258691    
  0.19628906250000000      -0.428350627    
  0.20214843750000000      -0.426455379    
  0.20800781250000000      -0.424572885    
  0.21386718750000000      -0.422702998    
  0.21972656250000000      -0.420845658    
  0.22558593750000000      -0.419000715    
  0.23144531250000000      -0.417168081    
  0.23730468750000000      -0.415347695    
  0.24316406250000000      -0.413539380    
  0.24902343750000000      -0.411743104    
  0.25488281250000000      -0.409958720    
  0.26074218750000000      -0.408186167    
  0.26660156250000000      -0.406425327    
  0.27246093750000000      -0.404676110    
  0.27832031250000000      -0.402938396    
  0.28417968750000000      -0.401212126    
  0.29003906250000000      -0.399497211    
  0.29589843750000000      -0.397793502    
  0.30175781250000000      -0.396100968    
  0.30761718750000000      -0.394419491    
  0.31347656250000000      -0.392749012    
  0.31933593750000000      -0.391089380    
  0.32519531250000000      -0.389440566    
  0.33105468750000000      -0.387802452    
  0.33691406250000000      -0.386174977    
  0.34277343750000000      -0.384558022    
  0.34863281250000000      -0.382951498    
  0.35449218750000000      -0.381355375    
  0.36035156250000000      -0.379769534    
  0.36621093750000000      -0.378193885    
  0.37207031250000000      -0.376628369    
  0.37792968750000000      -0.375072867    
  0.38378906250000000      -0.373527348    
  0.38964843750000000      -0.371991694    
  0.39550781250000000      -0.370465875    
  0.40136718750000000      -0.368949771    
  0.40722656250000000      -0.367443293    
  0.41308593750000000      -0.365946412    
  0.41894531250000000      -0.364458978    
  0.42480468750000000      -0.362981021    
  0.43066406250000000      -0.361512393    
  0.43652343750000000      -0.360053062    
  0.44238281250000000      -0.358602911    
  0.44824218750000000      -0.357161880    
  0.45410156250000000      -0.355729908    
  0.45996093750000000      -0.354306936    
  0.46582031250000000      -0.352892876    
  0.47167968750000000      -0.351487696    
  0.47753906250000000      -0.350091249    
  0.48339843750000000      -0.348703533    
  0.48925781250000000      -0.347324461    
  0.49511718750000000      -0.345953971    
  0.50097656250000000      -0.344592005    
  0.50683593750000000      -0.343238473    
  0.51269531250000000      -0.341893315    
  0.51855468750000000      -0.340556473    
  0.52441406250000000      -0.339227885    
  0.53027343750000000      -0.337907493    
  0.53613281250000000      -0.336595237    
  0.54199218750000000      -0.335291028    
  0.54785156250000000      -0.333994836    
  0.55371093750000000      -0.332706571    
  0.55957031250000000      -0.331426203    
  0.56542968750000000      -0.330153674    
  0.57128906250000000      -0.328888893    
  0.57714843750000000      -0.327631801    
  0.58300781250000000      -0.326382369    
  0.58886718750000000      -0.325140536    
  0.59472656250000000      -0.323906243    
  0.60058593750000000      -0.322679400    
  0.60644531250000000      -0.321459979    
  0.61230468750000000      -0.320247948    
  0.61816406250000000      -0.319043189    
  0.62402343750000000      -0.317845702    
  0.62988281250000000      -0.316655397    
  0.63574218750000000      -0.315472275    
  0.64160156250000000      -0.314296246    
  0.64746093750000000      -0.313127220    
  0.65332031250000000      -0.311965227    
  0.65917968750000000      -0.310810149    
  0.66503906250000000      -0.309661925    
  0.67089843750000000      -0.308520555    
  0.67675781250000000      -0.307385981    
  0.68261718750000000      -0.306258172    
  0.68847656250000000      -0.305137008    
  0.69433593750000000      -0.304022491    
  0.70019531250000000      -0.302914560    
  0.70605468750000000      -0.301813185    
  0.71191406250000000      -0.300718248    
  0.71777343750000000      -0.299629807    
  0.72363281250000000      -0.298547745    
  0.72949218750000000      -0.297472030    
  0.73535156250000000      -0.296402633    
  0.74121093750000000      -0.295339495    
  0.74707031250000000      -0.294282556    
  0.75292968750000000      -0.293231785    
  0.75878906250000000      -0.292187154    
  0.76464843750000000      -0.291148603    
  0.77050781250000000      -0.290116072    
  0.77636718750000000      -0.289089531    
  0.78222656250000000      -0.288068950    
  0.78808593750000000      -0.287054271    
  0.79394531250000000      -0.286045462    
  0.79980468750000000      -0.285042465    
  0.80566406250000000      -0.284045279    
  0.81152343750000000      -0.283053815    
  0.81738281250000000      -0.282068014    
  0.82324218750000000      -0.281087935    
  0.82910156250000000      -0.280113429    
  0.83496093750000000      -0.279144526    
  0.84082031250000000      -0.278181136    
  0.84667968750000000      -0.277223289    
  0.85253906250000000      -0.276270866    
  0.85839843750000000      -0.275323868    
  0.86425781250000000      -0.274382293    
  0.87011718750000000      -0.273446023    
  0.87597656250000000      -0.272515059    
  0.88183593750000000      -0.271589398    
  0.88769531250000000      -0.270668924    
  0.89355468750000000      -0.269753695    
  0.89941406250000000      -0.268843621    
  0.90527343750000000      -0.267938673    
  0.91113281250000000      -0.267038822    
  0.91699218750000000      -0.266143978    
  0.92285156250000000      -0.265254200    
  0.92871093750000000      -0.264369398    
  0.93457031250000000      -0.263489544    
  0.94042968750000000      -0.262614608    
  0.94628906250000000      -0.261744559    
  0.95214843750000000      -0.260879338    
  0.95800781250000000      -0.260018945    
  0.96386718750000000      -0.259163350    
  0.96972656250000000      -0.258312494    
  0.97558593750000000      -0.257466346    
  0.98144531250000000      -0.256624877    
  0.98730468750000000      -0.255788088    
  0.99316406250000000      -0.254955888    
  0.99902343750000000      -0.254128337    
   1.0048828125000000      -0.253305286    
   1.0107421875000000      -0.252486765    
   1.0166015625000000      -0.251672745    
   1.0224609375000000      -0.250863194    
   1.0283203125000000      -0.250058115    
   1.0341796875000000      -0.249257416    
   1.0400390625000000      -0.248461068    
   1.0458984375000000      -0.247669101    
   1.0517578125000000      -0.246881425    
   1.0576171875000000      -0.246098042    
   1.0634765625000000      -0.245318919    
   1.0693359375000000      -0.244544059    
   1.0751953125000000      -0.243773371    
   1.0810546875000000      -0.243006855    
   1.0869140625000000      -0.242244482    
   1.0927734375000000      -0.241486251    
   1.0986328125000000      -0.240732104    
   1.1044921875000000      -0.239982009    
   1.1103515625000000      -0.239235938    
   1.1162109375000000      -0.238493919    
   1.1220703125000000      -0.237755835    
   1.1279296875000000      -0.237021744    
   1.1337890625000000      -0.236291587    
   1.1396484375000000      -0.235565305    
   1.1455078125000000      -0.234842926    
   1.1513671875000000      -0.234124392    
   1.1572265625000000      -0.233409703    
   1.1630859375000000      -0.232698798    
   1.1689453125000000      -0.231991678    
   1.1748046875000000      -0.231288314    
   1.1806640625000000      -0.230588675    
   1.1865234375000000      -0.229892731    
   1.1923828125000000      -0.229200482    
   1.1982421875000000      -0.228511870    
   1.2041015625000000      -0.227826923    
   1.2099609375000000      -0.227145553    
   1.2158203125000000      -0.226467788    
   1.2216796875000000      -0.225793600    
   1.2275390625000000      -0.225122929    
   1.2333984375000000      -0.224455774    
   1.2392578125000000      -0.223792106    
   1.2451171875000000      -0.223131925    
   1.2509765625000000      -0.222475201    
   1.2568359375000000      -0.221821874    
   1.2626953125000000      -0.221171975    
   1.2685546875000000      -0.220525444    
   1.2744140625000000      -0.219882309    
   1.2802734375000000      -0.219242483    
   1.2861328125000000      -0.218605965    
   1.2919921875000000      -0.217972755    
   1.2978515625000000      -0.217342854    
   1.3037109375000000      -0.216716170    
   1.3095703125000000      -0.216092736    
   1.3154296875000000      -0.215472490    
   1.3212890625000000      -0.214855462    
   1.3271484375000000      -0.214241624    
   1.3330078125000000      -0.213630915    
   1.3388671875000000      -0.213023335    
   1.3447265625000000      -0.212418884    
   1.3505859375000000      -0.211817533    
   1.3564453125000000      -0.211219221    
   1.3623046875000000      -0.210624009    
   1.3681640625000000      -0.210031807    
   1.3740234375000000      -0.209442616    
   1.3798828125000000      -0.208856434    
   1.3857421875000000      -0.208273232    
   1.3916015625000000      -0.207693011    
   1.3974609375000000      -0.207115710    
   1.4033203125000000      -0.206541330    
   1.4091796875000000      -0.205969870    
   1.4150390625000000      -0.205401272    
   1.4208984375000000      -0.204835564    
   1.4267578125000000      -0.204272717    
   1.4326171875000000      -0.203712702    
   1.4384765625000000      -0.203155488    
   1.4443359375000000      -0.202601075    
   1.4501953125000000      -0.202049464    
   1.4560546875000000      -0.201500595    
   1.4619140625000000      -0.200954497    
   1.4677734375000000      -0.200411111    
   1.4736328125000000      -0.199870437    
   1.4794921875000000      -0.199332476    
   1.4853515625000000      -0.198797196    
   1.4912109375000000      -0.198264569    
   1.4970703125000000      -0.197734594    
   1.5029296875000000      -0.197207242    
   1.5087890625000000      -0.196682543    
   1.5146484375000000      -0.196160406    
   1.5205078125000000      -0.195640862    
   1.5263671875000000      -0.195123911    
   1.5322265625000000      -0.194609493    
   1.5380859375000000      -0.194097608    
   1.5439453125000000      -0.193588257    
   1.5498046875000000      -0.193081409    
   1.5556640625000000      -0.192577064    
   1.5615234375000000      -0.192075193    
   1.5673828125000000      -0.191575766    
   1.5732421875000000      -0.191078812    
   1.5791015625000000      -0.190584272    
   1.5849609375000000      -0.190092146    
   1.5908203125000000      -0.189602435    
   1.5966796875000000      -0.189115137    
   1.6025390625000000      -0.188630164    
   1.6083984375000000      -0.188147604    
   1.6142578125000000      -0.187667370    
   1.6201171875000000      -0.187189460    
   1.6259765625000000      -0.186713874    
   1.6318359375000000      -0.186240584    
   1.6376953125000000      -0.185769618    
   1.6435546875000000      -0.185300887    
   1.6494140625000000      -0.184834450    
   1.6552734375000000      -0.184370279    
   1.6611328125000000      -0.183908314    
   1.6669921875000000      -0.183448583    
   1.6728515625000000      -0.182991058    
   1.6787109375000000      -0.182535768    
   1.6845703125000000      -0.182082623    
   1.6904296875000000      -0.181631684    
   1.6962890625000000      -0.181182861    
   1.7021484375000000      -0.180736214    
   1.7080078125000000      -0.180291712    
   1.7138671875000000      -0.179849327    
   1.7197265625000000      -0.179409057    
   1.7255859375000000      -0.178970873    
   1.7314453125000000      -0.178534776    
   1.7373046875000000      -0.178100765    
   1.7431640625000000      -0.177668810    
   1.7490234375000000      -0.177238882    
   1.7548828125000000      -0.176811010    
   1.7607421875000000      -0.176385164    
   1.7666015625000000      -0.175961345    
   1.7724609375000000      -0.175539523    
   1.7783203125000000      -0.175119698    
   1.7841796875000000      -0.174701840    
   1.7900390625000000      -0.174285948    
   1.7958984375000000      -0.173872024    
   1.8017578125000000      -0.173460066    
   1.8076171875000000      -0.173050016    
   1.8134765625000000      -0.172641903    
   1.8193359375000000      -0.172235698    
   1.8251953125000000      -0.171831399    
   1.8310546875000000      -0.171428978    
   1.8369140625000000      -0.171028435    
   1.8427734375000000      -0.170629770    
   1.8486328125000000      -0.170232981    
   1.8544921875000000      -0.169838041    
   1.8603515625000000      -0.169444919    
   1.8662109375000000      -0.169053644    
   1.8720703125000000      -0.168664157    
   1.8779296875000000      -0.168276519    
   1.8837890625000000      -0.167890638    
   1.8896484375000000      -0.167506576    
   1.8955078125000000      -0.167124271    
   1.9013671875000000      -0.166743755    
   1.9072265625000000      -0.166364968    
   1.9130859375000000      -0.165987968    
   1.9189453125000000      -0.165612668    
   1.9248046875000000      -0.165239125    
   1.9306640625000000      -0.164867282    
   1.9365234375000000      -0.164497137    
   1.9423828125000000      -0.164128721    
   1.9482421875000000      -0.163761973    
   1.9541015625000000      -0.163396925    
   1.9599609375000000      -0.163033545    
   1.9658203125000000      -0.162671804    
   1.9716796875000000      -0.162311733    
   1.9775390625000000      -0.161953330    
   1.9833984375000000      -0.161596537    
   1.9892578125000000      -0.161241353    
   1.9951171875000000      -0.160887808    
   2.0009765625000000      -0.160535872    
   2.0068359375000000      -0.160185516    
   2.0126953125000000      -0.159836769    
   2.0185546875000000      -0.159489602    
   2.0244140625000000      -0.159144014    
   2.0302734375000000      -0.158799976    
   2.0361328125000000      -0.158457518    
   2.0419921875000000      -0.158116579    
   2.0478515625000000      -0.157777190    
   2.0537109375000000      -0.157439351    
   2.0595703125000000      -0.157103002    
   2.0654296875000000      -0.156768203    
   2.0712890625000000      -0.156434894    
   2.0771484375000000      -0.156103075    
   2.0830078125000000      -0.155772746    
   2.0888671875000000      -0.155443907    
   2.0947265625000000      -0.155116528    
   2.1005859375000000      -0.154790640    
   2.1064453125000000      -0.154466182    
   2.1123046875000000      -0.154143184    
   2.1181640625000000      -0.153821647    
   2.1240234375000000      -0.153501540    
   2.1298828125000000      -0.153182834    
   2.1357421875000000      -0.152865559    
   2.1416015625000000      -0.152549714    
   2.1474609375000000      -0.152235270    
   2.1533203125000000      -0.151922196    
   2.1591796875000000      -0.151610553    
   2.1650390625000000      -0.151300251    
   2.1708984375000000      -0.150991350    
   2.1767578125000000      -0.150683820    
   2.1826171875000000      -0.150377631    
   2.1884765625000000      -0.150072813    
   2.1943359375000000      -0.149769336    
   2.2001953125000000      -0.149467200    
   2.2060546875000000      -0.149166375    
   2.2119140625000000      -0.148866892    
   2.2177734375000000      -0.148568749    
   2.2236328125000000      -0.148271888    
   2.2294921875000000      -0.147976339    
   2.2353515625000000      -0.147682071    
   2.2412109375000000      -0.147389114    
   2.2470703125000000      -0.147097439    
   2.2529296875000000      -0.146807045    
   2.2587890625000000      -0.146517932    
   2.2646484375000000      -0.146230072    
   2.2705078125000000      -0.145943463    
   2.2763671875000000      -0.145658106    
   2.2822265625000000      -0.145374000    
   2.2880859375000000      -0.145091116    
   2.2939453125000000      -0.144809484    
   2.2998046875000000      -0.144529074    
   2.3056640625000000      -0.144249886    
   2.3115234375000000      -0.143971890    
   2.3173828125000000      -0.143695116    
   2.3232421875000000      -0.143419534    
   2.3291015625000000      -0.143145174    
   2.3349609375000000      -0.142871976    
   2.3408203125000000      -0.142599970    
   2.3466796875000000      -0.142329127    
   2.3525390625000000      -0.142059475    
   2.3583984375000000      -0.141790986    
   2.3642578125000000      -0.141523629    
   2.3701171875000000      -0.141257465    
   2.3759765625000000      -0.140992403    
   2.3818359375000000      -0.140728503    
   2.3876953125000000      -0.140465766    
   2.3935546875000000      -0.140204132    
   2.3994140625000000      -0.139943600    
   2.4052734375000000      -0.139684230    
   2.4111328125000000      -0.139425933    
   2.4169921875000000      -0.139168769    
   2.4228515625000000      -0.138912708    
   2.4287109375000000      -0.138657719    
   2.4345703125000000      -0.138403833    
   2.4404296875000000      -0.138151020    
   2.4462890625000000      -0.137899309    
   2.4521484375000000      -0.137648672    
   2.4580078125000000      -0.137399077    
   2.4638671875000000      -0.137150586    
   2.4697265625000000      -0.136903107    
   2.4755859375000000      -0.136656702    
   2.4814453125000000      -0.136411369    
   2.4873046875000000      -0.136167049    
   2.4931640625000000      -0.135923773    
   2.4990234375000000      -0.135681540    
   2.5048828125000000      -0.135440320    
   2.5107421875000000      -0.135200113    
   2.5166015625000000      -0.134960949    
   2.5224609375000000      -0.134722769    
   2.5283203125000000      -0.134485632    
   2.5341796875000000      -0.134249479    
   2.5400390625000000      -0.134014308    
   2.5458984375000000      -0.133780152    
   2.5517578125000000      -0.133546978    
   2.5576171875000000      -0.133314759    
   2.5634765625000000      -0.133083552    
   2.5693359375000000      -0.132853299    
   2.5751953125000000      -0.132624030    
   2.5810546875000000      -0.132395715    
   2.5869140625000000      -0.132168382    
   2.5927734375000000      -0.131941974    
   2.5986328125000000      -0.131716520    
   2.6044921875000000      -0.131492019    
   2.6103515625000000      -0.131268471    
   2.6162109375000000      -0.131045848    
   2.6220703125000000      -0.130824149    
   2.6279296875000000      -0.130603373    
   2.6337890625000000      -0.130383551    
   2.6396484375000000      -0.130164623    
   2.6455078125000000      -0.129946619    
   2.6513671875000000      -0.129729509    
   2.6572265625000000      -0.129513323    
   2.6630859375000000      -0.129298031    
   2.6689453125000000      -0.129083633    
   2.6748046875000000      -0.128870130    
   2.6806640625000000      -0.128657520    
   2.6865234375000000      -0.128445774    
   2.6923828125000000      -0.128234923    
   2.6982421875000000      -0.128024966    
   2.7041015625000000      -0.127815843    
   2.7099609375000000      -0.127607614    
   2.7158203125000000      -0.127400249    
   2.7216796875000000      -0.127193749    
   2.7275390625000000      -0.126988083    
   2.7333984375000000      -0.126783282    
   2.7392578125000000      -0.126579314    
   2.7451171875000000      -0.126376212    
   2.7509765625000000      -0.126173943    
   2.7568359375000000      -0.125972509    
   2.7626953125000000      -0.125771880    
   2.7685546875000000      -0.125572115    
   2.7744140625000000      -0.125373155    
   2.7802734375000000      -0.125175029    
   2.7861328125000000      -0.124977708    
   2.7919921875000000      -0.124781221    
   2.7978515625000000      -0.124585509    
   2.8037109375000000      -0.124390632    
   2.8095703125000000      -0.124196529    
   2.8154296875000000      -0.124003232    
   2.8212890625000000      -0.123810738    
   2.8271484375000000      -0.123619050    
   2.8330078125000000      -0.123428136    
   2.8388671875000000      -0.123237997    
   2.8447265625000000      -0.123048633    
   2.8505859375000000      -0.122860074    
   2.8564453125000000      -0.122672260    
   2.8623046875000000      -0.122485220    
   2.8681640625000000      -0.122298956    
   2.8740234375000000      -0.122113436    
   2.8798828125000000      -0.121928692    
   2.8857421875000000      -0.121744692    
   2.8916015625000000      -0.121561468    
   2.8974609375000000      -0.121378958    
   2.9033203125000000      -0.121197224    
   2.9091796875000000      -0.121016204    
   2.9150390625000000      -0.120835960    
   2.9208984375000000      -0.120656431    
   2.9267578125000000      -0.120477617    
   2.9326171875000000      -0.120299548    
   2.9384765625000000      -0.120122194    
   2.9443359375000000      -0.119945586    
   2.9501953125000000      -0.119769692    
   2.9560546875000000      -0.119594485    
   2.9619140625000000      -0.119420022    
   2.9677734375000000      -0.119246244    
   2.9736328125000000      -0.119073182    
   2.9794921875000000      -0.118900836    
   2.9853515625000000      -0.118729174    
   2.9912109375000000      -0.118558228    
   2.9970703125000000      -0.118387967    
   3.0029296875000000      -0.118218392    
   3.0087890625000000      -0.118049502    
   3.0146484375000000      -0.117881298    
   3.0205078125000000      -0.117713779    
   3.0263671875000000      -0.117546946    
   3.0322265625000000      -0.117380798    
   3.0380859375000000      -0.117215306    
   3.0439453125000000      -0.117050499    
   3.0498046875000000      -0.116886348    
   3.0556640625000000      -0.116722852    
   3.0615234375000000      -0.116560012    
   3.0673828125000000      -0.116397858    
   3.0732421875000000      -0.116236359    
   3.0791015625000000      -0.116075486    
   3.0849609375000000      -0.115915269    
   3.0908203125000000      -0.115755737    
   3.0966796875000000      -0.115596801    
   3.1025390625000000      -0.115438521    
   3.1083984375000000      -0.115280896    
   3.1142578125000000      -0.115123898    
   3.1201171875000000      -0.114967525    
   3.1259765625000000      -0.114811808    
   3.1318359375000000      -0.114656687    
   3.1376953125000000      -0.114502221    
   3.1435546875000000      -0.114348382    
   3.1494140625000000      -0.114195138    
   3.1552734375000000      -0.114042521    
   3.1611328125000000      -0.113890499    
   3.1669921875000000      -0.113739133    
   3.1728515625000000      -0.113588333    
   3.1787109375000000      -0.113438159    
   3.1845703125000000      -0.113288611    
   3.1904296875000000      -0.113139629    
   3.1962890625000000      -0.112991273    
   3.2021484375000000      -0.112843513    
   3.2080078125000000      -0.112696350    
   3.2138671875000000      -0.112549752    
   3.2197265625000000      -0.112403750    
   3.2255859375000000      -0.112258375    
   3.2314453125000000      -0.112113535    
   3.2373046875000000      -0.111969322    
   3.2431640625000000      -0.111825645    
   3.2490234375000000      -0.111682594    
   3.2548828125000000      -0.111540079    
   3.2607421875000000      -0.111398160    
   3.2666015625000000      -0.111256778    
   3.2724609375000000      -0.111115992    
   3.2783203125000000      -0.110975772    
   3.2841796875000000      -0.110836118    
   3.2900390625000000      -0.110697031    
   3.2958984375000000      -0.110558480    
   3.3017578125000000      -0.110420495    
   3.3076171875000000      -0.110283077    
   3.3134765625000000      -0.110146195    
   3.3193359375000000      -0.110009879    
   3.3251953125000000      -0.109874099    
   3.3310546875000000      -0.109738886    
   3.3369140625000000      -0.109604180    
   3.3427734375000000      -0.109470040    
   3.3486328125000000      -0.109336436    
   3.3544921875000000      -0.109203368    
   3.3603515625000000      -0.109070837    
   3.3662109375000000      -0.108938843    
   3.3720703125000000      -0.108807355    
   3.3779296875000000      -0.108676434    
   3.3837890625000000      -0.108546019    
   3.3896484375000000      -0.108416110    
   3.3955078125000000      -0.108286768    
   3.4013671875000000      -0.108157903    
   3.4072265625000000      -0.108029574    
   3.4130859375000000      -0.107901752    
   3.4189453125000000      -0.107774466    
   3.4248046875000000      -0.107647687    
   3.4306640625000000      -0.107521415    
   3.4365234375000000      -0.107395619    
   3.4423828125000000      -0.107270360    
   3.4482421875000000      -0.107145607    
   3.4541015625000000      -0.107021362    
   3.4599609375000000      -0.106897593    
   3.4658203125000000      -0.106774330    
   3.4716796875000000      -0.106651574    
   3.4775390625000000      -0.106529325    
   3.4833984375000000      -0.106407553    
   3.4892578125000000      -0.106286258    
   3.4951171875000000      -0.106165469    
   3.5009765625000000      -0.106045157    
   3.5068359375000000      -0.105925322    
   3.5126953125000000      -0.105805993    
   3.5185546875000000      -0.105687141    
   3.5244140625000000      -0.105568767    
   3.5302734375000000      -0.105450869    
   3.5361328125000000      -0.105333447    
   3.5419921875000000      -0.105216473    
   3.5478515625000000      -0.105100006    
   3.5537109375000000      -0.104983985    
   3.5595703125000000      -0.104868472    
   3.5654296875000000      -0.104753375    
   3.5712890625000000      -0.104638785    
   3.5771484375000000      -0.104524642    
   3.5830078125000000      -0.104410946    
   3.5888671875000000      -0.104297727    
   3.5947265625000000      -0.104184955    
   3.6005859375000000      -0.104072660    
   3.6064453125000000      -0.103960812    
   3.6123046875000000      -0.103849411    
   3.6181640625000000      -0.103738457    
   3.6240234375000000      -0.103627980    
   3.6298828125000000      -0.103517920    
   3.6357421875000000      -0.103408307    
   3.6416015625000000      -0.103299171    
   3.6474609375000000      -0.103190452    
   3.6533203125000000      -0.103082180    
   3.6591796875000000      -0.102974355    
   3.6650390625000000      -0.102866948    
   3.6708984375000000      -0.102759987    
   3.6767578125000000      -0.102653474    
   3.6826171875000000      -0.102547377    
   3.6884765625000000      -0.102441728    
   3.6943359375000000      -0.102336496    
   3.7001953125000000      -0.102231711    
   3.7060546875000000      -0.102127343    
   3.7119140625000000      -0.102023393    
   3.7177734375000000      -0.101919860    
   3.7236328125000000      -0.101816773    
   3.7294921875000000      -0.101714104    
   3.7353515625000000      -0.101611853    
   3.7412109375000000      -0.101510018    
   3.7470703125000000      -0.101408601    
   3.7529296875000000      -0.101307601    
   3.7587890625000000      -0.101206988    
   3.7646484375000000      -0.101106822    
   3.7705078125000000      -0.101007044    
   3.7763671875000000      -0.100907713    
   3.7822265625000000      -0.100808740    
   3.7880859375000000      -0.100710213    
   3.7939453125000000      -0.100612074    
   3.7998046875000000      -0.100514352    
   3.8056640625000000      -0.100417018    
   3.8115234375000000      -0.100320071    
   3.8173828125000000      -0.100223541    
   3.8232421875000000      -0.100127429    
   3.8291015625000000      -0.100031704    
   3.8349609375000000       -9.99363661E-02
   3.8408203125000000       -9.98414159E-02
   3.8466796875000000       -9.97468531E-02
   3.8525390625000000       -9.96527076E-02
   3.8583984375000000       -9.95589197E-02
   3.8642578125000000       -9.94655490E-02
   3.8701171875000000       -9.93725657E-02
   3.8759765625000000       -9.92799401E-02
   3.8818359375000000       -9.91877317E-02
   3.8876953125000000       -9.90958810E-02
   3.8935546875000000       -9.90044475E-02
   3.8994140625000000       -9.89133716E-02
   3.9052734375000000       -9.88226533E-02
   3.9111328125000000       -9.87323523E-02
   3.9169921875000000       -9.86424088E-02
   3.9228515625000000       -9.85528529E-02
   3.9287109375000000       -9.84636545E-02
   3.9345703125000000       -9.83748436E-02
   3.9404296875000000       -9.82863903E-02
   3.9462890625000000       -9.81983244E-02
   3.9521484375000000       -9.81106162E-02
   3.9580078125000000       -9.80232954E-02
   3.9638671875000000       -9.79363322E-02
   3.9697265625000000       -9.78497267E-02
   3.9755859375000000       -9.77634788E-02
   3.9814453125000000       -9.76776183E-02
   3.9873046875000000       -9.75921154E-02
   3.9931640625000000       -9.75069702E-02
   3.9990234375000000       -9.74221826E-02
   4.0048828125000000       -9.73377526E-02
   4.0107421875000000       -9.72536802E-02
   4.0166015625000000       -9.71699655E-02
   4.0224609375000000       -9.70866084E-02
   4.0283203125000000       -9.70036089E-02
   4.0341796875000000       -9.69209671E-02
   4.0400390625000000       -9.68386531E-02
   4.0458984375000000       -9.67566967E-02
   4.0517578125000000       -9.66750979E-02
   4.0576171875000000       -9.65938568E-02
   4.0634765625000000       -9.65129733E-02
   4.0693359375000000       -9.64324176E-02
   4.0751953125000000       -9.63521898E-02
   4.0810546875000000       -9.62723494E-02
   4.0869140625000000       -9.61928070E-02
   4.0927734375000000       -9.61136520E-02
   4.0986328125000000       -9.60347950E-02
   4.1044921875000000       -9.59563255E-02
   4.1103515625000000       -9.58781540E-02
   4.1162109375000000       -9.58003402E-02
   4.1220703125000000       -9.57228541E-02
   4.1279296875000000       -9.56456959E-02
   4.1337890625000000       -9.55688953E-02
   4.1396484375000000       -9.54924226E-02
   4.1455078125000000       -9.54162776E-02
   4.1513671875000000       -9.53404605E-02
   4.1572265625000000       -9.52650011E-02
   4.1630859375000000       -9.51898396E-02
   4.1689453125000000       -9.51150060E-02
   4.1748046875000000       -9.50405300E-02
   4.1806640625000000       -9.49663520E-02
   4.1865234375000000       -9.48925018E-02
   4.1923828125000000       -9.48190093E-02
   4.1982421875000000       -9.47458148E-02
   4.2041015625000000       -9.46729481E-02
   4.2099609375000000       -9.46003795E-02
   4.2158203125000000       -9.45281684E-02
   4.2216796875000000       -9.44562554E-02
   4.2275390625000000       -9.43846703E-02
   4.2333984375000000       -9.43134129E-02
   4.2392578125000000       -9.42424536E-02
   4.2451171875000000       -9.41718221E-02
   4.2509765625000000       -9.41015184E-02
   4.2568359375000000       -9.40315127E-02
   4.2626953125000000       -9.39618051E-02
   4.2685546875000000       -9.38924253E-02
   4.2744140625000000       -9.38233733E-02
   4.2802734375000000       -9.37546194E-02
   4.2861328125000000       -9.36861634E-02
   4.2919921875000000       -9.36180353E-02
   4.2978515625000000       -9.35502052E-02
   4.3037109375000000       -9.34827030E-02
   4.3095703125000000       -9.34154987E-02
   4.3154296875000000       -9.33485925E-02
   4.3212890625000000       -9.32819843E-02
   4.3271484375000000       -9.32156742E-02
   4.3330078125000000       -9.31496918E-02
   4.3388671875000000       -9.30840075E-02
   4.3447265625000000       -9.30186212E-02
   4.3505859375000000       -9.29535329E-02
   4.3564453125000000       -9.28887427E-02
   4.3623046875000000       -9.28242505E-02
   4.3681640625000000       -9.27600563E-02
   4.3740234375000000       -9.26961601E-02
   4.3798828125000000       -9.26325619E-02
   4.3857421875000000       -9.25692618E-02
   4.3916015625000000       -9.25062299E-02
   4.3974609375000000       -9.24435258E-02
   4.4033203125000000       -9.23811197E-02
   4.4091796875000000       -9.23189819E-02
   4.4150390625000000       -9.22571421E-02
   4.4208984375000000       -9.21956003E-02
   4.4267578125000000       -9.21343565E-02
   4.4326171875000000       -9.20733809E-02
   4.4384765625000000       -9.20127034E-02
   4.4443359375000000       -9.19523239E-02
   4.4501953125000000       -9.18922126E-02
   4.4560546875000000       -9.18323994E-02
   4.4619140625000000       -9.17728841E-02
   4.4677734375000000       -9.17136371E-02
   4.4736328125000000       -9.16546583E-02
   4.4794921875000000       -9.15960073E-02
   4.4853515625000000       -9.15375948E-02
   4.4912109375000000       -9.14794803E-02
   4.4970703125000000       -9.14216638E-02
   4.5029296875000000       -9.13641155E-02
   4.5087890625000000       -9.13068354E-02
   4.5146484375000000       -9.12498534E-02
   4.5205078125000000       -9.11931396E-02
   4.5263671875000000       -9.11366940E-02
   4.5322265625000000       -9.10805464E-02
   4.5380859375000000       -9.10246670E-02
   4.5439453125000000       -9.09690559E-02
   4.5498046875000000       -9.09137130E-02
   4.5556640625000000       -9.08586681E-02
   4.5615234375000000       -9.08038914E-02
   4.5673828125000000       -9.07493830E-02
   4.5732421875000000       -9.06951427E-02
   4.5791015625000000       -9.06411707E-02
   4.5849609375000000       -9.05874670E-02
   4.5908203125000000       -9.05340314E-02
   4.5966796875000000       -9.04808939E-02
   4.6025390625000000       -9.04279947E-02
   4.6083984375000000       -9.03753638E-02
   4.6142578125000000       -9.03230309E-02
   4.6201171875000000       -9.02709365E-02
   4.6259765625000000       -9.02191103E-02
   4.6318359375000000       -9.01675820E-02
   4.6376953125000000       -9.01162922E-02
   4.6435546875000000       -9.00652707E-02
   4.6494140625000000       -9.00145173E-02
   4.6552734375000000       -8.99640024E-02
   4.6611328125000000       -8.99137855E-02
   4.6669921875000000       -8.98638070E-02
   4.6728515625000000       -8.98140967E-02
   4.6787109375000000       -8.97646546E-02
   4.6845703125000000       -8.97154510E-02
   4.6904296875000000       -8.96665156E-02
   4.6962890625000000       -8.96178484E-02
   4.7021484375000000       -8.95694494E-02
   4.7080078125000000       -8.95212889E-02
   4.7138671875000000       -8.94733965E-02
   4.7197265625000000       -8.94257426E-02
   4.7255859375000000       -8.93783569E-02
   4.7314453125000000       -8.93312395E-02
   4.7373046875000000       -8.92843604E-02
   4.7431640625000000       -8.92377496E-02
   4.7490234375000000       -8.91913772E-02
   4.7548828125000000       -8.91452730E-02
   4.7607421875000000       -8.90994072E-02
   4.7666015625000000       -8.90538096E-02
   4.7724609375000000       -8.90084505E-02
   4.7783203125000000       -8.89633596E-02
   4.7841796875000000       -8.89185071E-02
   4.7900390625000000       -8.88738930E-02
   4.7958984375000000       -8.88295472E-02
   4.8017578125000000       -8.87854397E-02
   4.8076171875000000       -8.87415707E-02
   4.8134765625000000       -8.86979699E-02
   4.8193359375000000       -8.86546075E-02
   4.8251953125000000       -8.86114836E-02
   4.8310546875000000       -8.85686278E-02
   4.8369140625000000       -8.85260105E-02
   4.8427734375000000       -8.84836316E-02
   4.8486328125000000       -8.84414911E-02
   4.8544921875000000       -8.83996189E-02
   4.8603515625000000       -8.83579552E-02
   4.8662109375000000       -8.83165598E-02
   4.8720703125000000       -8.82754028E-02
   4.8779296875000000       -8.82344842E-02
   4.8837890625000000       -8.81938338E-02
   4.8896484375000000       -8.81533921E-02
   4.8955078125000000       -8.81131887E-02
   4.9013671875000000       -8.80732536E-02
   4.9072265625000000       -8.80335271E-02
   4.9130859375000000       -8.79940689E-02
   4.9189453125000000       -8.79548490E-02
   4.9248046875000000       -8.79158378E-02
   4.9306640625000000       -8.78770947E-02
   4.9365234375000000       -8.78385901E-02
   4.9423828125000000       -8.78002942E-02
   4.9482421875000000       -8.77622664E-02
   4.9541015625000000       -8.77244473E-02
   4.9599609375000000       -8.76868963E-02
   4.9658203125000000       -8.76495540E-02
   4.9716796875000000       -8.76124501E-02
   4.9775390625000000       -8.75755847E-02
   4.9833984375000000       -8.75389576E-02
   4.9892578125000000       -8.75025690E-02
   4.9951171875000000       -8.74663889E-02
   5.0009765625000000       -8.74304771E-02
   5.0068359375000000       -8.73947740E-02
   5.0126953125000000       -8.73593092E-02
   5.0185546875000000       -8.73240829E-02
   5.0244140625000000       -8.72890651E-02
   5.0302734375000000       -8.72543156E-02
   5.0361328125000000       -8.72197747E-02
   5.0419921875000000       -8.71854424E-02
   5.0478515625000000       -8.71513784E-02
   5.0537109375000000       -8.71175230E-02
   5.0595703125000000       -8.70839059E-02
   5.0654296875000000       -8.70504975E-02
   5.0712890625000000       -8.70173573E-02
   5.0771484375000000       -8.69843960E-02
   5.0830078125000000       -8.69517028E-02
   5.0888671875000000       -8.69192183E-02
   5.0947265625000000       -8.68869722E-02
   5.1005859375000000       -8.68549347E-02
   5.1064453125000000       -8.68231356E-02
   5.1123046875000000       -8.67915452E-02
   5.1181640625000000       -8.67601931E-02
   5.1240234375000000       -8.67290795E-02
   5.1298828125000000       -8.66981745E-02
   5.1357421875000000       -8.66674781E-02
   5.1416015625000000       -8.66370201E-02
   5.1474609375000000       -8.66068006E-02
   5.1533203125000000       -8.65767896E-02
   5.1591796875000000       -8.65469873E-02
   5.1650390625000000       -8.65174234E-02
   5.1708984375000000       -8.64880979E-02
   5.1767578125000000       -8.64589810E-02
   5.1826171875000000       -8.64300728E-02
   5.1884765625000000       -8.64014030E-02
   5.1943359375000000       -8.63729417E-02
   5.2001953125000000       -8.63447189E-02
   5.2060546875000000       -8.63167048E-02
   5.2119140625000000       -8.62888992E-02
   5.2177734375000000       -8.62613320E-02
   5.2236328125000000       -8.62339735E-02
   5.2294921875000000       -8.62068236E-02
   5.2353515625000000       -8.61799121E-02
   5.2412109375000000       -8.61532092E-02
   5.2470703125000000       -8.61267149E-02
   5.2529296875000000       -8.61004591E-02
   5.2587890625000000       -8.60744119E-02
   5.2646484375000000       -8.60485733E-02
   5.2705078125000000       -8.60229433E-02
   5.2763671875000000       -8.59975517E-02
   5.2822265625000000       -8.59723687E-02
   5.2880859375000000       -8.59474242E-02
   5.2939453125000000       -8.59226584E-02
   5.2998046875000000       -8.58981311E-02
   5.3056640625000000       -8.58738124E-02
   5.3115234375000000       -8.58497024E-02
   5.3173828125000000       -8.58258009E-02
   5.3232421875000000       -8.58021379E-02
   5.3291015625000000       -8.57786834E-02
   5.3349609375000000       -8.57554376E-02
   5.3408203125000000       -8.57324004E-02
   5.3466796875000000       -8.57095718E-02
   5.3525390625000000       -8.56869519E-02
   5.3583984375000000       -8.56645703E-02
   5.3642578125000000       -8.56423676E-02
   5.3701171875000000       -8.56204033E-02
   5.3759765625000000       -8.55986476E-02
   5.3818359375000000       -8.55771005E-02
   5.3876953125000000       -8.55557621E-02
   5.3935546875000000       -8.55346322E-02
   5.3994140625000000       -8.55137408E-02
   5.4052734375000000       -8.54930282E-02
   5.4111328125000000       -8.54725242E-02
   5.4169921875000000       -8.54522586E-02
   5.4228515625000000       -8.54321718E-02
   5.4287109375000000       -8.54123235E-02
   5.4345703125000000       -8.53926539E-02
   5.4404296875000000       -8.53732228E-02
   5.4462890625000000       -8.53540003E-02
   5.4521484375000000       -8.53349566E-02
   5.4580078125000000       -8.53161514E-02
   5.4638671875000000       -8.52975547E-02
   5.4697265625000000       -8.52791369E-02
   5.4755859375000000       -8.52609575E-02
   5.4814453125000000       -8.52429569E-02
   5.4873046875000000       -8.52251947E-02
   5.4931640625000000       -8.52076411E-02
   5.4990234375000000       -8.51902664E-02
   5.5048828125000000       -8.51731300E-02
   5.5107421875000000       -8.51561725E-02
   5.5166015625000000       -8.51394236E-02
   5.5224609375000000       -8.51229131E-02
   5.5283203125000000       -8.51065814E-02
   5.5341796875000000       -8.50904584E-02
   5.5400390625000000       -8.50745440E-02
   5.5458984375000000       -8.50588381E-02
   5.5517578125000000       -8.50433409E-02
   5.5576171875000000       -8.50280523E-02
   5.5634765625000000       -8.50129426E-02
   5.5693359375000000       -8.49980712E-02
   5.5751953125000000       -8.49833786E-02
   5.5810546875000000       -8.49689245E-02
   5.5869140625000000       -8.49546492E-02
   5.5927734375000000       -8.49405825E-02
   5.5986328125000000       -8.49267244E-02
   5.6044921875000000       -8.49130452E-02
   5.6103515625000000       -8.48996043E-02
   5.6162109375000000       -8.48863423E-02
   5.6220703125000000       -8.48733187E-02
   5.6279296875000000       -8.48604739E-02
   5.6337890625000000       -8.48478377E-02
   5.6396484375000000       -8.48354101E-02
   5.6455078125000000       -8.48231614E-02
   5.6513671875000000       -8.48111510E-02
   5.6572265625000000       -8.47993195E-02
   5.6630859375000000       -8.47876966E-02
   5.6689453125000000       -8.47762823E-02
   5.6748046875000000       -8.47650468E-02
   5.6806640625000000       -8.47540498E-02
   5.6865234375000000       -8.47432315E-02
   5.6923828125000000       -8.47326219E-02
   5.6982421875000000       -8.47222209E-02
   5.7041015625000000       -8.47119987E-02
   5.7099609375000000       -8.47020149E-02
   5.7158203125000000       -8.46922100E-02
   5.7216796875000000       -8.46826136E-02
   5.7275390625000000       -8.46731961E-02
   5.7333984375000000       -8.46640170E-02
   5.7392578125000000       -8.46550167E-02
   5.7451171875000000       -8.46462250E-02
   5.7509765625000000       -8.46376419E-02
   5.7568359375000000       -8.46292377E-02
   5.7626953125000000       -8.46210420E-02
   5.7685546875000000       -8.46130550E-02
   5.7744140625000000       -8.46052766E-02
   5.7802734375000000       -8.45976770E-02
   5.7861328125000000       -8.45902860E-02
   5.7919921875000000       -8.45831037E-02
   5.7978515625000000       -8.45761299E-02
   5.8037109375000000       -8.45693350E-02
   5.8095703125000000       -8.45627487E-02
   5.8154296875000000       -8.45563710E-02
   5.8212890625000000       -8.45501721E-02
   5.8271484375000000       -8.45442116E-02
   5.8330078125000000       -8.45384002E-02
   5.8388671875000000       -8.45328271E-02
   5.8447265625000000       -8.45274329E-02
   5.8505859375000000       -8.45222473E-02
   5.8564453125000000       -8.45172703E-02
   5.8623046875000000       -8.45125020E-02
   5.8681640625000000       -8.45079124E-02
   5.8740234375000000       -8.45035315E-02
   5.8798828125000000       -8.44993293E-02
   5.8857421875000000       -8.44953358E-02
   5.8916015625000000       -8.44915509E-02
   5.8974609375000000       -8.44879746E-02
   5.9033203125000000       -8.44845772E-02
   5.9091796875000000       -8.44813883E-02
   5.9150390625000000       -8.44784081E-02
   5.9208984375000000       -8.44756365E-02
   5.9267578125000000       -8.44730437E-02
   5.9326171875000000       -8.44706297E-02
   5.9384765625000000       -8.44684541E-02
   5.9443359375000000       -8.44664574E-02
   5.9501953125000000       -8.44646692E-02
   5.9560546875000000       -8.44630599E-02
   5.9619140625000000       -8.44616890E-02
   5.9677734375000000       -8.44604969E-02
   5.9736328125000000       -8.44594836E-02
   5.9794921875000000       -8.44586790E-02
   5.9853515625000000       -8.44580829E-02
   5.9912109375000000       -8.44576955E-02
   5.9970703125000000       -8.44574869E-02
   6.0029296875000000       -8.44574869E-02
   6.0087890625000000       -8.44576955E-02
   6.0146484375000000       -8.44580829E-02
   6.0205078125000000       -8.44586790E-02
   6.0263671875000000       -8.44594836E-02
   6.0322265625000000       -8.44604969E-02
   6.0380859375000000       -8.44616890E-02
   6.0439453125000000       -8.44630599E-02
   6.0498046875000000       -8.44646692E-02
   6.0556640625000000       -8.44664574E-02
   6.0615234375000000       -8.44684541E-02
   6.0673828125000000       -8.44706297E-02
   6.0732421875000000       -8.44730437E-02
   6.0791015625000000       -8.44756365E-02
   6.0849609375000000       -8.44784081E-02
   6.0908203125000000       -8.44813883E-02
   6.0966796875000000       -8.44845772E-02
   6.1025390625000000       -8.44879746E-02
   6.1083984375000000       -8.44915509E-02
   6.1142578125000000       -8.44953358E-02
   6.1201171875000000       -8.44993293E-02
   6.1259765625000000       -8.45035315E-02
   6.1318359375000000       -8.45079124E-02
   6.1376953125000000       -8.45125020E-02
   6.1435546875000000       -8.45172703E-02
   6.1494140625000000       -8.45222473E-02
   6.1552734375000000       -8.45274329E-02
   6.1611328125000000       -8.45328271E-02
   6.1669921875000000       -8.45384002E-02
   6.1728515625000000       -8.45442116E-02
   6.1787109375000000       -8.45501721E-02
   6.1845703125000000       -8.45563710E-02
   6.1904296875000000       -8.45627487E-02
   6.1962890625000000       -8.45693350E-02
   6.2021484375000000       -8.45761299E-02
   6.2080078125000000       -8.45831037E-02
   6.2138671875000000       -8.45902860E-02
   6.2197265625000000       -8.45976770E-02
   6.2255859375000000       -8.46052766E-02
   6.2314453125000000       -8.46130550E-02
   6.2373046875000000       -8.46210420E-02
   6.2431640625000000       -8.46292377E-02
   6.2490234375000000       -8.46376419E-02
   6.2548828125000000       -8.46462250E-02
   6.2607421875000000       -8.46550167E-02
   6.2666015625000000       -8.46640170E-02
   6.2724609375000000       -8.46731961E-02
   6.2783203125000000       -8.46826136E-02
   6.2841796875000000       -8.46922100E-02
   6.2900390625000000       -8.47020149E-02
   6.2958984375000000       -8.47119987E-02
   6.3017578125000000       -8.47222209E-02
   6.3076171875000000       -8.47326219E-02
   6.3134765625000000       -8.47432315E-02
   6.3193359375000000       -8.47540498E-02
   6.3251953125000000       -8.47650468E-02
   6.3310546875000000       -8.47762823E-02
   6.3369140625000000       -8.47876966E-02
   6.3427734375000000       -8.47993195E-02
   6.3486328125000000       -8.48111510E-02
   6.3544921875000000       -8.48231614E-02
   6.3603515625000000       -8.48354101E-02
   6.3662109375000000       -8.48478377E-02
   6.3720703125000000       -8.48604739E-02
   6.3779296875000000       -8.48733187E-02
   6.3837890625000000       -8.48863423E-02
   6.3896484375000000       -8.48996043E-02
   6.3955078125000000       -8.49130452E-02
   6.4013671875000000       -8.49267244E-02
   6.4072265625000000       -8.49405825E-02
   6.4130859375000000       -8.49546492E-02
   6.4189453125000000       -8.49689245E-02
   6.4248046875000000       -8.49833786E-02
   6.4306640625000000       -8.49980712E-02
   6.4365234375000000       -8.50129426E-02
   6.4423828125000000       -8.50280523E-02
   6.4482421875000000       -8.50433409E-02
   6.4541015625000000       -8.50588381E-02
   6.4599609375000000       -8.50745440E-02
   6.4658203125000000       -8.50904584E-02
   6.4716796875000000       -8.51065814E-02
   6.4775390625000000       -8.51229131E-02
   6.4833984375000000       -8.51394236E-02
   6.4892578125000000       -8.51561725E-02
   6.4951171875000000       -8.51731300E-02
   6.5009765625000000       -8.51902664E-02
   6.5068359375000000       -8.52076411E-02
   6.5126953125000000       -8.52251947E-02
   6.5185546875000000       -8.52429569E-02
   6.5244140625000000       -8.52609575E-02
   6.5302734375000000       -8.52791369E-02
   6.5361328125000000       -8.52975547E-02
   6.5419921875000000       -8.53161514E-02
   6.5478515625000000       -8.53349566E-02
   6.5537109375000000       -8.53540003E-02
   6.5595703125000000       -8.53732228E-02
   6.5654296875000000       -8.53926539E-02
   6.5712890625000000       -8.54123235E-02
   6.5771484375000000       -8.54321718E-02
   6.5830078125000000       -8.54522586E-02
   6.5888671875000000       -8.54725242E-02
   6.5947265625000000       -8.54930282E-02
   6.6005859375000000       -8.55137408E-02
   6.6064453125000000       -8.55346322E-02
   6.6123046875000000       -8.55557621E-02
   6.6181640625000000       -8.55771005E-02
   6.6240234375000000       -8.55986476E-02
   6.6298828125000000       -8.56204033E-02
   6.6357421875000000       -8.56423676E-02
   6.6416015625000000       -8.56645703E-02
   6.6474609375000000       -8.56869519E-02
   6.6533203125000000       -8.57095718E-02
   6.6591796875000000       -8.57324004E-02
   6.6650390625000000       -8.57554376E-02
   6.6708984375000000       -8.57786834E-02
   6.6767578125000000       -8.58021379E-02
   6.6826171875000000       -8.58258009E-02
   6.6884765625000000       -8.58497024E-02
   6.6943359375000000       -8.58738124E-02
   6.7001953125000000       -8.58981311E-02
   6.7060546875000000       -8.59226584E-02
   6.7119140625000000       -8.59474242E-02
   6.7177734375000000       -8.59723687E-02
   6.7236328125000000       -8.59975517E-02
   6.7294921875000000       -8.60229433E-02
   6.7353515625000000       -8.60485733E-02
   6.7412109375000000       -8.60744119E-02
   6.7470703125000000       -8.61004591E-02
   6.7529296875000000       -8.61267149E-02
   6.7587890625000000       -8.61532092E-02
   6.7646484375000000       -8.61799121E-02
   6.7705078125000000       -8.62068236E-02
   6.7763671875000000       -8.62339735E-02
   6.7822265625000000       -8.62613320E-02
   6.7880859375000000       -8.62888992E-02
   6.7939453125000000       -8.63167048E-02
   6.7998046875000000       -8.63447189E-02
   6.8056640625000000       -8.63729417E-02
   6.8115234375000000       -8.64014030E-02
   6.8173828125000000       -8.64300728E-02
   6.8232421875000000       -8.64589810E-02
   6.8291015625000000       -8.64880979E-02
   6.8349609375000000       -8.65174234E-02
   6.8408203125000000       -8.65469873E-02
   6.8466796875000000       -8.65767896E-02
   6.8525390625000000       -8.66068006E-02
   6.8583984375000000       -8.66370201E-02
   6.8642578125000000       -8.66674781E-02
   6.8701171875000000       -8.66981745E-02
   6.8759765625000000       -8.67290795E-02
   6.8818359375000000       -8.67601931E-02
   6.8876953125000000       -8.67915452E-02
   6.8935546875000000       -8.68231356E-02
   6.8994140625000000       -8.68549347E-02
   6.9052734375000000       -8.68869722E-02
   6.9111328125000000       -8.69192183E-02
   6.9169921875000000       -8.69517028E-02
   6.9228515625000000       -8.69843960E-02
   6.9287109375000000       -8.70173573E-02
   6.9345703125000000       -8.70504975E-02
   6.9404296875000000       -8.70839059E-02
   6.9462890625000000       -8.71175230E-02
   6.9521484375000000       -8.71513784E-02
   6.9580078125000000       -8.71854424E-02
   6.9638671875000000       -8.72197747E-02
   6.9697265625000000       -8.72543156E-02
   6.9755859375000000       -8.72890651E-02
   6.9814453125000000       -8.73240829E-02
   6.9873046875000000       -8.73593092E-02
   6.9931640625000000       -8.73947740E-02
   6.9990234375000000       -8.74304771E-02
   7.0048828125000000       -8.74663889E-02
   7.0107421875000000       -8.75025690E-02
   7.0166015625000000       -8.75389576E-02
   7.0224609375000000       -8.75755847E-02
   7.0283203125000000       -8.76124501E-02
   7.0341796875000000       -8.76495540E-02
   7.0400390625000000       -8.76868963E-02
   7.0458984375000000       -8.77244473E-02
   7.0517578125000000       -8.77622664E-02
   7.0576171875000000       -8.78002942E-02
   7.0634765625000000       -8.78385901E-02
   7.0693359375000000       -8.78770947E-02
   7.0751953125000000       -8.79158378E-02
   7.0810546875000000       -8.79548490E-02
   7.0869140625000000       -8.79940689E-02
   7.0927734375000000       -8.80335271E-02
   7.0986328125000000       -8.80732536E-02
   7.1044921875000000       -8.81131887E-02
   7.1103515625000000       -8.81533921E-02
   7.1162109375000000       -8.81938338E-02
   7.1220703125000000       -8.82344842E-02
   7.1279296875000000       -8.82754028E-02
   7.1337890625000000       -8.83165598E-02
   7.1396484375000000       -8.83579552E-02
   7.1455078125000000       -8.83996189E-02
   7.1513671875000000       -8.84414911E-02
   7.1572265625000000       -8.84836316E-02
   7.1630859375000000       -8.85260105E-02
   7.1689453125000000       -8.85686278E-02
   7.1748046875000000       -8.86114836E-02
   7.1806640625000000       -8.86546075E-02
   7.1865234375000000       -8.86979699E-02
   7.1923828125000000       -8.87415707E-02
   7.1982421875000000       -8.87854397E-02
   7.2041015625000000       -8.88295472E-02
   7.2099609375000000       -8.88738930E-02
   7.2158203125000000       -8.89185071E-02
   7.2216796875000000       -8.89633596E-02
   7.2275390625000000       -8.90084505E-02
   7.2333984375000000       -8.90538096E-02
   7.2392578125000000       -8.90994072E-02
   7.2451171875000000       -8.91452730E-02
   7.2509765625000000       -8.91913772E-02
   7.2568359375000000       -8.92377496E-02
   7.2626953125000000       -8.92843604E-02
   7.2685546875000000       -8.93312395E-02
   7.2744140625000000       -8.93783569E-02
   7.2802734375000000       -8.94257426E-02
   7.2861328125000000       -8.94733965E-02
   7.2919921875000000       -8.95212889E-02
   7.2978515625000000       -8.95694494E-02
   7.3037109375000000       -8.96178484E-02
   7.3095703125000000       -8.96665156E-02
   7.3154296875000000       -8.97154510E-02
   7.3212890625000000       -8.97646546E-02
   7.3271484375000000       -8.98140967E-02
   7.3330078125000000       -8.98638070E-02
   7.3388671875000000       -8.99137855E-02
   7.3447265625000000       -8.99640024E-02
   7.3505859375000000       -9.00145173E-02
   7.3564453125000000       -9.00652707E-02
   7.3623046875000000       -9.01162922E-02
   7.3681640625000000       -9.01675820E-02
   7.3740234375000000       -9.02191103E-02
   7.3798828125000000       -9.02709365E-02
   7.3857421875000000       -9.03230309E-02
   7.3916015625000000       -9.03753638E-02
   7.3974609375000000       -9.04279947E-02
   7.4033203125000000       -9.04808939E-02
   7.4091796875000000       -9.05340314E-02
   7.4150390625000000       -9.05874670E-02
   7.4208984375000000       -9.06411707E-02
   7.4267578125000000       -9.06951427E-02
   7.4326171875000000       -9.07493830E-02
   7.4384765625000000       -9.08038914E-02
   7.4443359375000000       -9.08586681E-02
   7.4501953125000000       -9.09137130E-02
   7.4560546875000000       -9.09690559E-02
   7.4619140625000000       -9.10246670E-02
   7.4677734375000000       -9.10805464E-02
   7.4736328125000000       -9.11366940E-02
   7.4794921875000000       -9.11931396E-02
   7.4853515625000000       -9.12498534E-02
   7.4912109375000000       -9.13068354E-02
   7.4970703125000000       -9.13641155E-02
   7.5029296875000000       -9.14216638E-02
   7.5087890625000000       -9.14794803E-02
   7.5146484375000000       -9.15375948E-02
   7.5205078125000000       -9.15960073E-02
   7.5263671875000000       -9.16546583E-02
   7.5322265625000000       -9.17136371E-02
   7.5380859375000000       -9.17728841E-02
   7.5439453125000000       -9.18323994E-02
   7.5498046875000000       -9.18922126E-02
   7.5556640625000000       -9.19523239E-02
   7.5615234375000000       -9.20127034E-02
   7.5673828125000000       -9.20733809E-02
   7.5732421875000000       -9.21343565E-02
   7.5791015625000000       -9.21956003E-02
   7.5849609375000000       -9.22571421E-02
   7.5908203125000000       -9.23189819E-02
   7.5966796875000000       -9.23811197E-02
   7.6025390625000000       -9.24435258E-02
   7.6083984375000000       -9.25062299E-02
   7.6142578125000000       -9.25692618E-02
   7.6201171875000000       -9.26325619E-02
   7.6259765625000000       -9.26961601E-02
   7.6318359375000000       -9.27600563E-02
   7.6376953125000000       -9.28242505E-02
   7.6435546875000000       -9.28887427E-02
   7.6494140625000000       -9.29535329E-02
   7.6552734375000000       -9.30186212E-02
   7.6611328125000000       -9.30840075E-02
   7.6669921875000000       -9.31496918E-02
   7.6728515625000000       -9.32156742E-02
   7.6787109375000000       -9.32819843E-02
   7.6845703125000000       -9.33485925E-02
   7.6904296875000000       -9.34154987E-02
   7.6962890625000000       -9.34827030E-02
   7.7021484375000000       -9.35502052E-02
   7.7080078125000000       -9.36180353E-02
   7.7138671875000000       -9.36861634E-02
   7.7197265625000000       -9.37546194E-02
   7.7255859375000000       -9.38233733E-02
   7.7314453125000000       -9.38924253E-02
   7.7373046875000000       -9.39618051E-02
   7.7431640625000000       -9.40315127E-02
   7.7490234375000000       -9.41015184E-02
   7.7548828125000000       -9.41718221E-02
   7.7607421875000000       -9.42424536E-02
   7.7666015625000000       -9.43134129E-02
   7.7724609375000000       -9.43846703E-02
   7.7783203125000000       -9.44562554E-02
   7.7841796875000000       -9.45281684E-02
   7.7900390625000000       -9.46003795E-02
   7.7958984375000000       -9.46729481E-02
   7.8017578125000000       -9.47458148E-02
   7.8076171875000000       -9.48190093E-02
   7.8134765625000000       -9.48925018E-02
   7.8193359375000000       -9.49663520E-02
   7.8251953125000000       -9.50405300E-02
   7.8310546875000000       -9.51150060E-02
   7.8369140625000000       -9.51898396E-02
   7.8427734375000000       -9.52650011E-02
   7.8486328125000000       -9.53404605E-02
   7.8544921875000000       -9.54162776E-02
   7.8603515625000000       -9.54924226E-02
   7.8662109375000000       -9.55688953E-02
   7.8720703125000000       -9.56456959E-02
   7.8779296875000000       -9.57228541E-02
   7.8837890625000000       -9.58003402E-02
   7.8896484375000000       -9.58781540E-02
   7.8955078125000000       -9.59563255E-02
   7.9013671875000000       -9.60347950E-02
   7.9072265625000000       -9.61136520E-02
   7.9130859375000000       -9.61928070E-02
   7.9189453125000000       -9.62723494E-02
   7.9248046875000000       -9.63521898E-02
   7.9306640625000000       -9.64324176E-02
   7.9365234375000000       -9.65129733E-02
   7.9423828125000000       -9.65938568E-02
   7.9482421875000000       -9.66750979E-02
   7.9541015625000000       -9.67566967E-02
   7.9599609375000000       -9.68386531E-02
   7.9658203125000000       -9.69209671E-02
   7.9716796875000000       -9.70036089E-02
   7.9775390625000000       -9.70866084E-02
   7.9833984375000000       -9.71699655E-02
   7.9892578125000000       -9.72536802E-02
   7.9951171875000000       -9.73377526E-02
   8.0009765625000000       -9.74221826E-02
   8.0068359375000000       -9.75069702E-02
   8.0126953125000000       -9.75921154E-02
   8.0185546875000000       -9.76776183E-02
   8.0244140625000000       -9.77634788E-02
   8.0302734375000000       -9.78497267E-02
   8.0361328125000000       -9.79363322E-02
   8.0419921875000000       -9.80232954E-02
   8.0478515625000000       -9.81106162E-02
   8.0537109375000000       -9.81983244E-02
   8.0595703125000000       -9.82863903E-02
   8.0654296875000000       -9.83748436E-02
   8.0712890625000000       -9.84636545E-02
   8.0771484375000000       -9.85528529E-02
   8.0830078125000000       -9.86424088E-02
   8.0888671875000000       -9.87323523E-02
   8.0947265625000000       -9.88226533E-02
   8.1005859375000000       -9.89133716E-02
   8.1064453125000000       -9.90044475E-02
   8.1123046875000000       -9.90958810E-02
   8.1181640625000000       -9.91877317E-02
   8.1240234375000000       -9.92799401E-02
   8.1298828125000000       -9.93725657E-02
   8.1357421875000000       -9.94655490E-02
   8.1416015625000000       -9.95589197E-02
   8.1474609375000000       -9.96527076E-02
   8.1533203125000000       -9.97468531E-02
   8.1591796875000000       -9.98414159E-02
   8.1650390625000000       -9.99363661E-02
   8.1708984375000000      -0.100031704    
   8.1767578125000000      -0.100127429    
   8.1826171875000000      -0.100223541    
   8.1884765625000000      -0.100320071    
   8.1943359375000000      -0.100417018    
   8.2001953125000000      -0.100514352    
   8.2060546875000000      -0.100612074    
   8.2119140625000000      -0.100710213    
   8.2177734375000000      -0.100808740    
   8.2236328125000000      -0.100907713    
   8.2294921875000000      -0.101007044    
   8.2353515625000000      -0.101106822    
   8.2412109375000000      -0.101206988    
   8.2470703125000000      -0.101307601    
   8.2529296875000000      -0.101408601    
   8.2587890625000000      -0.101510018    
   8.2646484375000000      -0.101611853    
   8.2705078125000000      -0.101714104    
   8.2763671875000000      -0.101816773    
   8.2822265625000000      -0.101919860    
   8.2880859375000000      -0.102023393    
   8.2939453125000000      -0.102127343    
   8.2998046875000000      -0.102231711    
   8.3056640625000000      -0.102336496    
   8.3115234375000000      -0.102441728    
   8.3173828125000000      -0.102547377    
   8.3232421875000000      -0.102653474    
   8.3291015625000000      -0.102759987    
   8.3349609375000000      -0.102866948    
   8.3408203125000000      -0.102974355    
   8.3466796875000000      -0.103082180    
   8.3525390625000000      -0.103190452    
   8.3583984375000000      -0.103299171    
   8.3642578125000000      -0.103408307    
   8.3701171875000000      -0.103517920    
   8.3759765625000000      -0.103627980    
   8.3818359375000000      -0.103738457    
   8.3876953125000000      -0.103849411    
   8.3935546875000000      -0.103960812    
   8.3994140625000000      -0.104072660    
   8.4052734375000000      -0.104184955    
   8.4111328125000000      -0.104297727    
   8.4169921875000000      -0.104410946    
   8.4228515625000000      -0.104524642    
   8.4287109375000000      -0.104638785    
   8.4345703125000000      -0.104753375    
   8.4404296875000000      -0.104868472    
   8.4462890625000000      -0.104983985    
   8.4521484375000000      -0.105100006    
   8.4580078125000000      -0.105216473    
   8.4638671875000000      -0.105333447    
   8.4697265625000000      -0.105450869    
   8.4755859375000000      -0.105568767    
   8.4814453125000000      -0.105687141    
   8.4873046875000000      -0.105805993    
   8.4931640625000000      -0.105925322    
   8.4990234375000000      -0.106045157    
   8.5048828125000000      -0.106165469    
   8.5107421875000000      -0.106286258    
   8.5166015625000000      -0.106407553    
   8.5224609375000000      -0.106529325    
   8.5283203125000000      -0.106651574    
   8.5341796875000000      -0.106774330    
   8.5400390625000000      -0.106897593    
   8.5458984375000000      -0.107021362    
   8.5517578125000000      -0.107145607    
   8.5576171875000000      -0.107270360    
   8.5634765625000000      -0.107395619    
   8.5693359375000000      -0.107521415    
   8.5751953125000000      -0.107647687    
   8.5810546875000000      -0.107774466    
   8.5869140625000000      -0.107901752    
   8.5927734375000000      -0.108029574    
   8.5986328125000000      -0.108157903    
   8.6044921875000000      -0.108286768    
   8.6103515625000000      -0.108416110    
   8.6162109375000000      -0.108546019    
   8.6220703125000000      -0.108676434    
   8.6279296875000000      -0.108807355    
   8.6337890625000000      -0.108938843    
   8.6396484375000000      -0.109070837    
   8.6455078125000000      -0.109203368    
   8.6513671875000000      -0.109336436    
   8.6572265625000000      -0.109470040    
   8.6630859375000000      -0.109604180    
   8.6689453125000000      -0.109738886    
   8.6748046875000000      -0.109874099    
   8.6806640625000000      -0.110009879    
   8.6865234375000000      -0.110146195    
   8.6923828125000000      -0.110283077    
   8.6982421875000000      -0.110420495    
   8.7041015625000000      -0.110558480    
   8.7099609375000000      -0.110697031    
   8.7158203125000000      -0.110836118    
   8.7216796875000000      -0.110975772    
   8.7275390625000000      -0.111115992    
   8.7333984375000000      -0.111256778    
   8.7392578125000000      -0.111398160    
   8.7451171875000000      -0.111540079    
   8.7509765625000000      -0.111682594    
   8.7568359375000000      -0.111825645    
   8.7626953125000000      -0.111969322    
   8.7685546875000000      -0.112113535    
   8.7744140625000000      -0.112258375    
   8.7802734375000000      -0.112403750    
   8.7861328125000000      -0.112549752    
   8.7919921875000000      -0.112696350    
   8.7978515625000000      -0.112843513    
   8.8037109375000000      -0.112991273    
   8.8095703125000000      -0.113139629    
   8.8154296875000000      -0.113288611    
   8.8212890625000000      -0.113438159    
   8.8271484375000000      -0.113588333    
   8.8330078125000000      -0.113739133    
   8.8388671875000000      -0.113890499    
   8.8447265625000000      -0.114042521    
   8.8505859375000000      -0.114195138    
   8.8564453125000000      -0.114348382    
   8.8623046875000000      -0.114502221    
   8.8681640625000000      -0.114656687    
   8.8740234375000000      -0.114811808    
   8.8798828125000000      -0.114967525    
   8.8857421875000000      -0.115123898    
   8.8916015625000000      -0.115280896    
   8.8974609375000000      -0.115438521    
   8.9033203125000000      -0.115596801    
   8.9091796875000000      -0.115755737    
   8.9150390625000000      -0.115915269    
   8.9208984375000000      -0.116075486    
   8.9267578125000000      -0.116236359    
   8.9326171875000000      -0.116397858    
   8.9384765625000000      -0.116560012    
   8.9443359375000000      -0.116722852    
   8.9501953125000000      -0.116886348    
   8.9560546875000000      -0.117050499    
   8.9619140625000000      -0.117215306    
   8.9677734375000000      -0.117380798    
   8.9736328125000000      -0.117546946    
   8.9794921875000000      -0.117713779    
   8.9853515625000000      -0.117881298    
   8.9912109375000000      -0.118049502    
   8.9970703125000000      -0.118218392    
   9.0029296875000000      -0.118387967    
   9.0087890625000000      -0.118558228    
   9.0146484375000000      -0.118729174    
   9.0205078125000000      -0.118900836    
   9.0263671875000000      -0.119073182    
   9.0322265625000000      -0.119246244    
   9.0380859375000000      -0.119420022    
   9.0439453125000000      -0.119594485    
   9.0498046875000000      -0.119769692    
   9.0556640625000000      -0.119945586    
   9.0615234375000000      -0.120122194    
   9.0673828125000000      -0.120299548    
   9.0732421875000000      -0.120477617    
   9.0791015625000000      -0.120656431    
   9.0849609375000000      -0.120835960    
   9.0908203125000000      -0.121016204    
   9.0966796875000000      -0.121197224    
   9.1025390625000000      -0.121378958    
   9.1083984375000000      -0.121561468    
   9.1142578125000000      -0.121744692    
   9.1201171875000000      -0.121928692    
   9.1259765625000000      -0.122113436    
   9.1318359375000000      -0.122298956    
   9.1376953125000000      -0.122485220    
   9.1435546875000000      -0.122672260    
   9.1494140625000000      -0.122860074    
   9.1552734375000000      -0.123048633    
   9.1611328125000000      -0.123237997    
   9.1669921875000000      -0.123428136    
   9.1728515625000000      -0.123619050    
   9.1787109375000000      -0.123810738    
   9.1845703125000000      -0.124003232    
   9.1904296875000000      -0.124196529    
   9.1962890625000000      -0.124390632    
   9.2021484375000000      -0.124585509    
   9.2080078125000000      -0.124781221    
   9.2138671875000000      -0.124977708    
   9.2197265625000000      -0.125175029    
   9.2255859375000000      -0.125373155    
   9.2314453125000000      -0.125572115    
   9.2373046875000000      -0.125771880    
   9.2431640625000000      -0.125972509    
   9.2490234375000000      -0.126173943    
   9.2548828125000000      -0.126376212    
   9.2607421875000000      -0.126579314    
   9.2666015625000000      -0.126783282    
   9.2724609375000000      -0.126988083    
   9.2783203125000000      -0.127193749    
   9.2841796875000000      -0.127400249    
   9.2900390625000000      -0.127607614    
   9.2958984375000000      -0.127815843    
   9.3017578125000000      -0.128024966    
   9.3076171875000000      -0.128234923    
   9.3134765625000000      -0.128445774    
   9.3193359375000000      -0.128657520    
   9.3251953125000000      -0.128870130    
   9.3310546875000000      -0.129083633    
   9.3369140625000000      -0.129298031    
   9.3427734375000000      -0.129513323    
   9.3486328125000000      -0.129729509    
   9.3544921875000000      -0.129946619    
   9.3603515625000000      -0.130164623    
   9.3662109375000000      -0.130383551    
   9.3720703125000000      -0.130603373    
   9.3779296875000000      -0.130824149    
   9.3837890625000000      -0.131045848    
   9.3896484375000000      -0.131268471    
   9.3955078125000000      -0.131492019    
   9.4013671875000000      -0.131716520    
   9.4072265625000000      -0.131941974    
   9.4130859375000000      -0.132168382    
   9.4189453125000000      -0.132395715    
   9.4248046875000000      -0.132624030    
   9.4306640625000000      -0.132853299    
   9.4365234375000000      -0.133083552    
   9.4423828125000000      -0.133314759    
   9.4482421875000000      -0.133546978    
   9.4541015625000000      -0.133780152    
   9.4599609375000000      -0.134014308    
   9.4658203125000000      -0.134249479    
   9.4716796875000000      -0.134485632    
   9.4775390625000000      -0.134722769    
   9.4833984375000000      -0.134960949    
   9.4892578125000000      -0.135200113    
   9.4951171875000000      -0.135440320    
   9.5009765625000000      -0.135681540    
   9.5068359375000000      -0.135923773    
   9.5126953125000000      -0.136167049    
   9.5185546875000000      -0.136411369    
   9.5244140625000000      -0.136656702    
   9.5302734375000000      -0.136903107    
   9.5361328125000000      -0.137150586    
   9.5419921875000000      -0.137399077    
   9.5478515625000000      -0.137648672    
   9.5537109375000000      -0.137899309    
   9.5595703125000000      -0.138151020    
   9.5654296875000000      -0.138403833    
   9.5712890625000000      -0.138657719    
   9.5771484375000000      -0.138912708    
   9.5830078125000000      -0.139168769    
   9.5888671875000000      -0.139425933    
   9.5947265625000000      -0.139684230    
   9.6005859375000000      -0.139943600    
   9.6064453125000000      -0.140204132    
   9.6123046875000000      -0.140465766    
   9.6181640625000000      -0.140728503    
   9.6240234375000000      -0.140992403    
   9.6298828125000000      -0.141257465    
   9.6357421875000000      -0.141523629    
   9.6416015625000000      -0.141790986    
   9.6474609375000000      -0.142059475    
   9.6533203125000000      -0.142329127    
   9.6591796875000000      -0.142599970    
   9.6650390625000000      -0.142871976    
   9.6708984375000000      -0.143145174    
   9.6767578125000000      -0.143419534    
   9.6826171875000000      -0.143695116    
   9.6884765625000000      -0.143971890    
   9.6943359375000000      -0.144249886    
   9.7001953125000000      -0.144529074    
   9.7060546875000000      -0.144809484    
   9.7119140625000000      -0.145091116    
   9.7177734375000000      -0.145374000    
   9.7236328125000000      -0.145658106    
   9.7294921875000000      -0.145943463    
   9.7353515625000000      -0.146230072    
   9.7412109375000000      -0.146517932    
   9.7470703125000000      -0.146807045    
   9.7529296875000000      -0.147097439    
   9.7587890625000000      -0.147389114    
   9.7646484375000000      -0.147682071    
   9.7705078125000000      -0.147976339    
   9.7763671875000000      -0.148271888    
   9.7822265625000000      -0.148568749    
   9.7880859375000000      -0.148866892    
   9.7939453125000000      -0.149166375    
   9.7998046875000000      -0.149467200    
   9.8056640625000000      -0.149769336    
   9.8115234375000000      -0.150072813    
   9.8173828125000000      -0.150377631    
   9.8232421875000000      -0.150683820    
   9.8291015625000000      -0.150991350    
   9.8349609375000000      -0.151300251    
   9.8408203125000000      -0.151610553    
   9.8466796875000000      -0.151922196    
   9.8525390625000000      -0.152235270    
   9.8583984375000000      -0.152549714    
   9.8642578125000000      -0.152865559    
   9.8701171875000000      -0.153182834    
   9.8759765625000000      -0.153501540    
   9.8818359375000000      -0.153821647    
   9.8876953125000000      -0.154143184    
   9.8935546875000000      -0.154466182    
   9.8994140625000000      -0.154790640    
   9.9052734375000000      -0.155116528    
   9.9111328125000000      -0.155443907    
   9.9169921875000000      -0.155772746    
   9.9228515625000000      -0.156103075    
   9.9287109375000000      -0.156434894    
   9.9345703125000000      -0.156768203    
   9.9404296875000000      -0.157103002    
   9.9462890625000000      -0.157439351    
   9.9521484375000000      -0.157777190    
   9.9580078125000000      -0.158116579    
   9.9638671875000000      -0.158457518    
   9.9697265625000000      -0.158799976    
   9.9755859375000000      -0.159144014    
   9.9814453125000000      -0.159489602    
   9.9873046875000000      -0.159836769    
   9.9931640625000000      -0.160185516    
   9.9990234375000000      -0.160535872    
   10.004882812500000      -0.160887808    
   10.010742187500000      -0.161241353    
   10.016601562500000      -0.161596537    
   10.022460937500000      -0.161953330    
   10.028320312500000      -0.162311733    
   10.034179687500000      -0.162671804    
   10.040039062500000      -0.163033545    
   10.045898437500000      -0.163396925    
   10.051757812500000      -0.163761973    
   10.057617187500000      -0.164128721    
   10.063476562500000      -0.164497137    
   10.069335937500000      -0.164867282    
   10.075195312500000      -0.165239125    
   10.081054687500000      -0.165612668    
   10.086914062500000      -0.165987968    
   10.092773437500000      -0.166364968    
   10.098632812500000      -0.166743755    
   10.104492187500000      -0.167124271    
   10.110351562500000      -0.167506576    
   10.116210937500000      -0.167890638    
   10.122070312500000      -0.168276519    
   10.127929687500000      -0.168664157    
   10.133789062500000      -0.169053644    
   10.139648437500000      -0.169444919    
   10.145507812500000      -0.169838041    
   10.151367187500000      -0.170232981    
   10.157226562500000      -0.170629770    
   10.163085937500000      -0.171028435    
   10.168945312500000      -0.171428978    
   10.174804687500000      -0.171831399    
   10.180664062500000      -0.172235698    
   10.186523437500000      -0.172641903    
   10.192382812500000      -0.173050016    
   10.198242187500000      -0.173460066    
   10.204101562500000      -0.173872024    
   10.209960937500000      -0.174285948    
   10.215820312500000      -0.174701840    
   10.221679687500000      -0.175119698    
   10.227539062500000      -0.175539523    
   10.233398437500000      -0.175961345    
   10.239257812500000      -0.176385164    
   10.245117187500000      -0.176811010    
   10.250976562500000      -0.177238882    
   10.256835937500000      -0.177668810    
   10.262695312500000      -0.178100765    
   10.268554687500000      -0.178534776    
   10.274414062500000      -0.178970873    
   10.280273437500000      -0.179409057    
   10.286132812500000      -0.179849327    
   10.291992187500000      -0.180291712    
   10.297851562500000      -0.180736214    
   10.303710937500000      -0.181182861    
   10.309570312500000      -0.181631684    
   10.315429687500000      -0.182082623    
   10.321289062500000      -0.182535768    
   10.327148437500000      -0.182991058    
   10.333007812500000      -0.183448583    
   10.338867187500000      -0.183908314    
   10.344726562500000      -0.184370279    
   10.350585937500000      -0.184834450    
   10.356445312500000      -0.185300887    
   10.362304687500000      -0.185769618    
   10.368164062500000      -0.186240584    
   10.374023437500000      -0.186713874    
   10.379882812500000      -0.187189460    
   10.385742187500000      -0.187667370    
   10.391601562500000      -0.188147604    
   10.397460937500000      -0.188630164    
   10.403320312500000      -0.189115137    
   10.409179687500000      -0.189602435    
   10.415039062500000      -0.190092146    
   10.420898437500000      -0.190584272    
   10.426757812500000      -0.191078812    
   10.432617187500000      -0.191575766    
   10.438476562500000      -0.192075193    
   10.444335937500000      -0.192577064    
   10.450195312500000      -0.193081409    
   10.456054687500000      -0.193588257    
   10.461914062500000      -0.194097608    
   10.467773437500000      -0.194609493    
   10.473632812500000      -0.195123911    
   10.479492187500000      -0.195640862    
   10.485351562500000      -0.196160406    
   10.491210937500000      -0.196682543    
   10.497070312500000      -0.197207242    
   10.502929687500000      -0.197734594    
   10.508789062500000      -0.198264569    
   10.514648437500000      -0.198797196    
   10.520507812500000      -0.199332476    
   10.526367187500000      -0.199870437    
   10.532226562500000      -0.200411111    
   10.538085937500000      -0.200954497    
   10.543945312500000      -0.201500595    
   10.549804687500000      -0.202049464    
   10.555664062500000      -0.202601075    
   10.561523437500000      -0.203155488    
   10.567382812500000      -0.203712702    
   10.573242187500000      -0.204272717    
   10.579101562500000      -0.204835564    
   10.584960937500000      -0.205401272    
   10.590820312500000      -0.205969870    
   10.596679687500000      -0.206541330    
   10.602539062500000      -0.207115710    
   10.608398437500000      -0.207693011    
   10.614257812500000      -0.208273232    
   10.620117187500000      -0.208856434    
   10.625976562500000      -0.209442616    
   10.631835937500000      -0.210031807    
   10.637695312500000      -0.210624009    
   10.643554687500000      -0.211219221    
   10.649414062500000      -0.211817533    
   10.655273437500000      -0.212418884    
   10.661132812500000      -0.213023335    
   10.666992187500000      -0.213630915    
   10.672851562500000      -0.214241624    
   10.678710937500000      -0.214855462    
   10.684570312500000      -0.215472490    
   10.690429687500000      -0.216092736    
   10.696289062500000      -0.216716170    
   10.702148437500000      -0.217342854    
   10.708007812500000      -0.217972755    
   10.713867187500000      -0.218605965    
   10.719726562500000      -0.219242483    
   10.725585937500000      -0.219882309    
   10.731445312500000      -0.220525444    
   10.737304687500000      -0.221171975    
   10.743164062500000      -0.221821874    
   10.749023437500000      -0.222475201    
   10.754882812500000      -0.223131925    
   10.760742187500000      -0.223792106    
   10.766601562500000      -0.224455774    
   10.772460937500000      -0.225122929    
   10.778320312500000      -0.225793600    
   10.784179687500000      -0.226467788    
   10.790039062500000      -0.227145553    
   10.795898437500000      -0.227826923    
   10.801757812500000      -0.228511870    
   10.807617187500000      -0.229200482    
   10.813476562500000      -0.229892731    
   10.819335937500000      -0.230588675    
   10.825195312500000      -0.231288314    
   10.831054687500000      -0.231991678    
   10.836914062500000      -0.232698798    
   10.842773437500000      -0.233409703    
   10.848632812500000      -0.234124392    
   10.854492187500000      -0.234842926    
   10.860351562500000      -0.235565305    
   10.866210937500000      -0.236291587    
   10.872070312500000      -0.237021744    
   10.877929687500000      -0.237755835    
   10.883789062500000      -0.238493919    
   10.889648437500000      -0.239235938    
   10.895507812500000      -0.239982009    
   10.901367187500000      -0.240732104    
   10.907226562500000      -0.241486251    
   10.913085937500000      -0.242244482    
   10.918945312500000      -0.243006855    
   10.924804687500000      -0.243773371    
   10.930664062500000      -0.244544059    
   10.936523437500000      -0.245318919    
   10.942382812500000      -0.246098042    
   10.948242187500000      -0.246881425    
   10.954101562500000      -0.247669101    
   10.959960937500000      -0.248461068    
   10.965820312500000      -0.249257416    
   10.971679687500000      -0.250058115    
   10.977539062500000      -0.250863194    
   10.983398437500000      -0.251672745    
   10.989257812500000      -0.252486765    
   10.995117187500000      -0.253305286    
   11.000976562500000      -0.254128337    
   11.006835937500000      -0.254955888    
   11.012695312500000      -0.255788088    
   11.018554687500000      -0.256624877    
   11.024414062500000      -0.257466346    
   11.030273437500000      -0.258312494    
   11.036132812500000      -0.259163350    
   11.041992187500000      -0.260018945    
   11.047851562500000      -0.260879338    
   11.053710937500000      -0.261744559    
   11.059570312500000      -0.262614608    
   11.065429687500000      -0.263489544    
   11.071289062500000      -0.264369398    
   11.077148437500000      -0.265254200    
   11.083007812500000      -0.266143978    
   11.088867187500000      -0.267038822    
   11.094726562500000      -0.267938673    
   11.100585937500000      -0.268843621    
   11.106445312500000      -0.269753695    
   11.112304687500000      -0.270668924    
   11.118164062500000      -0.271589398    
   11.124023437500000      -0.272515059    
   11.129882812500000      -0.273446023    
   11.135742187500000      -0.274382293    
   11.141601562500000      -0.275323868    
   11.147460937500000      -0.276270866    
   11.153320312500000      -0.277223289    
   11.159179687500000      -0.278181136    
   11.165039062500000      -0.279144526    
   11.170898437500000      -0.280113429    
   11.176757812500000      -0.281087935    
   11.182617187500000      -0.282068014    
   11.188476562500000      -0.283053815    
   11.194335937500000      -0.284045279    
   11.200195312500000      -0.285042465    
   11.206054687500000      -0.286045462    
   11.211914062500000      -0.287054271    
   11.217773437500000      -0.288068950    
   11.223632812500000      -0.289089531    
   11.229492187500000      -0.290116072    
   11.235351562500000      -0.291148603    
   11.241210937500000      -0.292187154    
   11.247070312500000      -0.293231785    
   11.252929687500000      -0.294282556    
   11.258789062500000      -0.295339495    
   11.264648437500000      -0.296402633    
   11.270507812500000      -0.297472030    
   11.276367187500000      -0.298547745    
   11.282226562500000      -0.299629807    
   11.288085937500000      -0.300718248    
   11.293945312500000      -0.301813185    
   11.299804687500000      -0.302914560    
   11.305664062500000      -0.304022491    
   11.311523437500000      -0.305137008    
   11.317382812500000      -0.306258172    
   11.323242187500000      -0.307385981    
   11.329101562500000      -0.308520555    
   11.334960937500000      -0.309661925    
   11.340820312500000      -0.310810149    
   11.346679687500000      -0.311965227    
   11.352539062500000      -0.313127220    
   11.358398437500000      -0.314296246    
   11.364257812500000      -0.315472275    
   11.370117187500000      -0.316655397    
   11.375976562500000      -0.317845702    
   11.381835937500000      -0.319043189    
   11.387695312500000      -0.320247948    
   11.393554687500000      -0.321459979    
   11.399414062500000      -0.322679400    
   11.405273437500000      -0.323906243    
   11.411132812500000      -0.325140536    
   11.416992187500000      -0.326382369    
   11.422851562500000      -0.327631801    
   11.428710937500000      -0.328888893    
   11.434570312500000      -0.330153674    
   11.440429687500000      -0.331426203    
   11.446289062500000      -0.332706571    
   11.452148437500000      -0.333994836    
   11.458007812500000      -0.335291028    
   11.463867187500000      -0.336595237    
   11.469726562500000      -0.337907493    
   11.475585937500000      -0.339227885    
   11.481445312500000      -0.340556473    
   11.487304687500000      -0.341893315    
   11.493164062500000      -0.343238473    
   11.499023437500000      -0.344592005    
   11.504882812500000      -0.345953971    
   11.510742187500000      -0.347324461    
   11.516601562500000      -0.348703533    
   11.522460937500000      -0.350091249    
   11.528320312500000      -0.351487696    
   11.534179687500000      -0.352892876    
   11.540039062500000      -0.354306936    
   11.545898437500000      -0.355729908    
   11.551757812500000      -0.357161880    
   11.557617187500000      -0.358602911    
   11.563476562500000      -0.360053062    
   11.569335937500000      -0.361512393    
   11.575195312500000      -0.362981021    
   11.581054687500000      -0.364458978    
   11.586914062500000      -0.365946412    
   11.592773437500000      -0.367443293    
   11.598632812500000      -0.368949771    
   11.604492187500000      -0.370465875    
   11.610351562500000      -0.371991694    
   11.616210937500000      -0.373527348    
   11.622070312500000      -0.375072867    
   11.627929687500000      -0.376628369    
   11.633789062500000      -0.378193885    
   11.639648437500000      -0.379769534    
   11.645507812500000      -0.381355375    
   11.651367187500000      -0.382951498    
   11.657226562500000      -0.384558022    
   11.663085937500000      -0.386174977    
   11.668945312500000      -0.387802452    
   11.674804687500000      -0.389440566    
   11.680664062500000      -0.391089380    
   11.686523437500000      -0.392749012    
   11.692382812500000      -0.394419491    
   11.698242187500000      -0.396100968    
   11.704101562500000      -0.397793502    
   11.709960937500000      -0.399497211    
   11.715820312500000      -0.401212126    
   11.721679687500000      -0.402938396    
   11.727539062500000      -0.404676110    
   11.733398437500000      -0.406425327    
   11.739257812500000      -0.408186167    
   11.745117187500000      -0.409958720    
   11.750976562500000      -0.411743104    
   11.756835937500000      -0.413539380    
   11.762695312500000      -0.415347695    
   11.768554687500000      -0.417168081    
   11.774414062500000      -0.419000715    
   11.780273437500000      -0.420845658    
   11.786132812500000      -0.422702998    
   11.791992187500000      -0.424572885    
   11.797851562500000      -0.426455379    
   11.803710937500000      -0.428350627    
   11.809570312500000      -0.430258691    
   11.815429687500000      -0.432179719    
   11.821289062500000      -0.434113801    
   11.827148437500000      -0.436061054    
   11.833007812500000      -0.438021600    
   11.838867187500000      -0.439995527    
   11.844726562500000      -0.441982955    
   11.850585937500000      -0.443984032    
   11.856445312500000      -0.445998847    
   11.862304687500000      -0.448027492    
   11.868164062500000      -0.450070143    
   11.874023437500000      -0.452126890    
   11.879882812500000      -0.454197854    
   11.885742187500000      -0.456283152    
   11.891601562500000      -0.458382934    
   11.897460937500000      -0.460497290    
   11.903320312500000      -0.462626368    
   11.909179687500000      -0.464770287    
   11.915039062500000      -0.466929197    
   11.920898437500000      -0.469103217    
   11.926757812500000      -0.471292466    
   11.932617187500000      -0.473497093    
   11.938476562500000      -0.475717217    
   11.944335937500000      -0.477952987    
   11.950195312500000      -0.480204552    
   11.956054687500000      -0.482472003    
   11.961914062500000      -0.484755546    
   11.967773437500000      -0.487055272    
   11.973632812500000      -0.489371389    
   11.979492187500000      -0.491703928    
   11.985351562500000      -0.494053215    
   11.991210937500000      -0.496419102    
   11.997070312500000      -0.498802423    
