   2.9296875000000000E-003 -0.495717257    
   8.7890625000000000E-003 -0.487277508    
   1.4648437500000000E-002 -0.479004413    
   2.0507812500000000E-002 -0.470887214    
   2.6367187500000000E-002 -0.462925792    
   3.2226562500000000E-002 -0.455115169    
   3.8085937500000000E-002 -0.447453260    
   4.3945312500000000E-002 -0.439936310    
   4.9804687500000000E-002 -0.432561755    
   5.5664062500000000E-002 -0.425326318    
   6.1523437500000000E-002 -0.418227434    
   6.7382812500000000E-002 -0.411261976    
   7.3242187500000000E-002 -0.404427439    
   7.9101562500000000E-002 -0.397720963    
   8.4960937500000000E-002 -0.391140044    
   9.0820312500000000E-002 -0.384682000    
   9.6679687500000000E-002 -0.378344417    
  0.10253906250000000      -0.372124732    
  0.10839843750000000      -0.366020650    
  0.11425781250000000      -0.360029697    
  0.12011718750000000      -0.354149699    
  0.12597656250000000      -0.348378301    
  0.13183593750000000      -0.342713356    
  0.13769531250000000      -0.337152660    
  0.14355468750000000      -0.331694156    
  0.14941406250000000      -0.326335728    
  0.15527343750000000      -0.321075439    
  0.16113281250000000      -0.315911263    
  0.16699218750000000      -0.310841292    
  0.17285156250000000      -0.305863619    
  0.17871093750000000      -0.300976396    
  0.18457031250000000      -0.296177804    
  0.19042968750000000      -0.291466117    
  0.19628906250000000      -0.286839575    
  0.20214843750000000      -0.282296509    
  0.20800781250000000      -0.277835220    
  0.21386718750000000      -0.273454130    
  0.21972656250000000      -0.269151598    
  0.22558593750000000      -0.264926136    
  0.23144531250000000      -0.260776192    
  0.23730468750000000      -0.256700277    
  0.24316406250000000      -0.252696931    
  0.24902343750000000      -0.248764753    
  0.25488281250000000      -0.244902313    
  0.26074218750000000      -0.241108268    
  0.26660156250000000      -0.237381279    
  0.27246093750000000      -0.233720034    
  0.27832031250000000      -0.230123281    
  0.28417968750000000      -0.226589710    
  0.29003906250000000      -0.223118156    
  0.29589843750000000      -0.219707370    
  0.30175781250000000      -0.216356188    
  0.30761718750000000      -0.213063478    
  0.31347656250000000      -0.209828079    
  0.31933593750000000      -0.206648916    
  0.32519531250000000      -0.203524888    
  0.33105468750000000      -0.200454950    
  0.33691406250000000      -0.197438061    
  0.34277343750000000      -0.194473207    
  0.34863281250000000      -0.191559404    
  0.35449218750000000      -0.188695669    
  0.36035156250000000      -0.185881019    
  0.36621093750000000      -0.183114558    
  0.37207031250000000      -0.180395365    
  0.37792968750000000      -0.177722543    
  0.38378906250000000      -0.175095201    
  0.38964843750000000      -0.172512501    
  0.39550781250000000      -0.169973612    
  0.40136718750000000      -0.167477667    
  0.40722656250000000      -0.165023863    
  0.41308593750000000      -0.162611455    
  0.41894531250000000      -0.160239607    
  0.42480468750000000      -0.157907605    
  0.43066406250000000      -0.155614704    
  0.43652343750000000      -0.153360158    
  0.44238281250000000      -0.151143253    
  0.44824218750000000      -0.148963302    
  0.45410156250000000      -0.146819592    
  0.45996093750000000      -0.144711465    
  0.46582031250000000      -0.142638296    
  0.47167968750000000      -0.140599400    
  0.47753906250000000      -0.138594151    
  0.48339843750000000      -0.136621922    
  0.48925781250000000      -0.134682149    
  0.49511718750000000      -0.132774204    
  0.50097656250000000      -0.130897492    
  0.50683593750000000      -0.129051447    
  0.51269531250000000      -0.127235532    
  0.51855468750000000      -0.125449181    
  0.52441406250000000      -0.123691887    
  0.53027343750000000      -0.121963054    
  0.53613281250000000      -0.120262235    
  0.54199218750000000      -0.118588895    
  0.54785156250000000      -0.116942525    
  0.55371093750000000      -0.115322649    
  0.55957031250000000      -0.113728791    
  0.56542968750000000      -0.112160504    
  0.57128906250000000      -0.110617280    
  0.57714843750000000      -0.109098703    
  0.58300781250000000      -0.107604355    
  0.58886718750000000      -0.106133759    
  0.59472656250000000      -0.104686499    
  0.60058593750000000      -0.103262156    
  0.60644531250000000      -0.101860344    
  0.61230468750000000      -0.100480676    
  0.61816406250000000       -9.91227031E-02
  0.62402343750000000       -9.77860987E-02
  0.62988281250000000       -9.64704454E-02
  0.63574218750000000       -9.51754153E-02
  0.64160156250000000       -9.39005911E-02
  0.64746093750000000       -9.26456749E-02
  0.65332031250000000       -9.14102793E-02
  0.65917968750000000       -9.01940763E-02
  0.66503906250000000       -8.89967084E-02
  0.67089843750000000       -8.78178775E-02
  0.67675781250000000       -8.66572559E-02
  0.68261718750000000       -8.55145156E-02
  0.68847656250000000       -8.43893290E-02
  0.69433593750000000       -8.32814574E-02
  0.70019531250000000       -8.21905136E-02
  0.70605468750000000       -8.11162889E-02
  0.71191406250000000       -8.00584257E-02
  0.71777343750000000       -7.90166855E-02
  0.72363281250000000       -7.79907703E-02
  0.72949218750000000       -7.69804120E-02
  0.73535156250000000       -7.59853423E-02
  0.74121093750000000       -7.50053227E-02
  0.74707031250000000       -7.40400553E-02
  0.75292968750000000       -7.30893314E-02
  0.75878906250000000       -7.21528828E-02
  0.76464843750000000       -7.12304711E-02
  0.77050781250000000       -7.03218281E-02
  0.77636718750000000       -6.94267750E-02
  0.78222656250000000       -6.85450435E-02
  0.78808593750000000       -6.76764250E-02
  0.79394531250000000       -6.68207109E-02
  0.79980468750000000       -6.59776330E-02
  0.80566406250000000       -6.51470423E-02
  0.81152343750000000       -6.43287003E-02
  0.81738281250000000       -6.35223985E-02
  0.82324218750000000       -6.27279282E-02
  0.82910156250000000       -6.19451106E-02
  0.83496093750000000       -6.11737370E-02
  0.84082031250000000       -6.04136586E-02
  0.84667968750000000       -5.96646369E-02
  0.85253906250000000       -5.89264929E-02
  0.85839843750000000       -5.81990778E-02
  0.86425781250000000       -5.74822128E-02
  0.87011718750000000       -5.67756891E-02
  0.87597656250000000       -5.60793579E-02
  0.88183593750000000       -5.53930700E-02
  0.88769531250000000       -5.47166467E-02
  0.89355468750000000       -5.40499091E-02
  0.89941406250000000       -5.33927083E-02
  0.90527343750000000       -5.27448952E-02
  0.91113281250000000       -5.21063209E-02
  0.91699218750000000       -5.14768362E-02
  0.92285156250000000       -5.08562922E-02
  0.92871093750000000       -5.02445102E-02
  0.93457031250000000       -4.96414006E-02
  0.94042968750000000       -4.90468144E-02
  0.94628906250000000       -4.84605730E-02
  0.95214843750000000       -4.78825867E-02
  0.95800781250000000       -4.73127067E-02
  0.96386718750000000       -4.67508137E-02
  0.96972656250000000       -4.61967587E-02
  0.97558593750000000       -4.56504524E-02
  0.98144531250000000       -4.51117158E-02
  0.98730468750000000       -4.45804596E-02
  0.99316406250000000       -4.40565944E-02
  0.99902343750000000       -4.35399711E-02
   1.0048828125000000       -4.30304408E-02
   1.0107421875000000       -4.25279737E-02
   1.0166015625000000       -4.20323908E-02
   1.0224609375000000       -4.15436029E-02
   1.0283203125000000       -4.10615206E-02
   1.0341796875000000       -4.05860245E-02
   1.0400390625000000       -4.01170254E-02
   1.0458984375000000       -3.96544039E-02
   1.0517578125000000       -3.91980708E-02
   1.0576171875000000       -3.87479067E-02
   1.0634765625000000       -3.83038521E-02
   1.0693359375000000       -3.78657579E-02
   1.0751953125000000       -3.74335945E-02
   1.0810546875000000       -3.70072424E-02
   1.0869140625000000       -3.65866125E-02
   1.0927734375000000       -3.61716151E-02
   1.0986328125000000       -3.57621908E-02
   1.1044921875000000       -3.53581905E-02
   1.1103515625000000       -3.49595845E-02
   1.1162109375000000       -3.45662832E-02
   1.1220703125000000       -3.41781974E-02
   1.1279296875000000       -3.37952375E-02
   1.1337890625000000       -3.34173441E-02
   1.1396484375000000       -3.30444276E-02
   1.1455078125000000       -3.26764286E-02
   1.1513671875000000       -3.23132575E-02
   1.1572265625000000       -3.19548547E-02
   1.1630859375000000       -3.16011310E-02
   1.1689453125000000       -3.12519968E-02
   1.1748046875000000       -3.09074521E-02
   1.1806640625000000       -3.05673778E-02
   1.1865234375000000       -3.02317142E-02
   1.1923828125000000       -2.99004018E-02
   1.1982421875000000       -2.95733511E-02
   1.2041015625000000       -2.92505324E-02
   1.2099609375000000       -2.89318860E-02
   1.2158203125000000       -2.86172926E-02
   1.2216796875000000       -2.83067822E-02
   1.2275390625000000       -2.80002058E-02
   1.2333984375000000       -2.76975632E-02
   1.2392578125000000       -2.73987949E-02
   1.2451171875000000       -2.71038115E-02
   1.2509765625000000       -2.68125832E-02
   1.2568359375000000       -2.65250206E-02
   1.2626953125000000       -2.62411237E-02
   1.2685546875000000       -2.59608030E-02
   1.2744140625000000       -2.56840289E-02
   1.2802734375000000       -2.54107118E-02
   1.2861328125000000       -2.51408219E-02
   1.2919921875000000       -2.48743296E-02
   1.2978515625000000       -2.46111751E-02
   1.3037109375000000       -2.43512690E-02
   1.3095703125000000       -2.40946412E-02
   1.3154296875000000       -2.38411725E-02
   1.3212890625000000       -2.35908628E-02
   1.3271484375000000       -2.33436525E-02
   1.3330078125000000       -2.30995119E-02
   1.3388671875000000       -2.28583515E-02
   1.3447265625000000       -2.26201713E-02
   1.3505859375000000       -2.23849416E-02
   1.3564453125000000       -2.21525729E-02
   1.3623046875000000       -2.19230354E-02
   1.3681640625000000       -2.16963291E-02
   1.3740234375000000       -2.14723647E-02
   1.3798828125000000       -2.12511420E-02
   1.3857421875000000       -2.10326016E-02
   1.3916015625000000       -2.08167136E-02
   1.3974609375000000       -2.06034184E-02
   1.4033203125000000       -2.03927159E-02
   1.4091796875000000       -2.01845765E-02
   1.4150390625000000       -1.99789107E-02
   1.4208984375000000       -1.97757185E-02
   1.4267578125000000       -1.95749700E-02
   1.4326171875000000       -1.93766057E-02
   1.4384765625000000       -1.91806257E-02
   1.4443359375000000       -1.89869702E-02
   1.4501953125000000       -1.87956393E-02
   1.4560546875000000       -1.86065435E-02
   1.4619140625000000       -1.84197128E-02
   1.4677734375000000       -1.82350874E-02
   1.4736328125000000       -1.80526376E-02
   1.4794921875000000       -1.78723633E-02
   1.4853515625000000       -1.76941752E-02
   1.4912109375000000       -1.75181031E-02
   1.4970703125000000       -1.73440874E-02
   1.5029296875000000       -1.71720982E-02
   1.5087890625000000       -1.70021355E-02
   1.5146484375000000       -1.68341398E-02
   1.5205078125000000       -1.66680813E-02
   1.5263671875000000       -1.65039599E-02
   1.5322265625000000       -1.63417459E-02
   1.5380859375000000       -1.61814094E-02
   1.5439453125000000       -1.60229504E-02
   1.5498046875000000       -1.58662796E-02
   1.5556640625000000       -1.57114267E-02
   1.5615234375000000       -1.55583322E-02
   1.5673828125000000       -1.54070258E-02
   1.5732421875000000       -1.52574182E-02
   1.5791015625000000       -1.51095390E-02
   1.5849609375000000       -1.49633288E-02
   1.5908203125000000       -1.48187876E-02
   1.5966796875000000       -1.46759152E-02
   1.6025390625000000       -1.45346224E-02
   1.6083984375000000       -1.43949389E-02
   1.6142578125000000       -1.42568648E-02
   1.6201171875000000       -1.41203105E-02
   1.6259765625000000       -1.39853060E-02
   1.6318359375000000       -1.38518214E-02
   1.6376953125000000       -1.37198269E-02
   1.6435546875000000       -1.35892928E-02
   1.6494140625000000       -1.34602487E-02
   1.6552734375000000       -1.33326352E-02
   1.6611328125000000       -1.32064223E-02
   1.6669921875000000       -1.30816400E-02
   1.6728515625000000       -1.29582286E-02
   1.6787109375000000       -1.28361881E-02
   1.6845703125000000       -1.27154887E-02
   1.6904296875000000       -1.25961304E-02
   1.6962890625000000       -1.24780834E-02
   1.7021484375000000       -1.23613179E-02
   1.7080078125000000       -1.22458637E-02
   1.7138671875000000       -1.21316612E-02
   1.7197265625000000       -1.20186806E-02
   1.7255859375000000       -1.19069815E-02
   1.7314453125000000       -1.17964745E-02
   1.7373046875000000       -1.16871595E-02
   1.7431640625000000       -1.15790367E-02
   1.7490234375000000       -1.14721060E-02
   1.7548828125000000       -1.13663077E-02
   1.7607421875000000       -1.12616718E-02
   1.7666015625000000       -1.11581683E-02
   1.7724609375000000       -1.10557675E-02
   1.7783203125000000       -1.09544694E-02
   1.7841796875000000       -1.08542442E-02
   1.7900390625000000       -1.07551217E-02
   1.7958984375000000       -1.06570423E-02
   1.8017578125000000       -1.05600059E-02
   1.8076171875000000       -1.04640126E-02
   1.8134765625000000       -1.03690326E-02
   1.8193359375000000       -1.02750659E-02
   1.8251953125000000       -1.01820827E-02
   1.8310546875000000       -1.00901127E-02
   1.8369140625000000       -9.99909639E-03
   1.8427734375000000       -9.90903378E-03
   1.8486328125000000       -9.81992483E-03
   1.8544921875000000       -9.73173976E-03
   1.8603515625000000       -9.64450836E-03
   1.8662109375000000       -9.55817103E-03
   1.8720703125000000       -9.47275758E-03
   1.8779296875000000       -9.38820839E-03
   1.8837890625000000       -9.30455327E-03
   1.8896484375000000       -9.22176242E-03
   1.8955078125000000       -9.13983583E-03
   1.9013671875000000       -9.05877352E-03
   1.9072265625000000       -8.97854567E-03
   1.9130859375000000       -8.89912248E-03
   1.9189453125000000       -8.82053375E-03
   1.9248046875000000       -8.74277949E-03
   1.9306640625000000       -8.66580009E-03
   1.9365234375000000       -8.58959556E-03
   1.9423828125000000       -8.51419568E-03
   1.9482421875000000       -8.43957067E-03
   1.9541015625000000       -8.36569071E-03
   1.9599609375000000       -8.29258561E-03
   1.9658203125000000       -8.22022557E-03
   1.9716796875000000       -8.14858079E-03
   1.9775390625000000       -8.07768106E-03
   1.9833984375000000       -8.00746679E-03
   1.9892578125000000       -7.93799758E-03
   1.9951171875000000       -7.86921382E-03
   2.0009765625000000       -7.80114532E-03
   2.0068359375000000       -7.73373246E-03
   2.0126953125000000       -7.66703486E-03
   2.0185546875000000       -7.60099292E-03
   2.0244140625000000       -7.53560662E-03
   2.0302734375000000       -7.47084618E-03
   2.0361328125000000       -7.40677118E-03
   2.0419921875000000       -7.34332204E-03
   2.0478515625000000       -7.28052855E-03
   2.0537109375000000       -7.21833110E-03
   2.0595703125000000       -7.15675950E-03
   2.0654296875000000       -7.09578395E-03
   2.0712890625000000       -7.03543425E-03
   2.0771484375000000       -6.97568059E-03
   2.0830078125000000       -6.91649318E-03
   2.0888671875000000       -6.85790181E-03
   2.0947265625000000       -6.79990649E-03
   2.1005859375000000       -6.74244761E-03
   2.1064453125000000       -6.68558478E-03
   2.1123046875000000       -6.62925839E-03
   2.1181640625000000       -6.57349825E-03
   2.1240234375000000       -6.51827455E-03
   2.1298828125000000       -6.46358728E-03
   2.1357421875000000       -6.40943646E-03
   2.1416015625000000       -6.35579228E-03
   2.1474609375000000       -6.30268455E-03
   2.1533203125000000       -6.25008345E-03
   2.1591796875000000       -6.19801879E-03
   2.1650390625000000       -6.14643097E-03
   2.1708984375000000       -6.09534979E-03
   2.1767578125000000       -6.04474545E-03
   2.1826171875000000       -5.99464774E-03
   2.1884765625000000       -5.94502687E-03
   2.1943359375000000       -5.89585304E-03
   2.2001953125000000       -5.84718585E-03
   2.2060546875000000       -5.79896569E-03
   2.2119140625000000       -5.75122237E-03
   2.2177734375000000       -5.70392609E-03
   2.2236328125000000       -5.65707684E-03
   2.2294921875000000       -5.61067462E-03
   2.2353515625000000       -5.56471944E-03
   2.2412109375000000       -5.51918149E-03
   2.2470703125000000       -5.47409058E-03
   2.2529296875000000       -5.42941689E-03
   2.2587890625000000       -5.38516045E-03
   2.2646484375000000       -5.34132123E-03
   2.2705078125000000       -5.29789925E-03
   2.2763671875000000       -5.25489450E-03
   2.2822265625000000       -5.21230698E-03
   2.2880859375000000       -5.17007709E-03
   2.2939453125000000       -5.12826443E-03
   2.2998046875000000       -5.08683920E-03
   2.3056640625000000       -5.04580140E-03
   2.3115234375000000       -5.00515103E-03
   2.3173828125000000       -4.96488810E-03
   2.3232421875000000       -4.92498279E-03
   2.3291015625000000       -4.88543510E-03
   2.3349609375000000       -4.84627485E-03
   2.3408203125000000       -4.80747223E-03
   2.3466796875000000       -4.76902723E-03
   2.3525390625000000       -4.73093987E-03
   2.3583984375000000       -4.69318032E-03
   2.3642578125000000       -4.65577841E-03
   2.3701171875000000       -4.61873412E-03
   2.3759765625000000       -4.58201766E-03
   2.3818359375000000       -4.54565883E-03
   2.3876953125000000       -4.50959802E-03
   2.3935546875000000       -4.47389483E-03
   2.3994140625000000       -4.43851948E-03
   2.4052734375000000       -4.40344214E-03
   2.4111328125000000       -4.36869264E-03
   2.4169921875000000       -4.33427095E-03
   2.4228515625000000       -4.30014729E-03
   2.4287109375000000       -4.26635146E-03
   2.4345703125000000       -4.23282385E-03
   2.4404296875000000       -4.19962406E-03
   2.4462890625000000       -4.16672230E-03
   2.4521484375000000       -4.13411856E-03
   2.4580078125000000       -4.10181284E-03
   2.4638671875000000       -4.06980515E-03
   2.4697265625000000       -4.03806567E-03
   2.4755859375000000       -4.00662422E-03
   2.4814453125000000       -3.97545099E-03
   2.4873046875000000       -3.94454598E-03
   2.4931640625000000       -3.91393900E-03
   2.4990234375000000       -3.88360023E-03
   2.5048828125000000       -3.85352969E-03
   2.5107421875000000       -3.82372737E-03
   2.5166015625000000       -3.79419327E-03
   2.5224609375000000       -3.76489758E-03
   2.5283203125000000       -3.73589993E-03
   2.5341796875000000       -3.70714068E-03
   2.5400390625000000       -3.67861986E-03
   2.5458984375000000       -3.65036726E-03
   2.5517578125000000       -3.62235308E-03
   2.5576171875000000       -3.59460711E-03
   2.5634765625000000       -3.56706977E-03
   2.5693359375000000       -3.53980064E-03
   2.5751953125000000       -3.51276994E-03
   2.5810546875000000       -3.48597765E-03
   2.5869140625000000       -3.45939398E-03
   2.5927734375000000       -3.43307853E-03
   2.5986328125000000       -3.40697169E-03
   2.6044921875000000       -3.38110328E-03
   2.6103515625000000       -3.35544348E-03
   2.6162109375000000       -3.33002210E-03
   2.6220703125000000       -3.30480933E-03
   2.6279296875000000       -3.27983499E-03
   2.6337890625000000       -3.25503945E-03
   2.6396484375000000       -3.23048234E-03
   2.6455078125000000       -3.20613384E-03
   2.6513671875000000       -3.18199396E-03
   2.6572265625000000       -3.15809250E-03
   2.6630859375000000       -3.13436985E-03
   2.6689453125000000       -3.11082602E-03
   2.6748046875000000       -3.08752060E-03
   2.6806640625000000       -3.06439400E-03
   2.6865234375000000       -3.04147601E-03
   2.6923828125000000       -3.01876664E-03
   2.6982421875000000       -2.99623609E-03
   2.7041015625000000       -2.97388434E-03
   2.7099609375000000       -2.95174122E-03
   2.7158203125000000       -2.92977691E-03
   2.7216796875000000       -2.90802121E-03
   2.7275390625000000       -2.88644433E-03
   2.7333984375000000       -2.86501646E-03
   2.7392578125000000       -2.84379721E-03
   2.7451171875000000       -2.82275677E-03
   2.7509765625000000       -2.80189514E-03
   2.7568359375000000       -2.78121233E-03
   2.7626953125000000       -2.76070833E-03
   2.7685546875000000       -2.74035335E-03
   2.7744140625000000       -2.72017717E-03
   2.7802734375000000       -2.70017982E-03
   2.7861328125000000       -2.68033147E-03
   2.7919921875000000       -2.66069174E-03
   2.7978515625000000       -2.64117122E-03
   2.8037109375000000       -2.62182951E-03
   2.8095703125000000       -2.60266662E-03
   2.8154296875000000       -2.58365273E-03
   2.8212890625000000       -2.56478786E-03
   2.8271484375000000       -2.54607201E-03
   2.8330078125000000       -2.52753496E-03
   2.8388671875000000       -2.50914693E-03
   2.8447265625000000       -2.49090791E-03
   2.8505859375000000       -2.47281790E-03
   2.8564453125000000       -2.45487690E-03
   2.8623046875000000       -2.43708491E-03
   2.8681640625000000       -2.41944194E-03
   2.8740234375000000       -2.40191817E-03
   2.8798828125000000       -2.38457322E-03
   2.8857421875000000       -2.36737728E-03
   2.8916015625000000       -2.35030055E-03
   2.8974609375000000       -2.33337283E-03
   2.9033203125000000       -2.31656432E-03
   2.9091796875000000       -2.29990482E-03
   2.9150390625000000       -2.28339434E-03
   2.9208984375000000       -2.26700306E-03
   2.9267578125000000       -2.25076079E-03
   2.9326171875000000       -2.23463774E-03
   2.9384765625000000       -2.21866369E-03
   2.9443359375000000       -2.20280886E-03
   2.9501953125000000       -2.18707323E-03
   2.9560546875000000       -2.17148662E-03
   2.9619140625000000       -2.15601921E-03
   2.9677734375000000       -2.14067101E-03
   2.9736328125000000       -2.12544203E-03
   2.9794921875000000       -2.11036205E-03
   2.9853515625000000       -2.09537148E-03
   2.9912109375000000       -2.08052993E-03
   2.9970703125000000       -2.06577778E-03
   3.0029296875000000       -2.05117464E-03
   3.0087890625000000       -2.03666091E-03
   3.0146484375000000       -2.02226639E-03
   3.0205078125000000       -2.00802088E-03
   3.0263671875000000       -1.99386477E-03
   3.0322265625000000       -1.97982788E-03
   3.0380859375000000       -1.96588039E-03
   3.0439453125000000       -1.95208192E-03
   3.0498046875000000       -1.93837285E-03
   3.0556640625000000       -1.92478299E-03
   3.0615234375000000       -1.91128254E-03
   3.0673828125000000       -1.89790130E-03
   3.0732421875000000       -1.88463926E-03
   3.0791015625000000       -1.87146664E-03
   3.0849609375000000       -1.85841322E-03
   3.0908203125000000       -1.84544921E-03
   3.0966796875000000       -1.83257461E-03
   3.1025390625000000       -1.81981921E-03
   3.1083984375000000       -1.80718303E-03
   3.1142578125000000       -1.79460645E-03
   3.1201171875000000       -1.78214908E-03
   3.1259765625000000       -1.76981091E-03
   3.1318359375000000       -1.75753236E-03
   3.1376953125000000       -1.74537301E-03
   3.1435546875000000       -1.73330307E-03
   3.1494140625000000       -1.72135234E-03
   3.1552734375000000       -1.70946121E-03
   3.1611328125000000       -1.69768929E-03
   3.1669921875000000       -1.68597698E-03
   3.1728515625000000       -1.67438388E-03
   3.1787109375000000       -1.66288018E-03
   3.1845703125000000       -1.65143609E-03
   3.1904296875000000       -1.64011121E-03
   3.1962890625000000       -1.62887573E-03
   3.2021484375000000       -1.61769986E-03
   3.2080078125000000       -1.60664320E-03
   3.2138671875000000       -1.59564614E-03
   3.2197265625000000       -1.58476830E-03
   3.2255859375000000       -1.57395005E-03
   3.2314453125000000       -1.56322122E-03
   3.2373046875000000       -1.55258179E-03
   3.2431640625000000       -1.54200196E-03
   3.2490234375000000       -1.53151155E-03
   3.2548828125000000       -1.52111053E-03
   3.2607421875000000       -1.51079893E-03
   3.2666015625000000       -1.50054693E-03
   3.2724609375000000       -1.49038434E-03
   3.2783203125000000       -1.48031116E-03
   3.2841796875000000       -1.47029757E-03
   3.2900390625000000       -1.46037340E-03
   3.2958984375000000       -1.45050883E-03
   3.3017578125000000       -1.44073367E-03
   3.3076171875000000       -1.43104792E-03
   3.3134765625000000       -1.42142177E-03
   3.3193359375000000       -1.41185522E-03
   3.3251953125000000       -1.40237808E-03
   3.3310546875000000       -1.39296055E-03
   3.3369140625000000       -1.38363242E-03
   3.3427734375000000       -1.37436390E-03
   3.3486328125000000       -1.36515498E-03
   3.3544921875000000       -1.35603547E-03
   3.3603515625000000       -1.34697556E-03
   3.3662109375000000       -1.33797526E-03
   3.3720703125000000       -1.32906437E-03
   3.3779296875000000       -1.32021308E-03
   3.3837890625000000       -1.31142139E-03
   3.3896484375000000       -1.30271912E-03
   3.3955078125000000       -1.29404664E-03
   3.4013671875000000       -1.28546357E-03
   3.4072265625000000       -1.27694011E-03
   3.4130859375000000       -1.26850605E-03
   3.4189453125000000       -1.26010180E-03
   3.4248046875000000       -1.25175714E-03
   3.4306640625000000       -1.24350190E-03
   3.4365234375000000       -1.23530626E-03
   3.4423828125000000       -1.22714043E-03
   3.4482421875000000       -1.21906400E-03
   3.4541015625000000       -1.21104717E-03
   3.4599609375000000       -1.20308995E-03
   3.4658203125000000       -1.19516253E-03
   3.4716796875000000       -1.18732452E-03
   3.4775390625000000       -1.17954612E-03
   3.4833984375000000       -1.17182732E-03
   3.4892578125000000       -1.16413832E-03
   3.4951171875000000       -1.15653872E-03
   3.5009765625000000       -1.14899874E-03
   3.5068359375000000       -1.14148855E-03
   3.5126953125000000       -1.13403797E-03
   3.5185546875000000       -1.12664700E-03
   3.5244140625000000       -1.11931562E-03
   3.5302734375000000       -1.11204386E-03
   3.5361328125000000       -1.10483170E-03
   3.5419921875000000       -1.09764934E-03
   3.5478515625000000       -1.09052658E-03
   3.5537109375000000       -1.08346343E-03
   3.5595703125000000       -1.07645988E-03
   3.5654296875000000       -1.06948614E-03
   3.5712890625000000       -1.06260180E-03
   3.5771484375000000       -1.05571747E-03
   3.5830078125000000       -1.04892254E-03
   3.5888671875000000       -1.04215741E-03
   3.5947265625000000       -1.03545189E-03
   3.6005859375000000       -1.02880597E-03
   3.6064453125000000       -1.02218986E-03
   3.6123046875000000       -1.01563334E-03
   3.6181640625000000       -1.00913644E-03
   3.6240234375000000       -1.00266933E-03
   3.6298828125000000       -9.96232033E-04
   3.6357421875000000       -9.89884138E-04
   3.6416015625000000       -9.83536243E-04
   3.6474609375000000       -9.77277756E-04
   3.6533203125000000       -9.71049070E-04
   3.6591796875000000       -9.64850187E-04
   3.6650390625000000       -9.58710909E-04
   3.6708984375000000       -9.52631235E-04
   3.6767578125000000       -9.46581364E-04
   3.6826171875000000       -9.40561295E-04
   3.6884765625000000       -9.34600830E-04
   3.6943359375000000       -9.28699970E-04
   3.7001953125000000       -9.22799110E-04
   3.7060546875000000       -9.16987658E-04
   3.7119140625000000       -9.11176205E-04
   3.7177734375000000       -9.05454159E-04
   3.7236328125000000       -8.99732113E-04
   3.7294921875000000       -8.94069672E-04
   3.7353515625000000       -8.88437033E-04
   3.7412109375000000       -8.82863998E-04
   3.7470703125000000       -8.77320766E-04
   3.7529296875000000       -8.71807337E-04
   3.7587890625000000       -8.66353512E-04
   3.7646484375000000       -8.60929489E-04
   3.7705078125000000       -8.55535269E-04
   3.7763671875000000       -8.50200653E-04
   3.7822265625000000       -8.44895840E-04
   3.7880859375000000       -8.39620829E-04
   3.7939453125000000       -8.34405422E-04
   3.7998046875000000       -8.29219818E-04
   3.8056640625000000       -8.24064016E-04
   3.8115234375000000       -8.18938017E-04
   3.8173828125000000       -8.13841820E-04
   3.8232421875000000       -8.08805227E-04
   3.8291015625000000       -8.03798437E-04
   3.8349609375000000       -7.98821449E-04
   3.8408203125000000       -7.93904066E-04
   3.8466796875000000       -7.88986683E-04
   3.8525390625000000       -7.84128904E-04
   3.8583984375000000       -7.79300928E-04
   3.8642578125000000       -7.74502754E-04
   3.8701171875000000       -7.69734383E-04
   3.8759765625000000       -7.65025616E-04
   3.8818359375000000       -7.60316849E-04
   3.8876953125000000       -7.55667686E-04
   3.8935546875000000       -7.51048326E-04
   3.8994140625000000       -7.46458769E-04
   3.9052734375000000       -7.41869211E-04
   3.9111328125000000       -7.37369061E-04
   3.9169921875000000       -7.32868910E-04
   3.9228515625000000       -7.28398561E-04
   3.9287109375000000       -7.23958015E-04
   3.9345703125000000       -7.19577074E-04
   3.9404296875000000       -7.15196133E-04
   3.9462890625000000       -7.10874796E-04
   3.9521484375000000       -7.06553459E-04
   3.9580078125000000       -7.02291727E-04
   3.9638671875000000       -6.98029995E-04
   3.9697265625000000       -6.93827868E-04
   3.9755859375000000       -6.89625740E-04
   3.9814453125000000       -6.85483217E-04
   3.9873046875000000       -6.81340694E-04
   3.9931640625000000       -6.77257776E-04
   3.9990234375000000       -6.73174858E-04
   4.0048828125000000       -6.69151545E-04
   4.0107421875000000       -6.65128231E-04
   4.0166015625000000       -6.61164522E-04
   4.0224609375000000       -6.57200813E-04
   4.0283203125000000       -6.53266907E-04
   4.0341796875000000       -6.49392605E-04
   4.0400390625000000       -6.45518303E-04
   4.0458984375000000       -6.41673803E-04
   4.0517578125000000       -6.37859106E-04
   4.0576171875000000       -6.34074211E-04
   4.0634765625000000       -6.30319118E-04
   4.0693359375000000       -6.26564026E-04
   4.0751953125000000       -6.22868538E-04
   4.0810546875000000       -6.19173050E-04
   4.0869140625000000       -6.15537167E-04
   4.0927734375000000       -6.11901283E-04
   4.0986328125000000       -6.08295202E-04
   4.1044921875000000       -6.04718924E-04
   4.1103515625000000       -6.01172447E-04
   4.1162109375000000       -5.97625971E-04
   4.1220703125000000       -5.94139099E-04
   4.1279296875000000       -5.90652227E-04
   4.1337890625000000       -5.87195158E-04
   4.1396484375000000       -5.83767891E-04
   4.1455078125000000       -5.80370426E-04
   4.1513671875000000       -5.76972961E-04
   4.1572265625000000       -5.73635101E-04
   4.1630859375000000       -5.70297241E-04
   4.1689453125000000       -5.66989183E-04
   4.1748046875000000       -5.63681126E-04
   4.1806640625000000       -5.60432673E-04
   4.1865234375000000       -5.57184219E-04
   4.1923828125000000       -5.53965569E-04
   4.1982421875000000       -5.50776720E-04
   4.2041015625000000       -5.47617674E-04
   4.2099609375000000       -5.44458628E-04
   4.2158203125000000       -5.41329384E-04
   4.2216796875000000       -5.38229942E-04
   4.2275390625000000       -5.35130501E-04
   4.2333984375000000       -5.32090664E-04
   4.2392578125000000       -5.29021025E-04
   4.2451171875000000       -5.26010990E-04
   4.2509765625000000       -5.23030758E-04
   4.2568359375000000       -5.20050526E-04
   4.2626953125000000       -5.17100096E-04
   4.2685546875000000       -5.14149666E-04
   4.2744140625000000       -5.11229038E-04
   4.2802734375000000       -5.08338213E-04
   4.2861328125000000       -5.05477190E-04
   4.2919921875000000       -5.02616167E-04
   4.2978515625000000       -4.99784946E-04
   4.3037109375000000       -4.96983528E-04
   4.3095703125000000       -4.94182110E-04
   4.3154296875000000       -4.91410494E-04
   4.3212890625000000       -4.88638878E-04
   4.3271484375000000       -4.85926867E-04
   4.3330078125000000       -4.83214855E-04
   4.3388671875000000       -4.80502844E-04
   4.3447265625000000       -4.77820635E-04
   4.3505859375000000       -4.75168228E-04
   4.3564453125000000       -4.72515821E-04
   4.3623046875000000       -4.69923019E-04
   4.3681640625000000       -4.67300415E-04
   4.3740234375000000       -4.64737415E-04
   4.3798828125000000       -4.62144613E-04
   4.3857421875000000       -4.59611416E-04
   4.3916015625000000       -4.57078218E-04
   4.3974609375000000       -4.54574823E-04
   4.4033203125000000       -4.52071428E-04
   4.4091796875000000       -4.49597836E-04
   4.4150390625000000       -4.47154045E-04
   4.4208984375000000       -4.44710255E-04
   4.4267578125000000       -4.42266464E-04
   4.4326171875000000       -4.39882278E-04
   4.4384765625000000       -4.37468290E-04
   4.4443359375000000       -4.35113907E-04
   4.4501953125000000       -4.32759523E-04
   4.4560546875000000       -4.30405140E-04
   4.4619140625000000       -4.28080559E-04
   4.4677734375000000       -4.25785780E-04
   4.4736328125000000       -4.23491001E-04
   4.4794921875000000       -4.21226025E-04
   4.4853515625000000       -4.18961048E-04
   4.4912109375000000       -4.16725874E-04
   4.4970703125000000       -4.14490700E-04
   4.5029296875000000       -4.12285328E-04
   4.5087890625000000       -4.10109758E-04
   4.5146484375000000       -4.07904387E-04
   4.5205078125000000       -4.05758619E-04
   4.5263671875000000       -4.03612852E-04
   4.5322265625000000       -4.01467085E-04
   4.5380859375000000       -3.99351120E-04
   4.5439453125000000       -3.97264957E-04
   4.5498046875000000       -3.95178795E-04
   4.5556640625000000       -3.93092632E-04
   4.5615234375000000       -3.91036272E-04
   4.5673828125000000       -3.89009714E-04
   4.5732421875000000       -3.86983156E-04
   4.5791015625000000       -3.84956598E-04
   4.5849609375000000       -3.82959843E-04
   4.5908203125000000       -3.80992889E-04
   4.5966796875000000       -3.79025936E-04
   4.6025390625000000       -3.77058983E-04
   4.6083984375000000       -3.75121832E-04
   4.6142578125000000       -3.73184681E-04
   4.6201171875000000       -3.71277332E-04
   4.6259765625000000       -3.69369984E-04
   4.6318359375000000       -3.67492437E-04
   4.6376953125000000       -3.65614891E-04
   4.6435546875000000       -3.63767147E-04
   4.6494140625000000       -3.61919403E-04
   4.6552734375000000       -3.60101461E-04
   4.6611328125000000       -3.58283520E-04
   4.6669921875000000       -3.56465578E-04
   4.6728515625000000       -3.54677439E-04
   4.6787109375000000       -3.52889299E-04
   4.6845703125000000       -3.51130962E-04
   4.6904296875000000       -3.49372625E-04
   4.6962890625000000       -3.47644091E-04
   4.7021484375000000       -3.45915556E-04
   4.7080078125000000       -3.44187021E-04
   4.7138671875000000       -3.42488289E-04
   4.7197265625000000       -3.40789557E-04
   4.7255859375000000       -3.39120626E-04
   4.7314453125000000       -3.37451696E-04
   4.7373046875000000       -3.35812569E-04
   4.7431640625000000       -3.34173441E-04
   4.7490234375000000       -3.32534313E-04
   4.7548828125000000       -3.30924988E-04
   4.7607421875000000       -3.29315662E-04
   4.7666015625000000       -3.27736139E-04
   4.7724609375000000       -3.26156616E-04
   4.7783203125000000       -3.24577093E-04
   4.7841796875000000       -3.23027372E-04
   4.7900390625000000       -3.21477652E-04
   4.7958984375000000       -3.19927931E-04
   4.8017578125000000       -3.18408012E-04
   4.8076171875000000       -3.16917896E-04
   4.8134765625000000       -3.15397978E-04
   4.8193359375000000       -3.13907862E-04
   4.8251953125000000       -3.12447548E-04
   4.8310546875000000       -3.10987234E-04
   4.8369140625000000       -3.09526920E-04
   4.8427734375000000       -3.08066607E-04
   4.8486328125000000       -3.06636095E-04
   4.8544921875000000       -3.05235386E-04
   4.8603515625000000       -3.03804874E-04
   4.8662109375000000       -3.02404165E-04
   4.8720703125000000       -3.01033258E-04
   4.8779296875000000       -2.99632549E-04
   4.8837890625000000       -2.98261642E-04
   4.8896484375000000       -2.96920538E-04
   4.8955078125000000       -2.95579433E-04
   4.9013671875000000       -2.94238329E-04
   4.9072265625000000       -2.92897224E-04
   4.9130859375000000       -2.91585922E-04
   4.9189453125000000       -2.90274620E-04
   4.9248046875000000       -2.88993120E-04
   4.9306640625000000       -2.87711620E-04
   4.9365234375000000       -2.86430120E-04
   4.9423828125000000       -2.85148621E-04
   4.9482421875000000       -2.83896923E-04
   4.9541015625000000       -2.82645226E-04
   4.9599609375000000       -2.81423330E-04
   4.9658203125000000       -2.80201435E-04
   4.9716796875000000       -2.78979540E-04
   4.9775390625000000       -2.77757645E-04
   4.9833984375000000       -2.76565552E-04
   4.9892578125000000       -2.75373459E-04
   4.9951171875000000       -2.74211168E-04
   5.0009765625000000       -2.73048878E-04
   5.0068359375000000       -2.71886587E-04
   5.0126953125000000       -2.70724297E-04
   5.0185546875000000       -2.69591808E-04
   5.0244140625000000       -2.68459320E-04
   5.0302734375000000       -2.67326832E-04
   5.0361328125000000       -2.66224146E-04
   5.0419921875000000       -2.65121460E-04
   5.0478515625000000       -2.64018774E-04
   5.0537109375000000       -2.62945890E-04
   5.0595703125000000       -2.61873007E-04
   5.0654296875000000       -2.60800123E-04
   5.0712890625000000       -2.59727240E-04
   5.0771484375000000       -2.58684158E-04
   5.0830078125000000       -2.57641077E-04
   5.0888671875000000       -2.56597996E-04
   5.0947265625000000       -2.55584717E-04
   5.1005859375000000       -2.54571438E-04
   5.1064453125000000       -2.53558159E-04
   5.1123046875000000       -2.52574682E-04
   5.1181640625000000       -2.51591206E-04
   5.1240234375000000       -2.50607729E-04
   5.1298828125000000       -2.49624252E-04
   5.1357421875000000       -2.48670578E-04
   5.1416015625000000       -2.47716904E-04
   5.1474609375000000       -2.46763229E-04
   5.1533203125000000       -2.45809555E-04
   5.1591796875000000       -2.44885683E-04
   5.1650390625000000       -2.43961811E-04
   5.1708984375000000       -2.43037939E-04
   5.1767578125000000       -2.42143869E-04
   5.1826171875000000       -2.41249800E-04
   5.1884765625000000       -2.40355730E-04
   5.1943359375000000       -2.39461660E-04
   5.2001953125000000       -2.38597393E-04
   5.2060546875000000       -2.37733126E-04
   5.2119140625000000       -2.36868858E-04
   5.2177734375000000       -2.36034393E-04
   5.2236328125000000       -2.35170126E-04
   5.2294921875000000       -2.34335661E-04
   5.2353515625000000       -2.33530998E-04
   5.2412109375000000       -2.32696533E-04
   5.2470703125000000       -2.31891870E-04
   5.2529296875000000       -2.31087208E-04
   5.2587890625000000       -2.30282545E-04
   5.2646484375000000       -2.29507685E-04
   5.2705078125000000       -2.28732824E-04
   5.2763671875000000       -2.27957964E-04
   5.2822265625000000       -2.27183104E-04
   5.2880859375000000       -2.26408243E-04
   5.2939453125000000       -2.25663185E-04
   5.2998046875000000       -2.24918127E-04
   5.3056640625000000       -2.24173069E-04
   5.3115234375000000       -2.23457813E-04
   5.3173828125000000       -2.22742558E-04
   5.3232421875000000       -2.22027302E-04
   5.3291015625000000       -2.21312046E-04
   5.3349609375000000       -2.20626593E-04
   5.3408203125000000       -2.19911337E-04
   5.3466796875000000       -2.19225883E-04
   5.3525390625000000       -2.18570232E-04
   5.3583984375000000       -2.17884779E-04
   5.3642578125000000       -2.17229128E-04
   5.3701171875000000       -2.16573477E-04
   5.3759765625000000       -2.15917826E-04
   5.3818359375000000       -2.15262175E-04
   5.3876953125000000       -2.14636326E-04
   5.3935546875000000       -2.14010477E-04
   5.3994140625000000       -2.13384628E-04
   5.4052734375000000       -2.12758780E-04
   5.4111328125000000       -2.12162733E-04
   5.4169921875000000       -2.11566687E-04
   5.4228515625000000       -2.10970640E-04
   5.4287109375000000       -2.10374594E-04
   5.4345703125000000       -2.09778547E-04
   5.4404296875000000       -2.09212303E-04
   5.4462890625000000       -2.08646059E-04
   5.4521484375000000       -2.08079815E-04
   5.4580078125000000       -2.07513571E-04
   5.4638671875000000       -2.06977129E-04
   5.4697265625000000       -2.06440687E-04
   5.4755859375000000       -2.05904245E-04
   5.4814453125000000       -2.05367804E-04
   5.4873046875000000       -2.04861164E-04
   5.4931640625000000       -2.04324722E-04
   5.4990234375000000       -2.03818083E-04
   5.5048828125000000       -2.03311443E-04
   5.5107421875000000       -2.02834606E-04
   5.5166015625000000       -2.02327967E-04
   5.5224609375000000       -2.01851130E-04
   5.5283203125000000       -2.01374292E-04
   5.5341796875000000       -2.00897455E-04
   5.5400390625000000       -2.00450420E-04
   5.5458984375000000       -1.99973583E-04
   5.5517578125000000       -1.99526548E-04
   5.5576171875000000       -1.99079514E-04
   5.5634765625000000       -1.98662281E-04
   5.5693359375000000       -1.98215246E-04
   5.5751953125000000       -1.97798014E-04
   5.5810546875000000       -1.97380781E-04
   5.5869140625000000       -1.96963549E-04
   5.5927734375000000       -1.96546316E-04
   5.5986328125000000       -1.96158886E-04
   5.6044921875000000       -1.95771456E-04
   5.6103515625000000       -1.95354223E-04
   5.6162109375000000       -1.94996595E-04
   5.6220703125000000       -1.94609165E-04
   5.6279296875000000       -1.94251537E-04
   5.6337890625000000       -1.93864107E-04
   5.6396484375000000       -1.93506479E-04
   5.6455078125000000       -1.93178654E-04
   5.6513671875000000       -1.92821026E-04
   5.6572265625000000       -1.92463398E-04
   5.6630859375000000       -1.92135572E-04
   5.6689453125000000       -1.91807747E-04
   5.6748046875000000       -1.91479921E-04
   5.6806640625000000       -1.91181898E-04
   5.6865234375000000       -1.90854073E-04
   5.6923828125000000       -1.90556049E-04
   5.6982421875000000       -1.90258026E-04
   5.7041015625000000       -1.89960003E-04
   5.7099609375000000       -1.89691782E-04
   5.7158203125000000       -1.89393759E-04
   5.7216796875000000       -1.89125538E-04
   5.7275390625000000       -1.88857317E-04
   5.7333984375000000       -1.88589096E-04
   5.7392578125000000       -1.88350677E-04
   5.7451171875000000       -1.88082457E-04
   5.7509765625000000       -1.87844038E-04
   5.7568359375000000       -1.87605619E-04
   5.7626953125000000       -1.87367201E-04
   5.7685546875000000       -1.87158585E-04
   5.7744140625000000       -1.86920166E-04
   5.7802734375000000       -1.86711550E-04
   5.7861328125000000       -1.86502934E-04
   5.7919921875000000       -1.86294317E-04
   5.7978515625000000       -1.86085701E-04
   5.8037109375000000       -1.85906887E-04
   5.8095703125000000       -1.85728073E-04
   5.8154296875000000       -1.85519457E-04
   5.8212890625000000       -1.85370445E-04
   5.8271484375000000       -1.85191631E-04
   5.8330078125000000       -1.85012817E-04
   5.8388671875000000       -1.84863806E-04
   5.8447265625000000       -1.84714794E-04
   5.8505859375000000       -1.84565783E-04
   5.8564453125000000       -1.84416771E-04
   5.8623046875000000       -1.84297562E-04
   5.8681640625000000       -1.84148550E-04
   5.8740234375000000       -1.84029341E-04
   5.8798828125000000       -1.83910131E-04
   5.8857421875000000       -1.83790922E-04
   5.8916015625000000       -1.83701515E-04
   5.8974609375000000       -1.83582306E-04
   5.9033203125000000       -1.83492899E-04
   5.9091796875000000       -1.83403492E-04
   5.9150390625000000       -1.83314085E-04
   5.9208984375000000       -1.83254480E-04
   5.9267578125000000       -1.83165073E-04
   5.9326171875000000       -1.83105469E-04
   5.9384765625000000       -1.83045864E-04
   5.9443359375000000       -1.82986259E-04
   5.9501953125000000       -1.82926655E-04
   5.9560546875000000       -1.82896852E-04
   5.9619140625000000       -1.82837248E-04
   5.9677734375000000       -1.82807446E-04
   5.9736328125000000       -1.82777643E-04
   5.9794921875000000       -1.82777643E-04
   5.9853515625000000       -1.82747841E-04
   5.9912109375000000       -1.82747841E-04
   5.9970703125000000       -1.82718039E-04
   6.0029296875000000       -1.82718039E-04
   6.0087890625000000       -1.82747841E-04
   6.0146484375000000       -1.82747841E-04
   6.0205078125000000       -1.82777643E-04
   6.0263671875000000       -1.82777643E-04
   6.0322265625000000       -1.82807446E-04
   6.0380859375000000       -1.82837248E-04
   6.0439453125000000       -1.82896852E-04
   6.0498046875000000       -1.82926655E-04
   6.0556640625000000       -1.82986259E-04
   6.0615234375000000       -1.83045864E-04
   6.0673828125000000       -1.83105469E-04
   6.0732421875000000       -1.83165073E-04
   6.0791015625000000       -1.83254480E-04
   6.0849609375000000       -1.83314085E-04
   6.0908203125000000       -1.83403492E-04
   6.0966796875000000       -1.83492899E-04
   6.1025390625000000       -1.83582306E-04
   6.1083984375000000       -1.83701515E-04
   6.1142578125000000       -1.83790922E-04
   6.1201171875000000       -1.83910131E-04
   6.1259765625000000       -1.84029341E-04
   6.1318359375000000       -1.84148550E-04
   6.1376953125000000       -1.84297562E-04
   6.1435546875000000       -1.84416771E-04
   6.1494140625000000       -1.84565783E-04
   6.1552734375000000       -1.84714794E-04
   6.1611328125000000       -1.84863806E-04
   6.1669921875000000       -1.85012817E-04
   6.1728515625000000       -1.85191631E-04
   6.1787109375000000       -1.85370445E-04
   6.1845703125000000       -1.85519457E-04
   6.1904296875000000       -1.85728073E-04
   6.1962890625000000       -1.85906887E-04
   6.2021484375000000       -1.86085701E-04
   6.2080078125000000       -1.86294317E-04
   6.2138671875000000       -1.86502934E-04
   6.2197265625000000       -1.86711550E-04
   6.2255859375000000       -1.86920166E-04
   6.2314453125000000       -1.87158585E-04
   6.2373046875000000       -1.87367201E-04
   6.2431640625000000       -1.87605619E-04
   6.2490234375000000       -1.87844038E-04
   6.2548828125000000       -1.88082457E-04
   6.2607421875000000       -1.88350677E-04
   6.2666015625000000       -1.88589096E-04
   6.2724609375000000       -1.88857317E-04
   6.2783203125000000       -1.89125538E-04
   6.2841796875000000       -1.89393759E-04
   6.2900390625000000       -1.89691782E-04
   6.2958984375000000       -1.89960003E-04
   6.3017578125000000       -1.90258026E-04
   6.3076171875000000       -1.90556049E-04
   6.3134765625000000       -1.90854073E-04
   6.3193359375000000       -1.91181898E-04
   6.3251953125000000       -1.91479921E-04
   6.3310546875000000       -1.91807747E-04
   6.3369140625000000       -1.92135572E-04
   6.3427734375000000       -1.92463398E-04
   6.3486328125000000       -1.92821026E-04
   6.3544921875000000       -1.93178654E-04
   6.3603515625000000       -1.93506479E-04
   6.3662109375000000       -1.93864107E-04
   6.3720703125000000       -1.94251537E-04
   6.3779296875000000       -1.94609165E-04
   6.3837890625000000       -1.94996595E-04
   6.3896484375000000       -1.95354223E-04
   6.3955078125000000       -1.95771456E-04
   6.4013671875000000       -1.96158886E-04
   6.4072265625000000       -1.96546316E-04
   6.4130859375000000       -1.96963549E-04
   6.4189453125000000       -1.97380781E-04
   6.4248046875000000       -1.97798014E-04
   6.4306640625000000       -1.98215246E-04
   6.4365234375000000       -1.98662281E-04
   6.4423828125000000       -1.99079514E-04
   6.4482421875000000       -1.99526548E-04
   6.4541015625000000       -1.99973583E-04
   6.4599609375000000       -2.00450420E-04
   6.4658203125000000       -2.00897455E-04
   6.4716796875000000       -2.01374292E-04
   6.4775390625000000       -2.01851130E-04
   6.4833984375000000       -2.02327967E-04
   6.4892578125000000       -2.02834606E-04
   6.4951171875000000       -2.03311443E-04
   6.5009765625000000       -2.03818083E-04
   6.5068359375000000       -2.04324722E-04
   6.5126953125000000       -2.04861164E-04
   6.5185546875000000       -2.05367804E-04
   6.5244140625000000       -2.05904245E-04
   6.5302734375000000       -2.06440687E-04
   6.5361328125000000       -2.06977129E-04
   6.5419921875000000       -2.07513571E-04
   6.5478515625000000       -2.08079815E-04
   6.5537109375000000       -2.08646059E-04
   6.5595703125000000       -2.09212303E-04
   6.5654296875000000       -2.09778547E-04
   6.5712890625000000       -2.10374594E-04
   6.5771484375000000       -2.10970640E-04
   6.5830078125000000       -2.11566687E-04
   6.5888671875000000       -2.12162733E-04
   6.5947265625000000       -2.12758780E-04
   6.6005859375000000       -2.13384628E-04
   6.6064453125000000       -2.14010477E-04
   6.6123046875000000       -2.14636326E-04
   6.6181640625000000       -2.15262175E-04
   6.6240234375000000       -2.15917826E-04
   6.6298828125000000       -2.16573477E-04
   6.6357421875000000       -2.17229128E-04
   6.6416015625000000       -2.17884779E-04
   6.6474609375000000       -2.18570232E-04
   6.6533203125000000       -2.19225883E-04
   6.6591796875000000       -2.19911337E-04
   6.6650390625000000       -2.20626593E-04
   6.6708984375000000       -2.21312046E-04
   6.6767578125000000       -2.22027302E-04
   6.6826171875000000       -2.22742558E-04
   6.6884765625000000       -2.23457813E-04
   6.6943359375000000       -2.24173069E-04
   6.7001953125000000       -2.24918127E-04
   6.7060546875000000       -2.25663185E-04
   6.7119140625000000       -2.26408243E-04
   6.7177734375000000       -2.27183104E-04
   6.7236328125000000       -2.27957964E-04
   6.7294921875000000       -2.28732824E-04
   6.7353515625000000       -2.29507685E-04
   6.7412109375000000       -2.30282545E-04
   6.7470703125000000       -2.31087208E-04
   6.7529296875000000       -2.31891870E-04
   6.7587890625000000       -2.32696533E-04
   6.7646484375000000       -2.33530998E-04
   6.7705078125000000       -2.34335661E-04
   6.7763671875000000       -2.35170126E-04
   6.7822265625000000       -2.36034393E-04
   6.7880859375000000       -2.36868858E-04
   6.7939453125000000       -2.37733126E-04
   6.7998046875000000       -2.38597393E-04
   6.8056640625000000       -2.39461660E-04
   6.8115234375000000       -2.40355730E-04
   6.8173828125000000       -2.41249800E-04
   6.8232421875000000       -2.42143869E-04
   6.8291015625000000       -2.43037939E-04
   6.8349609375000000       -2.43961811E-04
   6.8408203125000000       -2.44885683E-04
   6.8466796875000000       -2.45809555E-04
   6.8525390625000000       -2.46763229E-04
   6.8583984375000000       -2.47716904E-04
   6.8642578125000000       -2.48670578E-04
   6.8701171875000000       -2.49624252E-04
   6.8759765625000000       -2.50607729E-04
   6.8818359375000000       -2.51591206E-04
   6.8876953125000000       -2.52574682E-04
   6.8935546875000000       -2.53558159E-04
   6.8994140625000000       -2.54571438E-04
   6.9052734375000000       -2.55584717E-04
   6.9111328125000000       -2.56597996E-04
   6.9169921875000000       -2.57641077E-04
   6.9228515625000000       -2.58684158E-04
   6.9287109375000000       -2.59727240E-04
   6.9345703125000000       -2.60800123E-04
   6.9404296875000000       -2.61873007E-04
   6.9462890625000000       -2.62945890E-04
   6.9521484375000000       -2.64018774E-04
   6.9580078125000000       -2.65121460E-04
   6.9638671875000000       -2.66224146E-04
   6.9697265625000000       -2.67326832E-04
   6.9755859375000000       -2.68459320E-04
   6.9814453125000000       -2.69591808E-04
   6.9873046875000000       -2.70724297E-04
   6.9931640625000000       -2.71886587E-04
   6.9990234375000000       -2.73048878E-04
   7.0048828125000000       -2.74211168E-04
   7.0107421875000000       -2.75373459E-04
   7.0166015625000000       -2.76565552E-04
   7.0224609375000000       -2.77757645E-04
   7.0283203125000000       -2.78979540E-04
   7.0341796875000000       -2.80201435E-04
   7.0400390625000000       -2.81423330E-04
   7.0458984375000000       -2.82645226E-04
   7.0517578125000000       -2.83896923E-04
   7.0576171875000000       -2.85148621E-04
   7.0634765625000000       -2.86430120E-04
   7.0693359375000000       -2.87711620E-04
   7.0751953125000000       -2.88993120E-04
   7.0810546875000000       -2.90274620E-04
   7.0869140625000000       -2.91585922E-04
   7.0927734375000000       -2.92897224E-04
   7.0986328125000000       -2.94238329E-04
   7.1044921875000000       -2.95579433E-04
   7.1103515625000000       -2.96920538E-04
   7.1162109375000000       -2.98261642E-04
   7.1220703125000000       -2.99632549E-04
   7.1279296875000000       -3.01033258E-04
   7.1337890625000000       -3.02404165E-04
   7.1396484375000000       -3.03804874E-04
   7.1455078125000000       -3.05235386E-04
   7.1513671875000000       -3.06636095E-04
   7.1572265625000000       -3.08066607E-04
   7.1630859375000000       -3.09526920E-04
   7.1689453125000000       -3.10987234E-04
   7.1748046875000000       -3.12447548E-04
   7.1806640625000000       -3.13907862E-04
   7.1865234375000000       -3.15397978E-04
   7.1923828125000000       -3.16917896E-04
   7.1982421875000000       -3.18408012E-04
   7.2041015625000000       -3.19927931E-04
   7.2099609375000000       -3.21477652E-04
   7.2158203125000000       -3.23027372E-04
   7.2216796875000000       -3.24577093E-04
   7.2275390625000000       -3.26156616E-04
   7.2333984375000000       -3.27736139E-04
   7.2392578125000000       -3.29315662E-04
   7.2451171875000000       -3.30924988E-04
   7.2509765625000000       -3.32534313E-04
   7.2568359375000000       -3.34173441E-04
   7.2626953125000000       -3.35812569E-04
   7.2685546875000000       -3.37451696E-04
   7.2744140625000000       -3.39120626E-04
   7.2802734375000000       -3.40789557E-04
   7.2861328125000000       -3.42488289E-04
   7.2919921875000000       -3.44187021E-04
   7.2978515625000000       -3.45915556E-04
   7.3037109375000000       -3.47644091E-04
   7.3095703125000000       -3.49372625E-04
   7.3154296875000000       -3.51130962E-04
   7.3212890625000000       -3.52889299E-04
   7.3271484375000000       -3.54677439E-04
   7.3330078125000000       -3.56465578E-04
   7.3388671875000000       -3.58283520E-04
   7.3447265625000000       -3.60101461E-04
   7.3505859375000000       -3.61919403E-04
   7.3564453125000000       -3.63767147E-04
   7.3623046875000000       -3.65614891E-04
   7.3681640625000000       -3.67492437E-04
   7.3740234375000000       -3.69369984E-04
   7.3798828125000000       -3.71277332E-04
   7.3857421875000000       -3.73184681E-04
   7.3916015625000000       -3.75121832E-04
   7.3974609375000000       -3.77058983E-04
   7.4033203125000000       -3.79025936E-04
   7.4091796875000000       -3.80992889E-04
   7.4150390625000000       -3.82959843E-04
   7.4208984375000000       -3.84956598E-04
   7.4267578125000000       -3.86983156E-04
   7.4326171875000000       -3.89009714E-04
   7.4384765625000000       -3.91036272E-04
   7.4443359375000000       -3.93092632E-04
   7.4501953125000000       -3.95178795E-04
   7.4560546875000000       -3.97264957E-04
   7.4619140625000000       -3.99351120E-04
   7.4677734375000000       -4.01467085E-04
   7.4736328125000000       -4.03612852E-04
   7.4794921875000000       -4.05758619E-04
   7.4853515625000000       -4.07904387E-04
   7.4912109375000000       -4.10109758E-04
   7.4970703125000000       -4.12285328E-04
   7.5029296875000000       -4.14490700E-04
   7.5087890625000000       -4.16725874E-04
   7.5146484375000000       -4.18961048E-04
   7.5205078125000000       -4.21226025E-04
   7.5263671875000000       -4.23491001E-04
   7.5322265625000000       -4.25785780E-04
   7.5380859375000000       -4.28080559E-04
   7.5439453125000000       -4.30405140E-04
   7.5498046875000000       -4.32759523E-04
   7.5556640625000000       -4.35113907E-04
   7.5615234375000000       -4.37468290E-04
   7.5673828125000000       -4.39882278E-04
   7.5732421875000000       -4.42266464E-04
   7.5791015625000000       -4.44710255E-04
   7.5849609375000000       -4.47154045E-04
   7.5908203125000000       -4.49597836E-04
   7.5966796875000000       -4.52071428E-04
   7.6025390625000000       -4.54574823E-04
   7.6083984375000000       -4.57078218E-04
   7.6142578125000000       -4.59611416E-04
   7.6201171875000000       -4.62144613E-04
   7.6259765625000000       -4.64737415E-04
   7.6318359375000000       -4.67300415E-04
   7.6376953125000000       -4.69923019E-04
   7.6435546875000000       -4.72515821E-04
   7.6494140625000000       -4.75168228E-04
   7.6552734375000000       -4.77820635E-04
   7.6611328125000000       -4.80502844E-04
   7.6669921875000000       -4.83214855E-04
   7.6728515625000000       -4.85926867E-04
   7.6787109375000000       -4.88638878E-04
   7.6845703125000000       -4.91410494E-04
   7.6904296875000000       -4.94182110E-04
   7.6962890625000000       -4.96983528E-04
   7.7021484375000000       -4.99784946E-04
   7.7080078125000000       -5.02616167E-04
   7.7138671875000000       -5.05477190E-04
   7.7197265625000000       -5.08338213E-04
   7.7255859375000000       -5.11229038E-04
   7.7314453125000000       -5.14149666E-04
   7.7373046875000000       -5.17100096E-04
   7.7431640625000000       -5.20050526E-04
   7.7490234375000000       -5.23030758E-04
   7.7548828125000000       -5.26010990E-04
   7.7607421875000000       -5.29021025E-04
   7.7666015625000000       -5.32090664E-04
   7.7724609375000000       -5.35130501E-04
   7.7783203125000000       -5.38229942E-04
   7.7841796875000000       -5.41329384E-04
   7.7900390625000000       -5.44458628E-04
   7.7958984375000000       -5.47617674E-04
   7.8017578125000000       -5.50776720E-04
   7.8076171875000000       -5.53965569E-04
   7.8134765625000000       -5.57184219E-04
   7.8193359375000000       -5.60432673E-04
   7.8251953125000000       -5.63681126E-04
   7.8310546875000000       -5.66989183E-04
   7.8369140625000000       -5.70297241E-04
   7.8427734375000000       -5.73635101E-04
   7.8486328125000000       -5.76972961E-04
   7.8544921875000000       -5.80370426E-04
   7.8603515625000000       -5.83767891E-04
   7.8662109375000000       -5.87195158E-04
   7.8720703125000000       -5.90652227E-04
   7.8779296875000000       -5.94139099E-04
   7.8837890625000000       -5.97625971E-04
   7.8896484375000000       -6.01172447E-04
   7.8955078125000000       -6.04718924E-04
   7.9013671875000000       -6.08295202E-04
   7.9072265625000000       -6.11901283E-04
   7.9130859375000000       -6.15537167E-04
   7.9189453125000000       -6.19173050E-04
   7.9248046875000000       -6.22868538E-04
   7.9306640625000000       -6.26564026E-04
   7.9365234375000000       -6.30319118E-04
   7.9423828125000000       -6.34074211E-04
   7.9482421875000000       -6.37859106E-04
   7.9541015625000000       -6.41673803E-04
   7.9599609375000000       -6.45518303E-04
   7.9658203125000000       -6.49392605E-04
   7.9716796875000000       -6.53266907E-04
   7.9775390625000000       -6.57200813E-04
   7.9833984375000000       -6.61164522E-04
   7.9892578125000000       -6.65128231E-04
   7.9951171875000000       -6.69151545E-04
   8.0009765625000000       -6.73174858E-04
   8.0068359375000000       -6.77257776E-04
   8.0126953125000000       -6.81340694E-04
   8.0185546875000000       -6.85483217E-04
   8.0244140625000000       -6.89625740E-04
   8.0302734375000000       -6.93827868E-04
   8.0361328125000000       -6.98029995E-04
   8.0419921875000000       -7.02291727E-04
   8.0478515625000000       -7.06553459E-04
   8.0537109375000000       -7.10874796E-04
   8.0595703125000000       -7.15196133E-04
   8.0654296875000000       -7.19577074E-04
   8.0712890625000000       -7.23958015E-04
   8.0771484375000000       -7.28398561E-04
   8.0830078125000000       -7.32868910E-04
   8.0888671875000000       -7.37369061E-04
   8.0947265625000000       -7.41869211E-04
   8.1005859375000000       -7.46458769E-04
   8.1064453125000000       -7.51048326E-04
   8.1123046875000000       -7.55667686E-04
   8.1181640625000000       -7.60316849E-04
   8.1240234375000000       -7.65025616E-04
   8.1298828125000000       -7.69734383E-04
   8.1357421875000000       -7.74502754E-04
   8.1416015625000000       -7.79300928E-04
   8.1474609375000000       -7.84128904E-04
   8.1533203125000000       -7.88986683E-04
   8.1591796875000000       -7.93904066E-04
   8.1650390625000000       -7.98821449E-04
   8.1708984375000000       -8.03798437E-04
   8.1767578125000000       -8.08805227E-04
   8.1826171875000000       -8.13841820E-04
   8.1884765625000000       -8.18938017E-04
   8.1943359375000000       -8.24064016E-04
   8.2001953125000000       -8.29219818E-04
   8.2060546875000000       -8.34405422E-04
   8.2119140625000000       -8.39620829E-04
   8.2177734375000000       -8.44895840E-04
   8.2236328125000000       -8.50200653E-04
   8.2294921875000000       -8.55535269E-04
   8.2353515625000000       -8.60929489E-04
   8.2412109375000000       -8.66353512E-04
   8.2470703125000000       -8.71807337E-04
   8.2529296875000000       -8.77320766E-04
   8.2587890625000000       -8.82863998E-04
   8.2646484375000000       -8.88437033E-04
   8.2705078125000000       -8.94069672E-04
   8.2763671875000000       -8.99732113E-04
   8.2822265625000000       -9.05454159E-04
   8.2880859375000000       -9.11176205E-04
   8.2939453125000000       -9.16987658E-04
   8.2998046875000000       -9.22799110E-04
   8.3056640625000000       -9.28699970E-04
   8.3115234375000000       -9.34600830E-04
   8.3173828125000000       -9.40561295E-04
   8.3232421875000000       -9.46581364E-04
   8.3291015625000000       -9.52631235E-04
   8.3349609375000000       -9.58710909E-04
   8.3408203125000000       -9.64850187E-04
   8.3466796875000000       -9.71049070E-04
   8.3525390625000000       -9.77277756E-04
   8.3583984375000000       -9.83536243E-04
   8.3642578125000000       -9.89884138E-04
   8.3701171875000000       -9.96232033E-04
   8.3759765625000000       -1.00266933E-03
   8.3818359375000000       -1.00913644E-03
   8.3876953125000000       -1.01563334E-03
   8.3935546875000000       -1.02218986E-03
   8.3994140625000000       -1.02880597E-03
   8.4052734375000000       -1.03545189E-03
   8.4111328125000000       -1.04215741E-03
   8.4169921875000000       -1.04892254E-03
   8.4228515625000000       -1.05571747E-03
   8.4287109375000000       -1.06260180E-03
   8.4345703125000000       -1.06948614E-03
   8.4404296875000000       -1.07645988E-03
   8.4462890625000000       -1.08346343E-03
   8.4521484375000000       -1.09052658E-03
   8.4580078125000000       -1.09764934E-03
   8.4638671875000000       -1.10483170E-03
   8.4697265625000000       -1.11204386E-03
   8.4755859375000000       -1.11931562E-03
   8.4814453125000000       -1.12664700E-03
   8.4873046875000000       -1.13403797E-03
   8.4931640625000000       -1.14148855E-03
   8.4990234375000000       -1.14899874E-03
   8.5048828125000000       -1.15653872E-03
   8.5107421875000000       -1.16413832E-03
   8.5166015625000000       -1.17182732E-03
   8.5224609375000000       -1.17954612E-03
   8.5283203125000000       -1.18732452E-03
   8.5341796875000000       -1.19516253E-03
   8.5400390625000000       -1.20308995E-03
   8.5458984375000000       -1.21104717E-03
   8.5517578125000000       -1.21906400E-03
   8.5576171875000000       -1.22714043E-03
   8.5634765625000000       -1.23530626E-03
   8.5693359375000000       -1.24350190E-03
   8.5751953125000000       -1.25175714E-03
   8.5810546875000000       -1.26010180E-03
   8.5869140625000000       -1.26850605E-03
   8.5927734375000000       -1.27694011E-03
   8.5986328125000000       -1.28546357E-03
   8.6044921875000000       -1.29404664E-03
   8.6103515625000000       -1.30271912E-03
   8.6162109375000000       -1.31142139E-03
   8.6220703125000000       -1.32021308E-03
   8.6279296875000000       -1.32906437E-03
   8.6337890625000000       -1.33797526E-03
   8.6396484375000000       -1.34697556E-03
   8.6455078125000000       -1.35603547E-03
   8.6513671875000000       -1.36515498E-03
   8.6572265625000000       -1.37436390E-03
   8.6630859375000000       -1.38363242E-03
   8.6689453125000000       -1.39296055E-03
   8.6748046875000000       -1.40237808E-03
   8.6806640625000000       -1.41185522E-03
   8.6865234375000000       -1.42142177E-03
   8.6923828125000000       -1.43104792E-03
   8.6982421875000000       -1.44073367E-03
   8.7041015625000000       -1.45050883E-03
   8.7099609375000000       -1.46037340E-03
   8.7158203125000000       -1.47029757E-03
   8.7216796875000000       -1.48031116E-03
   8.7275390625000000       -1.49038434E-03
   8.7333984375000000       -1.50054693E-03
   8.7392578125000000       -1.51079893E-03
   8.7451171875000000       -1.52111053E-03
   8.7509765625000000       -1.53151155E-03
   8.7568359375000000       -1.54200196E-03
   8.7626953125000000       -1.55258179E-03
   8.7685546875000000       -1.56322122E-03
   8.7744140625000000       -1.57395005E-03
   8.7802734375000000       -1.58476830E-03
   8.7861328125000000       -1.59564614E-03
   8.7919921875000000       -1.60664320E-03
   8.7978515625000000       -1.61769986E-03
   8.8037109375000000       -1.62887573E-03
   8.8095703125000000       -1.64011121E-03
   8.8154296875000000       -1.65143609E-03
   8.8212890625000000       -1.66288018E-03
   8.8271484375000000       -1.67438388E-03
   8.8330078125000000       -1.68597698E-03
   8.8388671875000000       -1.69768929E-03
   8.8447265625000000       -1.70946121E-03
   8.8505859375000000       -1.72135234E-03
   8.8564453125000000       -1.73330307E-03
   8.8623046875000000       -1.74537301E-03
   8.8681640625000000       -1.75753236E-03
   8.8740234375000000       -1.76981091E-03
   8.8798828125000000       -1.78214908E-03
   8.8857421875000000       -1.79460645E-03
   8.8916015625000000       -1.80718303E-03
   8.8974609375000000       -1.81981921E-03
   8.9033203125000000       -1.83257461E-03
   8.9091796875000000       -1.84544921E-03
   8.9150390625000000       -1.85841322E-03
   8.9208984375000000       -1.87146664E-03
   8.9267578125000000       -1.88463926E-03
   8.9326171875000000       -1.89790130E-03
   8.9384765625000000       -1.91128254E-03
   8.9443359375000000       -1.92478299E-03
   8.9501953125000000       -1.93837285E-03
   8.9560546875000000       -1.95208192E-03
   8.9619140625000000       -1.96588039E-03
   8.9677734375000000       -1.97982788E-03
   8.9736328125000000       -1.99386477E-03
   8.9794921875000000       -2.00802088E-03
   8.9853515625000000       -2.02226639E-03
   8.9912109375000000       -2.03666091E-03
   8.9970703125000000       -2.05117464E-03
   9.0029296875000000       -2.06577778E-03
   9.0087890625000000       -2.08052993E-03
   9.0146484375000000       -2.09537148E-03
   9.0205078125000000       -2.11036205E-03
   9.0263671875000000       -2.12544203E-03
   9.0322265625000000       -2.14067101E-03
   9.0380859375000000       -2.15601921E-03
   9.0439453125000000       -2.17148662E-03
   9.0498046875000000       -2.18707323E-03
   9.0556640625000000       -2.20280886E-03
   9.0615234375000000       -2.21866369E-03
   9.0673828125000000       -2.23463774E-03
   9.0732421875000000       -2.25076079E-03
   9.0791015625000000       -2.26700306E-03
   9.0849609375000000       -2.28339434E-03
   9.0908203125000000       -2.29990482E-03
   9.0966796875000000       -2.31656432E-03
   9.1025390625000000       -2.33337283E-03
   9.1083984375000000       -2.35030055E-03
   9.1142578125000000       -2.36737728E-03
   9.1201171875000000       -2.38457322E-03
   9.1259765625000000       -2.40191817E-03
   9.1318359375000000       -2.41944194E-03
   9.1376953125000000       -2.43708491E-03
   9.1435546875000000       -2.45487690E-03
   9.1494140625000000       -2.47281790E-03
   9.1552734375000000       -2.49090791E-03
   9.1611328125000000       -2.50914693E-03
   9.1669921875000000       -2.52753496E-03
   9.1728515625000000       -2.54607201E-03
   9.1787109375000000       -2.56478786E-03
   9.1845703125000000       -2.58365273E-03
   9.1904296875000000       -2.60266662E-03
   9.1962890625000000       -2.62182951E-03
   9.2021484375000000       -2.64117122E-03
   9.2080078125000000       -2.66069174E-03
   9.2138671875000000       -2.68033147E-03
   9.2197265625000000       -2.70017982E-03
   9.2255859375000000       -2.72017717E-03
   9.2314453125000000       -2.74035335E-03
   9.2373046875000000       -2.76070833E-03
   9.2431640625000000       -2.78121233E-03
   9.2490234375000000       -2.80189514E-03
   9.2548828125000000       -2.82275677E-03
   9.2607421875000000       -2.84379721E-03
   9.2666015625000000       -2.86501646E-03
   9.2724609375000000       -2.88644433E-03
   9.2783203125000000       -2.90802121E-03
   9.2841796875000000       -2.92977691E-03
   9.2900390625000000       -2.95174122E-03
   9.2958984375000000       -2.97388434E-03
   9.3017578125000000       -2.99623609E-03
   9.3076171875000000       -3.01876664E-03
   9.3134765625000000       -3.04147601E-03
   9.3193359375000000       -3.06439400E-03
   9.3251953125000000       -3.08752060E-03
   9.3310546875000000       -3.11082602E-03
   9.3369140625000000       -3.13436985E-03
   9.3427734375000000       -3.15809250E-03
   9.3486328125000000       -3.18199396E-03
   9.3544921875000000       -3.20613384E-03
   9.3603515625000000       -3.23048234E-03
   9.3662109375000000       -3.25503945E-03
   9.3720703125000000       -3.27983499E-03
   9.3779296875000000       -3.30480933E-03
   9.3837890625000000       -3.33002210E-03
   9.3896484375000000       -3.35544348E-03
   9.3955078125000000       -3.38110328E-03
   9.4013671875000000       -3.40697169E-03
   9.4072265625000000       -3.43307853E-03
   9.4130859375000000       -3.45939398E-03
   9.4189453125000000       -3.48597765E-03
   9.4248046875000000       -3.51276994E-03
   9.4306640625000000       -3.53980064E-03
   9.4365234375000000       -3.56706977E-03
   9.4423828125000000       -3.59460711E-03
   9.4482421875000000       -3.62235308E-03
   9.4541015625000000       -3.65036726E-03
   9.4599609375000000       -3.67861986E-03
   9.4658203125000000       -3.70714068E-03
   9.4716796875000000       -3.73589993E-03
   9.4775390625000000       -3.76489758E-03
   9.4833984375000000       -3.79419327E-03
   9.4892578125000000       -3.82372737E-03
   9.4951171875000000       -3.85352969E-03
   9.5009765625000000       -3.88360023E-03
   9.5068359375000000       -3.91393900E-03
   9.5126953125000000       -3.94454598E-03
   9.5185546875000000       -3.97545099E-03
   9.5244140625000000       -4.00662422E-03
   9.5302734375000000       -4.03806567E-03
   9.5361328125000000       -4.06980515E-03
   9.5419921875000000       -4.10181284E-03
   9.5478515625000000       -4.13411856E-03
   9.5537109375000000       -4.16672230E-03
   9.5595703125000000       -4.19962406E-03
   9.5654296875000000       -4.23282385E-03
   9.5712890625000000       -4.26635146E-03
   9.5771484375000000       -4.30014729E-03
   9.5830078125000000       -4.33427095E-03
   9.5888671875000000       -4.36869264E-03
   9.5947265625000000       -4.40344214E-03
   9.6005859375000000       -4.43851948E-03
   9.6064453125000000       -4.47389483E-03
   9.6123046875000000       -4.50959802E-03
   9.6181640625000000       -4.54565883E-03
   9.6240234375000000       -4.58201766E-03
   9.6298828125000000       -4.61873412E-03
   9.6357421875000000       -4.65577841E-03
   9.6416015625000000       -4.69318032E-03
   9.6474609375000000       -4.73093987E-03
   9.6533203125000000       -4.76902723E-03
   9.6591796875000000       -4.80747223E-03
   9.6650390625000000       -4.84627485E-03
   9.6708984375000000       -4.88543510E-03
   9.6767578125000000       -4.92498279E-03
   9.6826171875000000       -4.96488810E-03
   9.6884765625000000       -5.00515103E-03
   9.6943359375000000       -5.04580140E-03
   9.7001953125000000       -5.08683920E-03
   9.7060546875000000       -5.12826443E-03
   9.7119140625000000       -5.17007709E-03
   9.7177734375000000       -5.21230698E-03
   9.7236328125000000       -5.25489450E-03
   9.7294921875000000       -5.29789925E-03
   9.7353515625000000       -5.34132123E-03
   9.7412109375000000       -5.38516045E-03
   9.7470703125000000       -5.42941689E-03
   9.7529296875000000       -5.47409058E-03
   9.7587890625000000       -5.51918149E-03
   9.7646484375000000       -5.56471944E-03
   9.7705078125000000       -5.61067462E-03
   9.7763671875000000       -5.65707684E-03
   9.7822265625000000       -5.70392609E-03
   9.7880859375000000       -5.75122237E-03
   9.7939453125000000       -5.79896569E-03
   9.7998046875000000       -5.84718585E-03
   9.8056640625000000       -5.89585304E-03
   9.8115234375000000       -5.94502687E-03
   9.8173828125000000       -5.99464774E-03
   9.8232421875000000       -6.04474545E-03
   9.8291015625000000       -6.09534979E-03
   9.8349609375000000       -6.14643097E-03
   9.8408203125000000       -6.19801879E-03
   9.8466796875000000       -6.25008345E-03
   9.8525390625000000       -6.30268455E-03
   9.8583984375000000       -6.35579228E-03
   9.8642578125000000       -6.40943646E-03
   9.8701171875000000       -6.46358728E-03
   9.8759765625000000       -6.51827455E-03
   9.8818359375000000       -6.57349825E-03
   9.8876953125000000       -6.62925839E-03
   9.8935546875000000       -6.68558478E-03
   9.8994140625000000       -6.74244761E-03
   9.9052734375000000       -6.79990649E-03
   9.9111328125000000       -6.85790181E-03
   9.9169921875000000       -6.91649318E-03
   9.9228515625000000       -6.97568059E-03
   9.9287109375000000       -7.03543425E-03
   9.9345703125000000       -7.09578395E-03
   9.9404296875000000       -7.15675950E-03
   9.9462890625000000       -7.21833110E-03
   9.9521484375000000       -7.28052855E-03
   9.9580078125000000       -7.34332204E-03
   9.9638671875000000       -7.40677118E-03
   9.9697265625000000       -7.47084618E-03
   9.9755859375000000       -7.53560662E-03
   9.9814453125000000       -7.60099292E-03
   9.9873046875000000       -7.66703486E-03
   9.9931640625000000       -7.73373246E-03
   9.9990234375000000       -7.80114532E-03
   10.004882812500000       -7.86921382E-03
   10.010742187500000       -7.93799758E-03
   10.016601562500000       -8.00746679E-03
   10.022460937500000       -8.07768106E-03
   10.028320312500000       -8.14858079E-03
   10.034179687500000       -8.22022557E-03
   10.040039062500000       -8.29258561E-03
   10.045898437500000       -8.36569071E-03
   10.051757812500000       -8.43957067E-03
   10.057617187500000       -8.51419568E-03
   10.063476562500000       -8.58959556E-03
   10.069335937500000       -8.66580009E-03
   10.075195312500000       -8.74277949E-03
   10.081054687500000       -8.82053375E-03
   10.086914062500000       -8.89912248E-03
   10.092773437500000       -8.97854567E-03
   10.098632812500000       -9.05877352E-03
   10.104492187500000       -9.13983583E-03
   10.110351562500000       -9.22176242E-03
   10.116210937500000       -9.30455327E-03
   10.122070312500000       -9.38820839E-03
   10.127929687500000       -9.47275758E-03
   10.133789062500000       -9.55817103E-03
   10.139648437500000       -9.64450836E-03
   10.145507812500000       -9.73173976E-03
   10.151367187500000       -9.81992483E-03
   10.157226562500000       -9.90903378E-03
   10.163085937500000       -9.99909639E-03
   10.168945312500000       -1.00901127E-02
   10.174804687500000       -1.01820827E-02
   10.180664062500000       -1.02750659E-02
   10.186523437500000       -1.03690326E-02
   10.192382812500000       -1.04640126E-02
   10.198242187500000       -1.05600059E-02
   10.204101562500000       -1.06570423E-02
   10.209960937500000       -1.07551217E-02
   10.215820312500000       -1.08542442E-02
   10.221679687500000       -1.09544694E-02
   10.227539062500000       -1.10557675E-02
   10.233398437500000       -1.11581683E-02
   10.239257812500000       -1.12616718E-02
   10.245117187500000       -1.13663077E-02
   10.250976562500000       -1.14721060E-02
   10.256835937500000       -1.15790367E-02
   10.262695312500000       -1.16871595E-02
   10.268554687500000       -1.17964745E-02
   10.274414062500000       -1.19069815E-02
   10.280273437500000       -1.20186806E-02
   10.286132812500000       -1.21316612E-02
   10.291992187500000       -1.22458637E-02
   10.297851562500000       -1.23613179E-02
   10.303710937500000       -1.24780834E-02
   10.309570312500000       -1.25961304E-02
   10.315429687500000       -1.27154887E-02
   10.321289062500000       -1.28361881E-02
   10.327148437500000       -1.29582286E-02
   10.333007812500000       -1.30816400E-02
   10.338867187500000       -1.32064223E-02
   10.344726562500000       -1.33326352E-02
   10.350585937500000       -1.34602487E-02
   10.356445312500000       -1.35892928E-02
   10.362304687500000       -1.37198269E-02
   10.368164062500000       -1.38518214E-02
   10.374023437500000       -1.39853060E-02
   10.379882812500000       -1.41203105E-02
   10.385742187500000       -1.42568648E-02
   10.391601562500000       -1.43949389E-02
   10.397460937500000       -1.45346224E-02
   10.403320312500000       -1.46759152E-02
   10.409179687500000       -1.48187876E-02
   10.415039062500000       -1.49633288E-02
   10.420898437500000       -1.51095390E-02
   10.426757812500000       -1.52574182E-02
   10.432617187500000       -1.54070258E-02
   10.438476562500000       -1.55583322E-02
   10.444335937500000       -1.57114267E-02
   10.450195312500000       -1.58662796E-02
   10.456054687500000       -1.60229504E-02
   10.461914062500000       -1.61814094E-02
   10.467773437500000       -1.63417459E-02
   10.473632812500000       -1.65039599E-02
   10.479492187500000       -1.66680813E-02
   10.485351562500000       -1.68341398E-02
   10.491210937500000       -1.70021355E-02
   10.497070312500000       -1.71720982E-02
   10.502929687500000       -1.73440874E-02
   10.508789062500000       -1.75181031E-02
   10.514648437500000       -1.76941752E-02
   10.520507812500000       -1.78723633E-02
   10.526367187500000       -1.80526376E-02
   10.532226562500000       -1.82350874E-02
   10.538085937500000       -1.84197128E-02
   10.543945312500000       -1.86065435E-02
   10.549804687500000       -1.87956393E-02
   10.555664062500000       -1.89869702E-02
   10.561523437500000       -1.91806257E-02
   10.567382812500000       -1.93766057E-02
   10.573242187500000       -1.95749700E-02
   10.579101562500000       -1.97757185E-02
   10.584960937500000       -1.99789107E-02
   10.590820312500000       -2.01845765E-02
   10.596679687500000       -2.03927159E-02
   10.602539062500000       -2.06034184E-02
   10.608398437500000       -2.08167136E-02
   10.614257812500000       -2.10326016E-02
   10.620117187500000       -2.12511420E-02
   10.625976562500000       -2.14723647E-02
   10.631835937500000       -2.16963291E-02
   10.637695312500000       -2.19230354E-02
   10.643554687500000       -2.21525729E-02
   10.649414062500000       -2.23849416E-02
   10.655273437500000       -2.26201713E-02
   10.661132812500000       -2.28583515E-02
   10.666992187500000       -2.30995119E-02
   10.672851562500000       -2.33436525E-02
   10.678710937500000       -2.35908628E-02
   10.684570312500000       -2.38411725E-02
   10.690429687500000       -2.40946412E-02
   10.696289062500000       -2.43512690E-02
   10.702148437500000       -2.46111751E-02
   10.708007812500000       -2.48743296E-02
   10.713867187500000       -2.51408219E-02
   10.719726562500000       -2.54107118E-02
   10.725585937500000       -2.56840289E-02
   10.731445312500000       -2.59608030E-02
   10.737304687500000       -2.62411237E-02
   10.743164062500000       -2.65250206E-02
   10.749023437500000       -2.68125832E-02
   10.754882812500000       -2.71038115E-02
   10.760742187500000       -2.73987949E-02
   10.766601562500000       -2.76975632E-02
   10.772460937500000       -2.80002058E-02
   10.778320312500000       -2.83067822E-02
   10.784179687500000       -2.86172926E-02
   10.790039062500000       -2.89318860E-02
   10.795898437500000       -2.92505324E-02
   10.801757812500000       -2.95733511E-02
   10.807617187500000       -2.99004018E-02
   10.813476562500000       -3.02317142E-02
   10.819335937500000       -3.05673778E-02
   10.825195312500000       -3.09074521E-02
   10.831054687500000       -3.12519968E-02
   10.836914062500000       -3.16011310E-02
   10.842773437500000       -3.19548547E-02
   10.848632812500000       -3.23132575E-02
   10.854492187500000       -3.26764286E-02
   10.860351562500000       -3.30444276E-02
   10.866210937500000       -3.34173441E-02
   10.872070312500000       -3.37952375E-02
   10.877929687500000       -3.41781974E-02
   10.883789062500000       -3.45662832E-02
   10.889648437500000       -3.49595845E-02
   10.895507812500000       -3.53581905E-02
   10.901367187500000       -3.57621908E-02
   10.907226562500000       -3.61716151E-02
   10.913085937500000       -3.65866125E-02
   10.918945312500000       -3.70072424E-02
   10.924804687500000       -3.74335945E-02
   10.930664062500000       -3.78657579E-02
   10.936523437500000       -3.83038521E-02
   10.942382812500000       -3.87479067E-02
   10.948242187500000       -3.91980708E-02
   10.954101562500000       -3.96544039E-02
   10.959960937500000       -4.01170254E-02
   10.965820312500000       -4.05860245E-02
   10.971679687500000       -4.10615206E-02
   10.977539062500000       -4.15436029E-02
   10.983398437500000       -4.20323908E-02
   10.989257812500000       -4.25279737E-02
   10.995117187500000       -4.30304408E-02
   11.000976562500000       -4.35399711E-02
   11.006835937500000       -4.40565944E-02
   11.012695312500000       -4.45804596E-02
   11.018554687500000       -4.51117158E-02
   11.024414062500000       -4.56504524E-02
   11.030273437500000       -4.61967587E-02
   11.036132812500000       -4.67508137E-02
   11.041992187500000       -4.73127067E-02
   11.047851562500000       -4.78825867E-02
   11.053710937500000       -4.84605730E-02
   11.059570312500000       -4.90468144E-02
   11.065429687500000       -4.96414006E-02
   11.071289062500000       -5.02445102E-02
   11.077148437500000       -5.08562922E-02
   11.083007812500000       -5.14768362E-02
   11.088867187500000       -5.21063209E-02
   11.094726562500000       -5.27448952E-02
   11.100585937500000       -5.33927083E-02
   11.106445312500000       -5.40499091E-02
   11.112304687500000       -5.47166467E-02
   11.118164062500000       -5.53930700E-02
   11.124023437500000       -5.60793579E-02
   11.129882812500000       -5.67756891E-02
   11.135742187500000       -5.74822128E-02
   11.141601562500000       -5.81990778E-02
   11.147460937500000       -5.89264929E-02
   11.153320312500000       -5.96646369E-02
   11.159179687500000       -6.04136586E-02
   11.165039062500000       -6.11737370E-02
   11.170898437500000       -6.19451106E-02
   11.176757812500000       -6.27279282E-02
   11.182617187500000       -6.35223985E-02
   11.188476562500000       -6.43287003E-02
   11.194335937500000       -6.51470423E-02
   11.200195312500000       -6.59776330E-02
   11.206054687500000       -6.68207109E-02
   11.211914062500000       -6.76764250E-02
   11.217773437500000       -6.85450435E-02
   11.223632812500000       -6.94267750E-02
   11.229492187500000       -7.03218281E-02
   11.235351562500000       -7.12304711E-02
   11.241210937500000       -7.21528828E-02
   11.247070312500000       -7.30893314E-02
   11.252929687500000       -7.40400553E-02
   11.258789062500000       -7.50053227E-02
   11.264648437500000       -7.59853423E-02
   11.270507812500000       -7.69804120E-02
   11.276367187500000       -7.79907703E-02
   11.282226562500000       -7.90166855E-02
   11.288085937500000       -8.00584257E-02
   11.293945312500000       -8.11162889E-02
   11.299804687500000       -8.21905136E-02
   11.305664062500000       -8.32814574E-02
   11.311523437500000       -8.43893290E-02
   11.317382812500000       -8.55145156E-02
   11.323242187500000       -8.66572559E-02
   11.329101562500000       -8.78178775E-02
   11.334960937500000       -8.89967084E-02
   11.340820312500000       -9.01940763E-02
   11.346679687500000       -9.14102793E-02
   11.352539062500000       -9.26456749E-02
   11.358398437500000       -9.39005911E-02
   11.364257812500000       -9.51754153E-02
   11.370117187500000       -9.64704454E-02
   11.375976562500000       -9.77860987E-02
   11.381835937500000       -9.91227031E-02
   11.387695312500000      -0.100480676    
   11.393554687500000      -0.101860344    
   11.399414062500000      -0.103262156    
   11.405273437500000      -0.104686499    
   11.411132812500000      -0.106133759    
   11.416992187500000      -0.107604355    
   11.422851562500000      -0.109098703    
   11.428710937500000      -0.110617280    
   11.434570312500000      -0.112160504    
   11.440429687500000      -0.113728791    
   11.446289062500000      -0.115322649    
   11.452148437500000      -0.116942525    
   11.458007812500000      -0.118588895    
   11.463867187500000      -0.120262235    
   11.469726562500000      -0.121963054    
   11.475585937500000      -0.123691887    
   11.481445312500000      -0.125449181    
   11.487304687500000      -0.127235532    
   11.493164062500000      -0.129051447    
   11.499023437500000      -0.130897492    
   11.504882812500000      -0.132774204    
   11.510742187500000      -0.134682149    
   11.516601562500000      -0.136621922    
   11.522460937500000      -0.138594151    
   11.528320312500000      -0.140599400    
   11.534179687500000      -0.142638296    
   11.540039062500000      -0.144711465    
   11.545898437500000      -0.146819592    
   11.551757812500000      -0.148963302    
   11.557617187500000      -0.151143253    
   11.563476562500000      -0.153360158    
   11.569335937500000      -0.155614704    
   11.575195312500000      -0.157907605    
   11.581054687500000      -0.160239607    
   11.586914062500000      -0.162611455    
   11.592773437500000      -0.165023863    
   11.598632812500000      -0.167477667    
   11.604492187500000      -0.169973612    
   11.610351562500000      -0.172512501    
   11.616210937500000      -0.175095201    
   11.622070312500000      -0.177722543    
   11.627929687500000      -0.180395365    
   11.633789062500000      -0.183114558    
   11.639648437500000      -0.185881019    
   11.645507812500000      -0.188695669    
   11.651367187500000      -0.191559404    
   11.657226562500000      -0.194473207    
   11.663085937500000      -0.197438061    
   11.668945312500000      -0.200454950    
   11.674804687500000      -0.203524888    
   11.680664062500000      -0.206648916    
   11.686523437500000      -0.209828079    
   11.692382812500000      -0.213063478    
   11.698242187500000      -0.216356188    
   11.704101562500000      -0.219707370    
   11.709960937500000      -0.223118156    
   11.715820312500000      -0.226589710    
   11.721679687500000      -0.230123281    
   11.727539062500000      -0.233720034    
   11.733398437500000      -0.237381279    
   11.739257812500000      -0.241108268    
   11.745117187500000      -0.244902313    
   11.750976562500000      -0.248764753    
   11.756835937500000      -0.252696931    
   11.762695312500000      -0.256700277    
   11.768554687500000      -0.260776192    
   11.774414062500000      -0.264926136    
   11.780273437500000      -0.269151598    
   11.786132812500000      -0.273454130    
   11.791992187500000      -0.277835220    
   11.797851562500000      -0.282296509    
   11.803710937500000      -0.286839575    
   11.809570312500000      -0.291466117    
   11.815429687500000      -0.296177804    
   11.821289062500000      -0.300976396    
   11.827148437500000      -0.305863619    
   11.833007812500000      -0.310841292    
   11.838867187500000      -0.315911263    
   11.844726562500000      -0.321075439    
   11.850585937500000      -0.326335728    
   11.856445312500000      -0.331694156    
   11.862304687500000      -0.337152660    
   11.868164062500000      -0.342713356    
   11.874023437500000      -0.348378301    
   11.879882812500000      -0.354149699    
   11.885742187500000      -0.360029697    
   11.891601562500000      -0.366020650    
   11.897460937500000      -0.372124732    
   11.903320312500000      -0.378344417    
   11.909179687500000      -0.384682000    
   11.915039062500000      -0.391140044    
   11.920898437500000      -0.397720963    
   11.926757812500000      -0.404427439    
   11.932617187500000      -0.411261976    
   11.938476562500000      -0.418227434    
   11.944335937500000      -0.425326318    
   11.950195312500000      -0.432561755    
   11.956054687500000      -0.439936310    
   11.961914062500000      -0.447453260    
   11.967773437500000      -0.455115169    
   11.973632812500000      -0.462925792    
   11.979492187500000      -0.470887214    
   11.985351562500000      -0.479004413    
   11.991210937500000      -0.487277508    
   11.997070312500000      -0.495717257    
