   2.9296875000000000E-003 -0.839130878    
   8.7890625000000000E-003 -0.827533603    
   1.4648437500000000E-002 -0.816129923    
   2.0507812500000000E-002 -0.804912746    
   2.6367187500000000E-002 -0.793879926    
   3.2226562500000000E-002 -0.783027172    
   3.8085937500000000E-002 -0.772351623    
   4.3945312500000000E-002 -0.761849582    
   4.9804687500000000E-002 -0.751518011    
   5.5664062500000000E-002 -0.741353512    
   6.1523437500000000E-002 -0.731353164    
   6.7382812500000000E-002 -0.721513689    
   7.3242187500000000E-002 -0.711832225    
   7.9101562500000000E-002 -0.702305794    
   8.4960937500000000E-002 -0.692931592    
   9.0820312500000000E-002 -0.683706701    
   9.6679687500000000E-002 -0.674628437    
  0.10253906250000000      -0.665694058    
  0.10839843750000000      -0.656900942    
  0.11425781250000000      -0.648246527    
  0.12011718750000000      -0.639728248    
  0.12597656250000000      -0.631343603    
  0.13183593750000000      -0.623090267    
  0.13769531250000000      -0.614965796    
  0.14355468750000000      -0.606967807    
  0.14941406250000000      -0.599094152    
  0.15527343750000000      -0.591342449    
  0.16113281250000000      -0.583710611    
  0.16699218750000000      -0.576196492    
  0.17285156250000000      -0.568797886    
  0.17871093750000000      -0.561512887    
  0.18457031250000000      -0.554339409    
  0.19042968750000000      -0.547275424    
  0.19628906250000000      -0.540319085    
  0.20214843750000000      -0.533468425    
  0.20800781250000000      -0.526721597    
  0.21386718750000000      -0.520076811    
  0.21972656250000000      -0.513532281    
  0.22558593750000000      -0.507086217    
  0.23144531250000000      -0.500737011    
  0.23730468750000000      -0.494482815    
  0.24316406250000000      -0.488322079    
  0.24902343750000000      -0.482253224    
  0.25488281250000000      -0.476274550    
  0.26074218750000000      -0.470384628    
  0.26660156250000000      -0.464581847    
  0.27246093750000000      -0.458864748    
  0.27832031250000000      -0.453231901    
  0.28417968750000000      -0.447681785    
  0.29003906250000000      -0.442213058    
  0.29589843750000000      -0.436824352    
  0.30175781250000000      -0.431514233    
  0.30761718750000000      -0.426281452    
  0.31347656250000000      -0.421124667    
  0.31933593750000000      -0.416042656    
  0.32519531250000000      -0.411034048    
  0.33105468750000000      -0.406097740    
  0.33691406250000000      -0.401232481    
  0.34277343750000000      -0.396437079    
  0.34863281250000000      -0.391710341    
  0.35449218750000000      -0.387051195    
  0.36035156250000000      -0.382458478    
  0.36621093750000000      -0.377931118    
  0.37207031250000000      -0.373468041    
  0.37792968750000000      -0.369068146    
  0.38378906250000000      -0.364730477    
  0.38964843750000000      -0.360453933    
  0.39550781250000000      -0.356237561    
  0.40136718750000000      -0.352080405    
  0.40722656250000000      -0.347981453    
  0.41308593750000000      -0.343939722    
  0.41894531250000000      -0.339954436    
  0.42480468750000000      -0.336024553    
  0.43066406250000000      -0.332149237    
  0.43652343750000000      -0.328327626    
  0.44238281250000000      -0.324558765    
  0.44824218750000000      -0.320841908    
  0.45410156250000000      -0.317176223    
  0.45996093750000000      -0.313560843    
  0.46582031250000000      -0.309994996    
  0.47167968750000000      -0.306477934    
  0.47753906250000000      -0.303008795    
  0.48339843750000000      -0.299586892    
  0.48925781250000000      -0.296211451    
  0.49511718750000000      -0.292881787    
  0.50097656250000000      -0.289597124    
  0.50683593750000000      -0.286356777    
  0.51269531250000000      -0.283160061    
  0.51855468750000000      -0.280006349    
  0.52441406250000000      -0.276894867    
  0.53027343750000000      -0.273825020    
  0.53613281250000000      -0.270796180    
  0.54199218750000000      -0.267807692    
  0.54785156250000000      -0.264858902    
  0.55371093750000000      -0.261949241    
  0.55957031250000000      -0.259078115    
  0.56542968750000000      -0.256244898    
  0.57128906250000000      -0.253449023    
  0.57714843750000000      -0.250689954    
  0.58300781250000000      -0.247967109    
  0.58886718750000000      -0.245279923    
  0.59472656250000000      -0.242627859    
  0.60058593750000000      -0.240010396    
  0.60644531250000000      -0.237426996    
  0.61230468750000000      -0.234877169    
  0.61816406250000000      -0.232360408    
  0.62402343750000000      -0.229876190    
  0.62988281250000000      -0.227424085    
  0.63574218750000000      -0.225003541    
  0.64160156250000000      -0.222614139    
  0.64746093750000000      -0.220255405    
  0.65332031250000000      -0.217926845    
  0.65917968750000000      -0.215628088    
  0.66503906250000000      -0.213358641    
  0.67089843750000000      -0.211118057    
  0.67675781250000000      -0.208905965    
  0.68261718750000000      -0.206721902    
  0.68847656250000000      -0.204565465    
  0.69433593750000000      -0.202436253    
  0.70019531250000000      -0.200333863    
  0.70605468750000000      -0.198257938    
  0.71191406250000000      -0.196208045    
  0.71777343750000000      -0.194183856    
  0.72363281250000000      -0.192184940    
  0.72949218750000000      -0.190210998    
  0.73535156250000000      -0.188261583    
  0.74121093750000000      -0.186336443    
  0.74707031250000000      -0.184435159    
  0.75292968750000000      -0.182557419    
  0.75878906250000000      -0.180702865    
  0.76464843750000000      -0.178871170    
  0.77050781250000000      -0.177062020    
  0.77636718750000000      -0.175275087    
  0.78222656250000000      -0.173510045    
  0.78808593750000000      -0.171766624    
  0.79394531250000000      -0.170044482    
  0.79980468750000000      -0.168343291    
  0.80566406250000000      -0.166662812    
  0.81152343750000000      -0.165002733    
  0.81738281250000000      -0.163362786    
  0.82324218750000000      -0.161742643    
  0.82910156250000000      -0.160142064    
  0.83496093750000000      -0.158560753    
  0.84082031250000000      -0.156998456    
  0.84667968750000000      -0.155454889    
  0.85253906250000000      -0.153929844    
  0.85839843750000000      -0.152423024    
  0.86425781250000000      -0.150934160    
  0.87011718750000000      -0.149463028    
  0.87597656250000000      -0.148009390    
  0.88183593750000000      -0.146572977    
  0.88769531250000000      -0.145153597    
  0.89355468750000000      -0.143750980    
  0.89941406250000000      -0.142364904    
  0.90527343750000000      -0.140995175    
  0.91113281250000000      -0.139641508    
  0.91699218750000000      -0.138303742    
  0.92285156250000000      -0.136981621    
  0.92871093750000000      -0.135674953    
  0.93457031250000000      -0.134383529    
  0.94042968750000000      -0.133107156    
  0.94628906250000000      -0.131845593    
  0.95214843750000000      -0.130598664    
  0.95800781250000000      -0.129366189    
  0.96386718750000000      -0.128147945    
  0.96972656250000000      -0.126943752    
  0.97558593750000000      -0.125753433    
  0.98144531250000000      -0.124576770    
  0.98730468750000000      -0.123413630    
  0.99316406250000000      -0.122263797    
  0.99902343750000000      -0.121127106    
   1.0048828125000000      -0.120003402    
   1.0107421875000000      -0.118892476    
   1.0166015625000000      -0.117794171    
   1.0224609375000000      -0.116708331    
   1.0283203125000000      -0.115634799    
   1.0341796875000000      -0.114573412    
   1.0400390625000000      -0.113523990    
   1.0458984375000000      -0.112486370    
   1.0517578125000000      -0.111460440    
   1.0576171875000000      -0.110446021    
   1.0634765625000000      -0.109442972    
   1.0693359375000000      -0.108451135    
   1.0751953125000000      -0.107470371    
   1.0810546875000000      -0.106500529    
   1.0869140625000000      -0.105541468    
   1.0927734375000000      -0.104593098    
   1.0986328125000000      -0.103655197    
   1.1044921875000000      -0.102727666    
   1.1103515625000000      -0.101810411    
   1.1162109375000000      -0.100903243    
   1.1220703125000000      -0.100006074    
   1.1279296875000000       -9.91187543E-02
   1.1337890625000000       -9.82411727E-02
   1.1396484375000000       -9.73731801E-02
   1.1455078125000000       -9.65146944E-02
   1.1513671875000000       -9.56655815E-02
   1.1572265625000000       -9.48256850E-02
   1.1630859375000000       -9.39949453E-02
   1.1689453125000000       -9.31732059E-02
   1.1748046875000000       -9.23603475E-02
   1.1806640625000000       -9.15563107E-02
   1.1865234375000000       -9.07609239E-02
   1.1923828125000000       -8.99741203E-02
   1.1982421875000000       -8.91957954E-02
   1.2041015625000000       -8.84258300E-02
   1.2099609375000000       -8.76640826E-02
   1.2158203125000000       -8.69105309E-02
   1.2216796875000000       -8.61650035E-02
   1.2275390625000000       -8.54274258E-02
   1.2333984375000000       -8.46976936E-02
   1.2392578125000000       -8.39757174E-02
   1.2451171875000000       -8.32614079E-02
   1.2509765625000000       -8.25546831E-02
   1.2568359375000000       -8.18553865E-02
   1.2626953125000000       -8.11634958E-02
   1.2685546875000000       -8.04788917E-02
   1.2744140625000000       -7.98014924E-02
   1.2802734375000000       -7.91312158E-02
   1.2861328125000000       -7.84679577E-02
   1.2919921875000000       -7.78116137E-02
   1.2978515625000000       -7.71621615E-02
   1.3037109375000000       -7.65194446E-02
   1.3095703125000000       -7.58834481E-02
   1.3154296875000000       -7.52540678E-02
   1.3212890625000000       -7.46311992E-02
   1.3271484375000000       -7.40147904E-02
   1.3330078125000000       -7.34047443E-02
   1.3388671875000000       -7.28010088E-02
   1.3447265625000000       -7.22034946E-02
   1.3505859375000000       -7.16121197E-02
   1.3564453125000000       -7.10268170E-02
   1.3623046875000000       -7.04475120E-02
   1.3681640625000000       -6.98741525E-02
   1.3740234375000000       -6.93066418E-02
   1.3798828125000000       -6.87449425E-02
   1.3857421875000000       -6.81889355E-02
   1.3916015625000000       -6.76386058E-02
   1.3974609375000000       -6.70938641E-02
   1.4033203125000000       -6.65546060E-02
   1.4091796875000000       -6.60208464E-02
   1.4150390625000000       -6.54924437E-02
   1.4208984375000000       -6.49693832E-02
   1.4267578125000000       -6.44515902E-02
   1.4326171875000000       -6.39390126E-02
   1.4384765625000000       -6.34315833E-02
   1.4443359375000000       -6.29291981E-02
   1.4501953125000000       -6.24318644E-02
   1.4560546875000000       -6.19394891E-02
   1.4619140625000000       -6.14520498E-02
   1.4677734375000000       -6.09694272E-02
   1.4736328125000000       -6.04916066E-02
   1.4794921875000000       -6.00185432E-02
   1.4853515625000000       -5.95501438E-02
   1.4912109375000000       -5.90863675E-02
   1.4970703125000000       -5.86271994E-02
   1.5029296875000000       -5.81725203E-02
   1.5087890625000000       -5.77223487E-02
   1.5146484375000000       -5.72765879E-02
   1.5205078125000000       -5.68352006E-02
   1.5263671875000000       -5.63981272E-02
   1.5322265625000000       -5.59653305E-02
   1.5380859375000000       -5.55367433E-02
   1.5439453125000000       -5.51123358E-02
   1.5498046875000000       -5.46920672E-02
   1.5556640625000000       -5.42758815E-02
   1.5615234375000000       -5.38637377E-02
   1.5673828125000000       -5.34555577E-02
   1.5732421875000000       -5.30513339E-02
   1.5791015625000000       -5.26510254E-02
   1.5849609375000000       -5.22545576E-02
   1.5908203125000000       -5.18619157E-02
   1.5966796875000000       -5.14730252E-02
   1.6025390625000000       -5.10878786E-02
   1.6083984375000000       -5.07064164E-02
   1.6142578125000000       -5.03285825E-02
   1.6201171875000000       -4.99543771E-02
   1.6259765625000000       -4.95837182E-02
   1.6318359375000000       -4.92166020E-02
   1.6376953125000000       -4.88529690E-02
   1.6435546875000000       -4.84927781E-02
   1.6494140625000000       -4.81359921E-02
   1.6552734375000000       -4.77825850E-02
   1.6611328125000000       -4.74325083E-02
   1.6669921875000000       -4.70857322E-02
   1.6728515625000000       -4.67422083E-02
   1.6787109375000000       -4.64019328E-02
   1.6845703125000000       -4.60648313E-02
   1.6904296875000000       -4.57308777E-02
   1.6962890625000000       -4.54000719E-02
   1.7021484375000000       -4.50723208E-02
   1.7080078125000000       -4.47476432E-02
   1.7138671875000000       -4.44259904E-02
   1.7197265625000000       -4.41073179E-02
   1.7255859375000000       -4.37916033E-02
   1.7314453125000000       -4.34787981E-02
   1.7373046875000000       -4.31688987E-02
   1.7431640625000000       -4.28618416E-02
   1.7490234375000000       -4.25576493E-02
   1.7548828125000000       -4.22562286E-02
   1.7607421875000000       -4.19575833E-02
   1.7666015625000000       -4.16616723E-02
   1.7724609375000000       -4.13684845E-02
   1.7783203125000000       -4.10779677E-02
   1.7841796875000000       -4.07900959E-02
   1.7900390625000000       -4.05048653E-02
   1.7958984375000000       -4.02222201E-02
   1.8017578125000000       -3.99421565E-02
   1.8076171875000000       -3.96646149E-02
   1.8134765625000000       -3.93895954E-02
   1.8193359375000000       -3.91170792E-02
   1.8251953125000000       -3.88470031E-02
   1.8310546875000000       -3.85793671E-02
   1.8369140625000000       -3.83141413E-02
   1.8427734375000000       -3.80512960E-02
   1.8486328125000000       -3.77908200E-02
   1.8544921875000000       -3.75326872E-02
   1.8603515625000000       -3.72768492E-02
   1.8662109375000000       -3.70233022E-02
   1.8720703125000000       -3.67720090E-02
   1.8779296875000000       -3.65229547E-02
   1.8837890625000000       -3.62761207E-02
   1.8896484375000000       -3.60314883E-02
   1.8955078125000000       -3.57890055E-02
   1.9013671875000000       -3.55486907E-02
   1.9072265625000000       -3.53104919E-02
   1.9130859375000000       -3.50743942E-02
   1.9189453125000000       -3.48403752E-02
   1.9248046875000000       -3.46084051E-02
   1.9306640625000000       -3.43784876E-02
   1.9365234375000000       -3.41505893E-02
   1.9423828125000000       -3.39246877E-02
   1.9482421875000000       -3.37007567E-02
   1.9541015625000000       -3.34787779E-02
   1.9599609375000000       -3.32587399E-02
   1.9658203125000000       -3.30406092E-02
   1.9716796875000000       -3.28243822E-02
   1.9775390625000000       -3.26100364E-02
   1.9833984375000000       -3.23975533E-02
   1.9892578125000000       -3.21868993E-02
   1.9951171875000000       -3.19780670E-02
   2.0009765625000000       -3.17710377E-02
   2.0068359375000000       -3.15657966E-02
   2.0126953125000000       -3.13623175E-02
   2.0185546875000000       -3.11605837E-02
   2.0244140625000000       -3.09605841E-02
   2.0302734375000000       -3.07622887E-02
   2.0361328125000000       -3.05657014E-02
   2.0419921875000000       -3.03707924E-02
   2.0478515625000000       -3.01775318E-02
   2.0537109375000000       -2.99859270E-02
   2.0595703125000000       -2.97959633E-02
   2.0654296875000000       -2.96075959E-02
   2.0712890625000000       -2.94208284E-02
   2.0771484375000000       -2.92356368E-02
   2.0830078125000000       -2.90520210E-02
   2.0888671875000000       -2.88699549E-02
   2.0947265625000000       -2.86894124E-02
   2.1005859375000000       -2.85103973E-02
   2.1064453125000000       -2.83328816E-02
   2.1123046875000000       -2.81568561E-02
   2.1181640625000000       -2.79823076E-02
   2.1240234375000000       -2.78092287E-02
   2.1298828125000000       -2.76375748E-02
   2.1357421875000000       -2.74673682E-02
   2.1416015625000000       -2.72985809E-02
   2.1474609375000000       -2.71311905E-02
   2.1533203125000000       -2.69651841E-02
   2.1591796875000000       -2.68005673E-02
   2.1650390625000000       -2.66373008E-02
   2.1708984375000000       -2.64754035E-02
   2.1767578125000000       -2.63148230E-02
   2.1826171875000000       -2.61555780E-02
   2.1884765625000000       -2.59976443E-02
   2.1943359375000000       -2.58409977E-02
   2.2001953125000000       -2.56856438E-02
   2.2060546875000000       -2.55315583E-02
   2.2119140625000000       -2.53787488E-02
   2.2177734375000000       -2.52271742E-02
   2.2236328125000000       -2.50768419E-02
   2.2294921875000000       -2.49277428E-02
   2.2353515625000000       -2.47798394E-02
   2.2412109375000000       -2.46331505E-02
   2.2470703125000000       -2.44876426E-02
   2.2529296875000000       -2.43433192E-02
   2.2587890625000000       -2.42001712E-02
   2.2646484375000000       -2.40581762E-02
   2.2705078125000000       -2.39173155E-02
   2.2763671875000000       -2.37776060E-02
   2.2822265625000000       -2.36390103E-02
   2.2880859375000000       -2.35015247E-02
   2.2939453125000000       -2.33651549E-02
   2.2998046875000000       -2.32298765E-02
   2.3056640625000000       -2.30956692E-02
   2.3115234375000000       -2.29625404E-02
   2.3173828125000000       -2.28304677E-02
   2.3232421875000000       -2.26994585E-02
   2.3291015625000000       -2.25694794E-02
   2.3349609375000000       -2.24405471E-02
   2.3408203125000000       -2.23126300E-02
   2.3466796875000000       -2.21857186E-02
   2.3525390625000000       -2.20598243E-02
   2.3583984375000000       -2.19349209E-02
   2.3642578125000000       -2.18109936E-02
   2.3701171875000000       -2.16880459E-02
   2.3759765625000000       -2.15660725E-02
   2.3818359375000000       -2.14450527E-02
   2.3876953125000000       -2.13249922E-02
   2.3935546875000000       -2.12058611E-02
   2.3994140625000000       -2.10876651E-02
   2.4052734375000000       -2.09703837E-02
   2.4111328125000000       -2.08540261E-02
   2.4169921875000000       -2.07385831E-02
   2.4228515625000000       -2.06240248E-02
   2.4287109375000000       -2.05103587E-02
   2.4345703125000000       -2.03975774E-02
   2.4404296875000000       -2.02856641E-02
   2.4462890625000000       -2.01746225E-02
   2.4521484375000000       -2.00644378E-02
   2.4580078125000000       -1.99551024E-02
   2.4638671875000000       -1.98466107E-02
   2.4697265625000000       -1.97389573E-02
   2.4755859375000000       -1.96321253E-02
   2.4814453125000000       -1.95261203E-02
   2.4873046875000000       -1.94209255E-02
   2.4931640625000000       -1.93165336E-02
   2.4990234375000000       -1.92129314E-02
   2.5048828125000000       -1.91101320E-02
   2.5107421875000000       -1.90081112E-02
   2.5166015625000000       -1.89068634E-02
   2.5224609375000000       -1.88063923E-02
   2.5283203125000000       -1.87066831E-02
   2.5341796875000000       -1.86077189E-02
   2.5400390625000000       -1.85095184E-02
   2.5458984375000000       -1.84120517E-02
   2.5517578125000000       -1.83153171E-02
   2.5576171875000000       -1.82193201E-02
   2.5634765625000000       -1.81240421E-02
   2.5693359375000000       -1.80294830E-02
   2.5751953125000000       -1.79356337E-02
   2.5810546875000000       -1.78424921E-02
   2.5869140625000000       -1.77500416E-02
   2.5927734375000000       -1.76582895E-02
   2.5986328125000000       -1.75672080E-02
   2.6044921875000000       -1.74768157E-02
   2.6103515625000000       -1.73870977E-02
   2.6162109375000000       -1.72980484E-02
   2.6220703125000000       -1.72096658E-02
   2.6279296875000000       -1.71219315E-02
   2.6337890625000000       -1.70348436E-02
   2.6396484375000000       -1.69484075E-02
   2.6455078125000000       -1.68626085E-02
   2.6513671875000000       -1.67774335E-02
   2.6572265625000000       -1.66928973E-02
   2.6630859375000000       -1.66089777E-02
   2.6689453125000000       -1.65256783E-02
   2.6748046875000000       -1.64429974E-02
   2.6806640625000000       -1.63609087E-02
   2.6865234375000000       -1.62794311E-02
   2.6923828125000000       -1.61985476E-02
   2.6982421875000000       -1.61182564E-02
   2.7041015625000000       -1.60385445E-02
   2.7099609375000000       -1.59594156E-02
   2.7158203125000000       -1.58808678E-02
   2.7216796875000000       -1.58028882E-02
   2.7275390625000000       -1.57254692E-02
   2.7333984375000000       -1.56486239E-02
   2.7392578125000000       -1.55723225E-02
   2.7451171875000000       -1.54965753E-02
   2.7509765625000000       -1.54213775E-02
   2.7568359375000000       -1.53467264E-02
   2.7626953125000000       -1.52726071E-02
   2.7685546875000000       -1.51990186E-02
   2.7744140625000000       -1.51259657E-02
   2.7802734375000000       -1.50534362E-02
   2.7861328125000000       -1.49814263E-02
   2.7919921875000000       -1.49099231E-02
   2.7978515625000000       -1.48389442E-02
   2.8037109375000000       -1.47684654E-02
   2.8095703125000000       -1.46984840E-02
   2.8154296875000000       -1.46290064E-02
   2.8212890625000000       -1.45600215E-02
   2.8271484375000000       -1.44915348E-02
   2.8330078125000000       -1.44235231E-02
   2.8388671875000000       -1.43559948E-02
   2.8447265625000000       -1.42889461E-02
   2.8505859375000000       -1.42223742E-02
   2.8564453125000000       -1.41562661E-02
   2.8623046875000000       -1.40906302E-02
   2.8681640625000000       -1.40254535E-02
   2.8740234375000000       -1.39607424E-02
   2.8798828125000000       -1.38964746E-02
   2.8857421875000000       -1.38326678E-02
   2.8916015625000000       -1.37692988E-02
   2.8974609375000000       -1.37063758E-02
   2.9033203125000000       -1.36438953E-02
   2.9091796875000000       -1.35818562E-02
   2.9150390625000000       -1.35202445E-02
   2.9208984375000000       -1.34590585E-02
   2.9267578125000000       -1.33983055E-02
   2.9326171875000000       -1.33379735E-02
   2.9384765625000000       -1.32780503E-02
   2.9443359375000000       -1.32185528E-02
   2.9501953125000000       -1.31594678E-02
   2.9560546875000000       -1.31007861E-02
   2.9619140625000000       -1.30425123E-02
   2.9677734375000000       -1.29846362E-02
   2.9736328125000000       -1.29271634E-02
   2.9794921875000000       -1.28700845E-02
   2.9853515625000000       -1.28134042E-02
   2.9912109375000000       -1.27571039E-02
   2.9970703125000000       -1.27011985E-02
   3.0029296875000000       -1.26456674E-02
   3.0087890625000000       -1.25905182E-02
   3.0146484375000000       -1.25357481E-02
   3.0205078125000000       -1.24813560E-02
   3.0263671875000000       -1.24273291E-02
   3.0322265625000000       -1.23736765E-02
   3.0380859375000000       -1.23203760E-02
   3.0439453125000000       -1.22674545E-02
   3.0498046875000000       -1.22148814E-02
   3.0556640625000000       -1.21626649E-02
   3.0615234375000000       -1.21108014E-02
   3.0673828125000000       -1.20593002E-02
   3.0732421875000000       -1.20081306E-02
   3.0791015625000000       -1.19573185E-02
   3.0849609375000000       -1.19068436E-02
   3.0908203125000000       -1.18567133E-02
   3.0966796875000000       -1.18069164E-02
   3.1025390625000000       -1.17574520E-02
   3.1083984375000000       -1.17083257E-02
   3.1142578125000000       -1.16595197E-02
   3.1201171875000000       -1.16110481E-02
   3.1259765625000000       -1.15629015E-02
   3.1318359375000000       -1.15150698E-02
   3.1376953125000000       -1.14675676E-02
   3.1435546875000000       -1.14203757E-02
   3.1494140625000000       -1.13734938E-02
   3.1552734375000000       -1.13269361E-02
   3.1611328125000000       -1.12806754E-02
   3.1669921875000000       -1.12347277E-02
   3.1728515625000000       -1.11890826E-02
   3.1787109375000000       -1.11437468E-02
   3.1845703125000000       -1.10987015E-02
   3.1904296875000000       -1.10539543E-02
   3.1962890625000000       -1.10095115E-02
   3.2021484375000000       -1.09653547E-02
   3.2080078125000000       -1.09214913E-02
   3.2138671875000000       -1.08779194E-02
   3.2197265625000000       -1.08346287E-02
   3.2255859375000000       -1.07916268E-02
   3.2314453125000000       -1.07489023E-02
   3.2373046875000000       -1.07064564E-02
   3.2431640625000000       -1.06642935E-02
   3.2490234375000000       -1.06224054E-02
   3.2548828125000000       -1.05807893E-02
   3.2607421875000000       -1.05394535E-02
   3.2666015625000000       -1.04983794E-02
   3.2724609375000000       -1.04575735E-02
   3.2783203125000000       -1.04170348E-02
   3.2841796875000000       -1.03767542E-02
   3.2900390625000000       -1.03367455E-02
   3.2958984375000000       -1.02969836E-02
   3.3017578125000000       -1.02574918E-02
   3.3076171875000000       -1.02182450E-02
   3.3134765625000000       -1.01792645E-02
   3.3193359375000000       -1.01405261E-02
   3.3251953125000000       -1.01020439E-02
   3.3310546875000000       -1.00638010E-02
   3.3369140625000000       -1.00258114E-02
   3.3427734375000000       -9.98806767E-03
   3.3486328125000000       -9.95056611E-03
   3.3544921875000000       -9.91330016E-03
   3.3603515625000000       -9.87627450E-03
   3.3662109375000000       -9.83948912E-03
   3.3720703125000000       -9.80294123E-03
   3.3779296875000000       -9.76662431E-03
   3.3837890625000000       -9.73054301E-03
   3.3896484375000000       -9.69468895E-03
   3.3955078125000000       -9.65906866E-03
   3.4013671875000000       -9.62366629E-03
   3.4072265625000000       -9.58849490E-03
   3.4130859375000000       -9.55354702E-03
   3.4189453125000000       -9.51882731E-03
   3.4248046875000000       -9.48432181E-03
   3.4306640625000000       -9.45003517E-03
   3.4365234375000000       -9.41596739E-03
   3.4423828125000000       -9.38211661E-03
   3.4482421875000000       -9.34847444E-03
   3.4541015625000000       -9.31505486E-03
   3.4599609375000000       -9.28183459E-03
   3.4658203125000000       -9.24883503E-03
   3.4716796875000000       -9.21604037E-03
   3.4775390625000000       -9.18344874E-03
   3.4833984375000000       -9.15106758E-03
   3.4892578125000000       -9.11888853E-03
   3.4951171875000000       -9.08690970E-03
   3.5009765625000000       -9.05513018E-03
   3.5068359375000000       -9.02355742E-03
   3.5126953125000000       -8.99217464E-03
   3.5185546875000000       -8.96099675E-03
   3.5244140625000000       -8.93000606E-03
   3.5302734375000000       -8.89921840E-03
   3.5361328125000000       -8.86861794E-03
   3.5419921875000000       -8.83820280E-03
   3.5478515625000000       -8.80798697E-03
   3.5537109375000000       -8.77795462E-03
   3.5595703125000000       -8.74811411E-03
   3.5654296875000000       -8.71845428E-03
   3.5712890625000000       -8.68897699E-03
   3.5771484375000000       -8.65968689E-03
   3.5830078125000000       -8.63058399E-03
   3.5888671875000000       -8.60165246E-03
   3.5947265625000000       -8.57290626E-03
   3.6005859375000000       -8.54433700E-03
   3.6064453125000000       -8.51594470E-03
   3.6123046875000000       -8.48772749E-03
   3.6181640625000000       -8.45968444E-03
   3.6240234375000000       -8.43181647E-03
   3.6298828125000000       -8.40412080E-03
   3.6357421875000000       -8.37658998E-03
   3.6416015625000000       -8.34923889E-03
   3.6474609375000000       -8.32205079E-03
   3.6533203125000000       -8.29502568E-03
   3.6591796875000000       -8.26817658E-03
   3.6650390625000000       -8.24148208E-03
   3.6708984375000000       -8.21496174E-03
   3.6767578125000000       -8.18859506E-03
   3.6826171875000000       -8.16239417E-03
   3.6884765625000000       -8.13635904E-03
   3.6943359375000000       -8.11048131E-03
   3.7001953125000000       -8.08475446E-03
   3.7060546875000000       -8.05919059E-03
   3.7119140625000000       -8.03378876E-03
   3.7177734375000000       -8.00853502E-03
   3.7236328125000000       -7.98343588E-03
   3.7294921875000000       -7.95849040E-03
   3.7353515625000000       -7.93369766E-03
   3.7412109375000000       -7.90905766E-03
   3.7470703125000000       -7.88456853E-03
   3.7529296875000000       -7.86022376E-03
   3.7587890625000000       -7.83603545E-03
   3.7646484375000000       -7.81198358E-03
   3.7705078125000000       -7.78808771E-03
   3.7763671875000000       -7.76433293E-03
   3.7822265625000000       -7.74071924E-03
   3.7880859375000000       -7.71725271E-03
   3.7939453125000000       -7.69393193E-03
   3.7998046875000000       -7.67075084E-03
   3.8056640625000000       -7.64770806E-03
   3.8115234375000000       -7.62480311E-03
   3.8173828125000000       -7.60203507E-03
   3.8232421875000000       -7.57941091E-03
   3.8291015625000000       -7.55692227E-03
   3.8349609375000000       -7.53456913E-03
   3.8408203125000000       -7.51235150E-03
   3.8466796875000000       -7.49026751E-03
   3.8525390625000000       -7.46831764E-03
   3.8583984375000000       -7.44649442E-03
   3.8642578125000000       -7.42481044E-03
   3.8701171875000000       -7.40325172E-03
   3.8759765625000000       -7.38183130E-03
   3.8818359375000000       -7.36053521E-03
   3.8876953125000000       -7.33936299E-03
   3.8935546875000000       -7.31832068E-03
   3.8994140625000000       -7.29740784E-03
   3.9052734375000000       -7.27661699E-03
   3.9111328125000000       -7.25595467E-03
   3.9169921875000000       -7.23541388E-03
   3.9228515625000000       -7.21499976E-03
   3.9287109375000000       -7.19470670E-03
   3.9345703125000000       -7.17453286E-03
   3.9404296875000000       -7.15448475E-03
   3.9462890625000000       -7.13455584E-03
   3.9521484375000000       -7.11474475E-03
   3.9580078125000000       -7.09505193E-03
   3.9638671875000000       -7.07547599E-03
   3.9697265625000000       -7.05602393E-03
   3.9755859375000000       -7.03668129E-03
   3.9814453125000000       -7.01746112E-03
   3.9873046875000000       -6.99835038E-03
   3.9931640625000000       -6.97935419E-03
   3.9990234375000000       -6.96047302E-03
   4.0048828125000000       -6.94170548E-03
   4.0107421875000000       -6.92305155E-03
   4.0166015625000000       -6.90451125E-03
   4.0224609375000000       -6.88607711E-03
   4.0283203125000000       -6.86775520E-03
   4.0341796875000000       -6.84953900E-03
   4.0400390625000000       -6.83143409E-03
   4.0458984375000000       -6.81344047E-03
   4.0517578125000000       -6.79555070E-03
   4.0576171875000000       -6.77777128E-03
   4.0634765625000000       -6.76009571E-03
   4.0693359375000000       -6.74252259E-03
   4.0751953125000000       -6.72505889E-03
   4.0810546875000000       -6.70769718E-03
   4.0869140625000000       -6.69044349E-03
   4.0927734375000000       -6.67329133E-03
   4.0986328125000000       -6.65624067E-03
   4.1044921875000000       -6.63929014E-03
   4.1103515625000000       -6.62244018E-03
   4.1162109375000000       -6.60569035E-03
   4.1220703125000000       -6.58904575E-03
   4.1279296875000000       -6.57249475E-03
   4.1337890625000000       -6.55604806E-03
   4.1396484375000000       -6.53969403E-03
   4.1455078125000000       -6.52343780E-03
   4.1513671875000000       -6.50728540E-03
   4.1572265625000000       -6.49122475E-03
   4.1630859375000000       -6.47526048E-03
   4.1689453125000000       -6.45939307E-03
   4.1748046875000000       -6.44361554E-03
   4.1806640625000000       -6.42793439E-03
   4.1865234375000000       -6.41234824E-03
   4.1923828125000000       -6.39685756E-03
   4.1982421875000000       -6.38145581E-03
   4.2041015625000000       -6.36614859E-03
   4.2099609375000000       -6.35092938E-03
   4.2158203125000000       -6.33580377E-03
   4.2216796875000000       -6.32076617E-03
   4.2275390625000000       -6.30582124E-03
   4.2333984375000000       -6.29096339E-03
   4.2392578125000000       -6.27619820E-03
   4.2451171875000000       -6.26151916E-03
   4.2509765625000000       -6.24692580E-03
   4.2568359375000000       -6.23242417E-03
   4.2626953125000000       -6.21800218E-03
   4.2685546875000000       -6.20367052E-03
   4.2744140625000000       -6.18942967E-03
   4.2802734375000000       -6.17526751E-03
   4.2861328125000000       -6.16119523E-03
   4.2919921875000000       -6.14720071E-03
   4.2978515625000000       -6.13329560E-03
   4.3037109375000000       -6.11947384E-03
   4.3095703125000000       -6.10573450E-03
   4.3154296875000000       -6.09207805E-03
   4.3212890625000000       -6.07849844E-03
   4.3271484375000000       -6.06500637E-03
   4.3330078125000000       -6.05159625E-03
   4.3388671875000000       -6.03826158E-03
   4.3447265625000000       -6.02500839E-03
   4.3505859375000000       -6.01184135E-03
   4.3564453125000000       -5.99874416E-03
   4.3623046875000000       -5.98573266E-03
   4.3681640625000000       -5.97279519E-03
   4.3740234375000000       -5.95993828E-03
   4.3798828125000000       -5.94716053E-03
   4.3857421875000000       -5.93446195E-03
   4.3916015625000000       -5.92183135E-03
   4.3974609375000000       -5.90928504E-03
   4.4033203125000000       -5.89681137E-03
   4.4091796875000000       -5.88441594E-03
   4.4150390625000000       -5.87209314E-03
   4.4208984375000000       -5.85984252E-03
   4.4267578125000000       -5.84767479E-03
   4.4326171875000000       -5.83557319E-03
   4.4384765625000000       -5.82354842E-03
   4.4443359375000000       -5.81159489E-03
   4.4501953125000000       -5.79971774E-03
   4.4560546875000000       -5.78791089E-03
   4.4619140625000000       -5.77617483E-03
   4.4677734375000000       -5.76450909E-03
   4.4736328125000000       -5.75291878E-03
   4.4794921875000000       -5.74139832E-03
   4.4853515625000000       -5.72994677E-03
   4.4912109375000000       -5.71856508E-03
   4.4970703125000000       -5.70725231E-03
   4.5029296875000000       -5.69601404E-03
   4.5087890625000000       -5.68483863E-03
   4.5146484375000000       -5.67373727E-03
   4.5205078125000000       -5.66269830E-03
   4.5263671875000000       -5.65173291E-03
   4.5322265625000000       -5.64082991E-03
   4.5380859375000000       -5.63000003E-03
   4.5439453125000000       -5.61923161E-03
   4.5498046875000000       -5.60853584E-03
   4.5556640625000000       -5.59790200E-03
   4.5615234375000000       -5.58733428E-03
   4.5673828125000000       -5.57683315E-03
   4.5732421875000000       -5.56639861E-03
   4.5791015625000000       -5.55602973E-03
   4.5849609375000000       -5.54572186E-03
   4.5908203125000000       -5.53547917E-03
   4.5966796875000000       -5.52530214E-03
   4.6025390625000000       -5.51518518E-03
   4.6083984375000000       -5.50513295E-03
   4.6142578125000000       -5.49514592E-03
   4.6201171875000000       -5.48522361E-03
   4.6259765625000000       -5.47536043E-03
   4.6318359375000000       -5.46556106E-03
   4.6376953125000000       -5.45582129E-03
   4.6435546875000000       -5.44614485E-03
   4.6494140625000000       -5.43652708E-03
   4.6552734375000000       -5.42697310E-03
   4.6611328125000000       -5.41747687E-03
   4.6669921875000000       -5.40804397E-03
   4.6728515625000000       -5.39866881E-03
   4.6787109375000000       -5.38935140E-03
   4.6845703125000000       -5.38009638E-03
   4.6904296875000000       -5.37090423E-03
   4.6962890625000000       -5.36176376E-03
   4.7021484375000000       -5.35268523E-03
   4.7080078125000000       -5.34366863E-03
   4.7138671875000000       -5.33470372E-03
   4.7197265625000000       -5.32580027E-03
   4.7255859375000000       -5.31695317E-03
   4.7314453125000000       -5.30816708E-03
   4.7373046875000000       -5.29943174E-03
   4.7431640625000000       -5.29075740E-03
   4.7490234375000000       -5.28213894E-03
   4.7548828125000000       -5.27357589E-03
   4.7607421875000000       -5.26506780E-03
   4.7666015625000000       -5.25662024E-03
   4.7724609375000000       -5.24822250E-03
   4.7783203125000000       -5.23988483E-03
   4.7841796875000000       -5.23159653E-03
   4.7900390625000000       -5.22336829E-03
   4.7958984375000000       -5.21518895E-03
   4.8017578125000000       -5.20706875E-03
   4.8076171875000000       -5.19899791E-03
   4.8134765625000000       -5.19098621E-03
   4.8193359375000000       -5.18302293E-03
   4.8251953125000000       -5.17511880E-03
   4.8310546875000000       -5.16726263E-03
   4.8369140625000000       -5.15946001E-03
   4.8427734375000000       -5.15171094E-03
   4.8486328125000000       -5.14401449E-03
   4.8544921875000000       -5.13637112E-03
   4.8603515625000000       -5.12878085E-03
   4.8662109375000000       -5.12123806E-03
   4.8720703125000000       -5.11374790E-03
   4.8779296875000000       -5.10631036E-03
   4.8837890625000000       -5.09892451E-03
   4.8896484375000000       -5.09158615E-03
   4.8955078125000000       -5.08429995E-03
   4.9013671875000000       -5.07706543E-03
   4.9072265625000000       -5.06988307E-03
   4.9130859375000000       -5.06274682E-03
   4.9189453125000000       -5.05566224E-03
   4.9248046875000000       -5.04862424E-03
   4.9306640625000000       -5.04163746E-03
   4.9365234375000000       -5.03470190E-03
   4.9423828125000000       -5.02781244E-03
   4.9482421875000000       -5.02097374E-03
   4.9541015625000000       -5.01418579E-03
   4.9599609375000000       -5.00743836E-03
   4.9658203125000000       -5.00074681E-03
   4.9716796875000000       -4.99410043E-03
   4.9775390625000000       -4.98749968E-03
   4.9833984375000000       -4.98094922E-03
   4.9892578125000000       -4.97444859E-03
   4.9951171875000000       -4.96798800E-03
   5.0009765625000000       -4.96158237E-03
   5.0068359375000000       -4.95521678E-03
   5.0126953125000000       -4.94890567E-03
   5.0185546875000000       -4.94263414E-03
   5.0244140625000000       -4.93641198E-03
   5.0302734375000000       -4.93023405E-03
   5.0361328125000000       -4.92410548E-03
   5.0419921875000000       -4.91802115E-03
   5.0478515625000000       -4.91198106E-03
   5.0537109375000000       -4.90598474E-03
   5.0595703125000000       -4.90003731E-03
   5.0654296875000000       -4.89413366E-03
   5.0712890625000000       -4.88827843E-03
   5.0771484375000000       -4.88246232E-03
   5.0830078125000000       -4.87669418E-03
   5.0888671875000000       -4.87096934E-03
   5.0947265625000000       -4.86528827E-03
   5.1005859375000000       -4.85965516E-03
   5.1064453125000000       -4.85406024E-03
   5.1123046875000000       -4.84851282E-03
   5.1181640625000000       -4.84300870E-03
   5.1240234375000000       -4.83754743E-03
   5.1298828125000000       -4.83213365E-03
   5.1357421875000000       -4.82675806E-03
   5.1416015625000000       -4.82142484E-03
   5.1474609375000000       -4.81613865E-03
   5.1533203125000000       -4.81089531E-03
   5.1591796875000000       -4.80568921E-03
   5.1650390625000000       -4.80053015E-03
   5.1708984375000000       -4.79541346E-03
   5.1767578125000000       -4.79033869E-03
   5.1826171875000000       -4.78530582E-03
   5.1884765625000000       -4.78031021E-03
   5.1943359375000000       -4.77536116E-03
   5.2001953125000000       -4.77045402E-03
   5.2060546875000000       -4.76558832E-03
   5.2119140625000000       -4.76076407E-03
   5.2177734375000000       -4.75598173E-03
   5.2236328125000000       -4.75123571E-03
   5.2294921875000000       -4.74653626E-03
   5.2353515625000000       -4.74187732E-03
   5.2412109375000000       -4.73725563E-03
   5.2470703125000000       -4.73267445E-03
   5.2529296875000000       -4.72813938E-03
   5.2587890625000000       -4.72364062E-03
   5.2646484375000000       -4.71918238E-03
   5.2705078125000000       -4.71476512E-03
   5.2763671875000000       -4.71038418E-03
   5.2822265625000000       -4.70604841E-03
   5.2880859375000000       -4.70174849E-03
   5.2939453125000000       -4.69748909E-03
   5.2998046875000000       -4.69327020E-03
   5.3056640625000000       -4.68909182E-03
   5.3115234375000000       -4.68495395E-03
   5.3173828125000000       -4.68085147E-03
   5.3232421875000000       -4.67678905E-03
   5.3291015625000000       -4.67276713E-03
   5.3349609375000000       -4.66878479E-03
   5.3408203125000000       -4.66483831E-03
   5.3466796875000000       -4.66093142E-03
   5.3525390625000000       -4.65706456E-03
   5.3583984375000000       -4.65323729E-03
   5.3642578125000000       -4.64944541E-03
   5.3701171875000000       -4.64569312E-03
   5.3759765625000000       -4.64197574E-03
   5.3818359375000000       -4.63830261E-03
   5.3876953125000000       -4.63466439E-03
   5.3935546875000000       -4.63106111E-03
   5.3994140625000000       -4.62750206E-03
   5.4052734375000000       -4.62397747E-03
   5.4111328125000000       -4.62048734E-03
   5.4169921875000000       -4.61703632E-03
   5.4228515625000000       -4.61362489E-03
   5.4287109375000000       -4.61025257E-03
   5.4345703125000000       -4.60691424E-03
   5.4404296875000000       -4.60361084E-03
   5.4462890625000000       -4.60034609E-03
   5.4521484375000000       -4.59712045E-03
   5.4580078125000000       -4.59393347E-03
   5.4638671875000000       -4.59077628E-03
   5.4697265625000000       -4.58766241E-03
   5.4755859375000000       -4.58458252E-03
   5.4814453125000000       -4.58154129E-03
   5.4873046875000000       -4.57853405E-03
   5.4931640625000000       -4.57556080E-03
   5.4990234375000000       -4.57262620E-03
   5.5048828125000000       -4.56972979E-03
   5.5107421875000000       -4.56686737E-03
   5.5166015625000000       -4.56404360E-03
   5.5224609375000000       -4.56125336E-03
   5.5283203125000000       -4.55850130E-03
   5.5341796875000000       -4.55578277E-03
   5.5400390625000000       -4.55310289E-03
   5.5458984375000000       -4.55045607E-03
   5.5517578125000000       -4.54784324E-03
   5.5576171875000000       -4.54526814E-03
   5.5634765625000000       -4.54273121E-03
   5.5693359375000000       -4.54022782E-03
   5.5751953125000000       -4.53775795E-03
   5.5810546875000000       -4.53532580E-03
   5.5869140625000000       -4.53292672E-03
   5.5927734375000000       -4.53056581E-03
   5.5986328125000000       -4.52823797E-03
   5.6044921875000000       -4.52594319E-03
   5.6103515625000000       -4.52368613E-03
   5.6162109375000000       -4.52146260E-03
   5.6220703125000000       -4.51927632E-03
   5.6279296875000000       -4.51712357E-03
   5.6337890625000000       -4.51500341E-03
   5.6396484375000000       -4.51292098E-03
   5.6455078125000000       -4.51087160E-03
   5.6513671875000000       -4.50885948E-03
   5.6572265625000000       -4.50688042E-03
   5.6630859375000000       -4.50493442E-03
   5.6689453125000000       -4.50302567E-03
   5.6748046875000000       -4.50114952E-03
   5.6806640625000000       -4.49930644E-03
   5.6865234375000000       -4.49750060E-03
   5.6923828125000000       -4.49572736E-03
   5.6982421875000000       -4.49398719E-03
   5.7041015625000000       -4.49228380E-03
   5.7099609375000000       -4.49061347E-03
   5.7158203125000000       -4.48897528E-03
   5.7216796875000000       -4.48737480E-03
   5.7275390625000000       -4.48580645E-03
   5.7333984375000000       -4.48427116E-03
   5.7392578125000000       -4.48277267E-03
   5.7451171875000000       -4.48130677E-03
   5.7509765625000000       -4.47987299E-03
   5.7568359375000000       -4.47847182E-03
   5.7626953125000000       -4.47710790E-03
   5.7685546875000000       -4.47577657E-03
   5.7744140625000000       -4.47448157E-03
   5.7802734375000000       -4.47321497E-03
   5.7861328125000000       -4.47198516E-03
   5.7919921875000000       -4.47078748E-03
   5.7978515625000000       -4.46962705E-03
   5.8037109375000000       -4.46849875E-03
   5.8095703125000000       -4.46740258E-03
   5.8154296875000000       -4.46633901E-03
   5.8212890625000000       -4.46531177E-03
   5.8271484375000000       -4.46431711E-03
   5.8330078125000000       -4.46335459E-03
   5.8388671875000000       -4.46242467E-03
   5.8447265625000000       -4.46153106E-03
   5.8505859375000000       -4.46066540E-03
   5.8564453125000000       -4.45984071E-03
   5.8623046875000000       -4.45904396E-03
   5.8681640625000000       -4.45828354E-03
   5.8740234375000000       -4.45755105E-03
   5.8798828125000000       -4.45685955E-03
   5.8857421875000000       -4.45619551E-03
   5.8916015625000000       -4.45556408E-03
   5.8974609375000000       -4.45496896E-03
   5.9033203125000000       -4.45440598E-03
   5.9091796875000000       -4.45387978E-03
   5.9150390625000000       -4.45338106E-03
   5.9208984375000000       -4.45291866E-03
   5.9267578125000000       -4.45248885E-03
   5.9326171875000000       -4.45209071E-03
   5.9384765625000000       -4.45172936E-03
   5.9443359375000000       -4.45139967E-03
   5.9501953125000000       -4.45109792E-03
   5.9560546875000000       -4.45083715E-03
   5.9619140625000000       -4.45060385E-03
   5.9677734375000000       -4.45040734E-03
   5.9736328125000000       -4.45024250E-03
   5.9794921875000000       -4.45010979E-03
   5.9853515625000000       -4.45000920E-03
   5.9912109375000000       -4.44994075E-03
   5.9970703125000000       -4.44990862E-03
   6.0029296875000000       -4.44990862E-03
   6.0087890625000000       -4.44994075E-03
   6.0146484375000000       -4.45000920E-03
   6.0205078125000000       -4.45010979E-03
   6.0263671875000000       -4.45024250E-03
   6.0322265625000000       -4.45040734E-03
   6.0380859375000000       -4.45060385E-03
   6.0439453125000000       -4.45083715E-03
   6.0498046875000000       -4.45109792E-03
   6.0556640625000000       -4.45139967E-03
   6.0615234375000000       -4.45172936E-03
   6.0673828125000000       -4.45209071E-03
   6.0732421875000000       -4.45248885E-03
   6.0791015625000000       -4.45291866E-03
   6.0849609375000000       -4.45338106E-03
   6.0908203125000000       -4.45387978E-03
   6.0966796875000000       -4.45440598E-03
   6.1025390625000000       -4.45496896E-03
   6.1083984375000000       -4.45556408E-03
   6.1142578125000000       -4.45619551E-03
   6.1201171875000000       -4.45685955E-03
   6.1259765625000000       -4.45755105E-03
   6.1318359375000000       -4.45828354E-03
   6.1376953125000000       -4.45904396E-03
   6.1435546875000000       -4.45984071E-03
   6.1494140625000000       -4.46066540E-03
   6.1552734375000000       -4.46153106E-03
   6.1611328125000000       -4.46242467E-03
   6.1669921875000000       -4.46335459E-03
   6.1728515625000000       -4.46431711E-03
   6.1787109375000000       -4.46531177E-03
   6.1845703125000000       -4.46633901E-03
   6.1904296875000000       -4.46740258E-03
   6.1962890625000000       -4.46849875E-03
   6.2021484375000000       -4.46962705E-03
   6.2080078125000000       -4.47078748E-03
   6.2138671875000000       -4.47198516E-03
   6.2197265625000000       -4.47321497E-03
   6.2255859375000000       -4.47448157E-03
   6.2314453125000000       -4.47577657E-03
   6.2373046875000000       -4.47710790E-03
   6.2431640625000000       -4.47847182E-03
   6.2490234375000000       -4.47987299E-03
   6.2548828125000000       -4.48130677E-03
   6.2607421875000000       -4.48277267E-03
   6.2666015625000000       -4.48427116E-03
   6.2724609375000000       -4.48580645E-03
   6.2783203125000000       -4.48737480E-03
   6.2841796875000000       -4.48897528E-03
   6.2900390625000000       -4.49061347E-03
   6.2958984375000000       -4.49228380E-03
   6.3017578125000000       -4.49398719E-03
   6.3076171875000000       -4.49572736E-03
   6.3134765625000000       -4.49750060E-03
   6.3193359375000000       -4.49930644E-03
   6.3251953125000000       -4.50114952E-03
   6.3310546875000000       -4.50302567E-03
   6.3369140625000000       -4.50493442E-03
   6.3427734375000000       -4.50688042E-03
   6.3486328125000000       -4.50885948E-03
   6.3544921875000000       -4.51087160E-03
   6.3603515625000000       -4.51292098E-03
   6.3662109375000000       -4.51500341E-03
   6.3720703125000000       -4.51712357E-03
   6.3779296875000000       -4.51927632E-03
   6.3837890625000000       -4.52146260E-03
   6.3896484375000000       -4.52368613E-03
   6.3955078125000000       -4.52594319E-03
   6.4013671875000000       -4.52823797E-03
   6.4072265625000000       -4.53056581E-03
   6.4130859375000000       -4.53292672E-03
   6.4189453125000000       -4.53532580E-03
   6.4248046875000000       -4.53775795E-03
   6.4306640625000000       -4.54022782E-03
   6.4365234375000000       -4.54273121E-03
   6.4423828125000000       -4.54526814E-03
   6.4482421875000000       -4.54784324E-03
   6.4541015625000000       -4.55045607E-03
   6.4599609375000000       -4.55310289E-03
   6.4658203125000000       -4.55578277E-03
   6.4716796875000000       -4.55850130E-03
   6.4775390625000000       -4.56125336E-03
   6.4833984375000000       -4.56404360E-03
   6.4892578125000000       -4.56686737E-03
   6.4951171875000000       -4.56972979E-03
   6.5009765625000000       -4.57262620E-03
   6.5068359375000000       -4.57556080E-03
   6.5126953125000000       -4.57853405E-03
   6.5185546875000000       -4.58154129E-03
   6.5244140625000000       -4.58458252E-03
   6.5302734375000000       -4.58766241E-03
   6.5361328125000000       -4.59077628E-03
   6.5419921875000000       -4.59393347E-03
   6.5478515625000000       -4.59712045E-03
   6.5537109375000000       -4.60034609E-03
   6.5595703125000000       -4.60361084E-03
   6.5654296875000000       -4.60691424E-03
   6.5712890625000000       -4.61025257E-03
   6.5771484375000000       -4.61362489E-03
   6.5830078125000000       -4.61703632E-03
   6.5888671875000000       -4.62048734E-03
   6.5947265625000000       -4.62397747E-03
   6.6005859375000000       -4.62750206E-03
   6.6064453125000000       -4.63106111E-03
   6.6123046875000000       -4.63466439E-03
   6.6181640625000000       -4.63830261E-03
   6.6240234375000000       -4.64197574E-03
   6.6298828125000000       -4.64569312E-03
   6.6357421875000000       -4.64944541E-03
   6.6416015625000000       -4.65323729E-03
   6.6474609375000000       -4.65706456E-03
   6.6533203125000000       -4.66093142E-03
   6.6591796875000000       -4.66483831E-03
   6.6650390625000000       -4.66878479E-03
   6.6708984375000000       -4.67276713E-03
   6.6767578125000000       -4.67678905E-03
   6.6826171875000000       -4.68085147E-03
   6.6884765625000000       -4.68495395E-03
   6.6943359375000000       -4.68909182E-03
   6.7001953125000000       -4.69327020E-03
   6.7060546875000000       -4.69748909E-03
   6.7119140625000000       -4.70174849E-03
   6.7177734375000000       -4.70604841E-03
   6.7236328125000000       -4.71038418E-03
   6.7294921875000000       -4.71476512E-03
   6.7353515625000000       -4.71918238E-03
   6.7412109375000000       -4.72364062E-03
   6.7470703125000000       -4.72813938E-03
   6.7529296875000000       -4.73267445E-03
   6.7587890625000000       -4.73725563E-03
   6.7646484375000000       -4.74187732E-03
   6.7705078125000000       -4.74653626E-03
   6.7763671875000000       -4.75123571E-03
   6.7822265625000000       -4.75598173E-03
   6.7880859375000000       -4.76076407E-03
   6.7939453125000000       -4.76558832E-03
   6.7998046875000000       -4.77045402E-03
   6.8056640625000000       -4.77536116E-03
   6.8115234375000000       -4.78031021E-03
   6.8173828125000000       -4.78530582E-03
   6.8232421875000000       -4.79033869E-03
   6.8291015625000000       -4.79541346E-03
   6.8349609375000000       -4.80053015E-03
   6.8408203125000000       -4.80568921E-03
   6.8466796875000000       -4.81089531E-03
   6.8525390625000000       -4.81613865E-03
   6.8583984375000000       -4.82142484E-03
   6.8642578125000000       -4.82675806E-03
   6.8701171875000000       -4.83213365E-03
   6.8759765625000000       -4.83754743E-03
   6.8818359375000000       -4.84300870E-03
   6.8876953125000000       -4.84851282E-03
   6.8935546875000000       -4.85406024E-03
   6.8994140625000000       -4.85965516E-03
   6.9052734375000000       -4.86528827E-03
   6.9111328125000000       -4.87096934E-03
   6.9169921875000000       -4.87669418E-03
   6.9228515625000000       -4.88246232E-03
   6.9287109375000000       -4.88827843E-03
   6.9345703125000000       -4.89413366E-03
   6.9404296875000000       -4.90003731E-03
   6.9462890625000000       -4.90598474E-03
   6.9521484375000000       -4.91198106E-03
   6.9580078125000000       -4.91802115E-03
   6.9638671875000000       -4.92410548E-03
   6.9697265625000000       -4.93023405E-03
   6.9755859375000000       -4.93641198E-03
   6.9814453125000000       -4.94263414E-03
   6.9873046875000000       -4.94890567E-03
   6.9931640625000000       -4.95521678E-03
   6.9990234375000000       -4.96158237E-03
   7.0048828125000000       -4.96798800E-03
   7.0107421875000000       -4.97444859E-03
   7.0166015625000000       -4.98094922E-03
   7.0224609375000000       -4.98749968E-03
   7.0283203125000000       -4.99410043E-03
   7.0341796875000000       -5.00074681E-03
   7.0400390625000000       -5.00743836E-03
   7.0458984375000000       -5.01418579E-03
   7.0517578125000000       -5.02097374E-03
   7.0576171875000000       -5.02781244E-03
   7.0634765625000000       -5.03470190E-03
   7.0693359375000000       -5.04163746E-03
   7.0751953125000000       -5.04862424E-03
   7.0810546875000000       -5.05566224E-03
   7.0869140625000000       -5.06274682E-03
   7.0927734375000000       -5.06988307E-03
   7.0986328125000000       -5.07706543E-03
   7.1044921875000000       -5.08429995E-03
   7.1103515625000000       -5.09158615E-03
   7.1162109375000000       -5.09892451E-03
   7.1220703125000000       -5.10631036E-03
   7.1279296875000000       -5.11374790E-03
   7.1337890625000000       -5.12123806E-03
   7.1396484375000000       -5.12878085E-03
   7.1455078125000000       -5.13637112E-03
   7.1513671875000000       -5.14401449E-03
   7.1572265625000000       -5.15171094E-03
   7.1630859375000000       -5.15946001E-03
   7.1689453125000000       -5.16726263E-03
   7.1748046875000000       -5.17511880E-03
   7.1806640625000000       -5.18302293E-03
   7.1865234375000000       -5.19098621E-03
   7.1923828125000000       -5.19899791E-03
   7.1982421875000000       -5.20706875E-03
   7.2041015625000000       -5.21518895E-03
   7.2099609375000000       -5.22336829E-03
   7.2158203125000000       -5.23159653E-03
   7.2216796875000000       -5.23988483E-03
   7.2275390625000000       -5.24822250E-03
   7.2333984375000000       -5.25662024E-03
   7.2392578125000000       -5.26506780E-03
   7.2451171875000000       -5.27357589E-03
   7.2509765625000000       -5.28213894E-03
   7.2568359375000000       -5.29075740E-03
   7.2626953125000000       -5.29943174E-03
   7.2685546875000000       -5.30816708E-03
   7.2744140625000000       -5.31695317E-03
   7.2802734375000000       -5.32580027E-03
   7.2861328125000000       -5.33470372E-03
   7.2919921875000000       -5.34366863E-03
   7.2978515625000000       -5.35268523E-03
   7.3037109375000000       -5.36176376E-03
   7.3095703125000000       -5.37090423E-03
   7.3154296875000000       -5.38009638E-03
   7.3212890625000000       -5.38935140E-03
   7.3271484375000000       -5.39866881E-03
   7.3330078125000000       -5.40804397E-03
   7.3388671875000000       -5.41747687E-03
   7.3447265625000000       -5.42697310E-03
   7.3505859375000000       -5.43652708E-03
   7.3564453125000000       -5.44614485E-03
   7.3623046875000000       -5.45582129E-03
   7.3681640625000000       -5.46556106E-03
   7.3740234375000000       -5.47536043E-03
   7.3798828125000000       -5.48522361E-03
   7.3857421875000000       -5.49514592E-03
   7.3916015625000000       -5.50513295E-03
   7.3974609375000000       -5.51518518E-03
   7.4033203125000000       -5.52530214E-03
   7.4091796875000000       -5.53547917E-03
   7.4150390625000000       -5.54572186E-03
   7.4208984375000000       -5.55602973E-03
   7.4267578125000000       -5.56639861E-03
   7.4326171875000000       -5.57683315E-03
   7.4384765625000000       -5.58733428E-03
   7.4443359375000000       -5.59790200E-03
   7.4501953125000000       -5.60853584E-03
   7.4560546875000000       -5.61923161E-03
   7.4619140625000000       -5.63000003E-03
   7.4677734375000000       -5.64082991E-03
   7.4736328125000000       -5.65173291E-03
   7.4794921875000000       -5.66269830E-03
   7.4853515625000000       -5.67373727E-03
   7.4912109375000000       -5.68483863E-03
   7.4970703125000000       -5.69601404E-03
   7.5029296875000000       -5.70725231E-03
   7.5087890625000000       -5.71856508E-03
   7.5146484375000000       -5.72994677E-03
   7.5205078125000000       -5.74139832E-03
   7.5263671875000000       -5.75291878E-03
   7.5322265625000000       -5.76450909E-03
   7.5380859375000000       -5.77617483E-03
   7.5439453125000000       -5.78791089E-03
   7.5498046875000000       -5.79971774E-03
   7.5556640625000000       -5.81159489E-03
   7.5615234375000000       -5.82354842E-03
   7.5673828125000000       -5.83557319E-03
   7.5732421875000000       -5.84767479E-03
   7.5791015625000000       -5.85984252E-03
   7.5849609375000000       -5.87209314E-03
   7.5908203125000000       -5.88441594E-03
   7.5966796875000000       -5.89681137E-03
   7.6025390625000000       -5.90928504E-03
   7.6083984375000000       -5.92183135E-03
   7.6142578125000000       -5.93446195E-03
   7.6201171875000000       -5.94716053E-03
   7.6259765625000000       -5.95993828E-03
   7.6318359375000000       -5.97279519E-03
   7.6376953125000000       -5.98573266E-03
   7.6435546875000000       -5.99874416E-03
   7.6494140625000000       -6.01184135E-03
   7.6552734375000000       -6.02500839E-03
   7.6611328125000000       -6.03826158E-03
   7.6669921875000000       -6.05159625E-03
   7.6728515625000000       -6.06500637E-03
   7.6787109375000000       -6.07849844E-03
   7.6845703125000000       -6.09207805E-03
   7.6904296875000000       -6.10573450E-03
   7.6962890625000000       -6.11947384E-03
   7.7021484375000000       -6.13329560E-03
   7.7080078125000000       -6.14720071E-03
   7.7138671875000000       -6.16119523E-03
   7.7197265625000000       -6.17526751E-03
   7.7255859375000000       -6.18942967E-03
   7.7314453125000000       -6.20367052E-03
   7.7373046875000000       -6.21800218E-03
   7.7431640625000000       -6.23242417E-03
   7.7490234375000000       -6.24692580E-03
   7.7548828125000000       -6.26151916E-03
   7.7607421875000000       -6.27619820E-03
   7.7666015625000000       -6.29096339E-03
   7.7724609375000000       -6.30582124E-03
   7.7783203125000000       -6.32076617E-03
   7.7841796875000000       -6.33580377E-03
   7.7900390625000000       -6.35092938E-03
   7.7958984375000000       -6.36614859E-03
   7.8017578125000000       -6.38145581E-03
   7.8076171875000000       -6.39685756E-03
   7.8134765625000000       -6.41234824E-03
   7.8193359375000000       -6.42793439E-03
   7.8251953125000000       -6.44361554E-03
   7.8310546875000000       -6.45939307E-03
   7.8369140625000000       -6.47526048E-03
   7.8427734375000000       -6.49122475E-03
   7.8486328125000000       -6.50728540E-03
   7.8544921875000000       -6.52343780E-03
   7.8603515625000000       -6.53969403E-03
   7.8662109375000000       -6.55604806E-03
   7.8720703125000000       -6.57249475E-03
   7.8779296875000000       -6.58904575E-03
   7.8837890625000000       -6.60569035E-03
   7.8896484375000000       -6.62244018E-03
   7.8955078125000000       -6.63929014E-03
   7.9013671875000000       -6.65624067E-03
   7.9072265625000000       -6.67329133E-03
   7.9130859375000000       -6.69044349E-03
   7.9189453125000000       -6.70769718E-03
   7.9248046875000000       -6.72505889E-03
   7.9306640625000000       -6.74252259E-03
   7.9365234375000000       -6.76009571E-03
   7.9423828125000000       -6.77777128E-03
   7.9482421875000000       -6.79555070E-03
   7.9541015625000000       -6.81344047E-03
   7.9599609375000000       -6.83143409E-03
   7.9658203125000000       -6.84953900E-03
   7.9716796875000000       -6.86775520E-03
   7.9775390625000000       -6.88607711E-03
   7.9833984375000000       -6.90451125E-03
   7.9892578125000000       -6.92305155E-03
   7.9951171875000000       -6.94170548E-03
   8.0009765625000000       -6.96047302E-03
   8.0068359375000000       -6.97935419E-03
   8.0126953125000000       -6.99835038E-03
   8.0185546875000000       -7.01746112E-03
   8.0244140625000000       -7.03668129E-03
   8.0302734375000000       -7.05602393E-03
   8.0361328125000000       -7.07547599E-03
   8.0419921875000000       -7.09505193E-03
   8.0478515625000000       -7.11474475E-03
   8.0537109375000000       -7.13455584E-03
   8.0595703125000000       -7.15448475E-03
   8.0654296875000000       -7.17453286E-03
   8.0712890625000000       -7.19470670E-03
   8.0771484375000000       -7.21499976E-03
   8.0830078125000000       -7.23541388E-03
   8.0888671875000000       -7.25595467E-03
   8.0947265625000000       -7.27661699E-03
   8.1005859375000000       -7.29740784E-03
   8.1064453125000000       -7.31832068E-03
   8.1123046875000000       -7.33936299E-03
   8.1181640625000000       -7.36053521E-03
   8.1240234375000000       -7.38183130E-03
   8.1298828125000000       -7.40325172E-03
   8.1357421875000000       -7.42481044E-03
   8.1416015625000000       -7.44649442E-03
   8.1474609375000000       -7.46831764E-03
   8.1533203125000000       -7.49026751E-03
   8.1591796875000000       -7.51235150E-03
   8.1650390625000000       -7.53456913E-03
   8.1708984375000000       -7.55692227E-03
   8.1767578125000000       -7.57941091E-03
   8.1826171875000000       -7.60203507E-03
   8.1884765625000000       -7.62480311E-03
   8.1943359375000000       -7.64770806E-03
   8.2001953125000000       -7.67075084E-03
   8.2060546875000000       -7.69393193E-03
   8.2119140625000000       -7.71725271E-03
   8.2177734375000000       -7.74071924E-03
   8.2236328125000000       -7.76433293E-03
   8.2294921875000000       -7.78808771E-03
   8.2353515625000000       -7.81198358E-03
   8.2412109375000000       -7.83603545E-03
   8.2470703125000000       -7.86022376E-03
   8.2529296875000000       -7.88456853E-03
   8.2587890625000000       -7.90905766E-03
   8.2646484375000000       -7.93369766E-03
   8.2705078125000000       -7.95849040E-03
   8.2763671875000000       -7.98343588E-03
   8.2822265625000000       -8.00853502E-03
   8.2880859375000000       -8.03378876E-03
   8.2939453125000000       -8.05919059E-03
   8.2998046875000000       -8.08475446E-03
   8.3056640625000000       -8.11048131E-03
   8.3115234375000000       -8.13635904E-03
   8.3173828125000000       -8.16239417E-03
   8.3232421875000000       -8.18859506E-03
   8.3291015625000000       -8.21496174E-03
   8.3349609375000000       -8.24148208E-03
   8.3408203125000000       -8.26817658E-03
   8.3466796875000000       -8.29502568E-03
   8.3525390625000000       -8.32205079E-03
   8.3583984375000000       -8.34923889E-03
   8.3642578125000000       -8.37658998E-03
   8.3701171875000000       -8.40412080E-03
   8.3759765625000000       -8.43181647E-03
   8.3818359375000000       -8.45968444E-03
   8.3876953125000000       -8.48772749E-03
   8.3935546875000000       -8.51594470E-03
   8.3994140625000000       -8.54433700E-03
   8.4052734375000000       -8.57290626E-03
   8.4111328125000000       -8.60165246E-03
   8.4169921875000000       -8.63058399E-03
   8.4228515625000000       -8.65968689E-03
   8.4287109375000000       -8.68897699E-03
   8.4345703125000000       -8.71845428E-03
   8.4404296875000000       -8.74811411E-03
   8.4462890625000000       -8.77795462E-03
   8.4521484375000000       -8.80798697E-03
   8.4580078125000000       -8.83820280E-03
   8.4638671875000000       -8.86861794E-03
   8.4697265625000000       -8.89921840E-03
   8.4755859375000000       -8.93000606E-03
   8.4814453125000000       -8.96099675E-03
   8.4873046875000000       -8.99217464E-03
   8.4931640625000000       -9.02355742E-03
   8.4990234375000000       -9.05513018E-03
   8.5048828125000000       -9.08690970E-03
   8.5107421875000000       -9.11888853E-03
   8.5166015625000000       -9.15106758E-03
   8.5224609375000000       -9.18344874E-03
   8.5283203125000000       -9.21604037E-03
   8.5341796875000000       -9.24883503E-03
   8.5400390625000000       -9.28183459E-03
   8.5458984375000000       -9.31505486E-03
   8.5517578125000000       -9.34847444E-03
   8.5576171875000000       -9.38211661E-03
   8.5634765625000000       -9.41596739E-03
   8.5693359375000000       -9.45003517E-03
   8.5751953125000000       -9.48432181E-03
   8.5810546875000000       -9.51882731E-03
   8.5869140625000000       -9.55354702E-03
   8.5927734375000000       -9.58849490E-03
   8.5986328125000000       -9.62366629E-03
   8.6044921875000000       -9.65906866E-03
   8.6103515625000000       -9.69468895E-03
   8.6162109375000000       -9.73054301E-03
   8.6220703125000000       -9.76662431E-03
   8.6279296875000000       -9.80294123E-03
   8.6337890625000000       -9.83948912E-03
   8.6396484375000000       -9.87627450E-03
   8.6455078125000000       -9.91330016E-03
   8.6513671875000000       -9.95056611E-03
   8.6572265625000000       -9.98806767E-03
   8.6630859375000000       -1.00258114E-02
   8.6689453125000000       -1.00638010E-02
   8.6748046875000000       -1.01020439E-02
   8.6806640625000000       -1.01405261E-02
   8.6865234375000000       -1.01792645E-02
   8.6923828125000000       -1.02182450E-02
   8.6982421875000000       -1.02574918E-02
   8.7041015625000000       -1.02969836E-02
   8.7099609375000000       -1.03367455E-02
   8.7158203125000000       -1.03767542E-02
   8.7216796875000000       -1.04170348E-02
   8.7275390625000000       -1.04575735E-02
   8.7333984375000000       -1.04983794E-02
   8.7392578125000000       -1.05394535E-02
   8.7451171875000000       -1.05807893E-02
   8.7509765625000000       -1.06224054E-02
   8.7568359375000000       -1.06642935E-02
   8.7626953125000000       -1.07064564E-02
   8.7685546875000000       -1.07489023E-02
   8.7744140625000000       -1.07916268E-02
   8.7802734375000000       -1.08346287E-02
   8.7861328125000000       -1.08779194E-02
   8.7919921875000000       -1.09214913E-02
   8.7978515625000000       -1.09653547E-02
   8.8037109375000000       -1.10095115E-02
   8.8095703125000000       -1.10539543E-02
   8.8154296875000000       -1.10987015E-02
   8.8212890625000000       -1.11437468E-02
   8.8271484375000000       -1.11890826E-02
   8.8330078125000000       -1.12347277E-02
   8.8388671875000000       -1.12806754E-02
   8.8447265625000000       -1.13269361E-02
   8.8505859375000000       -1.13734938E-02
   8.8564453125000000       -1.14203757E-02
   8.8623046875000000       -1.14675676E-02
   8.8681640625000000       -1.15150698E-02
   8.8740234375000000       -1.15629015E-02
   8.8798828125000000       -1.16110481E-02
   8.8857421875000000       -1.16595197E-02
   8.8916015625000000       -1.17083257E-02
   8.8974609375000000       -1.17574520E-02
   8.9033203125000000       -1.18069164E-02
   8.9091796875000000       -1.18567133E-02
   8.9150390625000000       -1.19068436E-02
   8.9208984375000000       -1.19573185E-02
   8.9267578125000000       -1.20081306E-02
   8.9326171875000000       -1.20593002E-02
   8.9384765625000000       -1.21108014E-02
   8.9443359375000000       -1.21626649E-02
   8.9501953125000000       -1.22148814E-02
   8.9560546875000000       -1.22674545E-02
   8.9619140625000000       -1.23203760E-02
   8.9677734375000000       -1.23736765E-02
   8.9736328125000000       -1.24273291E-02
   8.9794921875000000       -1.24813560E-02
   8.9853515625000000       -1.25357481E-02
   8.9912109375000000       -1.25905182E-02
   8.9970703125000000       -1.26456674E-02
   9.0029296875000000       -1.27011985E-02
   9.0087890625000000       -1.27571039E-02
   9.0146484375000000       -1.28134042E-02
   9.0205078125000000       -1.28700845E-02
   9.0263671875000000       -1.29271634E-02
   9.0322265625000000       -1.29846362E-02
   9.0380859375000000       -1.30425123E-02
   9.0439453125000000       -1.31007861E-02
   9.0498046875000000       -1.31594678E-02
   9.0556640625000000       -1.32185528E-02
   9.0615234375000000       -1.32780503E-02
   9.0673828125000000       -1.33379735E-02
   9.0732421875000000       -1.33983055E-02
   9.0791015625000000       -1.34590585E-02
   9.0849609375000000       -1.35202445E-02
   9.0908203125000000       -1.35818562E-02
   9.0966796875000000       -1.36438953E-02
   9.1025390625000000       -1.37063758E-02
   9.1083984375000000       -1.37692988E-02
   9.1142578125000000       -1.38326678E-02
   9.1201171875000000       -1.38964746E-02
   9.1259765625000000       -1.39607424E-02
   9.1318359375000000       -1.40254535E-02
   9.1376953125000000       -1.40906302E-02
   9.1435546875000000       -1.41562661E-02
   9.1494140625000000       -1.42223742E-02
   9.1552734375000000       -1.42889461E-02
   9.1611328125000000       -1.43559948E-02
   9.1669921875000000       -1.44235231E-02
   9.1728515625000000       -1.44915348E-02
   9.1787109375000000       -1.45600215E-02
   9.1845703125000000       -1.46290064E-02
   9.1904296875000000       -1.46984840E-02
   9.1962890625000000       -1.47684654E-02
   9.2021484375000000       -1.48389442E-02
   9.2080078125000000       -1.49099231E-02
   9.2138671875000000       -1.49814263E-02
   9.2197265625000000       -1.50534362E-02
   9.2255859375000000       -1.51259657E-02
   9.2314453125000000       -1.51990186E-02
   9.2373046875000000       -1.52726071E-02
   9.2431640625000000       -1.53467264E-02
   9.2490234375000000       -1.54213775E-02
   9.2548828125000000       -1.54965753E-02
   9.2607421875000000       -1.55723225E-02
   9.2666015625000000       -1.56486239E-02
   9.2724609375000000       -1.57254692E-02
   9.2783203125000000       -1.58028882E-02
   9.2841796875000000       -1.58808678E-02
   9.2900390625000000       -1.59594156E-02
   9.2958984375000000       -1.60385445E-02
   9.3017578125000000       -1.61182564E-02
   9.3076171875000000       -1.61985476E-02
   9.3134765625000000       -1.62794311E-02
   9.3193359375000000       -1.63609087E-02
   9.3251953125000000       -1.64429974E-02
   9.3310546875000000       -1.65256783E-02
   9.3369140625000000       -1.66089777E-02
   9.3427734375000000       -1.66928973E-02
   9.3486328125000000       -1.67774335E-02
   9.3544921875000000       -1.68626085E-02
   9.3603515625000000       -1.69484075E-02
   9.3662109375000000       -1.70348436E-02
   9.3720703125000000       -1.71219315E-02
   9.3779296875000000       -1.72096658E-02
   9.3837890625000000       -1.72980484E-02
   9.3896484375000000       -1.73870977E-02
   9.3955078125000000       -1.74768157E-02
   9.4013671875000000       -1.75672080E-02
   9.4072265625000000       -1.76582895E-02
   9.4130859375000000       -1.77500416E-02
   9.4189453125000000       -1.78424921E-02
   9.4248046875000000       -1.79356337E-02
   9.4306640625000000       -1.80294830E-02
   9.4365234375000000       -1.81240421E-02
   9.4423828125000000       -1.82193201E-02
   9.4482421875000000       -1.83153171E-02
   9.4541015625000000       -1.84120517E-02
   9.4599609375000000       -1.85095184E-02
   9.4658203125000000       -1.86077189E-02
   9.4716796875000000       -1.87066831E-02
   9.4775390625000000       -1.88063923E-02
   9.4833984375000000       -1.89068634E-02
   9.4892578125000000       -1.90081112E-02
   9.4951171875000000       -1.91101320E-02
   9.5009765625000000       -1.92129314E-02
   9.5068359375000000       -1.93165336E-02
   9.5126953125000000       -1.94209255E-02
   9.5185546875000000       -1.95261203E-02
   9.5244140625000000       -1.96321253E-02
   9.5302734375000000       -1.97389573E-02
   9.5361328125000000       -1.98466107E-02
   9.5419921875000000       -1.99551024E-02
   9.5478515625000000       -2.00644378E-02
   9.5537109375000000       -2.01746225E-02
   9.5595703125000000       -2.02856641E-02
   9.5654296875000000       -2.03975774E-02
   9.5712890625000000       -2.05103587E-02
   9.5771484375000000       -2.06240248E-02
   9.5830078125000000       -2.07385831E-02
   9.5888671875000000       -2.08540261E-02
   9.5947265625000000       -2.09703837E-02
   9.6005859375000000       -2.10876651E-02
   9.6064453125000000       -2.12058611E-02
   9.6123046875000000       -2.13249922E-02
   9.6181640625000000       -2.14450527E-02
   9.6240234375000000       -2.15660725E-02
   9.6298828125000000       -2.16880459E-02
   9.6357421875000000       -2.18109936E-02
   9.6416015625000000       -2.19349209E-02
   9.6474609375000000       -2.20598243E-02
   9.6533203125000000       -2.21857186E-02
   9.6591796875000000       -2.23126300E-02
   9.6650390625000000       -2.24405471E-02
   9.6708984375000000       -2.25694794E-02
   9.6767578125000000       -2.26994585E-02
   9.6826171875000000       -2.28304677E-02
   9.6884765625000000       -2.29625404E-02
   9.6943359375000000       -2.30956692E-02
   9.7001953125000000       -2.32298765E-02
   9.7060546875000000       -2.33651549E-02
   9.7119140625000000       -2.35015247E-02
   9.7177734375000000       -2.36390103E-02
   9.7236328125000000       -2.37776060E-02
   9.7294921875000000       -2.39173155E-02
   9.7353515625000000       -2.40581762E-02
   9.7412109375000000       -2.42001712E-02
   9.7470703125000000       -2.43433192E-02
   9.7529296875000000       -2.44876426E-02
   9.7587890625000000       -2.46331505E-02
   9.7646484375000000       -2.47798394E-02
   9.7705078125000000       -2.49277428E-02
   9.7763671875000000       -2.50768419E-02
   9.7822265625000000       -2.52271742E-02
   9.7880859375000000       -2.53787488E-02
   9.7939453125000000       -2.55315583E-02
   9.7998046875000000       -2.56856438E-02
   9.8056640625000000       -2.58409977E-02
   9.8115234375000000       -2.59976443E-02
   9.8173828125000000       -2.61555780E-02
   9.8232421875000000       -2.63148230E-02
   9.8291015625000000       -2.64754035E-02
   9.8349609375000000       -2.66373008E-02
   9.8408203125000000       -2.68005673E-02
   9.8466796875000000       -2.69651841E-02
   9.8525390625000000       -2.71311905E-02
   9.8583984375000000       -2.72985809E-02
   9.8642578125000000       -2.74673682E-02
   9.8701171875000000       -2.76375748E-02
   9.8759765625000000       -2.78092287E-02
   9.8818359375000000       -2.79823076E-02
   9.8876953125000000       -2.81568561E-02
   9.8935546875000000       -2.83328816E-02
   9.8994140625000000       -2.85103973E-02
   9.9052734375000000       -2.86894124E-02
   9.9111328125000000       -2.88699549E-02
   9.9169921875000000       -2.90520210E-02
   9.9228515625000000       -2.92356368E-02
   9.9287109375000000       -2.94208284E-02
   9.9345703125000000       -2.96075959E-02
   9.9404296875000000       -2.97959633E-02
   9.9462890625000000       -2.99859270E-02
   9.9521484375000000       -3.01775318E-02
   9.9580078125000000       -3.03707924E-02
   9.9638671875000000       -3.05657014E-02
   9.9697265625000000       -3.07622887E-02
   9.9755859375000000       -3.09605841E-02
   9.9814453125000000       -3.11605837E-02
   9.9873046875000000       -3.13623175E-02
   9.9931640625000000       -3.15657966E-02
   9.9990234375000000       -3.17710377E-02
   10.004882812500000       -3.19780670E-02
   10.010742187500000       -3.21868993E-02
   10.016601562500000       -3.23975533E-02
   10.022460937500000       -3.26100364E-02
   10.028320312500000       -3.28243822E-02
   10.034179687500000       -3.30406092E-02
   10.040039062500000       -3.32587399E-02
   10.045898437500000       -3.34787779E-02
   10.051757812500000       -3.37007567E-02
   10.057617187500000       -3.39246877E-02
   10.063476562500000       -3.41505893E-02
   10.069335937500000       -3.43784876E-02
   10.075195312500000       -3.46084051E-02
   10.081054687500000       -3.48403752E-02
   10.086914062500000       -3.50743942E-02
   10.092773437500000       -3.53104919E-02
   10.098632812500000       -3.55486907E-02
   10.104492187500000       -3.57890055E-02
   10.110351562500000       -3.60314883E-02
   10.116210937500000       -3.62761207E-02
   10.122070312500000       -3.65229547E-02
   10.127929687500000       -3.67720090E-02
   10.133789062500000       -3.70233022E-02
   10.139648437500000       -3.72768492E-02
   10.145507812500000       -3.75326872E-02
   10.151367187500000       -3.77908200E-02
   10.157226562500000       -3.80512960E-02
   10.163085937500000       -3.83141413E-02
   10.168945312500000       -3.85793671E-02
   10.174804687500000       -3.88470031E-02
   10.180664062500000       -3.91170792E-02
   10.186523437500000       -3.93895954E-02
   10.192382812500000       -3.96646149E-02
   10.198242187500000       -3.99421565E-02
   10.204101562500000       -4.02222201E-02
   10.209960937500000       -4.05048653E-02
   10.215820312500000       -4.07900959E-02
   10.221679687500000       -4.10779677E-02
   10.227539062500000       -4.13684845E-02
   10.233398437500000       -4.16616723E-02
   10.239257812500000       -4.19575833E-02
   10.245117187500000       -4.22562286E-02
   10.250976562500000       -4.25576493E-02
   10.256835937500000       -4.28618416E-02
   10.262695312500000       -4.31688987E-02
   10.268554687500000       -4.34787981E-02
   10.274414062500000       -4.37916033E-02
   10.280273437500000       -4.41073179E-02
   10.286132812500000       -4.44259904E-02
   10.291992187500000       -4.47476432E-02
   10.297851562500000       -4.50723208E-02
   10.303710937500000       -4.54000719E-02
   10.309570312500000       -4.57308777E-02
   10.315429687500000       -4.60648313E-02
   10.321289062500000       -4.64019328E-02
   10.327148437500000       -4.67422083E-02
   10.333007812500000       -4.70857322E-02
   10.338867187500000       -4.74325083E-02
   10.344726562500000       -4.77825850E-02
   10.350585937500000       -4.81359921E-02
   10.356445312500000       -4.84927781E-02
   10.362304687500000       -4.88529690E-02
   10.368164062500000       -4.92166020E-02
   10.374023437500000       -4.95837182E-02
   10.379882812500000       -4.99543771E-02
   10.385742187500000       -5.03285825E-02
   10.391601562500000       -5.07064164E-02
   10.397460937500000       -5.10878786E-02
   10.403320312500000       -5.14730252E-02
   10.409179687500000       -5.18619157E-02
   10.415039062500000       -5.22545576E-02
   10.420898437500000       -5.26510254E-02
   10.426757812500000       -5.30513339E-02
   10.432617187500000       -5.34555577E-02
   10.438476562500000       -5.38637377E-02
   10.444335937500000       -5.42758815E-02
   10.450195312500000       -5.46920672E-02
   10.456054687500000       -5.51123358E-02
   10.461914062500000       -5.55367433E-02
   10.467773437500000       -5.59653305E-02
   10.473632812500000       -5.63981272E-02
   10.479492187500000       -5.68352006E-02
   10.485351562500000       -5.72765879E-02
   10.491210937500000       -5.77223487E-02
   10.497070312500000       -5.81725203E-02
   10.502929687500000       -5.86271994E-02
   10.508789062500000       -5.90863675E-02
   10.514648437500000       -5.95501438E-02
   10.520507812500000       -6.00185432E-02
   10.526367187500000       -6.04916066E-02
   10.532226562500000       -6.09694272E-02
   10.538085937500000       -6.14520498E-02
   10.543945312500000       -6.19394891E-02
   10.549804687500000       -6.24318644E-02
   10.555664062500000       -6.29291981E-02
   10.561523437500000       -6.34315833E-02
   10.567382812500000       -6.39390126E-02
   10.573242187500000       -6.44515902E-02
   10.579101562500000       -6.49693832E-02
   10.584960937500000       -6.54924437E-02
   10.590820312500000       -6.60208464E-02
   10.596679687500000       -6.65546060E-02
   10.602539062500000       -6.70938641E-02
   10.608398437500000       -6.76386058E-02
   10.614257812500000       -6.81889355E-02
   10.620117187500000       -6.87449425E-02
   10.625976562500000       -6.93066418E-02
   10.631835937500000       -6.98741525E-02
   10.637695312500000       -7.04475120E-02
   10.643554687500000       -7.10268170E-02
   10.649414062500000       -7.16121197E-02
   10.655273437500000       -7.22034946E-02
   10.661132812500000       -7.28010088E-02
   10.666992187500000       -7.34047443E-02
   10.672851562500000       -7.40147904E-02
   10.678710937500000       -7.46311992E-02
   10.684570312500000       -7.52540678E-02
   10.690429687500000       -7.58834481E-02
   10.696289062500000       -7.65194446E-02
   10.702148437500000       -7.71621615E-02
   10.708007812500000       -7.78116137E-02
   10.713867187500000       -7.84679577E-02
   10.719726562500000       -7.91312158E-02
   10.725585937500000       -7.98014924E-02
   10.731445312500000       -8.04788917E-02
   10.737304687500000       -8.11634958E-02
   10.743164062500000       -8.18553865E-02
   10.749023437500000       -8.25546831E-02
   10.754882812500000       -8.32614079E-02
   10.760742187500000       -8.39757174E-02
   10.766601562500000       -8.46976936E-02
   10.772460937500000       -8.54274258E-02
   10.778320312500000       -8.61650035E-02
   10.784179687500000       -8.69105309E-02
   10.790039062500000       -8.76640826E-02
   10.795898437500000       -8.84258300E-02
   10.801757812500000       -8.91957954E-02
   10.807617187500000       -8.99741203E-02
   10.813476562500000       -9.07609239E-02
   10.819335937500000       -9.15563107E-02
   10.825195312500000       -9.23603475E-02
   10.831054687500000       -9.31732059E-02
   10.836914062500000       -9.39949453E-02
   10.842773437500000       -9.48256850E-02
   10.848632812500000       -9.56655815E-02
   10.854492187500000       -9.65146944E-02
   10.860351562500000       -9.73731801E-02
   10.866210937500000       -9.82411727E-02
   10.872070312500000       -9.91187543E-02
   10.877929687500000      -0.100006074    
   10.883789062500000      -0.100903243    
   10.889648437500000      -0.101810411    
   10.895507812500000      -0.102727666    
   10.901367187500000      -0.103655197    
   10.907226562500000      -0.104593098    
   10.913085937500000      -0.105541468    
   10.918945312500000      -0.106500529    
   10.924804687500000      -0.107470371    
   10.930664062500000      -0.108451135    
   10.936523437500000      -0.109442972    
   10.942382812500000      -0.110446021    
   10.948242187500000      -0.111460440    
   10.954101562500000      -0.112486370    
   10.959960937500000      -0.113523990    
   10.965820312500000      -0.114573412    
   10.971679687500000      -0.115634799    
   10.977539062500000      -0.116708331    
   10.983398437500000      -0.117794171    
   10.989257812500000      -0.118892476    
   10.995117187500000      -0.120003402    
   11.000976562500000      -0.121127106    
   11.006835937500000      -0.122263797    
   11.012695312500000      -0.123413630    
   11.018554687500000      -0.124576770    
   11.024414062500000      -0.125753433    
   11.030273437500000      -0.126943752    
   11.036132812500000      -0.128147945    
   11.041992187500000      -0.129366189    
   11.047851562500000      -0.130598664    
   11.053710937500000      -0.131845593    
   11.059570312500000      -0.133107156    
   11.065429687500000      -0.134383529    
   11.071289062500000      -0.135674953    
   11.077148437500000      -0.136981621    
   11.083007812500000      -0.138303742    
   11.088867187500000      -0.139641508    
   11.094726562500000      -0.140995175    
   11.100585937500000      -0.142364904    
   11.106445312500000      -0.143750980    
   11.112304687500000      -0.145153597    
   11.118164062500000      -0.146572977    
   11.124023437500000      -0.148009390    
   11.129882812500000      -0.149463028    
   11.135742187500000      -0.150934160    
   11.141601562500000      -0.152423024    
   11.147460937500000      -0.153929844    
   11.153320312500000      -0.155454889    
   11.159179687500000      -0.156998456    
   11.165039062500000      -0.158560753    
   11.170898437500000      -0.160142064    
   11.176757812500000      -0.161742643    
   11.182617187500000      -0.163362786    
   11.188476562500000      -0.165002733    
   11.194335937500000      -0.166662812    
   11.200195312500000      -0.168343291    
   11.206054687500000      -0.170044482    
   11.211914062500000      -0.171766624    
   11.217773437500000      -0.173510045    
   11.223632812500000      -0.175275087    
   11.229492187500000      -0.177062020    
   11.235351562500000      -0.178871170    
   11.241210937500000      -0.180702865    
   11.247070312500000      -0.182557419    
   11.252929687500000      -0.184435159    
   11.258789062500000      -0.186336443    
   11.264648437500000      -0.188261583    
   11.270507812500000      -0.190210998    
   11.276367187500000      -0.192184940    
   11.282226562500000      -0.194183856    
   11.288085937500000      -0.196208045    
   11.293945312500000      -0.198257938    
   11.299804687500000      -0.200333863    
   11.305664062500000      -0.202436253    
   11.311523437500000      -0.204565465    
   11.317382812500000      -0.206721902    
   11.323242187500000      -0.208905965    
   11.329101562500000      -0.211118057    
   11.334960937500000      -0.213358641    
   11.340820312500000      -0.215628088    
   11.346679687500000      -0.217926845    
   11.352539062500000      -0.220255405    
   11.358398437500000      -0.222614139    
   11.364257812500000      -0.225003541    
   11.370117187500000      -0.227424085    
   11.375976562500000      -0.229876190    
   11.381835937500000      -0.232360408    
   11.387695312500000      -0.234877169    
   11.393554687500000      -0.237426996    
   11.399414062500000      -0.240010396    
   11.405273437500000      -0.242627859    
   11.411132812500000      -0.245279923    
   11.416992187500000      -0.247967109    
   11.422851562500000      -0.250689954    
   11.428710937500000      -0.253449023    
   11.434570312500000      -0.256244898    
   11.440429687500000      -0.259078115    
   11.446289062500000      -0.261949241    
   11.452148437500000      -0.264858902    
   11.458007812500000      -0.267807692    
   11.463867187500000      -0.270796180    
   11.469726562500000      -0.273825020    
   11.475585937500000      -0.276894867    
   11.481445312500000      -0.280006349    
   11.487304687500000      -0.283160061    
   11.493164062500000      -0.286356777    
   11.499023437500000      -0.289597124    
   11.504882812500000      -0.292881787    
   11.510742187500000      -0.296211451    
   11.516601562500000      -0.299586892    
   11.522460937500000      -0.303008795    
   11.528320312500000      -0.306477934    
   11.534179687500000      -0.309994996    
   11.540039062500000      -0.313560843    
   11.545898437500000      -0.317176223    
   11.551757812500000      -0.320841908    
   11.557617187500000      -0.324558765    
   11.563476562500000      -0.328327626    
   11.569335937500000      -0.332149237    
   11.575195312500000      -0.336024553    
   11.581054687500000      -0.339954436    
   11.586914062500000      -0.343939722    
   11.592773437500000      -0.347981453    
   11.598632812500000      -0.352080405    
   11.604492187500000      -0.356237561    
   11.610351562500000      -0.360453933    
   11.616210937500000      -0.364730477    
   11.622070312500000      -0.369068146    
   11.627929687500000      -0.373468041    
   11.633789062500000      -0.377931118    
   11.639648437500000      -0.382458478    
   11.645507812500000      -0.387051195    
   11.651367187500000      -0.391710341    
   11.657226562500000      -0.396437079    
   11.663085937500000      -0.401232481    
   11.668945312500000      -0.406097740    
   11.674804687500000      -0.411034048    
   11.680664062500000      -0.416042656    
   11.686523437500000      -0.421124667    
   11.692382812500000      -0.426281452    
   11.698242187500000      -0.431514233    
   11.704101562500000      -0.436824352    
   11.709960937500000      -0.442213058    
   11.715820312500000      -0.447681785    
   11.721679687500000      -0.453231901    
   11.727539062500000      -0.458864748    
   11.733398437500000      -0.464581847    
   11.739257812500000      -0.470384628    
   11.745117187500000      -0.476274550    
   11.750976562500000      -0.482253224    
   11.756835937500000      -0.488322079    
   11.762695312500000      -0.494482815    
   11.768554687500000      -0.500737011    
   11.774414062500000      -0.507086217    
   11.780273437500000      -0.513532281    
   11.786132812500000      -0.520076811    
   11.791992187500000      -0.526721597    
   11.797851562500000      -0.533468425    
   11.803710937500000      -0.540319085    
   11.809570312500000      -0.547275424    
   11.815429687500000      -0.554339409    
   11.821289062500000      -0.561512887    
   11.827148437500000      -0.568797886    
   11.833007812500000      -0.576196492    
   11.838867187500000      -0.583710611    
   11.844726562500000      -0.591342449    
   11.850585937500000      -0.599094152    
   11.856445312500000      -0.606967807    
   11.862304687500000      -0.614965796    
   11.868164062500000      -0.623090267    
   11.874023437500000      -0.631343603    
   11.879882812500000      -0.639728248    
   11.885742187500000      -0.648246527    
   11.891601562500000      -0.656900942    
   11.897460937500000      -0.665694058    
   11.903320312500000      -0.674628437    
   11.909179687500000      -0.683706701    
   11.915039062500000      -0.692931592    
   11.920898437500000      -0.702305794    
   11.926757812500000      -0.711832225    
   11.932617187500000      -0.721513689    
   11.938476562500000      -0.731353164    
   11.944335937500000      -0.741353512    
   11.950195312500000      -0.751518011    
   11.956054687500000      -0.761849582    
   11.961914062500000      -0.772351623    
   11.967773437500000      -0.783027172    
   11.973632812500000      -0.793879926    
   11.979492187500000      -0.804912746    
   11.985351562500000      -0.816129923    
   11.991210937500000      -0.827533603    
   11.997070312500000      -0.839130878    
