   2.9296875000000000E-003  -1.43543208    
   8.7890625000000000E-003  -1.41652465    
   1.4648437500000000E-002  -1.39793134    
   2.0507812500000000E-002  -1.37963998    
   2.6367187500000000E-002  -1.36164725    
   3.2226562500000000E-002  -1.34394586    
   3.8085937500000000E-002  -1.32653105    
   4.3945312500000000E-002  -1.30939662    
   4.9804687500000000E-002  -1.29253757    
   5.5664062500000000E-002  -1.27594805    
   6.1523437500000000E-002  -1.25962341    
   6.7382812500000000E-002  -1.24355817    
   7.3242187500000000E-002  -1.22774768    
   7.9101562500000000E-002  -1.21218669    
   8.4960937500000000E-002  -1.19687080    
   9.0820312500000000E-002  -1.18179524    
   9.6679687500000000E-002  -1.16695535    
  0.10253906250000000       -1.15234685    
  0.10839843750000000       -1.13796532    
  0.11425781250000000       -1.12380648    
  0.12011718750000000       -1.10986638    
  0.12597656250000000       -1.09614062    
  0.13183593750000000       -1.08262551    
  0.13769531250000000       -1.06931698    
  0.14355468750000000       -1.05621135    
  0.14941406250000000       -1.04330480    
  0.15527343750000000       -1.03059375    
  0.16113281250000000       -1.01807463    
  0.16699218750000000       -1.00574398    
  0.17285156250000000      -0.993598223    
  0.17871093750000000      -0.981634259    
  0.18457031250000000      -0.969848573    
  0.19042968750000000      -0.958238184    
  0.19628906250000000      -0.946799815    
  0.20214843750000000      -0.935530484    
  0.20800781250000000      -0.924427092    
  0.21386718750000000      -0.913486719    
  0.21972656250000000      -0.902706563    
  0.22558593750000000      -0.892083764    
  0.23144531250000000      -0.881615520    
  0.23730468750000000      -0.871299148    
  0.24316406250000000      -0.861132026    
  0.24902343750000000      -0.851111531    
  0.25488281250000000      -0.841235161    
  0.26074218750000000      -0.831500351    
  0.26660156250000000      -0.821904719    
  0.27246093750000000      -0.812445879    
  0.27832031250000000      -0.803121448    
  0.28417968750000000      -0.793929100    
  0.29003906250000000      -0.784866691    
  0.29589843750000000      -0.775931954    
  0.30175781250000000      -0.767122686    
  0.30761718750000000      -0.758436859    
  0.31347656250000000      -0.749872327    
  0.31933593750000000      -0.741427124    
  0.32519531250000000      -0.733099163    
  0.33105468750000000      -0.724886596    
  0.33691406250000000      -0.716787398    
  0.34277343750000000      -0.708799779    
  0.34863281250000000      -0.700921834    
  0.35449218750000000      -0.693151832    
  0.36035156250000000      -0.685487926    
  0.36621093750000000      -0.677928388    
  0.37207031250000000      -0.670471549    
  0.37792968750000000      -0.663115740    
  0.38378906250000000      -0.655859232    
  0.38964843750000000      -0.648700535    
  0.39550781250000000      -0.641637981    
  0.40136718750000000      -0.634670079    
  0.40722656250000000      -0.627795279    
  0.41308593750000000      -0.621012092    
  0.41894531250000000      -0.614319086    
  0.42480468750000000      -0.607714832    
  0.43066406250000000      -0.601197898    
  0.43652343750000000      -0.594766855    
  0.44238281250000000      -0.588420391    
  0.44824218750000000      -0.582157195    
  0.45410156250000000      -0.575975895    
  0.45996093750000000      -0.569875360    
  0.46582031250000000      -0.563854218    
  0.47167968750000000      -0.557911158    
  0.47753906250000000      -0.552045107    
  0.48339843750000000      -0.546254814    
  0.48925781250000000      -0.540539145    
  0.49511718750000000      -0.534896851    
  0.50097656250000000      -0.529326916    
  0.50683593750000000      -0.523828208    
  0.51269531250000000      -0.518399596    
  0.51855468750000000      -0.513040066    
  0.52441406250000000      -0.507748544    
  0.53027343750000000      -0.502524018    
  0.53613281250000000      -0.497365445    
  0.54199218750000000      -0.492271841    
  0.54785156250000000      -0.487242281    
  0.55371093750000000      -0.482275665    
  0.55957031250000000      -0.477371216    
  0.56542968750000000      -0.472527981    
  0.57128906250000000      -0.467744946    
  0.57714843750000000      -0.463021278    
  0.58300781250000000      -0.458356142    
  0.58886718750000000      -0.453748584    
  0.59472656250000000      -0.449197859    
  0.60058593750000000      -0.444703102    
  0.60644531250000000      -0.440263420    
  0.61230468750000000      -0.435878128    
  0.61816406250000000      -0.431546301    
  0.62402343750000000      -0.427267283    
  0.62988281250000000      -0.423040241    
  0.63574218750000000      -0.418864489    
  0.64160156250000000      -0.414739162    
  0.64746093750000000      -0.410663635    
  0.65332031250000000      -0.406637222    
  0.65917968750000000      -0.402659118    
  0.66503906250000000      -0.398728728    
  0.67089843750000000      -0.394845307    
  0.67675781250000000      -0.391008228    
  0.68261718750000000      -0.387216806    
  0.68847656250000000      -0.383470446    
  0.69433593750000000      -0.379768431    
  0.70019531250000000      -0.376110196    
  0.70605468750000000      -0.372495145    
  0.71191406250000000      -0.368922621    
  0.71777343750000000      -0.365392089    
  0.72363281250000000      -0.361902893    
  0.72949218750000000      -0.358454466    
  0.73535156250000000      -0.355046332    
  0.74121093750000000      -0.351677835    
  0.74707031250000000      -0.348348498    
  0.75292968750000000      -0.345057726    
  0.75878906250000000      -0.341805041    
  0.76464843750000000      -0.338589907    
  0.77050781250000000      -0.335411757    
  0.77636718750000000      -0.332270175    
  0.78222656250000000      -0.329164594    
  0.78808593750000000      -0.326094568    
  0.79394531250000000      -0.323059559    
  0.79980468750000000      -0.320059180    
  0.80566406250000000      -0.317092866    
  0.81152343750000000      -0.314160228    
  0.81738281250000000      -0.311260819    
  0.82324218750000000      -0.308394194    
  0.82910156250000000      -0.305559874    
  0.83496093750000000      -0.302757442    
  0.84082031250000000      -0.299986482    
  0.84667968750000000      -0.297246605    
  0.85253906250000000      -0.294537336    
  0.85839843750000000      -0.291858315    
  0.86425781250000000      -0.289209127    
  0.87011718750000000      -0.286589414    
  0.87597656250000000      -0.283998758    
  0.88183593750000000      -0.281436741    
  0.88769531250000000      -0.278903097    
  0.89355468750000000      -0.276397377    
  0.89941406250000000      -0.273919195    
  0.90527343750000000      -0.271468282    
  0.91113281250000000      -0.269044220    
  0.91699218750000000      -0.266646653    
  0.92285156250000000      -0.264275283    
  0.92871093750000000      -0.261929750    
  0.93457031250000000      -0.259609699    
  0.94042968750000000      -0.257314891    
  0.94628906250000000      -0.255044907    
  0.95214843750000000      -0.252799451    
  0.95800781250000000      -0.250578284    
  0.96386718750000000      -0.248381019    
  0.96972656250000000      -0.246207356    
  0.97558593750000000      -0.244057029    
  0.98144531250000000      -0.241929740    
  0.98730468750000000      -0.239825174    
  0.99316406250000000      -0.237743065    
  0.99902343750000000      -0.235683113    
   1.0048828125000000      -0.233645082    
   1.0107421875000000      -0.231628641    
   1.0166015625000000      -0.229633585    
   1.0224609375000000      -0.227659583    
   1.0283203125000000      -0.225706413    
   1.0341796875000000      -0.223773822    
   1.0400390625000000      -0.221861571    
   1.0458984375000000      -0.219969332    
   1.0517578125000000      -0.218096927    
   1.0576171875000000      -0.216244102    
   1.0634765625000000      -0.214410573    
   1.0693359375000000      -0.212596178    
   1.0751953125000000      -0.210800633    
   1.0810546875000000      -0.209023714    
   1.0869140625000000      -0.207265183    
   1.0927734375000000      -0.205524862    
   1.0986328125000000      -0.203802496    
   1.1044921875000000      -0.202097863    
   1.1103515625000000      -0.200410783    
   1.1162109375000000      -0.198740974    
   1.1220703125000000      -0.197088331    
   1.1279296875000000      -0.195452541    
   1.1337890625000000      -0.193833485    
   1.1396484375000000      -0.192230925    
   1.1455078125000000      -0.190644696    
   1.1513671875000000      -0.189074531    
   1.1572265625000000      -0.187520310    
   1.1630859375000000      -0.185981840    
   1.1689453125000000      -0.184458867    
   1.1748046875000000      -0.182951286    
   1.1806640625000000      -0.181458890    
   1.1865234375000000      -0.179981485    
   1.1923828125000000      -0.178518936    
   1.1982421875000000      -0.177070960    
   1.2041015625000000      -0.175637484    
   1.2099609375000000      -0.174218401    
   1.2158203125000000      -0.172813371    
   1.2216796875000000      -0.171422347    
   1.2275390625000000      -0.170045123    
   1.2333984375000000      -0.168681607    
   1.2392578125000000      -0.167331532    
   1.2451171875000000      -0.165994838    
   1.2509765625000000      -0.164671317    
   1.2568359375000000      -0.163360804    
   1.2626953125000000      -0.162063226    
   1.2685546875000000      -0.160778344    
   1.2744140625000000      -0.159506083    
   1.2802734375000000      -0.158246234    
   1.2861328125000000      -0.156998679    
   1.2919921875000000      -0.155763328    
   1.2978515625000000      -0.154539987    
   1.3037109375000000      -0.153328583    
   1.3095703125000000      -0.152128890    
   1.3154296875000000      -0.150940791    
   1.3212890625000000      -0.149764195    
   1.3271484375000000      -0.148599014    
   1.3330078125000000      -0.147445008    
   1.3388671875000000      -0.146302119    
   1.3447265625000000      -0.145170227    
   1.3505859375000000      -0.144049183    
   1.3564453125000000      -0.142938897    
   1.3623046875000000      -0.141839236    
   1.3681640625000000      -0.140750036    
   1.3740234375000000      -0.139671206    
   1.3798828125000000      -0.138602674    
   1.3857421875000000      -0.137544304    
   1.3916015625000000      -0.136495993    
   1.3974609375000000      -0.135457546    
   1.4033203125000000      -0.134428948    
   1.4091796875000000      -0.133410051    
   1.4150390625000000      -0.132400781    
   1.4208984375000000      -0.131401002    
   1.4267578125000000      -0.130410641    
   1.4326171875000000      -0.129429564    
   1.4384765625000000      -0.128457636    
   1.4443359375000000      -0.127494827    
   1.4501953125000000      -0.126541033    
   1.4560546875000000      -0.125596106    
   1.4619140625000000      -0.124659985    
   1.4677734375000000      -0.123732544    
   1.4736328125000000      -0.122813754    
   1.4794921875000000      -0.121903457    
   1.4853515625000000      -0.121001571    
   1.4912109375000000      -0.120108038    
   1.4970703125000000      -0.119222730    
   1.5029296875000000      -0.118345581    
   1.5087890625000000      -0.117476486    
   1.5146484375000000      -0.116615370    
   1.5205078125000000      -0.115762167    
   1.5263671875000000      -0.114916764    
   1.5322265625000000      -0.114079110    
   1.5380859375000000      -0.113249078    
   1.5439453125000000      -0.112426616    
   1.5498046875000000      -0.111611664    
   1.5556640625000000      -0.110804103    
   1.5615234375000000      -0.110003844    
   1.5673828125000000      -0.109210856    
   1.5732421875000000      -0.108425051    
   1.5791015625000000      -0.107646316    
   1.5849609375000000      -0.106874637    
   1.5908203125000000      -0.106109880    
   1.5966796875000000      -0.105352022    
   1.6025390625000000      -0.104600966    
   1.6083984375000000      -0.103856623    
   1.6142578125000000      -0.103118971    
   1.6201171875000000      -0.102387868    
   1.6259765625000000      -0.101663359    
   1.6318359375000000      -0.100945257    
   1.6376953125000000      -0.100233555    
   1.6435546875000000       -9.95282009E-02
   1.6494140625000000       -9.88290608E-02
   1.6552734375000000       -9.81361642E-02
   1.6611328125000000       -9.74493846E-02
   1.6669921875000000       -9.67686772E-02
   1.6728515625000000       -9.60939378E-02
   1.6787109375000000       -9.54251811E-02
   1.6845703125000000       -9.47622955E-02
   1.6904296875000000       -9.41052586E-02
   1.6962890625000000       -9.34539661E-02
   1.7021484375000000       -9.28083807E-02
   1.7080078125000000       -9.21684131E-02
   1.7138671875000000       -9.15340632E-02
   1.7197265625000000       -9.09052417E-02
   1.7255859375000000       -9.02819186E-02
   1.7314453125000000       -8.96639973E-02
   1.7373046875000000       -8.90514478E-02
   1.7431640625000000       -8.84442180E-02
   1.7490234375000000       -8.78422335E-02
   1.7548828125000000       -8.72454494E-02
   1.7607421875000000       -8.66538361E-02
   1.7666015625000000       -8.60672966E-02
   1.7724609375000000       -8.54858533E-02
   1.7783203125000000       -8.49094093E-02
   1.7841796875000000       -8.43378976E-02
   1.7900390625000000       -8.37712735E-02
   1.7958984375000000       -8.32095146E-02
   1.8017578125000000       -8.26525688E-02
   1.8076171875000000       -8.21003616E-02
   1.8134765625000000       -8.15528706E-02
   1.8193359375000000       -8.10100511E-02
   1.8251953125000000       -8.04718286E-02
   1.8310546875000000       -7.99382105E-02
   1.8369140625000000       -7.94090778E-02
   1.8427734375000000       -7.88844526E-02
   1.8486328125000000       -7.83642828E-02
   1.8544921875000000       -7.78484717E-02
   1.8603515625000000       -7.73370266E-02
   1.8662109375000000       -7.68299028E-02
   1.8720703125000000       -7.63270333E-02
   1.8779296875000000       -7.58283585E-02
   1.8837890625000000       -7.53339231E-02
   1.8896484375000000       -7.48436078E-02
   1.8955078125000000       -7.43573904E-02
   1.9013671875000000       -7.38752112E-02
   1.9072265625000000       -7.33971000E-02
   1.9130859375000000       -7.29229301E-02
   1.9189453125000000       -7.24527389E-02
   1.9248046875000000       -7.19864592E-02
   1.9306640625000000       -7.15240315E-02
   1.9365234375000000       -7.10654259E-02
   1.9423828125000000       -7.06106201E-02
   1.9482421875000000       -7.01595768E-02
   1.9541015625000000       -6.97122738E-02
   1.9599609375000000       -6.92686513E-02
   1.9658203125000000       -6.88286796E-02
   1.9716796875000000       -6.83923289E-02
   1.9775390625000000       -6.79595470E-02
   1.9833984375000000       -6.75303042E-02
   1.9892578125000000       -6.71046078E-02
   1.9951171875000000       -6.66823685E-02
   2.0009765625000000       -6.62635937E-02
   2.0068359375000000       -6.58482164E-02
   2.0126953125000000       -6.54362589E-02
   2.0185546875000000       -6.50276244E-02
   2.0244140625000000       -6.46223202E-02
   2.0302734375000000       -6.42202944E-02
   2.0361328125000000       -6.38215244E-02
   2.0419921875000000       -6.34259805E-02
   2.0478515625000000       -6.30336404E-02
   2.0537109375000000       -6.26444891E-02
   2.0595703125000000       -6.22584298E-02
   2.0654296875000000       -6.18755110E-02
   2.0712890625000000       -6.14956468E-02
   2.0771484375000000       -6.11188486E-02
   2.0830078125000000       -6.07450902E-02
   2.0888671875000000       -6.03742898E-02
   2.0947265625000000       -6.00064583E-02
   2.1005859375000000       -5.96415736E-02
   2.1064453125000000       -5.92796132E-02
   2.1123046875000000       -5.89205325E-02
   2.1181640625000000       -5.85643053E-02
   2.1240234375000000       -5.82109131E-02
   2.1298828125000000       -5.78603074E-02
   2.1357421875000000       -5.75124957E-02
   2.1416015625000000       -5.71674332E-02
   2.1474609375000000       -5.68250977E-02
   2.1533203125000000       -5.64854704E-02
   2.1591796875000000       -5.61485030E-02
   2.1650390625000000       -5.58142066E-02
   2.1708984375000000       -5.54825366E-02
   2.1767578125000000       -5.51534705E-02
   2.1826171875000000       -5.48269898E-02
   2.1884765625000000       -5.45030795E-02
   2.1943359375000000       -5.41816950E-02
   2.2001953125000000       -5.38628139E-02
   2.2060546875000000       -5.35464212E-02
   2.2119140625000000       -5.32324985E-02
   2.2177734375000000       -5.29210307E-02
   2.2236328125000000       -5.26119769E-02
   2.2294921875000000       -5.23053110E-02
   2.2353515625000000       -5.20010516E-02
   2.2412109375000000       -5.16991280E-02
   2.2470703125000000       -5.13995439E-02
   2.2529296875000000       -5.11022918E-02
   2.2587890625000000       -5.08073233E-02
   2.2646484375000000       -5.05146272E-02
   2.2705078125000000       -5.02241850E-02
   2.2763671875000000       -4.99359518E-02
   2.2822265625000000       -4.96499725E-02
   2.2880859375000000       -4.93661761E-02
   2.2939453125000000       -4.90845442E-02
   2.2998046875000000       -4.88050692E-02
   2.3056640625000000       -4.85277325E-02
   2.3115234375000000       -4.82525192E-02
   2.3173828125000000       -4.79793884E-02
   2.3232421875000000       -4.77083549E-02
   2.3291015625000000       -4.74393480E-02
   2.3349609375000000       -4.71724123E-02
   2.3408203125000000       -4.69075069E-02
   2.3466796875000000       -4.66446169E-02
   2.3525390625000000       -4.63837013E-02
   2.3583984375000000       -4.61247452E-02
   2.3642578125000000       -4.58677709E-02
   2.3701171875000000       -4.56127040E-02
   2.3759765625000000       -4.53595892E-02
   2.3818359375000000       -4.51083556E-02
   2.3876953125000000       -4.48589996E-02
   2.3935546875000000       -4.46115583E-02
   2.3994140625000000       -4.43659350E-02
   2.4052734375000000       -4.41221520E-02
   2.4111328125000000       -4.38801944E-02
   2.4169921875000000       -4.36400510E-02
   2.4228515625000000       -4.34017070E-02
   2.4287109375000000       -4.31651287E-02
   2.4345703125000000       -4.29303050E-02
   2.4404296875000000       -4.26972471E-02
   2.4462890625000000       -4.24658954E-02
   2.4521484375000000       -4.22362648E-02
   2.4580078125000000       -4.20083441E-02
   2.4638671875000000       -4.17821184E-02
   2.4697265625000000       -4.15575318E-02
   2.4755859375000000       -4.13346216E-02
   2.4814453125000000       -4.11133505E-02
   2.4873046875000000       -4.08937111E-02
   2.4931640625000000       -4.06756960E-02
   2.4990234375000000       -4.04592641E-02
   2.5048828125000000       -4.02444340E-02
   2.5107421875000000       -4.00311686E-02
   2.5166015625000000       -3.98194827E-02
   2.5224609375000000       -3.96093205E-02
   2.5283203125000000       -3.94006930E-02
   2.5341796875000000       -3.91935930E-02
   2.5400390625000000       -3.89880128E-02
   2.5458984375000000       -3.87839153E-02
   2.5517578125000000       -3.85813154E-02
   2.5576171875000000       -3.83801833E-02
   2.5634765625000000       -3.81804816E-02
   2.5693359375000000       -3.79822552E-02
   2.5751953125000000       -3.77854630E-02
   2.5810546875000000       -3.75900790E-02
   2.5869140625000000       -3.73961180E-02
   2.5927734375000000       -3.72035429E-02
   2.5986328125000000       -3.70123535E-02
   2.6044921875000000       -3.68225537E-02
   2.6103515625000000       -3.66340950E-02
   2.6162109375000000       -3.64470184E-02
   2.6220703125000000       -3.62612605E-02
   2.6279296875000000       -3.60768475E-02
   2.6337890625000000       -3.58937383E-02
   2.6396484375000000       -3.57119516E-02
   2.6455078125000000       -3.55314575E-02
   2.6513671875000000       -3.53522263E-02
   2.6572265625000000       -3.51742916E-02
   2.6630859375000000       -3.49976271E-02
   2.6689453125000000       -3.48222256E-02
   2.6748046875000000       -3.46480533E-02
   2.6806640625000000       -3.44751030E-02
   2.6865234375000000       -3.43033932E-02
   2.6923828125000000       -3.41328941E-02
   2.6982421875000000       -3.39636169E-02
   2.7041015625000000       -3.37955095E-02
   2.7099609375000000       -3.36285941E-02
   2.7158203125000000       -3.34628597E-02
   2.7216796875000000       -3.32982726E-02
   2.7275390625000000       -3.31348553E-02
   2.7333984375000000       -3.29725966E-02
   2.7392578125000000       -3.28114480E-02
   2.7451171875000000       -3.26514468E-02
   2.7509765625000000       -3.24925631E-02
   2.7568359375000000       -3.23347896E-02
   2.7626953125000000       -3.21781002E-02
   2.7685546875000000       -3.20225284E-02
   2.7744140625000000       -3.18680294E-02
   2.7802734375000000       -3.17145921E-02
   2.7861328125000000       -3.15622389E-02
   2.7919921875000000       -3.14109363E-02
   2.7978515625000000       -3.12606767E-02
   2.8037109375000000       -3.11114602E-02
   2.8095703125000000       -3.09632756E-02
   2.8154296875000000       -3.08161192E-02
   2.8212890625000000       -3.06699853E-02
   2.8271484375000000       -3.05248462E-02
   2.8330078125000000       -3.03807165E-02
   2.8388671875000000       -3.02375723E-02
   2.8447265625000000       -3.00954059E-02
   2.8505859375000000       -2.99542304E-02
   2.8564453125000000       -2.98140049E-02
   2.8623046875000000       -2.96747591E-02
   2.8681640625000000       -2.95364503E-02
   2.8740234375000000       -2.93991100E-02
   2.8798828125000000       -2.92626768E-02
   2.8857421875000000       -2.91272011E-02
   2.8916015625000000       -2.89926231E-02
   2.8974609375000000       -2.88589913E-02
   2.9033203125000000       -2.87262443E-02
   2.9091796875000000       -2.85943989E-02
   2.9150390625000000       -2.84634642E-02
   2.9208984375000000       -2.83334199E-02
   2.9267578125000000       -2.82042399E-02
   2.9326171875000000       -2.80759372E-02
   2.9384765625000000       -2.79485099E-02
   2.9443359375000000       -2.78219320E-02
   2.9501953125000000       -2.76962183E-02
   2.9560546875000000       -2.75713466E-02
   2.9619140625000000       -2.74473093E-02
   2.9677734375000000       -2.73241028E-02
   2.9736328125000000       -2.72017419E-02
   2.9794921875000000       -2.70801820E-02
   2.9853515625000000       -2.69594602E-02
   2.9912109375000000       -2.68395320E-02
   2.9970703125000000       -2.67204102E-02
   3.0029296875000000       -2.66020745E-02
   3.0087890625000000       -2.64845379E-02
   3.0146484375000000       -2.63677966E-02
   3.0205078125000000       -2.62518078E-02
   3.0263671875000000       -2.61366069E-02
   3.0322265625000000       -2.60221679E-02
   3.0380859375000000       -2.59084888E-02
   3.0439453125000000       -2.57955827E-02
   3.0498046875000000       -2.56833918E-02
   3.0556640625000000       -2.55719665E-02
   3.0615234375000000       -2.54612826E-02
   3.0673828125000000       -2.53513195E-02
   3.0732421875000000       -2.52420735E-02
   3.0791015625000000       -2.51335595E-02
   3.0849609375000000       -2.50257719E-02
   3.0908203125000000       -2.49186717E-02
   3.0966796875000000       -2.48122904E-02
   3.1025390625000000       -2.47066058E-02
   3.1083984375000000       -2.46016160E-02
   3.1142578125000000       -2.44972985E-02
   3.1201171875000000       -2.43936852E-02
   3.1259765625000000       -2.42907368E-02
   3.1318359375000000       -2.41884682E-02
   3.1376953125000000       -2.40868740E-02
   3.1435546875000000       -2.39859354E-02
   3.1494140625000000       -2.38856655E-02
   3.1552734375000000       -2.37860419E-02
   3.1611328125000000       -2.36870628E-02
   3.1669921875000000       -2.35887244E-02
   3.1728515625000000       -2.34910399E-02
   3.1787109375000000       -2.33939718E-02
   3.1845703125000000       -2.32975520E-02
   3.1904296875000000       -2.32017431E-02
   3.1962890625000000       -2.31065564E-02
   3.2021484375000000       -2.30119918E-02
   3.2080078125000000       -2.29180288E-02
   3.2138671875000000       -2.28246786E-02
   3.2197265625000000       -2.27319375E-02
   3.2255859375000000       -2.26397738E-02
   3.2314453125000000       -2.25482304E-02
   3.2373046875000000       -2.24572551E-02
   3.2431640625000000       -2.23668776E-02
   3.2490234375000000       -2.22770646E-02
   3.2548828125000000       -2.21878421E-02
   3.2607421875000000       -2.20991932E-02
   3.2666015625000000       -2.20110975E-02
   3.2724609375000000       -2.19235867E-02
   3.2783203125000000       -2.18366217E-02
   3.2841796875000000       -2.17502024E-02
   3.2900390625000000       -2.16643587E-02
   3.2958984375000000       -2.15790365E-02
   3.3017578125000000       -2.14942843E-02
   3.3076171875000000       -2.14100499E-02
   3.3134765625000000       -2.13263612E-02
   3.3193359375000000       -2.12432034E-02
   3.3251953125000000       -2.11605690E-02
   3.3310546875000000       -2.10784748E-02
   3.3369140625000000       -2.09968835E-02
   3.3427734375000000       -2.09158119E-02
   3.3486328125000000       -2.08352543E-02
   3.3544921875000000       -2.07552109E-02
   3.3603515625000000       -2.06756759E-02
   3.3662109375000000       -2.05966476E-02
   3.3720703125000000       -2.05181092E-02
   3.3779296875000000       -2.04400588E-02
   3.3837890625000000       -2.03625076E-02
   3.3896484375000000       -2.02854387E-02
   3.3955078125000000       -2.02088635E-02
   3.4013671875000000       -2.01327670E-02
   3.4072265625000000       -2.00571436E-02
   3.4130859375000000       -1.99820083E-02
   3.4189453125000000       -1.99073274E-02
   3.4248046875000000       -1.98331159E-02
   3.4306640625000000       -1.97593831E-02
   3.4365234375000000       -1.96860991E-02
   3.4423828125000000       -1.96132772E-02
   3.4482421875000000       -1.95409115E-02
   3.4541015625000000       -1.94689892E-02
   3.4599609375000000       -1.93975195E-02
   3.4658203125000000       -1.93265025E-02
   3.4716796875000000       -1.92559194E-02
   3.4775390625000000       -1.91857852E-02
   3.4833984375000000       -1.91160813E-02
   3.4892578125000000       -1.90468039E-02
   3.4951171875000000       -1.89779550E-02
   3.5009765625000000       -1.89095438E-02
   3.5068359375000000       -1.88415553E-02
   3.5126953125000000       -1.87739879E-02
   3.5185546875000000       -1.87068377E-02
   3.5244140625000000       -1.86401047E-02
   3.5302734375000000       -1.85737852E-02
   3.5361328125000000       -1.85078625E-02
   3.5419921875000000       -1.84423644E-02
   3.5478515625000000       -1.83772612E-02
   3.5537109375000000       -1.83125492E-02
   3.5595703125000000       -1.82482563E-02
   3.5654296875000000       -1.81843527E-02
   3.5712890625000000       -1.81208346E-02
   3.5771484375000000       -1.80577133E-02
   3.5830078125000000       -1.79949775E-02
   3.5888671875000000       -1.79326348E-02
   3.5947265625000000       -1.78706571E-02
   3.6005859375000000       -1.78090725E-02
   3.6064453125000000       -1.77478623E-02
   3.6123046875000000       -1.76870394E-02
   3.6181640625000000       -1.76265743E-02
   3.6240234375000000       -1.75664797E-02
   3.6298828125000000       -1.75067540E-02
   3.6357421875000000       -1.74473934E-02
   3.6416015625000000       -1.73883997E-02
   3.6474609375000000       -1.73297692E-02
   3.6533203125000000       -1.72714852E-02
   3.6591796875000000       -1.72135625E-02
   3.6650390625000000       -1.71559975E-02
   3.6708984375000000       -1.70987751E-02
   3.6767578125000000       -1.70418955E-02
   3.6826171875000000       -1.69853680E-02
   3.6884765625000000       -1.69291943E-02
   3.6943359375000000       -1.68733560E-02
   3.7001953125000000       -1.68178529E-02
   3.7060546875000000       -1.67626832E-02
   3.7119140625000000       -1.67078599E-02
   3.7177734375000000       -1.66533533E-02
   3.7236328125000000       -1.65991895E-02
   3.7294921875000000       -1.65453516E-02
   3.7353515625000000       -1.64918415E-02
   3.7412109375000000       -1.64386425E-02
   3.7470703125000000       -1.63857806E-02
   3.7529296875000000       -1.63332261E-02
   3.7587890625000000       -1.62810050E-02
   3.7646484375000000       -1.62290893E-02
   3.7705078125000000       -1.61774792E-02
   3.7763671875000000       -1.61261968E-02
   3.7822265625000000       -1.60752181E-02
   3.7880859375000000       -1.60245374E-02
   3.7939453125000000       -1.59741696E-02
   3.7998046875000000       -1.59240998E-02
   3.8056640625000000       -1.58743374E-02
   3.8115234375000000       -1.58248711E-02
   3.8173828125000000       -1.57757122E-02
   3.8232421875000000       -1.57268438E-02
   3.8291015625000000       -1.56782661E-02
   3.8349609375000000       -1.56299789E-02
   3.8408203125000000       -1.55819813E-02
   3.8466796875000000       -1.55342696E-02
   3.8525390625000000       -1.54868560E-02
   3.8583984375000000       -1.54397152E-02
   3.8642578125000000       -1.53928576E-02
   3.8701171875000000       -1.53462943E-02
   3.8759765625000000       -1.53000001E-02
   3.8818359375000000       -1.52539853E-02
   3.8876953125000000       -1.52082359E-02
   3.8935546875000000       -1.51627772E-02
   3.8994140625000000       -1.51175819E-02
   3.9052734375000000       -1.50726615E-02
   3.9111328125000000       -1.50280017E-02
   3.9169921875000000       -1.49836158E-02
   3.9228515625000000       -1.49394888E-02
   3.9287109375000000       -1.48956310E-02
   3.9345703125000000       -1.48520311E-02
   3.9404296875000000       -1.48086995E-02
   3.9462890625000000       -1.47656221E-02
   3.9521484375000000       -1.47227980E-02
   3.9580078125000000       -1.46802394E-02
   3.9638671875000000       -1.46379201E-02
   3.9697265625000000       -1.45958625E-02
   3.9755859375000000       -1.45540545E-02
   3.9814453125000000       -1.45125072E-02
   3.9873046875000000       -1.44711947E-02
   3.9931640625000000       -1.44301290E-02
   3.9990234375000000       -1.43893082E-02
   4.0048828125000000       -1.43487314E-02
   4.0107421875000000       -1.43083977E-02
   4.0166015625000000       -1.42683070E-02
   4.0224609375000000       -1.42284567E-02
   4.0283203125000000       -1.41888345E-02
   4.0341796875000000       -1.41494516E-02
   4.0400390625000000       -1.41103072E-02
   4.0458984375000000       -1.40714003E-02
   4.0517578125000000       -1.40327169E-02
   4.0576171875000000       -1.39942700E-02
   4.0634765625000000       -1.39560448E-02
   4.0693359375000000       -1.39180534E-02
   4.0751953125000000       -1.38802826E-02
   4.0810546875000000       -1.38427438E-02
   4.0869140625000000       -1.38054239E-02
   4.0927734375000000       -1.37683218E-02
   4.0986328125000000       -1.37314480E-02
   4.1044921875000000       -1.36947911E-02
   4.1103515625000000       -1.36583503E-02
   4.1162109375000000       -1.36221349E-02
   4.1220703125000000       -1.35861216E-02
   4.1279296875000000       -1.35503327E-02
   4.1337890625000000       -1.35147562E-02
   4.1396484375000000       -1.34793911E-02
   4.1455078125000000       -1.34442355E-02
   4.1513671875000000       -1.34092905E-02
   4.1572265625000000       -1.33745531E-02
   4.1630859375000000       -1.33400243E-02
   4.1689453125000000       -1.33057022E-02
   4.1748046875000000       -1.32715749E-02
   4.1806640625000000       -1.32376645E-02
   4.1865234375000000       -1.32039478E-02
   4.1923828125000000       -1.31704351E-02
   4.1982421875000000       -1.31371245E-02
   4.2041015625000000       -1.31040057E-02
   4.2099609375000000       -1.30710881E-02
   4.2158203125000000       -1.30383717E-02
   4.2216796875000000       -1.30058434E-02
   4.2275390625000000       -1.29735144E-02
   4.2333984375000000       -1.29413735E-02
   4.2392578125000000       -1.29094301E-02
   4.2451171875000000       -1.28776720E-02
   4.2509765625000000       -1.28461104E-02
   4.2568359375000000       -1.28147341E-02
   4.2626953125000000       -1.27835404E-02
   4.2685546875000000       -1.27525413E-02
   4.2744140625000000       -1.27217248E-02
   4.2802734375000000       -1.26910899E-02
   4.2861328125000000       -1.26606468E-02
   4.2919921875000000       -1.26303723E-02
   4.2978515625000000       -1.26002897E-02
   4.3037109375000000       -1.25703849E-02
   4.3095703125000000       -1.25406701E-02
   4.3154296875000000       -1.25111220E-02
   4.3212890625000000       -1.24817509E-02
   4.3271484375000000       -1.24525558E-02
   4.3330078125000000       -1.24235470E-02
   4.3388671875000000       -1.23947030E-02
   4.3447265625000000       -1.23660332E-02
   4.3505859375000000       -1.23375375E-02
   4.3564453125000000       -1.23092141E-02
   4.3623046875000000       -1.22810639E-02
   4.3681640625000000       -1.22530749E-02
   4.3740234375000000       -1.22252675E-02
   4.3798828125000000       -1.21976202E-02
   4.3857421875000000       -1.21701425E-02
   4.3916015625000000       -1.21428240E-02
   4.3974609375000000       -1.21156741E-02
   4.4033203125000000       -1.20886927E-02
   4.4091796875000000       -1.20618688E-02
   4.4150390625000000       -1.20352115E-02
   4.4208984375000000       -1.20087210E-02
   4.4267578125000000       -1.19823860E-02
   4.4326171875000000       -1.19562158E-02
   4.4384765625000000       -1.19302003E-02
   4.4443359375000000       -1.19043384E-02
   4.4501953125000000       -1.18786395E-02
   4.4560546875000000       -1.18530942E-02
   4.4619140625000000       -1.18277110E-02
   4.4677734375000000       -1.18024796E-02
   4.4736328125000000       -1.17773991E-02
   4.4794921875000000       -1.17524788E-02
   4.4853515625000000       -1.17277093E-02
   4.4912109375000000       -1.17030898E-02
   4.4970703125000000       -1.16786184E-02
   4.5029296875000000       -1.16543062E-02
   4.5087890625000000       -1.16301309E-02
   4.5146484375000000       -1.16061140E-02
   4.5205078125000000       -1.15822442E-02
   4.5263671875000000       -1.15585197E-02
   4.5322265625000000       -1.15349423E-02
   4.5380859375000000       -1.15115102E-02
   4.5439453125000000       -1.14882225E-02
   4.5498046875000000       -1.14650801E-02
   4.5556640625000000       -1.14420708E-02
   4.5615234375000000       -1.14192152E-02
   4.5673828125000000       -1.13965031E-02
   4.5732421875000000       -1.13739334E-02
   4.5791015625000000       -1.13514960E-02
   4.5849609375000000       -1.13292001E-02
   4.5908203125000000       -1.13070551E-02
   4.5966796875000000       -1.12850312E-02
   4.6025390625000000       -1.12631582E-02
   4.6083984375000000       -1.12414239E-02
   4.6142578125000000       -1.12198200E-02
   4.6201171875000000       -1.11983437E-02
   4.6259765625000000       -1.11770174E-02
   4.6318359375000000       -1.11558186E-02
   4.6376953125000000       -1.11347567E-02
   4.6435546875000000       -1.11138234E-02
   4.6494140625000000       -1.10930260E-02
   4.6552734375000000       -1.10723656E-02
   4.6611328125000000       -1.10518308E-02
   4.6669921875000000       -1.10314218E-02
   4.6728515625000000       -1.10111479E-02
   4.6787109375000000       -1.09909987E-02
   4.6845703125000000       -1.09709837E-02
   4.6904296875000000       -1.09511036E-02
   4.6962890625000000       -1.09313363E-02
   4.7021484375000000       -1.09117124E-02
   4.7080078125000000       -1.08922012E-02
   4.7138671875000000       -1.08728223E-02
   4.7197265625000000       -1.08535662E-02
   4.7255859375000000       -1.08344313E-02
   4.7314453125000000       -1.08154276E-02
   4.7373046875000000       -1.07965451E-02
   4.7431640625000000       -1.07777836E-02
   4.7490234375000000       -1.07591515E-02
   4.7548828125000000       -1.07406294E-02
   4.7607421875000000       -1.07222376E-02
   4.7666015625000000       -1.07039642E-02
   4.7724609375000000       -1.06858099E-02
   4.7783203125000000       -1.06677739E-02
   4.7841796875000000       -1.06498562E-02
   4.7900390625000000       -1.06320661E-02
   4.7958984375000000       -1.06143840E-02
   4.8017578125000000       -1.05968285E-02
   4.8076171875000000       -1.05793802E-02
   4.8134765625000000       -1.05620576E-02
   4.8193359375000000       -1.05448421E-02
   4.8251953125000000       -1.05277421E-02
   4.8310546875000000       -1.05107678E-02
   4.8369140625000000       -1.04938978E-02
   4.8427734375000000       -1.04771433E-02
   4.8486328125000000       -1.04605034E-02
   4.8544921875000000       -1.04439780E-02
   4.8603515625000000       -1.04275662E-02
   4.8662109375000000       -1.04112588E-02
   4.8720703125000000       -1.03950733E-02
   4.8779296875000000       -1.03789922E-02
   4.8837890625000000       -1.03630228E-02
   4.8896484375000000       -1.03471670E-02
   4.8955078125000000       -1.03314128E-02
   4.9013671875000000       -1.03157703E-02
   4.9072265625000000       -1.03002395E-02
   4.9130859375000000       -1.02848206E-02
   4.9189453125000000       -1.02695022E-02
   4.9248046875000000       -1.02542946E-02
   4.9306640625000000       -1.02391969E-02
   4.9365234375000000       -1.02242008E-02
   4.9423828125000000       -1.02093136E-02
   4.9482421875000000       -1.01945270E-02
   4.9541015625000000       -1.01798493E-02
   4.9599609375000000       -1.01652713E-02
   4.9658203125000000       -1.01508116E-02
   4.9716796875000000       -1.01364404E-02
   4.9775390625000000       -1.01221781E-02
   4.9833984375000000       -1.01080239E-02
   4.9892578125000000       -1.00939674E-02
   4.9951171875000000       -1.00800097E-02
   5.0009765625000000       -1.00661581E-02
   5.0068359375000000       -1.00524137E-02
   5.0126953125000000       -1.00387670E-02
   5.0185546875000000       -1.00252163E-02
   5.0244140625000000       -1.00117633E-02
   5.0302734375000000       -9.99841560E-03
   5.0361328125000000       -9.98517312E-03
   5.0419921875000000       -9.97201819E-03
   5.0478515625000000       -9.95896757E-03
   5.0537109375000000       -9.94602218E-03
   5.0595703125000000       -9.93316341E-03
   5.0654296875000000       -9.92040802E-03
   5.0712890625000000       -9.90774762E-03
   5.0771484375000000       -9.89519153E-03
   5.0830078125000000       -9.88272950E-03
   5.0888671875000000       -9.87035315E-03
   5.0947265625000000       -9.85808857E-03
   5.1005859375000000       -9.84590873E-03
   5.1064453125000000       -9.83382203E-03
   5.1123046875000000       -9.82183870E-03
   5.1181640625000000       -9.80994850E-03
   5.1240234375000000       -9.79815051E-03
   5.1298828125000000       -9.78644565E-03
   5.1357421875000000       -9.77483299E-03
   5.1416015625000000       -9.76331253E-03
   5.1474609375000000       -9.75189358E-03
   5.1533203125000000       -9.74055752E-03
   5.1591796875000000       -9.72932205E-03
   5.1650390625000000       -9.71817877E-03
   5.1708984375000000       -9.70711745E-03
   5.1767578125000000       -9.69615579E-03
   5.1826171875000000       -9.68528539E-03
   5.1884765625000000       -9.67449602E-03
   5.1943359375000000       -9.66380723E-03
   5.2001953125000000       -9.65320878E-03
   5.2060546875000000       -9.64269042E-03
   5.2119140625000000       -9.63227265E-03
   5.2177734375000000       -9.62194335E-03
   5.2236328125000000       -9.61169507E-03
   5.2294921875000000       -9.60153621E-03
   5.2353515625000000       -9.59147606E-03
   5.2412109375000000       -9.58149601E-03
   5.2470703125000000       -9.57160443E-03
   5.2529296875000000       -9.56180133E-03
   5.2587890625000000       -9.55208763E-03
   5.2646484375000000       -9.54246148E-03
   5.2705078125000000       -9.53291543E-03
   5.2763671875000000       -9.52346623E-03
   5.2822265625000000       -9.51409526E-03
   5.2880859375000000       -9.50481277E-03
   5.2939453125000000       -9.49561782E-03
   5.2998046875000000       -9.48650111E-03
   5.3056640625000000       -9.47748125E-03
   5.3115234375000000       -9.46853962E-03
   5.3173828125000000       -9.45968367E-03
   5.3232421875000000       -9.45090689E-03
   5.3291015625000000       -9.44222510E-03
   5.3349609375000000       -9.43362154E-03
   5.3408203125000000       -9.42510366E-03
   5.3466796875000000       -9.41666309E-03
   5.3525390625000000       -9.40831844E-03
   5.3583984375000000       -9.40004084E-03
   5.3642578125000000       -9.39185824E-03
   5.3701171875000000       -9.38375294E-03
   5.3759765625000000       -9.37573239E-03
   5.3818359375000000       -9.36779752E-03
   5.3876953125000000       -9.35993902E-03
   5.3935546875000000       -9.35216621E-03
   5.3994140625000000       -9.34447814E-03
   5.4052734375000000       -9.33686551E-03
   5.4111328125000000       -9.32933763E-03
   5.4169921875000000       -9.32188611E-03
   5.4228515625000000       -9.31451842E-03
   5.4287109375000000       -9.30722710E-03
   5.4345703125000000       -9.30002797E-03
   5.4404296875000000       -9.29289591E-03
   5.4462890625000000       -9.28585604E-03
   5.4521484375000000       -9.27888229E-03
   5.4580078125000000       -9.27200168E-03
   5.4638671875000000       -9.26519558E-03
   5.4697265625000000       -9.25846491E-03
   5.4755859375000000       -9.25181713E-03
   5.4814453125000000       -9.24524292E-03
   5.4873046875000000       -9.23875347E-03
   5.4931640625000000       -9.23234597E-03
   5.4990234375000000       -9.22601297E-03
   5.5048828125000000       -9.21975356E-03
   5.5107421875000000       -9.21357796E-03
   5.5166015625000000       -9.20747500E-03
   5.5224609375000000       -9.20145493E-03
   5.5283203125000000       -9.19550937E-03
   5.5341796875000000       -9.18964483E-03
   5.5400390625000000       -9.18385480E-03
   5.5458984375000000       -9.17814672E-03
   5.5517578125000000       -9.17251129E-03
   5.5576171875000000       -9.16694943E-03
   5.5634765625000000       -9.16146953E-03
   5.5693359375000000       -9.15606227E-03
   5.5751953125000000       -9.15073697E-03
   5.5810546875000000       -9.14548524E-03
   5.5869140625000000       -9.14030522E-03
   5.5927734375000000       -9.13520716E-03
   5.5986328125000000       -9.13018081E-03
   5.6044921875000000       -9.12523642E-03
   5.6103515625000000       -9.12036467E-03
   5.6162109375000000       -9.11556464E-03
   5.6220703125000000       -9.11084563E-03
   5.6279296875000000       -9.10619926E-03
   5.6337890625000000       -9.10162460E-03
   5.6396484375000000       -9.09713097E-03
   5.6455078125000000       -9.09270905E-03
   5.6513671875000000       -9.08836816E-03
   5.6572265625000000       -9.08409059E-03
   5.6630859375000000       -9.07989312E-03
   5.6689453125000000       -9.07577574E-03
   5.6748046875000000       -9.07172170E-03
   5.6806640625000000       -9.06774774E-03
   5.6865234375000000       -9.06384457E-03
   5.6923828125000000       -9.06002242E-03
   5.6982421875000000       -9.05627105E-03
   5.7041015625000000       -9.05259140E-03
   5.7099609375000000       -9.04898345E-03
   5.7158203125000000       -9.04545467E-03
   5.7216796875000000       -9.04199760E-03
   5.7275390625000000       -9.03861132E-03
   5.7333984375000000       -9.03530419E-03
   5.7392578125000000       -9.03206039E-03
   5.7451171875000000       -9.02889483E-03
   5.7509765625000000       -9.02581029E-03
   5.7568359375000000       -9.02278721E-03
   5.7626953125000000       -9.01984330E-03
   5.7685546875000000       -9.01697017E-03
   5.7744140625000000       -9.01416875E-03
   5.7802734375000000       -9.01144557E-03
   5.7861328125000000       -9.00878478E-03
   5.7919921875000000       -9.00620315E-03
   5.7978515625000000       -9.00369976E-03
   5.8037109375000000       -9.00125969E-03
   5.8095703125000000       -8.99889786E-03
   5.8154296875000000       -8.99660680E-03
   5.8212890625000000       -8.99438560E-03
   5.8271484375000000       -8.99223518E-03
   5.8330078125000000       -8.99015460E-03
   5.8388671875000000       -8.98815319E-03
   5.8447265625000000       -8.98622163E-03
   5.8505859375000000       -8.98436084E-03
   5.8564453125000000       -8.98257829E-03
   5.8623046875000000       -8.98085814E-03
   5.8681640625000000       -8.97921529E-03
   5.8740234375000000       -8.97764415E-03
   5.8798828125000000       -8.97614192E-03
   5.8857421875000000       -8.97471048E-03
   5.8916015625000000       -8.97335727E-03
   5.8974609375000000       -8.97207391E-03
   5.9033203125000000       -8.97086039E-03
   5.9091796875000000       -8.96971673E-03
   5.9150390625000000       -8.96864384E-03
   5.9208984375000000       -8.96763988E-03
   5.9267578125000000       -8.96671508E-03
   5.9326171875000000       -8.96586012E-03
   5.9384765625000000       -8.96507502E-03
   5.9443359375000000       -8.96435976E-03
   5.9501953125000000       -8.96372274E-03
   5.9560546875000000       -8.96314718E-03
   5.9619140625000000       -8.96264985E-03
   5.9677734375000000       -8.96222237E-03
   5.9736328125000000       -8.96186475E-03
   5.9794921875000000       -8.96157697E-03
   5.9853515625000000       -8.96136742E-03
   5.9912109375000000       -8.96121934E-03
   5.9970703125000000       -8.96114949E-03
   6.0029296875000000       -8.96114949E-03
   6.0087890625000000       -8.96121934E-03
   6.0146484375000000       -8.96136742E-03
   6.0205078125000000       -8.96157697E-03
   6.0263671875000000       -8.96186475E-03
   6.0322265625000000       -8.96222237E-03
   6.0380859375000000       -8.96264985E-03
   6.0439453125000000       -8.96314718E-03
   6.0498046875000000       -8.96372274E-03
   6.0556640625000000       -8.96435976E-03
   6.0615234375000000       -8.96507502E-03
   6.0673828125000000       -8.96586012E-03
   6.0732421875000000       -8.96671508E-03
   6.0791015625000000       -8.96763988E-03
   6.0849609375000000       -8.96864384E-03
   6.0908203125000000       -8.96971673E-03
   6.0966796875000000       -8.97086039E-03
   6.1025390625000000       -8.97207391E-03
   6.1083984375000000       -8.97335727E-03
   6.1142578125000000       -8.97471048E-03
   6.1201171875000000       -8.97614192E-03
   6.1259765625000000       -8.97764415E-03
   6.1318359375000000       -8.97921529E-03
   6.1376953125000000       -8.98085814E-03
   6.1435546875000000       -8.98257829E-03
   6.1494140625000000       -8.98436084E-03
   6.1552734375000000       -8.98622163E-03
   6.1611328125000000       -8.98815319E-03
   6.1669921875000000       -8.99015460E-03
   6.1728515625000000       -8.99223518E-03
   6.1787109375000000       -8.99438560E-03
   6.1845703125000000       -8.99660680E-03
   6.1904296875000000       -8.99889786E-03
   6.1962890625000000       -9.00125969E-03
   6.2021484375000000       -9.00369976E-03
   6.2080078125000000       -9.00620315E-03
   6.2138671875000000       -9.00878478E-03
   6.2197265625000000       -9.01144557E-03
   6.2255859375000000       -9.01416875E-03
   6.2314453125000000       -9.01697017E-03
   6.2373046875000000       -9.01984330E-03
   6.2431640625000000       -9.02278721E-03
   6.2490234375000000       -9.02581029E-03
   6.2548828125000000       -9.02889483E-03
   6.2607421875000000       -9.03206039E-03
   6.2666015625000000       -9.03530419E-03
   6.2724609375000000       -9.03861132E-03
   6.2783203125000000       -9.04199760E-03
   6.2841796875000000       -9.04545467E-03
   6.2900390625000000       -9.04898345E-03
   6.2958984375000000       -9.05259140E-03
   6.3017578125000000       -9.05627105E-03
   6.3076171875000000       -9.06002242E-03
   6.3134765625000000       -9.06384457E-03
   6.3193359375000000       -9.06774774E-03
   6.3251953125000000       -9.07172170E-03
   6.3310546875000000       -9.07577574E-03
   6.3369140625000000       -9.07989312E-03
   6.3427734375000000       -9.08409059E-03
   6.3486328125000000       -9.08836816E-03
   6.3544921875000000       -9.09270905E-03
   6.3603515625000000       -9.09713097E-03
   6.3662109375000000       -9.10162460E-03
   6.3720703125000000       -9.10619926E-03
   6.3779296875000000       -9.11084563E-03
   6.3837890625000000       -9.11556464E-03
   6.3896484375000000       -9.12036467E-03
   6.3955078125000000       -9.12523642E-03
   6.4013671875000000       -9.13018081E-03
   6.4072265625000000       -9.13520716E-03
   6.4130859375000000       -9.14030522E-03
   6.4189453125000000       -9.14548524E-03
   6.4248046875000000       -9.15073697E-03
   6.4306640625000000       -9.15606227E-03
   6.4365234375000000       -9.16146953E-03
   6.4423828125000000       -9.16694943E-03
   6.4482421875000000       -9.17251129E-03
   6.4541015625000000       -9.17814672E-03
   6.4599609375000000       -9.18385480E-03
   6.4658203125000000       -9.18964483E-03
   6.4716796875000000       -9.19550937E-03
   6.4775390625000000       -9.20145493E-03
   6.4833984375000000       -9.20747500E-03
   6.4892578125000000       -9.21357796E-03
   6.4951171875000000       -9.21975356E-03
   6.5009765625000000       -9.22601297E-03
   6.5068359375000000       -9.23234597E-03
   6.5126953125000000       -9.23875347E-03
   6.5185546875000000       -9.24524292E-03
   6.5244140625000000       -9.25181713E-03
   6.5302734375000000       -9.25846491E-03
   6.5361328125000000       -9.26519558E-03
   6.5419921875000000       -9.27200168E-03
   6.5478515625000000       -9.27888229E-03
   6.5537109375000000       -9.28585604E-03
   6.5595703125000000       -9.29289591E-03
   6.5654296875000000       -9.30002797E-03
   6.5712890625000000       -9.30722710E-03
   6.5771484375000000       -9.31451842E-03
   6.5830078125000000       -9.32188611E-03
   6.5888671875000000       -9.32933763E-03
   6.5947265625000000       -9.33686551E-03
   6.6005859375000000       -9.34447814E-03
   6.6064453125000000       -9.35216621E-03
   6.6123046875000000       -9.35993902E-03
   6.6181640625000000       -9.36779752E-03
   6.6240234375000000       -9.37573239E-03
   6.6298828125000000       -9.38375294E-03
   6.6357421875000000       -9.39185824E-03
   6.6416015625000000       -9.40004084E-03
   6.6474609375000000       -9.40831844E-03
   6.6533203125000000       -9.41666309E-03
   6.6591796875000000       -9.42510366E-03
   6.6650390625000000       -9.43362154E-03
   6.6708984375000000       -9.44222510E-03
   6.6767578125000000       -9.45090689E-03
   6.6826171875000000       -9.45968367E-03
   6.6884765625000000       -9.46853962E-03
   6.6943359375000000       -9.47748125E-03
   6.7001953125000000       -9.48650111E-03
   6.7060546875000000       -9.49561782E-03
   6.7119140625000000       -9.50481277E-03
   6.7177734375000000       -9.51409526E-03
   6.7236328125000000       -9.52346623E-03
   6.7294921875000000       -9.53291543E-03
   6.7353515625000000       -9.54246148E-03
   6.7412109375000000       -9.55208763E-03
   6.7470703125000000       -9.56180133E-03
   6.7529296875000000       -9.57160443E-03
   6.7587890625000000       -9.58149601E-03
   6.7646484375000000       -9.59147606E-03
   6.7705078125000000       -9.60153621E-03
   6.7763671875000000       -9.61169507E-03
   6.7822265625000000       -9.62194335E-03
   6.7880859375000000       -9.63227265E-03
   6.7939453125000000       -9.64269042E-03
   6.7998046875000000       -9.65320878E-03
   6.8056640625000000       -9.66380723E-03
   6.8115234375000000       -9.67449602E-03
   6.8173828125000000       -9.68528539E-03
   6.8232421875000000       -9.69615579E-03
   6.8291015625000000       -9.70711745E-03
   6.8349609375000000       -9.71817877E-03
   6.8408203125000000       -9.72932205E-03
   6.8466796875000000       -9.74055752E-03
   6.8525390625000000       -9.75189358E-03
   6.8583984375000000       -9.76331253E-03
   6.8642578125000000       -9.77483299E-03
   6.8701171875000000       -9.78644565E-03
   6.8759765625000000       -9.79815051E-03
   6.8818359375000000       -9.80994850E-03
   6.8876953125000000       -9.82183870E-03
   6.8935546875000000       -9.83382203E-03
   6.8994140625000000       -9.84590873E-03
   6.9052734375000000       -9.85808857E-03
   6.9111328125000000       -9.87035315E-03
   6.9169921875000000       -9.88272950E-03
   6.9228515625000000       -9.89519153E-03
   6.9287109375000000       -9.90774762E-03
   6.9345703125000000       -9.92040802E-03
   6.9404296875000000       -9.93316341E-03
   6.9462890625000000       -9.94602218E-03
   6.9521484375000000       -9.95896757E-03
   6.9580078125000000       -9.97201819E-03
   6.9638671875000000       -9.98517312E-03
   6.9697265625000000       -9.99841560E-03
   6.9755859375000000       -1.00117633E-02
   6.9814453125000000       -1.00252163E-02
   6.9873046875000000       -1.00387670E-02
   6.9931640625000000       -1.00524137E-02
   6.9990234375000000       -1.00661581E-02
   7.0048828125000000       -1.00800097E-02
   7.0107421875000000       -1.00939674E-02
   7.0166015625000000       -1.01080239E-02
   7.0224609375000000       -1.01221781E-02
   7.0283203125000000       -1.01364404E-02
   7.0341796875000000       -1.01508116E-02
   7.0400390625000000       -1.01652713E-02
   7.0458984375000000       -1.01798493E-02
   7.0517578125000000       -1.01945270E-02
   7.0576171875000000       -1.02093136E-02
   7.0634765625000000       -1.02242008E-02
   7.0693359375000000       -1.02391969E-02
   7.0751953125000000       -1.02542946E-02
   7.0810546875000000       -1.02695022E-02
   7.0869140625000000       -1.02848206E-02
   7.0927734375000000       -1.03002395E-02
   7.0986328125000000       -1.03157703E-02
   7.1044921875000000       -1.03314128E-02
   7.1103515625000000       -1.03471670E-02
   7.1162109375000000       -1.03630228E-02
   7.1220703125000000       -1.03789922E-02
   7.1279296875000000       -1.03950733E-02
   7.1337890625000000       -1.04112588E-02
   7.1396484375000000       -1.04275662E-02
   7.1455078125000000       -1.04439780E-02
   7.1513671875000000       -1.04605034E-02
   7.1572265625000000       -1.04771433E-02
   7.1630859375000000       -1.04938978E-02
   7.1689453125000000       -1.05107678E-02
   7.1748046875000000       -1.05277421E-02
   7.1806640625000000       -1.05448421E-02
   7.1865234375000000       -1.05620576E-02
   7.1923828125000000       -1.05793802E-02
   7.1982421875000000       -1.05968285E-02
   7.2041015625000000       -1.06143840E-02
   7.2099609375000000       -1.06320661E-02
   7.2158203125000000       -1.06498562E-02
   7.2216796875000000       -1.06677739E-02
   7.2275390625000000       -1.06858099E-02
   7.2333984375000000       -1.07039642E-02
   7.2392578125000000       -1.07222376E-02
   7.2451171875000000       -1.07406294E-02
   7.2509765625000000       -1.07591515E-02
   7.2568359375000000       -1.07777836E-02
   7.2626953125000000       -1.07965451E-02
   7.2685546875000000       -1.08154276E-02
   7.2744140625000000       -1.08344313E-02
   7.2802734375000000       -1.08535662E-02
   7.2861328125000000       -1.08728223E-02
   7.2919921875000000       -1.08922012E-02
   7.2978515625000000       -1.09117124E-02
   7.3037109375000000       -1.09313363E-02
   7.3095703125000000       -1.09511036E-02
   7.3154296875000000       -1.09709837E-02
   7.3212890625000000       -1.09909987E-02
   7.3271484375000000       -1.10111479E-02
   7.3330078125000000       -1.10314218E-02
   7.3388671875000000       -1.10518308E-02
   7.3447265625000000       -1.10723656E-02
   7.3505859375000000       -1.10930260E-02
   7.3564453125000000       -1.11138234E-02
   7.3623046875000000       -1.11347567E-02
   7.3681640625000000       -1.11558186E-02
   7.3740234375000000       -1.11770174E-02
   7.3798828125000000       -1.11983437E-02
   7.3857421875000000       -1.12198200E-02
   7.3916015625000000       -1.12414239E-02
   7.3974609375000000       -1.12631582E-02
   7.4033203125000000       -1.12850312E-02
   7.4091796875000000       -1.13070551E-02
   7.4150390625000000       -1.13292001E-02
   7.4208984375000000       -1.13514960E-02
   7.4267578125000000       -1.13739334E-02
   7.4326171875000000       -1.13965031E-02
   7.4384765625000000       -1.14192152E-02
   7.4443359375000000       -1.14420708E-02
   7.4501953125000000       -1.14650801E-02
   7.4560546875000000       -1.14882225E-02
   7.4619140625000000       -1.15115102E-02
   7.4677734375000000       -1.15349423E-02
   7.4736328125000000       -1.15585197E-02
   7.4794921875000000       -1.15822442E-02
   7.4853515625000000       -1.16061140E-02
   7.4912109375000000       -1.16301309E-02
   7.4970703125000000       -1.16543062E-02
   7.5029296875000000       -1.16786184E-02
   7.5087890625000000       -1.17030898E-02
   7.5146484375000000       -1.17277093E-02
   7.5205078125000000       -1.17524788E-02
   7.5263671875000000       -1.17773991E-02
   7.5322265625000000       -1.18024796E-02
   7.5380859375000000       -1.18277110E-02
   7.5439453125000000       -1.18530942E-02
   7.5498046875000000       -1.18786395E-02
   7.5556640625000000       -1.19043384E-02
   7.5615234375000000       -1.19302003E-02
   7.5673828125000000       -1.19562158E-02
   7.5732421875000000       -1.19823860E-02
   7.5791015625000000       -1.20087210E-02
   7.5849609375000000       -1.20352115E-02
   7.5908203125000000       -1.20618688E-02
   7.5966796875000000       -1.20886927E-02
   7.6025390625000000       -1.21156741E-02
   7.6083984375000000       -1.21428240E-02
   7.6142578125000000       -1.21701425E-02
   7.6201171875000000       -1.21976202E-02
   7.6259765625000000       -1.22252675E-02
   7.6318359375000000       -1.22530749E-02
   7.6376953125000000       -1.22810639E-02
   7.6435546875000000       -1.23092141E-02
   7.6494140625000000       -1.23375375E-02
   7.6552734375000000       -1.23660332E-02
   7.6611328125000000       -1.23947030E-02
   7.6669921875000000       -1.24235470E-02
   7.6728515625000000       -1.24525558E-02
   7.6787109375000000       -1.24817509E-02
   7.6845703125000000       -1.25111220E-02
   7.6904296875000000       -1.25406701E-02
   7.6962890625000000       -1.25703849E-02
   7.7021484375000000       -1.26002897E-02
   7.7080078125000000       -1.26303723E-02
   7.7138671875000000       -1.26606468E-02
   7.7197265625000000       -1.26910899E-02
   7.7255859375000000       -1.27217248E-02
   7.7314453125000000       -1.27525413E-02
   7.7373046875000000       -1.27835404E-02
   7.7431640625000000       -1.28147341E-02
   7.7490234375000000       -1.28461104E-02
   7.7548828125000000       -1.28776720E-02
   7.7607421875000000       -1.29094301E-02
   7.7666015625000000       -1.29413735E-02
   7.7724609375000000       -1.29735144E-02
   7.7783203125000000       -1.30058434E-02
   7.7841796875000000       -1.30383717E-02
   7.7900390625000000       -1.30710881E-02
   7.7958984375000000       -1.31040057E-02
   7.8017578125000000       -1.31371245E-02
   7.8076171875000000       -1.31704351E-02
   7.8134765625000000       -1.32039478E-02
   7.8193359375000000       -1.32376645E-02
   7.8251953125000000       -1.32715749E-02
   7.8310546875000000       -1.33057022E-02
   7.8369140625000000       -1.33400243E-02
   7.8427734375000000       -1.33745531E-02
   7.8486328125000000       -1.34092905E-02
   7.8544921875000000       -1.34442355E-02
   7.8603515625000000       -1.34793911E-02
   7.8662109375000000       -1.35147562E-02
   7.8720703125000000       -1.35503327E-02
   7.8779296875000000       -1.35861216E-02
   7.8837890625000000       -1.36221349E-02
   7.8896484375000000       -1.36583503E-02
   7.8955078125000000       -1.36947911E-02
   7.9013671875000000       -1.37314480E-02
   7.9072265625000000       -1.37683218E-02
   7.9130859375000000       -1.38054239E-02
   7.9189453125000000       -1.38427438E-02
   7.9248046875000000       -1.38802826E-02
   7.9306640625000000       -1.39180534E-02
   7.9365234375000000       -1.39560448E-02
   7.9423828125000000       -1.39942700E-02
   7.9482421875000000       -1.40327169E-02
   7.9541015625000000       -1.40714003E-02
   7.9599609375000000       -1.41103072E-02
   7.9658203125000000       -1.41494516E-02
   7.9716796875000000       -1.41888345E-02
   7.9775390625000000       -1.42284567E-02
   7.9833984375000000       -1.42683070E-02
   7.9892578125000000       -1.43083977E-02
   7.9951171875000000       -1.43487314E-02
   8.0009765625000000       -1.43893082E-02
   8.0068359375000000       -1.44301290E-02
   8.0126953125000000       -1.44711947E-02
   8.0185546875000000       -1.45125072E-02
   8.0244140625000000       -1.45540545E-02
   8.0302734375000000       -1.45958625E-02
   8.0361328125000000       -1.46379201E-02
   8.0419921875000000       -1.46802394E-02
   8.0478515625000000       -1.47227980E-02
   8.0537109375000000       -1.47656221E-02
   8.0595703125000000       -1.48086995E-02
   8.0654296875000000       -1.48520311E-02
   8.0712890625000000       -1.48956310E-02
   8.0771484375000000       -1.49394888E-02
   8.0830078125000000       -1.49836158E-02
   8.0888671875000000       -1.50280017E-02
   8.0947265625000000       -1.50726615E-02
   8.1005859375000000       -1.51175819E-02
   8.1064453125000000       -1.51627772E-02
   8.1123046875000000       -1.52082359E-02
   8.1181640625000000       -1.52539853E-02
   8.1240234375000000       -1.53000001E-02
   8.1298828125000000       -1.53462943E-02
   8.1357421875000000       -1.53928576E-02
   8.1416015625000000       -1.54397152E-02
   8.1474609375000000       -1.54868560E-02
   8.1533203125000000       -1.55342696E-02
   8.1591796875000000       -1.55819813E-02
   8.1650390625000000       -1.56299789E-02
   8.1708984375000000       -1.56782661E-02
   8.1767578125000000       -1.57268438E-02
   8.1826171875000000       -1.57757122E-02
   8.1884765625000000       -1.58248711E-02
   8.1943359375000000       -1.58743374E-02
   8.2001953125000000       -1.59240998E-02
   8.2060546875000000       -1.59741696E-02
   8.2119140625000000       -1.60245374E-02
   8.2177734375000000       -1.60752181E-02
   8.2236328125000000       -1.61261968E-02
   8.2294921875000000       -1.61774792E-02
   8.2353515625000000       -1.62290893E-02
   8.2412109375000000       -1.62810050E-02
   8.2470703125000000       -1.63332261E-02
   8.2529296875000000       -1.63857806E-02
   8.2587890625000000       -1.64386425E-02
   8.2646484375000000       -1.64918415E-02
   8.2705078125000000       -1.65453516E-02
   8.2763671875000000       -1.65991895E-02
   8.2822265625000000       -1.66533533E-02
   8.2880859375000000       -1.67078599E-02
   8.2939453125000000       -1.67626832E-02
   8.2998046875000000       -1.68178529E-02
   8.3056640625000000       -1.68733560E-02
   8.3115234375000000       -1.69291943E-02
   8.3173828125000000       -1.69853680E-02
   8.3232421875000000       -1.70418955E-02
   8.3291015625000000       -1.70987751E-02
   8.3349609375000000       -1.71559975E-02
   8.3408203125000000       -1.72135625E-02
   8.3466796875000000       -1.72714852E-02
   8.3525390625000000       -1.73297692E-02
   8.3583984375000000       -1.73883997E-02
   8.3642578125000000       -1.74473934E-02
   8.3701171875000000       -1.75067540E-02
   8.3759765625000000       -1.75664797E-02
   8.3818359375000000       -1.76265743E-02
   8.3876953125000000       -1.76870394E-02
   8.3935546875000000       -1.77478623E-02
   8.3994140625000000       -1.78090725E-02
   8.4052734375000000       -1.78706571E-02
   8.4111328125000000       -1.79326348E-02
   8.4169921875000000       -1.79949775E-02
   8.4228515625000000       -1.80577133E-02
   8.4287109375000000       -1.81208346E-02
   8.4345703125000000       -1.81843527E-02
   8.4404296875000000       -1.82482563E-02
   8.4462890625000000       -1.83125492E-02
   8.4521484375000000       -1.83772612E-02
   8.4580078125000000       -1.84423644E-02
   8.4638671875000000       -1.85078625E-02
   8.4697265625000000       -1.85737852E-02
   8.4755859375000000       -1.86401047E-02
   8.4814453125000000       -1.87068377E-02
   8.4873046875000000       -1.87739879E-02
   8.4931640625000000       -1.88415553E-02
   8.4990234375000000       -1.89095438E-02
   8.5048828125000000       -1.89779550E-02
   8.5107421875000000       -1.90468039E-02
   8.5166015625000000       -1.91160813E-02
   8.5224609375000000       -1.91857852E-02
   8.5283203125000000       -1.92559194E-02
   8.5341796875000000       -1.93265025E-02
   8.5400390625000000       -1.93975195E-02
   8.5458984375000000       -1.94689892E-02
   8.5517578125000000       -1.95409115E-02
   8.5576171875000000       -1.96132772E-02
   8.5634765625000000       -1.96860991E-02
   8.5693359375000000       -1.97593831E-02
   8.5751953125000000       -1.98331159E-02
   8.5810546875000000       -1.99073274E-02
   8.5869140625000000       -1.99820083E-02
   8.5927734375000000       -2.00571436E-02
   8.5986328125000000       -2.01327670E-02
   8.6044921875000000       -2.02088635E-02
   8.6103515625000000       -2.02854387E-02
   8.6162109375000000       -2.03625076E-02
   8.6220703125000000       -2.04400588E-02
   8.6279296875000000       -2.05181092E-02
   8.6337890625000000       -2.05966476E-02
   8.6396484375000000       -2.06756759E-02
   8.6455078125000000       -2.07552109E-02
   8.6513671875000000       -2.08352543E-02
   8.6572265625000000       -2.09158119E-02
   8.6630859375000000       -2.09968835E-02
   8.6689453125000000       -2.10784748E-02
   8.6748046875000000       -2.11605690E-02
   8.6806640625000000       -2.12432034E-02
   8.6865234375000000       -2.13263612E-02
   8.6923828125000000       -2.14100499E-02
   8.6982421875000000       -2.14942843E-02
   8.7041015625000000       -2.15790365E-02
   8.7099609375000000       -2.16643587E-02
   8.7158203125000000       -2.17502024E-02
   8.7216796875000000       -2.18366217E-02
   8.7275390625000000       -2.19235867E-02
   8.7333984375000000       -2.20110975E-02
   8.7392578125000000       -2.20991932E-02
   8.7451171875000000       -2.21878421E-02
   8.7509765625000000       -2.22770646E-02
   8.7568359375000000       -2.23668776E-02
   8.7626953125000000       -2.24572551E-02
   8.7685546875000000       -2.25482304E-02
   8.7744140625000000       -2.26397738E-02
   8.7802734375000000       -2.27319375E-02
   8.7861328125000000       -2.28246786E-02
   8.7919921875000000       -2.29180288E-02
   8.7978515625000000       -2.30119918E-02
   8.8037109375000000       -2.31065564E-02
   8.8095703125000000       -2.32017431E-02
   8.8154296875000000       -2.32975520E-02
   8.8212890625000000       -2.33939718E-02
   8.8271484375000000       -2.34910399E-02
   8.8330078125000000       -2.35887244E-02
   8.8388671875000000       -2.36870628E-02
   8.8447265625000000       -2.37860419E-02
   8.8505859375000000       -2.38856655E-02
   8.8564453125000000       -2.39859354E-02
   8.8623046875000000       -2.40868740E-02
   8.8681640625000000       -2.41884682E-02
   8.8740234375000000       -2.42907368E-02
   8.8798828125000000       -2.43936852E-02
   8.8857421875000000       -2.44972985E-02
   8.8916015625000000       -2.46016160E-02
   8.8974609375000000       -2.47066058E-02
   8.9033203125000000       -2.48122904E-02
   8.9091796875000000       -2.49186717E-02
   8.9150390625000000       -2.50257719E-02
   8.9208984375000000       -2.51335595E-02
   8.9267578125000000       -2.52420735E-02
   8.9326171875000000       -2.53513195E-02
   8.9384765625000000       -2.54612826E-02
   8.9443359375000000       -2.55719665E-02
   8.9501953125000000       -2.56833918E-02
   8.9560546875000000       -2.57955827E-02
   8.9619140625000000       -2.59084888E-02
   8.9677734375000000       -2.60221679E-02
   8.9736328125000000       -2.61366069E-02
   8.9794921875000000       -2.62518078E-02
   8.9853515625000000       -2.63677966E-02
   8.9912109375000000       -2.64845379E-02
   8.9970703125000000       -2.66020745E-02
   9.0029296875000000       -2.67204102E-02
   9.0087890625000000       -2.68395320E-02
   9.0146484375000000       -2.69594602E-02
   9.0205078125000000       -2.70801820E-02
   9.0263671875000000       -2.72017419E-02
   9.0322265625000000       -2.73241028E-02
   9.0380859375000000       -2.74473093E-02
   9.0439453125000000       -2.75713466E-02
   9.0498046875000000       -2.76962183E-02
   9.0556640625000000       -2.78219320E-02
   9.0615234375000000       -2.79485099E-02
   9.0673828125000000       -2.80759372E-02
   9.0732421875000000       -2.82042399E-02
   9.0791015625000000       -2.83334199E-02
   9.0849609375000000       -2.84634642E-02
   9.0908203125000000       -2.85943989E-02
   9.0966796875000000       -2.87262443E-02
   9.1025390625000000       -2.88589913E-02
   9.1083984375000000       -2.89926231E-02
   9.1142578125000000       -2.91272011E-02
   9.1201171875000000       -2.92626768E-02
   9.1259765625000000       -2.93991100E-02
   9.1318359375000000       -2.95364503E-02
   9.1376953125000000       -2.96747591E-02
   9.1435546875000000       -2.98140049E-02
   9.1494140625000000       -2.99542304E-02
   9.1552734375000000       -3.00954059E-02
   9.1611328125000000       -3.02375723E-02
   9.1669921875000000       -3.03807165E-02
   9.1728515625000000       -3.05248462E-02
   9.1787109375000000       -3.06699853E-02
   9.1845703125000000       -3.08161192E-02
   9.1904296875000000       -3.09632756E-02
   9.1962890625000000       -3.11114602E-02
   9.2021484375000000       -3.12606767E-02
   9.2080078125000000       -3.14109363E-02
   9.2138671875000000       -3.15622389E-02
   9.2197265625000000       -3.17145921E-02
   9.2255859375000000       -3.18680294E-02
   9.2314453125000000       -3.20225284E-02
   9.2373046875000000       -3.21781002E-02
   9.2431640625000000       -3.23347896E-02
   9.2490234375000000       -3.24925631E-02
   9.2548828125000000       -3.26514468E-02
   9.2607421875000000       -3.28114480E-02
   9.2666015625000000       -3.29725966E-02
   9.2724609375000000       -3.31348553E-02
   9.2783203125000000       -3.32982726E-02
   9.2841796875000000       -3.34628597E-02
   9.2900390625000000       -3.36285941E-02
   9.2958984375000000       -3.37955095E-02
   9.3017578125000000       -3.39636169E-02
   9.3076171875000000       -3.41328941E-02
   9.3134765625000000       -3.43033932E-02
   9.3193359375000000       -3.44751030E-02
   9.3251953125000000       -3.46480533E-02
   9.3310546875000000       -3.48222256E-02
   9.3369140625000000       -3.49976271E-02
   9.3427734375000000       -3.51742916E-02
   9.3486328125000000       -3.53522263E-02
   9.3544921875000000       -3.55314575E-02
   9.3603515625000000       -3.57119516E-02
   9.3662109375000000       -3.58937383E-02
   9.3720703125000000       -3.60768475E-02
   9.3779296875000000       -3.62612605E-02
   9.3837890625000000       -3.64470184E-02
   9.3896484375000000       -3.66340950E-02
   9.3955078125000000       -3.68225537E-02
   9.4013671875000000       -3.70123535E-02
   9.4072265625000000       -3.72035429E-02
   9.4130859375000000       -3.73961180E-02
   9.4189453125000000       -3.75900790E-02
   9.4248046875000000       -3.77854630E-02
   9.4306640625000000       -3.79822552E-02
   9.4365234375000000       -3.81804816E-02
   9.4423828125000000       -3.83801833E-02
   9.4482421875000000       -3.85813154E-02
   9.4541015625000000       -3.87839153E-02
   9.4599609375000000       -3.89880128E-02
   9.4658203125000000       -3.91935930E-02
   9.4716796875000000       -3.94006930E-02
   9.4775390625000000       -3.96093205E-02
   9.4833984375000000       -3.98194827E-02
   9.4892578125000000       -4.00311686E-02
   9.4951171875000000       -4.02444340E-02
   9.5009765625000000       -4.04592641E-02
   9.5068359375000000       -4.06756960E-02
   9.5126953125000000       -4.08937111E-02
   9.5185546875000000       -4.11133505E-02
   9.5244140625000000       -4.13346216E-02
   9.5302734375000000       -4.15575318E-02
   9.5361328125000000       -4.17821184E-02
   9.5419921875000000       -4.20083441E-02
   9.5478515625000000       -4.22362648E-02
   9.5537109375000000       -4.24658954E-02
   9.5595703125000000       -4.26972471E-02
   9.5654296875000000       -4.29303050E-02
   9.5712890625000000       -4.31651287E-02
   9.5771484375000000       -4.34017070E-02
   9.5830078125000000       -4.36400510E-02
   9.5888671875000000       -4.38801944E-02
   9.5947265625000000       -4.41221520E-02
   9.6005859375000000       -4.43659350E-02
   9.6064453125000000       -4.46115583E-02
   9.6123046875000000       -4.48589996E-02
   9.6181640625000000       -4.51083556E-02
   9.6240234375000000       -4.53595892E-02
   9.6298828125000000       -4.56127040E-02
   9.6357421875000000       -4.58677709E-02
   9.6416015625000000       -4.61247452E-02
   9.6474609375000000       -4.63837013E-02
   9.6533203125000000       -4.66446169E-02
   9.6591796875000000       -4.69075069E-02
   9.6650390625000000       -4.71724123E-02
   9.6708984375000000       -4.74393480E-02
   9.6767578125000000       -4.77083549E-02
   9.6826171875000000       -4.79793884E-02
   9.6884765625000000       -4.82525192E-02
   9.6943359375000000       -4.85277325E-02
   9.7001953125000000       -4.88050692E-02
   9.7060546875000000       -4.90845442E-02
   9.7119140625000000       -4.93661761E-02
   9.7177734375000000       -4.96499725E-02
   9.7236328125000000       -4.99359518E-02
   9.7294921875000000       -5.02241850E-02
   9.7353515625000000       -5.05146272E-02
   9.7412109375000000       -5.08073233E-02
   9.7470703125000000       -5.11022918E-02
   9.7529296875000000       -5.13995439E-02
   9.7587890625000000       -5.16991280E-02
   9.7646484375000000       -5.20010516E-02
   9.7705078125000000       -5.23053110E-02
   9.7763671875000000       -5.26119769E-02
   9.7822265625000000       -5.29210307E-02
   9.7880859375000000       -5.32324985E-02
   9.7939453125000000       -5.35464212E-02
   9.7998046875000000       -5.38628139E-02
   9.8056640625000000       -5.41816950E-02
   9.8115234375000000       -5.45030795E-02
   9.8173828125000000       -5.48269898E-02
   9.8232421875000000       -5.51534705E-02
   9.8291015625000000       -5.54825366E-02
   9.8349609375000000       -5.58142066E-02
   9.8408203125000000       -5.61485030E-02
   9.8466796875000000       -5.64854704E-02
   9.8525390625000000       -5.68250977E-02
   9.8583984375000000       -5.71674332E-02
   9.8642578125000000       -5.75124957E-02
   9.8701171875000000       -5.78603074E-02
   9.8759765625000000       -5.82109131E-02
   9.8818359375000000       -5.85643053E-02
   9.8876953125000000       -5.89205325E-02
   9.8935546875000000       -5.92796132E-02
   9.8994140625000000       -5.96415736E-02
   9.9052734375000000       -6.00064583E-02
   9.9111328125000000       -6.03742898E-02
   9.9169921875000000       -6.07450902E-02
   9.9228515625000000       -6.11188486E-02
   9.9287109375000000       -6.14956468E-02
   9.9345703125000000       -6.18755110E-02
   9.9404296875000000       -6.22584298E-02
   9.9462890625000000       -6.26444891E-02
   9.9521484375000000       -6.30336404E-02
   9.9580078125000000       -6.34259805E-02
   9.9638671875000000       -6.38215244E-02
   9.9697265625000000       -6.42202944E-02
   9.9755859375000000       -6.46223202E-02
   9.9814453125000000       -6.50276244E-02
   9.9873046875000000       -6.54362589E-02
   9.9931640625000000       -6.58482164E-02
   9.9990234375000000       -6.62635937E-02
   10.004882812500000       -6.66823685E-02
   10.010742187500000       -6.71046078E-02
   10.016601562500000       -6.75303042E-02
   10.022460937500000       -6.79595470E-02
   10.028320312500000       -6.83923289E-02
   10.034179687500000       -6.88286796E-02
   10.040039062500000       -6.92686513E-02
   10.045898437500000       -6.97122738E-02
   10.051757812500000       -7.01595768E-02
   10.057617187500000       -7.06106201E-02
   10.063476562500000       -7.10654259E-02
   10.069335937500000       -7.15240315E-02
   10.075195312500000       -7.19864592E-02
   10.081054687500000       -7.24527389E-02
   10.086914062500000       -7.29229301E-02
   10.092773437500000       -7.33971000E-02
   10.098632812500000       -7.38752112E-02
   10.104492187500000       -7.43573904E-02
   10.110351562500000       -7.48436078E-02
   10.116210937500000       -7.53339231E-02
   10.122070312500000       -7.58283585E-02
   10.127929687500000       -7.63270333E-02
   10.133789062500000       -7.68299028E-02
   10.139648437500000       -7.73370266E-02
   10.145507812500000       -7.78484717E-02
   10.151367187500000       -7.83642828E-02
   10.157226562500000       -7.88844526E-02
   10.163085937500000       -7.94090778E-02
   10.168945312500000       -7.99382105E-02
   10.174804687500000       -8.04718286E-02
   10.180664062500000       -8.10100511E-02
   10.186523437500000       -8.15528706E-02
   10.192382812500000       -8.21003616E-02
   10.198242187500000       -8.26525688E-02
   10.204101562500000       -8.32095146E-02
   10.209960937500000       -8.37712735E-02
   10.215820312500000       -8.43378976E-02
   10.221679687500000       -8.49094093E-02
   10.227539062500000       -8.54858533E-02
   10.233398437500000       -8.60672966E-02
   10.239257812500000       -8.66538361E-02
   10.245117187500000       -8.72454494E-02
   10.250976562500000       -8.78422335E-02
   10.256835937500000       -8.84442180E-02
   10.262695312500000       -8.90514478E-02
   10.268554687500000       -8.96639973E-02
   10.274414062500000       -9.02819186E-02
   10.280273437500000       -9.09052417E-02
   10.286132812500000       -9.15340632E-02
   10.291992187500000       -9.21684131E-02
   10.297851562500000       -9.28083807E-02
   10.303710937500000       -9.34539661E-02
   10.309570312500000       -9.41052586E-02
   10.315429687500000       -9.47622955E-02
   10.321289062500000       -9.54251811E-02
   10.327148437500000       -9.60939378E-02
   10.333007812500000       -9.67686772E-02
   10.338867187500000       -9.74493846E-02
   10.344726562500000       -9.81361642E-02
   10.350585937500000       -9.88290608E-02
   10.356445312500000       -9.95282009E-02
   10.362304687500000      -0.100233555    
   10.368164062500000      -0.100945257    
   10.374023437500000      -0.101663359    
   10.379882812500000      -0.102387868    
   10.385742187500000      -0.103118971    
   10.391601562500000      -0.103856623    
   10.397460937500000      -0.104600966    
   10.403320312500000      -0.105352022    
   10.409179687500000      -0.106109880    
   10.415039062500000      -0.106874637    
   10.420898437500000      -0.107646316    
   10.426757812500000      -0.108425051    
   10.432617187500000      -0.109210856    
   10.438476562500000      -0.110003844    
   10.444335937500000      -0.110804103    
   10.450195312500000      -0.111611664    
   10.456054687500000      -0.112426616    
   10.461914062500000      -0.113249078    
   10.467773437500000      -0.114079110    
   10.473632812500000      -0.114916764    
   10.479492187500000      -0.115762167    
   10.485351562500000      -0.116615370    
   10.491210937500000      -0.117476486    
   10.497070312500000      -0.118345581    
   10.502929687500000      -0.119222730    
   10.508789062500000      -0.120108038    
   10.514648437500000      -0.121001571    
   10.520507812500000      -0.121903457    
   10.526367187500000      -0.122813754    
   10.532226562500000      -0.123732544    
   10.538085937500000      -0.124659985    
   10.543945312500000      -0.125596106    
   10.549804687500000      -0.126541033    
   10.555664062500000      -0.127494827    
   10.561523437500000      -0.128457636    
   10.567382812500000      -0.129429564    
   10.573242187500000      -0.130410641    
   10.579101562500000      -0.131401002    
   10.584960937500000      -0.132400781    
   10.590820312500000      -0.133410051    
   10.596679687500000      -0.134428948    
   10.602539062500000      -0.135457546    
   10.608398437500000      -0.136495993    
   10.614257812500000      -0.137544304    
   10.620117187500000      -0.138602674    
   10.625976562500000      -0.139671206    
   10.631835937500000      -0.140750036    
   10.637695312500000      -0.141839236    
   10.643554687500000      -0.142938897    
   10.649414062500000      -0.144049183    
   10.655273437500000      -0.145170227    
   10.661132812500000      -0.146302119    
   10.666992187500000      -0.147445008    
   10.672851562500000      -0.148599014    
   10.678710937500000      -0.149764195    
   10.684570312500000      -0.150940791    
   10.690429687500000      -0.152128890    
   10.696289062500000      -0.153328583    
   10.702148437500000      -0.154539987    
   10.708007812500000      -0.155763328    
   10.713867187500000      -0.156998679    
   10.719726562500000      -0.158246234    
   10.725585937500000      -0.159506083    
   10.731445312500000      -0.160778344    
   10.737304687500000      -0.162063226    
   10.743164062500000      -0.163360804    
   10.749023437500000      -0.164671317    
   10.754882812500000      -0.165994838    
   10.760742187500000      -0.167331532    
   10.766601562500000      -0.168681607    
   10.772460937500000      -0.170045123    
   10.778320312500000      -0.171422347    
   10.784179687500000      -0.172813371    
   10.790039062500000      -0.174218401    
   10.795898437500000      -0.175637484    
   10.801757812500000      -0.177070960    
   10.807617187500000      -0.178518936    
   10.813476562500000      -0.179981485    
   10.819335937500000      -0.181458890    
   10.825195312500000      -0.182951286    
   10.831054687500000      -0.184458867    
   10.836914062500000      -0.185981840    
   10.842773437500000      -0.187520310    
   10.848632812500000      -0.189074531    
   10.854492187500000      -0.190644696    
   10.860351562500000      -0.192230925    
   10.866210937500000      -0.193833485    
   10.872070312500000      -0.195452541    
   10.877929687500000      -0.197088331    
   10.883789062500000      -0.198740974    
   10.889648437500000      -0.200410783    
   10.895507812500000      -0.202097863    
   10.901367187500000      -0.203802496    
   10.907226562500000      -0.205524862    
   10.913085937500000      -0.207265183    
   10.918945312500000      -0.209023714    
   10.924804687500000      -0.210800633    
   10.930664062500000      -0.212596178    
   10.936523437500000      -0.214410573    
   10.942382812500000      -0.216244102    
   10.948242187500000      -0.218096927    
   10.954101562500000      -0.219969332    
   10.959960937500000      -0.221861571    
   10.965820312500000      -0.223773822    
   10.971679687500000      -0.225706413    
   10.977539062500000      -0.227659583    
   10.983398437500000      -0.229633585    
   10.989257812500000      -0.231628641    
   10.995117187500000      -0.233645082    
   11.000976562500000      -0.235683113    
   11.006835937500000      -0.237743065    
   11.012695312500000      -0.239825174    
   11.018554687500000      -0.241929740    
   11.024414062500000      -0.244057029    
   11.030273437500000      -0.246207356    
   11.036132812500000      -0.248381019    
   11.041992187500000      -0.250578284    
   11.047851562500000      -0.252799451    
   11.053710937500000      -0.255044907    
   11.059570312500000      -0.257314891    
   11.065429687500000      -0.259609699    
   11.071289062500000      -0.261929750    
   11.077148437500000      -0.264275283    
   11.083007812500000      -0.266646653    
   11.088867187500000      -0.269044220    
   11.094726562500000      -0.271468282    
   11.100585937500000      -0.273919195    
   11.106445312500000      -0.276397377    
   11.112304687500000      -0.278903097    
   11.118164062500000      -0.281436741    
   11.124023437500000      -0.283998758    
   11.129882812500000      -0.286589414    
   11.135742187500000      -0.289209127    
   11.141601562500000      -0.291858315    
   11.147460937500000      -0.294537336    
   11.153320312500000      -0.297246605    
   11.159179687500000      -0.299986482    
   11.165039062500000      -0.302757442    
   11.170898437500000      -0.305559874    
   11.176757812500000      -0.308394194    
   11.182617187500000      -0.311260819    
   11.188476562500000      -0.314160228    
   11.194335937500000      -0.317092866    
   11.200195312500000      -0.320059180    
   11.206054687500000      -0.323059559    
   11.211914062500000      -0.326094568    
   11.217773437500000      -0.329164594    
   11.223632812500000      -0.332270175    
   11.229492187500000      -0.335411757    
   11.235351562500000      -0.338589907    
   11.241210937500000      -0.341805041    
   11.247070312500000      -0.345057726    
   11.252929687500000      -0.348348498    
   11.258789062500000      -0.351677835    
   11.264648437500000      -0.355046332    
   11.270507812500000      -0.358454466    
   11.276367187500000      -0.361902893    
   11.282226562500000      -0.365392089    
   11.288085937500000      -0.368922621    
   11.293945312500000      -0.372495145    
   11.299804687500000      -0.376110196    
   11.305664062500000      -0.379768431    
   11.311523437500000      -0.383470446    
   11.317382812500000      -0.387216806    
   11.323242187500000      -0.391008228    
   11.329101562500000      -0.394845307    
   11.334960937500000      -0.398728728    
   11.340820312500000      -0.402659118    
   11.346679687500000      -0.406637222    
   11.352539062500000      -0.410663635    
   11.358398437500000      -0.414739162    
   11.364257812500000      -0.418864489    
   11.370117187500000      -0.423040241    
   11.375976562500000      -0.427267283    
   11.381835937500000      -0.431546301    
   11.387695312500000      -0.435878128    
   11.393554687500000      -0.440263420    
   11.399414062500000      -0.444703102    
   11.405273437500000      -0.449197859    
   11.411132812500000      -0.453748584    
   11.416992187500000      -0.458356142    
   11.422851562500000      -0.463021278    
   11.428710937500000      -0.467744946    
   11.434570312500000      -0.472527981    
   11.440429687500000      -0.477371216    
   11.446289062500000      -0.482275665    
   11.452148437500000      -0.487242281    
   11.458007812500000      -0.492271841    
   11.463867187500000      -0.497365445    
   11.469726562500000      -0.502524018    
   11.475585937500000      -0.507748544    
   11.481445312500000      -0.513040066    
   11.487304687500000      -0.518399596    
   11.493164062500000      -0.523828208    
   11.499023437500000      -0.529326916    
   11.504882812500000      -0.534896851    
   11.510742187500000      -0.540539145    
   11.516601562500000      -0.546254814    
   11.522460937500000      -0.552045107    
   11.528320312500000      -0.557911158    
   11.534179687500000      -0.563854218    
   11.540039062500000      -0.569875360    
   11.545898437500000      -0.575975895    
   11.551757812500000      -0.582157195    
   11.557617187500000      -0.588420391    
   11.563476562500000      -0.594766855    
   11.569335937500000      -0.601197898    
   11.575195312500000      -0.607714832    
   11.581054687500000      -0.614319086    
   11.586914062500000      -0.621012092    
   11.592773437500000      -0.627795279    
   11.598632812500000      -0.634670079    
   11.604492187500000      -0.641637981    
   11.610351562500000      -0.648700535    
   11.616210937500000      -0.655859232    
   11.622070312500000      -0.663115740    
   11.627929687500000      -0.670471549    
   11.633789062500000      -0.677928388    
   11.639648437500000      -0.685487926    
   11.645507812500000      -0.693151832    
   11.651367187500000      -0.700921834    
   11.657226562500000      -0.708799779    
   11.663085937500000      -0.716787398    
   11.668945312500000      -0.724886596    
   11.674804687500000      -0.733099163    
   11.680664062500000      -0.741427124    
   11.686523437500000      -0.749872327    
   11.692382812500000      -0.758436859    
   11.698242187500000      -0.767122686    
   11.704101562500000      -0.775931954    
   11.709960937500000      -0.784866691    
   11.715820312500000      -0.793929100    
   11.721679687500000      -0.803121448    
   11.727539062500000      -0.812445879    
   11.733398437500000      -0.821904719    
   11.739257812500000      -0.831500351    
   11.745117187500000      -0.841235161    
   11.750976562500000      -0.851111531    
   11.756835937500000      -0.861132026    
   11.762695312500000      -0.871299148    
   11.768554687500000      -0.881615520    
   11.774414062500000      -0.892083764    
   11.780273437500000      -0.902706563    
   11.786132812500000      -0.913486719    
   11.791992187500000      -0.924427092    
   11.797851562500000      -0.935530484    
   11.803710937500000      -0.946799815    
   11.809570312500000      -0.958238184    
   11.815429687500000      -0.969848573    
   11.821289062500000      -0.981634259    
   11.827148437500000      -0.993598223    
   11.833007812500000       -1.00574398    
   11.838867187500000       -1.01807463    
   11.844726562500000       -1.03059375    
   11.850585937500000       -1.04330480    
   11.856445312500000       -1.05621135    
   11.862304687500000       -1.06931698    
   11.868164062500000       -1.08262551    
   11.874023437500000       -1.09614062    
   11.879882812500000       -1.10986638    
   11.885742187500000       -1.12380648    
   11.891601562500000       -1.13796532    
   11.897460937500000       -1.15234685    
   11.903320312500000       -1.16695535    
   11.909179687500000       -1.18179524    
   11.915039062500000       -1.19687080    
   11.920898437500000       -1.21218669    
   11.926757812500000       -1.22774768    
   11.932617187500000       -1.24355817    
   11.938476562500000       -1.25962341    
   11.944335937500000       -1.27594805    
   11.950195312500000       -1.29253757    
   11.956054687500000       -1.30939662    
   11.961914062500000       -1.32653105    
   11.967773437500000       -1.34394586    
   11.973632812500000       -1.36164725    
   11.979492187500000       -1.37963998    
   11.985351562500000       -1.39793134    
   11.991210937500000       -1.41652465    
   11.997070312500000       -1.43543208    
