   2.9296875000000000E-003  -3.76783347    
   8.7890625000000000E-003  -3.74136162    
   1.4648437500000000E-002  -3.71540070    
   2.0507812500000000E-002  -3.68992257    
   2.6367187500000000E-002  -3.66492295    
   3.2226562500000000E-002  -3.64038658    
   3.8085937500000000E-002  -3.61630559    
   4.3945312500000000E-002  -3.59266710    
   4.9804687500000000E-002  -3.56946230    
   5.5664062500000000E-002  -3.54668021    
   6.1523437500000000E-002  -3.52431202    
   6.7382812500000000E-002  -3.50234771    
   7.3242187500000000E-002  -3.48077822    
   7.9101562500000000E-002  -3.45959473    
   8.4960937500000000E-002  -3.43878841    
   9.0820312500000000E-002  -3.41835070    
   9.6679687500000000E-002  -3.39827371    
  0.10253906250000000       -3.37854886    
  0.10839843750000000       -3.35916901    
  0.11425781250000000       -3.34012580    
  0.12011718750000000       -3.32141256    
  0.12597656250000000       -3.30302167    
  0.13183593750000000       -3.28494644    
  0.13769531250000000       -3.26717949    
  0.14355468750000000       -3.24971461    
  0.14941406250000000       -3.23254514    
  0.15527343750000000       -3.21566486    
  0.16113281250000000       -3.19906735    
  0.16699218750000000       -3.18274689    
  0.17285156250000000       -3.16669750    
  0.17871093750000000       -3.15091348    
  0.18457031250000000       -3.13538933    
  0.19042968750000000       -3.12011957    
  0.19628906250000000       -3.10509920    
  0.20214843750000000       -3.09032249    
  0.20800781250000000       -3.07578468    
  0.21386718750000000       -3.06148124    
  0.21972656250000000       -3.04740667    
  0.22558593750000000       -3.03355694    
  0.23144531250000000       -3.01992726    
  0.23730468750000000       -3.00651288    
  0.24316406250000000       -2.99330997    
  0.24902343750000000       -2.98031425    
  0.25488281250000000       -2.96752119    
  0.26074218750000000       -2.95492697    
  0.26660156250000000       -2.94252801    
  0.27246093750000000       -2.93031979    
  0.27832031250000000       -2.91829920    
  0.28417968750000000       -2.90646219    
  0.29003906250000000       -2.89480519    
  0.29589843750000000       -2.88332510    
  0.30175781250000000       -2.87201786    
  0.30761718750000000       -2.86088085    
  0.31347656250000000       -2.84991026    
  0.31933593750000000       -2.83910298    
  0.32519531250000000       -2.82845640    
  0.33105468750000000       -2.81796694    
  0.33691406250000000       -2.80763173    
  0.34277343750000000       -2.79744816    
  0.34863281250000000       -2.78741288    
  0.35449218750000000       -2.77752376    
  0.36035156250000000       -2.76777768    
  0.36621093750000000       -2.75817180    
  0.37207031250000000       -2.74870420    
  0.37792968750000000       -2.73937178    
  0.38378906250000000       -2.73017216    
  0.38964843750000000       -2.72110319    
  0.39550781250000000       -2.71216226    
  0.40136718750000000       -2.70334697    
  0.40722656250000000       -2.69465542    
  0.41308593750000000       -2.68608499    
  0.41894531250000000       -2.67763376    
  0.42480468750000000       -2.66929936    
  0.43066406250000000       -2.66108012    
  0.43652343750000000       -2.65297365    
  0.44238281250000000       -2.64497805    
  0.44824218750000000       -2.63709164    
  0.45410156250000000       -2.62931204    
  0.45996093750000000       -2.62163782    
  0.46582031250000000       -2.61406684    
  0.47167968750000000       -2.60659742    
  0.47753906250000000       -2.59922791    
  0.48339843750000000       -2.59195638    
  0.48925781250000000       -2.58478141    
  0.49511718750000000       -2.57770109    
  0.50097656250000000       -2.57071424    
  0.50683593750000000       -2.56381869    
  0.51269531250000000       -2.55701327    
  0.51855468750000000       -2.55029655    
  0.52441406250000000       -2.54366684    
  0.53027343750000000       -2.53712249    
  0.53613281250000000       -2.53066254    
  0.54199218750000000       -2.52428555    
  0.54785156250000000       -2.51798987    
  0.55371093750000000       -2.51177406    
  0.55957031250000000       -2.50563717    
  0.56542968750000000       -2.49957800    
  0.57128906250000000       -2.49359465    
  0.57714843750000000       -2.48768663    
  0.58300781250000000       -2.48185229    
  0.58886718750000000       -2.47609043    
  0.59472656250000000       -2.47040009    
  0.60058593750000000       -2.46478009    
  0.60644531250000000       -2.45922923    
  0.61230468750000000       -2.45374656    
  0.61816406250000000       -2.44833064    
  0.62402343750000000       -2.44298077    
  0.62988281250000000       -2.43769574    
  0.63574218750000000       -2.43247461    
  0.64160156250000000       -2.42731643    
  0.64746093750000000       -2.42221999    
  0.65332031250000000       -2.41718459    
  0.65917968750000000       -2.41220927    
  0.66503906250000000       -2.40729284    
  0.67089843750000000       -2.40243483    
  0.67675781250000000       -2.39763403    
  0.68261718750000000       -2.39288950    
  0.68847656250000000       -2.38820052    
  0.69433593750000000       -2.38356638    
  0.70019531250000000       -2.37898612    
  0.70605468750000000       -2.37445903    
  0.71191406250000000       -2.36998391    
  0.71777343750000000       -2.36556053    
  0.72363281250000000       -2.36118770    
  0.72949218750000000       -2.35686493    
  0.73535156250000000       -2.35259128    
  0.74121093750000000       -2.34836650    
  0.74707031250000000       -2.34418917    
  0.75292968750000000       -2.34005904    
  0.75878906250000000       -2.33597541    
  0.76464843750000000       -2.33193731    
  0.77050781250000000       -2.32794452    
  0.77636718750000000       -2.32399583    
  0.78222656250000000       -2.32009125    
  0.78808593750000000       -2.31622958    
  0.79394531250000000       -2.31241059    
  0.79980468750000000       -2.30863333    
  0.80566406250000000       -2.30489755    
  0.81152343750000000       -2.30120254    
  0.81738281250000000       -2.29754758    
  0.82324218750000000       -2.29393220    
  0.82910156250000000       -2.29035592    
  0.83496093750000000       -2.28681803    
  0.84082031250000000       -2.28331828    
  0.84667968750000000       -2.27985573    
  0.85253906250000000       -2.27643013    
  0.85839843750000000       -2.27304101    
  0.86425781250000000       -2.26968789    
  0.87011718750000000       -2.26637006    
  0.87597656250000000       -2.26308703    
  0.88183593750000000       -2.25983858    
  0.88769531250000000       -2.25662398    
  0.89355468750000000       -2.25344300    
  0.89941406250000000       -2.25029516    
  0.90527343750000000       -2.24717951    
  0.91113281250000000       -2.24409652    
  0.91699218750000000       -2.24104500    
  0.92285156250000000       -2.23802495    
  0.92871093750000000       -2.23503542    
  0.93457031250000000       -2.23207688    
  0.94042968750000000       -2.22914791    
  0.94628906250000000       -2.22624898    
  0.95214843750000000       -2.22337937    
  0.95800781250000000       -2.22053838    
  0.96386718750000000       -2.21772599    
  0.96972656250000000       -2.21494198    
  0.97558593750000000       -2.21218562    
  0.98144531250000000       -2.20945668    
  0.98730468750000000       -2.20675468    
  0.99316406250000000       -2.20407963    
  0.99902343750000000       -2.20143080    
   1.0048828125000000       -2.19880819    
   1.0107421875000000       -2.19621110    
   1.0166015625000000       -2.19363928    
   1.0224609375000000       -2.19109297    
   1.0283203125000000       -2.18857098    
   1.0341796875000000       -2.18607354    
   1.0400390625000000       -2.18360043    
   1.0458984375000000       -2.18115091    
   1.0517578125000000       -2.17872500    
   1.0576171875000000       -2.17632222    
   1.0634765625000000       -2.17394233    
   1.0693359375000000       -2.17158532    
   1.0751953125000000       -2.16925049    
   1.0810546875000000       -2.16693783    
   1.0869140625000000       -2.16464686    
   1.0927734375000000       -2.16237760    
   1.0986328125000000       -2.16012955    
   1.1044921875000000       -2.15790248    
   1.1103515625000000       -2.15569639    
   1.1162109375000000       -2.15351057    
   1.1220703125000000       -2.15134525    
   1.1279296875000000       -2.14919996    
   1.1337890625000000       -2.14707446    
   1.1396484375000000       -2.14496827    
   1.1455078125000000       -2.14288163    
   1.1513671875000000       -2.14081407    
   1.1572265625000000       -2.13876534    
   1.1630859375000000       -2.13673520    
   1.1689453125000000       -2.13472342    
   1.1748046875000000       -2.13273001    
   1.1806640625000000       -2.13075447    
   1.1865234375000000       -2.12879658    
   1.1923828125000000       -2.12685657    
   1.1982421875000000       -2.12493372    
   1.2041015625000000       -2.12302804    
   1.2099609375000000       -2.12113929    
   1.2158203125000000       -2.11926746    
   1.2216796875000000       -2.11741209    
   1.2275390625000000       -2.11557317    
   1.2333984375000000       -2.11375046    
   1.2392578125000000       -2.11194372    
   1.2451171875000000       -2.11015272    
   1.2509765625000000       -2.10837746    
   1.2568359375000000       -2.10661769    
   1.2626953125000000       -2.10487318    
   1.2685546875000000       -2.10314369    
   1.2744140625000000       -2.10142922    
   1.2802734375000000       -2.09972954    
   1.2861328125000000       -2.09804463    
   1.2919921875000000       -2.09637403    
   1.2978515625000000       -2.09471774    
   1.3037109375000000       -2.09307551    
   1.3095703125000000       -2.09144735    
   1.3154296875000000       -2.08983302    
   1.3212890625000000       -2.08823228    
   1.3271484375000000       -2.08664513    
   1.3330078125000000       -2.08507133    
   1.3388671875000000       -2.08351088    
   1.3447265625000000       -2.08196354    
   1.3505859375000000       -2.08042884    
   1.3564453125000000       -2.07890725    
   1.3623046875000000       -2.07739806    
   1.3681640625000000       -2.07590151    
   1.3740234375000000       -2.07441735    
   1.3798828125000000       -2.07294559    
   1.3857421875000000       -2.07148576    
   1.3916015625000000       -2.07003808    
   1.3974609375000000       -2.06860232    
   1.4033203125000000       -2.06717801    
   1.4091796875000000       -2.06576562    
   1.4150390625000000       -2.06436443    
   1.4208984375000000       -2.06297493    
   1.4267578125000000       -2.06159639    
   1.4326171875000000       -2.06022930    
   1.4384765625000000       -2.05887294    
   1.4443359375000000       -2.05752778    
   1.4501953125000000       -2.05619311    
   1.4560546875000000       -2.05486941    
   1.4619140625000000       -2.05355620    
   1.4677734375000000       -2.05225325    
   1.4736328125000000       -2.05096102    
   1.4794921875000000       -2.04967856    
   1.4853515625000000       -2.04840660    
   1.4912109375000000       -2.04714465    
   1.4970703125000000       -2.04589272    
   1.5029296875000000       -2.04465032    
   1.5087890625000000       -2.04341793    
   1.5146484375000000       -2.04219508    
   1.5205078125000000       -2.04098177    
   1.5263671875000000       -2.03977799    
   1.5322265625000000       -2.03858352    
   1.5380859375000000       -2.03739810    
   1.5439453125000000       -2.03622198    
   1.5498046875000000       -2.03505492    
   1.5556640625000000       -2.03389692    
   1.5615234375000000       -2.03274798    
   1.5673828125000000       -2.03160763    
   1.5732421875000000       -2.03047585    
   1.5791015625000000       -2.02935314    
   1.5849609375000000       -2.02823853    
   1.5908203125000000       -2.02713275    
   1.5966796875000000       -2.02603507    
   1.6025390625000000       -2.02494597    
   1.6083984375000000       -2.02386475    
   1.6142578125000000       -2.02279186    
   1.6201171875000000       -2.02172709    
   1.6259765625000000       -2.02067018    
   1.6318359375000000       -2.01962113    
   1.6376953125000000       -2.01858020    
   1.6435546875000000       -2.01754665    
   1.6494140625000000       -2.01652122    
   1.6552734375000000       -2.01550317    
   1.6611328125000000       -2.01449251    
   1.6669921875000000       -2.01348948    
   1.6728515625000000       -2.01249385    
   1.6787109375000000       -2.01150537    
   1.6845703125000000       -2.01052427    
   1.6904296875000000       -2.00955033    
   1.6962890625000000       -2.00858378    
   1.7021484375000000       -2.00762391    
   1.7080078125000000       -2.00667119    
   1.7138671875000000       -2.00572538    
   1.7197265625000000       -2.00478649    
   1.7255859375000000       -2.00385427    
   1.7314453125000000       -2.00292873    
   1.7373046875000000       -2.00201011    
   1.7431640625000000       -2.00109792    
   1.7490234375000000       -2.00019240    
   1.7548828125000000       -1.99929321    
   1.7607421875000000       -1.99840057    
   1.7666015625000000       -1.99751413    
   1.7724609375000000       -1.99663413    
   1.7783203125000000       -1.99576044    
   1.7841796875000000       -1.99489284    
   1.7900390625000000       -1.99403143    
   1.7958984375000000       -1.99317598    
   1.8017578125000000       -1.99232674    
   1.8076171875000000       -1.99148345    
   1.8134765625000000       -1.99064600    
   1.8193359375000000       -1.98981452    
   1.8251953125000000       -1.98898876    
   1.8310546875000000       -1.98816884    
   1.8369140625000000       -1.98735452    
   1.8427734375000000       -1.98654604    
   1.8486328125000000       -1.98574305    
   1.8544921875000000       -1.98494577    
   1.8603515625000000       -1.98415387    
   1.8662109375000000       -1.98336744    
   1.8720703125000000       -1.98258638    
   1.8779296875000000       -1.98181081    
   1.8837890625000000       -1.98104048    
   1.8896484375000000       -1.98027551    
   1.8955078125000000       -1.97951567    
   1.9013671875000000       -1.97876108    
   1.9072265625000000       -1.97801173    
   1.9130859375000000       -1.97726738    
   1.9189453125000000       -1.97652805    
   1.9248046875000000       -1.97579372    
   1.9306640625000000       -1.97506440    
   1.9365234375000000       -1.97434008    
   1.9423828125000000       -1.97362041    
   1.9482421875000000       -1.97290587    
   1.9541015625000000       -1.97219598    
   1.9599609375000000       -1.97149074    
   1.9658203125000000       -1.97079039    
   1.9716796875000000       -1.97009480    
   1.9775390625000000       -1.96940374    
   1.9833984375000000       -1.96871722    
   1.9892578125000000       -1.96803534    
   1.9951171875000000       -1.96735787    
   2.0009765625000000       -1.96668506    
   2.0068359375000000       -1.96601653    
   2.0126953125000000       -1.96535254    
   2.0185546875000000       -1.96469283    
   2.0244140625000000       -1.96403754    
   2.0302734375000000       -1.96338654    
   2.0361328125000000       -1.96273983    
   2.0419921875000000       -1.96209729    
   2.0478515625000000       -1.96145892    
   2.0537109375000000       -1.96082473    
   2.0595703125000000       -1.96019471    
   2.0654296875000000       -1.95956874    
   2.0712890625000000       -1.95894682    
   2.0771484375000000       -1.95832896    
   2.0830078125000000       -1.95771515    
   2.0888671875000000       -1.95710528    
   2.0947265625000000       -1.95649934    
   2.1005859375000000       -1.95589721    
   2.1064453125000000       -1.95529902    
   2.1123046875000000       -1.95470476    
   2.1181640625000000       -1.95411420    
   2.1240234375000000       -1.95352745    
   2.1298828125000000       -1.95294440    
   2.1357421875000000       -1.95236504    
   2.1416015625000000       -1.95178938    
   2.1474609375000000       -1.95121741    
   2.1533203125000000       -1.95064902    
   2.1591796875000000       -1.95008445    
   2.1650390625000000       -1.94952321    
   2.1708984375000000       -1.94896555    
   2.1767578125000000       -1.94841146    
   2.1826171875000000       -1.94786084    
   2.1884765625000000       -1.94731355    
   2.1943359375000000       -1.94676983    
   2.2001953125000000       -1.94622958    
   2.2060546875000000       -1.94569254    
   2.2119140625000000       -1.94515908    
   2.2177734375000000       -1.94462872    
   2.2236328125000000       -1.94410181    
   2.2294921875000000       -1.94357812    
   2.2353515625000000       -1.94305754    
   2.2412109375000000       -1.94254041    
   2.2470703125000000       -1.94202638    
   2.2529296875000000       -1.94151556    
   2.2587890625000000       -1.94100785    
   2.2646484375000000       -1.94050336    
   2.2705078125000000       -1.94000185    
   2.2763671875000000       -1.93950343    
   2.2822265625000000       -1.93900812    
   2.2880859375000000       -1.93851578    
   2.2939453125000000       -1.93802655    
   2.2998046875000000       -1.93754029    
   2.3056640625000000       -1.93705690    
   2.3115234375000000       -1.93657649    
   2.3173828125000000       -1.93609905    
   2.3232421875000000       -1.93562448    
   2.3291015625000000       -1.93515277    
   2.3349609375000000       -1.93468392    
   2.3408203125000000       -1.93421793    
   2.3466796875000000       -1.93375480    
   2.3525390625000000       -1.93329430    
   2.3583984375000000       -1.93283677    
   2.3642578125000000       -1.93238175    
   2.3701171875000000       -1.93192971    
   2.3759765625000000       -1.93148029    
   2.3818359375000000       -1.93103349    
   2.3876953125000000       -1.93058944    
   2.3935546875000000       -1.93014801    
   2.3994140625000000       -1.92970920    
   2.4052734375000000       -1.92927301    
   2.4111328125000000       -1.92883945    
   2.4169921875000000       -1.92840850    
   2.4228515625000000       -1.92797995    
   2.4287109375000000       -1.92755401    
   2.4345703125000000       -1.92713070    
   2.4404296875000000       -1.92670977    
   2.4462890625000000       -1.92629135    
   2.4521484375000000       -1.92587531    
   2.4580078125000000       -1.92546189    
   2.4638671875000000       -1.92505074    
   2.4697265625000000       -1.92464209    
   2.4755859375000000       -1.92423594    
   2.4814453125000000       -1.92383194    
   2.4873046875000000       -1.92343044    
   2.4931640625000000       -1.92303121    
   2.4990234375000000       -1.92263436    
   2.5048828125000000       -1.92223978    
   2.5107421875000000       -1.92184758    
   2.5166015625000000       -1.92145753    
   2.5224609375000000       -1.92106986    
   2.5283203125000000       -1.92068434    
   2.5341796875000000       -1.92030120    
   2.5400390625000000       -1.91992009    
   2.5458984375000000       -1.91954136    
   2.5517578125000000       -1.91916466    
   2.5576171875000000       -1.91879022    
   2.5634765625000000       -1.91841793    
   2.5693359375000000       -1.91804767    
   2.5751953125000000       -1.91767967    
   2.5810546875000000       -1.91731358    
   2.5869140625000000       -1.91694975    
   2.5927734375000000       -1.91658807    
   2.5986328125000000       -1.91622829    
   2.6044921875000000       -1.91587067    
   2.6103515625000000       -1.91551495    
   2.6162109375000000       -1.91516137    
   2.6220703125000000       -1.91480982    
   2.6279296875000000       -1.91446018    
   2.6337890625000000       -1.91411257    
   2.6396484375000000       -1.91376698    
   2.6455078125000000       -1.91342318    
   2.6513671875000000       -1.91308153    
   2.6572265625000000       -1.91274166    
   2.6630859375000000       -1.91240382    
   2.6689453125000000       -1.91206777    
   2.6748046875000000       -1.91173363    
   2.6806640625000000       -1.91140139    
   2.6865234375000000       -1.91107094    
   2.6923828125000000       -1.91074252    
   2.6982421875000000       -1.91041577    
   2.7041015625000000       -1.91009092    
   2.7099609375000000       -1.90976787    
   2.7158203125000000       -1.90944672    
   2.7216796875000000       -1.90912712    
   2.7275390625000000       -1.90880954    
   2.7333984375000000       -1.90849364    
   2.7392578125000000       -1.90817940    
   2.7451171875000000       -1.90786707    
   2.7509765625000000       -1.90755630    
   2.7568359375000000       -1.90724742    
   2.7626953125000000       -1.90694010    
   2.7685546875000000       -1.90663457    
   2.7744140625000000       -1.90633082    
   2.7802734375000000       -1.90602863    
   2.7861328125000000       -1.90572810    
   2.7919921875000000       -1.90542924    
   2.7978515625000000       -1.90513194    
   2.8037109375000000       -1.90483642    
   2.8095703125000000       -1.90454245    
   2.8154296875000000       -1.90425003    
   2.8212890625000000       -1.90395939    
   2.8271484375000000       -1.90367019    
   2.8330078125000000       -1.90338254    
   2.8388671875000000       -1.90309656    
   2.8447265625000000       -1.90281212    
   2.8505859375000000       -1.90252924    
   2.8564453125000000       -1.90224791    
   2.8623046875000000       -1.90196800    
   2.8681640625000000       -1.90168977    
   2.8740234375000000       -1.90141284    
   2.8798828125000000       -1.90113759    
   2.8857421875000000       -1.90086389    
   2.8916015625000000       -1.90059137    
   2.8974609375000000       -1.90032065    
   2.9033203125000000       -1.90005124    
   2.9091796875000000       -1.89978325    
   2.9150390625000000       -1.89951682    
   2.9208984375000000       -1.89925170    
   2.9267578125000000       -1.89898813    
   2.9326171875000000       -1.89872599    
   2.9384765625000000       -1.89846504    
   2.9443359375000000       -1.89820576    
   2.9501953125000000       -1.89794767    
   2.9560546875000000       -1.89769101    
   2.9619140625000000       -1.89743578    
   2.9677734375000000       -1.89718199    
   2.9736328125000000       -1.89692938    
   2.9794921875000000       -1.89667821    
   2.9853515625000000       -1.89642835    
   2.9912109375000000       -1.89617980    
   2.9970703125000000       -1.89593267    
   3.0029296875000000       -1.89568686    
   3.0087890625000000       -1.89544225    
   3.0146484375000000       -1.89519894    
   3.0205078125000000       -1.89495707    
   3.0263671875000000       -1.89471638    
   3.0322265625000000       -1.89447701    
   3.0380859375000000       -1.89423883    
   3.0439453125000000       -1.89400184    
   3.0498046875000000       -1.89376628    
   3.0556640625000000       -1.89353192    
   3.0615234375000000       -1.89329875    
   3.0673828125000000       -1.89306688    
   3.0732421875000000       -1.89283609    
   3.0791015625000000       -1.89260674    
   3.0849609375000000       -1.89237845    
   3.0908203125000000       -1.89215124    
   3.0966796875000000       -1.89192545    
   3.1025390625000000       -1.89170074    
   3.1083984375000000       -1.89147723    
   3.1142578125000000       -1.89125490    
   3.1201171875000000       -1.89103377    
   3.1259765625000000       -1.89081371    
   3.1318359375000000       -1.89059484    
   3.1376953125000000       -1.89037716    
   3.1435546875000000       -1.89016044    
   3.1494140625000000       -1.88994515    
   3.1552734375000000       -1.88973069    
   3.1611328125000000       -1.88951743    
   3.1669921875000000       -1.88930547    
   3.1728515625000000       -1.88909435    
   3.1787109375000000       -1.88888454    
   3.1845703125000000       -1.88867569    
   3.1904296875000000       -1.88846803    
   3.1962890625000000       -1.88826144    
   3.2021484375000000       -1.88805580    
   3.2080078125000000       -1.88785124    
   3.2138671875000000       -1.88764787    
   3.2197265625000000       -1.88744545    
   3.2255859375000000       -1.88724411    
   3.2314453125000000       -1.88704371    
   3.2373046875000000       -1.88684452    
   3.2431640625000000       -1.88664627    
   3.2490234375000000       -1.88644910    
   3.2548828125000000       -1.88625276    
   3.2607421875000000       -1.88605773    
   3.2666015625000000       -1.88586354    
   3.2724609375000000       -1.88567030    
   3.2783203125000000       -1.88547814    
   3.2841796875000000       -1.88528693    
   3.2900390625000000       -1.88509667    
   3.2958984375000000       -1.88490748    
   3.3017578125000000       -1.88471925    
   3.3076171875000000       -1.88453186    
   3.3134765625000000       -1.88434565    
   3.3193359375000000       -1.88416028    
   3.3251953125000000       -1.88397586    
   3.3310546875000000       -1.88379240    
   3.3369140625000000       -1.88360977    
   3.3427734375000000       -1.88342810    
   3.3486328125000000       -1.88324749    
   3.3544921875000000       -1.88306761    
   3.3603515625000000       -1.88288879    
   3.3662109375000000       -1.88271093    
   3.3720703125000000       -1.88253391    
   3.3779296875000000       -1.88235772    
   3.3837890625000000       -1.88218260    
   3.3896484375000000       -1.88200831    
   3.3955078125000000       -1.88183475    
   3.4013671875000000       -1.88166225    
   3.4072265625000000       -1.88149059    
   3.4130859375000000       -1.88131976    
   3.4189453125000000       -1.88114977    
   3.4248046875000000       -1.88098073    
   3.4306640625000000       -1.88081253    
   3.4365234375000000       -1.88064516    
   3.4423828125000000       -1.88047862    
   3.4482421875000000       -1.88031292    
   3.4541015625000000       -1.88014817    
   3.4599609375000000       -1.87998414    
   3.4658203125000000       -1.87982106    
   3.4716796875000000       -1.87965870    
   3.4775390625000000       -1.87949717    
   3.4833984375000000       -1.87933648    
   3.4892578125000000       -1.87917662    
   3.4951171875000000       -1.87901759    
   3.5009765625000000       -1.87885928    
   3.5068359375000000       -1.87870181    
   3.5126953125000000       -1.87854517    
   3.5185546875000000       -1.87838936    
   3.5244140625000000       -1.87823415    
   3.5302734375000000       -1.87807989    
   3.5361328125000000       -1.87792635    
   3.5419921875000000       -1.87777352    
   3.5478515625000000       -1.87762165    
   3.5537109375000000       -1.87747037    
   3.5595703125000000       -1.87731993    
   3.5654296875000000       -1.87717032    
   3.5712890625000000       -1.87702143    
   3.5771484375000000       -1.87687314    
   3.5830078125000000       -1.87672567    
   3.5888671875000000       -1.87657893    
   3.5947265625000000       -1.87643301    
   3.6005859375000000       -1.87628782    
   3.6064453125000000       -1.87614334    
   3.6123046875000000       -1.87599957    
   3.6181640625000000       -1.87585652    
   3.6240234375000000       -1.87571418    
   3.6298828125000000       -1.87557256    
   3.6357421875000000       -1.87543166    
   3.6416015625000000       -1.87529147    
   3.6474609375000000       -1.87515199    
   3.6533203125000000       -1.87501323    
   3.6591796875000000       -1.87487519    
   3.6650390625000000       -1.87473774    
   3.6708984375000000       -1.87460101    
   3.6767578125000000       -1.87446499    
   3.6826171875000000       -1.87432969    
   3.6884765625000000       -1.87419498    
   3.6943359375000000       -1.87406111    
   3.7001953125000000       -1.87392783    
   3.7060546875000000       -1.87379515    
   3.7119140625000000       -1.87366319    
   3.7177734375000000       -1.87353182    
   3.7236328125000000       -1.87340117    
   3.7294921875000000       -1.87327123    
   3.7353515625000000       -1.87314177    
   3.7412109375000000       -1.87301314    
   3.7470703125000000       -1.87288511    
   3.7529296875000000       -1.87275767    
   3.7587890625000000       -1.87263095    
   3.7646484375000000       -1.87250483    
   3.7705078125000000       -1.87237930    
   3.7763671875000000       -1.87225449    
   3.7822265625000000       -1.87213016    
   3.7880859375000000       -1.87200665    
   3.7939453125000000       -1.87188363    
   3.7998046875000000       -1.87176120    
   3.8056640625000000       -1.87163949    
   3.8115234375000000       -1.87151837    
   3.8173828125000000       -1.87139773    
   3.8232421875000000       -1.87127781    
   3.8291015625000000       -1.87115848    
   3.8349609375000000       -1.87103963    
   3.8408203125000000       -1.87092161    
   3.8466796875000000       -1.87080407    
   3.8525390625000000       -1.87068701    
   3.8583984375000000       -1.87057078    
   3.8642578125000000       -1.87045491    
   3.8701171875000000       -1.87033975    
   3.8759765625000000       -1.87022507    
   3.8818359375000000       -1.87011099    
   3.8876953125000000       -1.86999750    
   3.8935546875000000       -1.86988461    
   3.8994140625000000       -1.86977232    
   3.9052734375000000       -1.86966050    
   3.9111328125000000       -1.86954939    
   3.9169921875000000       -1.86943865    
   3.9228515625000000       -1.86932850    
   3.9287109375000000       -1.86921906    
   3.9345703125000000       -1.86910999    
   3.9404296875000000       -1.86900163    
   3.9462890625000000       -1.86889374    
   3.9521484375000000       -1.86878633    
   3.9580078125000000       -1.86867952    
   3.9638671875000000       -1.86857331    
   3.9697265625000000       -1.86846757    
   3.9755859375000000       -1.86836231    
   3.9814453125000000       -1.86825764    
   3.9873046875000000       -1.86815345    
   3.9931640625000000       -1.86804998    
   3.9990234375000000       -1.86794686    
   4.0048828125000000       -1.86784434    
   4.0107421875000000       -1.86774218    
   4.0166015625000000       -1.86764061    
   4.0224609375000000       -1.86753964    
   4.0283203125000000       -1.86743915    
   4.0341796875000000       -1.86733913    
   4.0400390625000000       -1.86723959    
   4.0458984375000000       -1.86714065    
   4.0517578125000000       -1.86704218    
   4.0576171875000000       -1.86694419    
   4.0634765625000000       -1.86684668    
   4.0693359375000000       -1.86674964    
   4.0751953125000000       -1.86665320    
   4.0810546875000000       -1.86655724    
   4.0869140625000000       -1.86646163    
   4.0927734375000000       -1.86636662    
   4.0986328125000000       -1.86627209    
   4.1044921875000000       -1.86617804    
   4.1103515625000000       -1.86608446    
   4.1162109375000000       -1.86599135    
   4.1220703125000000       -1.86589861    
   4.1279296875000000       -1.86580646    
   4.1337890625000000       -1.86571479    
   4.1396484375000000       -1.86562359    
   4.1455078125000000       -1.86553288    
   4.1513671875000000       -1.86544251    
   4.1572265625000000       -1.86535263    
   4.1630859375000000       -1.86526334    
   4.1689453125000000       -1.86517441    
   4.1748046875000000       -1.86508596    
   4.1806640625000000       -1.86499798    
   4.1865234375000000       -1.86491048    
   4.1923828125000000       -1.86482334    
   4.1982421875000000       -1.86473668    
   4.2041015625000000       -1.86465049    
   4.2099609375000000       -1.86456478    
   4.2158203125000000       -1.86447942    
   4.2216796875000000       -1.86439455    
   4.2275390625000000       -1.86431015    
   4.2333984375000000       -1.86422610    
   4.2392578125000000       -1.86414254    
   4.2451171875000000       -1.86405945    
   4.2509765625000000       -1.86397672    
   4.2568359375000000       -1.86389446    
   4.2626953125000000       -1.86381257    
   4.2685546875000000       -1.86373115    
   4.2744140625000000       -1.86365020    
   4.2802734375000000       -1.86356974    
   4.2861328125000000       -1.86348963    
   4.2919921875000000       -1.86340988    
   4.2978515625000000       -1.86333048    
   4.3037109375000000       -1.86325169    
   4.3095703125000000       -1.86317313    
   4.3154296875000000       -1.86309505    
   4.3212890625000000       -1.86301744    
   4.3271484375000000       -1.86294019    
   4.3330078125000000       -1.86286330    
   4.3388671875000000       -1.86278689    
   4.3447265625000000       -1.86271083    
   4.3505859375000000       -1.86263525    
   4.3564453125000000       -1.86255991    
   4.3623046875000000       -1.86248505    
   4.3681640625000000       -1.86241066    
   4.3740234375000000       -1.86233664    
   4.3798828125000000       -1.86226296    
   4.3857421875000000       -1.86218977    
   4.3916015625000000       -1.86211681    
   4.3974609375000000       -1.86204445    
   4.4033203125000000       -1.86197233    
   4.4091796875000000       -1.86190057    
   4.4150390625000000       -1.86182928    
   4.4208984375000000       -1.86175835    
   4.4267578125000000       -1.86168778    
   4.4326171875000000       -1.86161757    
   4.4384765625000000       -1.86154783    
   4.4443359375000000       -1.86147833    
   4.4501953125000000       -1.86140931    
   4.4560546875000000       -1.86134076    
   4.4619140625000000       -1.86127234    
   4.4677734375000000       -1.86120450    
   4.4736328125000000       -1.86113691    
   4.4794921875000000       -1.86106968    
   4.4853515625000000       -1.86100292    
   4.4912109375000000       -1.86093640    
   4.4970703125000000       -1.86087024    
   4.5029296875000000       -1.86080444    
   4.5087890625000000       -1.86073911    
   4.5146484375000000       -1.86067414    
   4.5205078125000000       -1.86060941    
   4.5263671875000000       -1.86054516    
   4.5322265625000000       -1.86048126    
   4.5380859375000000       -1.86041760    
   4.5439453125000000       -1.86035442    
   4.5498046875000000       -1.86029148    
   4.5556640625000000       -1.86022890    
   4.5615234375000000       -1.86016667    
   4.5673828125000000       -1.86010480    
   4.5732421875000000       -1.86004329    
   4.5791015625000000       -1.85998225    
   4.5849609375000000       -1.85992134    
   4.5908203125000000       -1.85986090    
   4.5966796875000000       -1.85980082    
   4.6025390625000000       -1.85974097    
   4.6083984375000000       -1.85968149    
   4.6142578125000000       -1.85962248    
   4.6201171875000000       -1.85956359    
   4.6259765625000000       -1.85950518    
   4.6318359375000000       -1.85944712    
   4.6376953125000000       -1.85938931    
   4.6435546875000000       -1.85933185    
   4.6494140625000000       -1.85927474    
   4.6552734375000000       -1.85921788    
   4.6611328125000000       -1.85916138    
   4.6669921875000000       -1.85910523    
   4.6728515625000000       -1.85904944    
   4.6787109375000000       -1.85899401    
   4.6845703125000000       -1.85893881    
   4.6904296875000000       -1.85888398    
   4.6962890625000000       -1.85882938    
   4.7021484375000000       -1.85877514    
   4.7080078125000000       -1.85872126    
   4.7138671875000000       -1.85866773    
   4.7197265625000000       -1.85861456    
   4.7255859375000000       -1.85856164    
   4.7314453125000000       -1.85850894    
   4.7373046875000000       -1.85845661    
   4.7431640625000000       -1.85840464    
   4.7490234375000000       -1.85835290    
   4.7548828125000000       -1.85830152    
   4.7607421875000000       -1.85825038    
   4.7666015625000000       -1.85819960    
   4.7724609375000000       -1.85814929    
   4.7783203125000000       -1.85809898    
   4.7841796875000000       -1.85804915    
   4.7900390625000000       -1.85799968    
   4.7958984375000000       -1.85795045    
   4.8017578125000000       -1.85790145    
   4.8076171875000000       -1.85785282    
   4.8134765625000000       -1.85780442    
   4.8193359375000000       -1.85775638    
   4.8251953125000000       -1.85770869    
   4.8310546875000000       -1.85766113    
   4.8369140625000000       -1.85761404    
   4.8427734375000000       -1.85756719    
   4.8486328125000000       -1.85752058    
   4.8544921875000000       -1.85747421    
   4.8603515625000000       -1.85742831    
   4.8662109375000000       -1.85738266    
   4.8720703125000000       -1.85733724    
   4.8779296875000000       -1.85729206    
   4.8837890625000000       -1.85724723    
   4.8896484375000000       -1.85720265    
   4.8955078125000000       -1.85715842    
   4.9013671875000000       -1.85711443    
   4.9072265625000000       -1.85707080    
   4.9130859375000000       -1.85702741    
   4.9189453125000000       -1.85698438    
   4.9248046875000000       -1.85694134    
   4.9306640625000000       -1.85689890    
   4.9365234375000000       -1.85685658    
   4.9423828125000000       -1.85681462    
   4.9482421875000000       -1.85677290    
   4.9541015625000000       -1.85673153    
   4.9599609375000000       -1.85669029    
   4.9658203125000000       -1.85664940    
   4.9716796875000000       -1.85660887    
   4.9775390625000000       -1.85656846    
   4.9833984375000000       -1.85652840    
   4.9892578125000000       -1.85648859    
   4.9951171875000000       -1.85644901    
   5.0009765625000000       -1.85640979    
   5.0068359375000000       -1.85637081    
   5.0126953125000000       -1.85633218    
   5.0185546875000000       -1.85629368    
   5.0244140625000000       -1.85625553    
   5.0302734375000000       -1.85621762    
   5.0361328125000000       -1.85617995    
   5.0419921875000000       -1.85614264    
   5.0478515625000000       -1.85610545    
   5.0537109375000000       -1.85606861    
   5.0595703125000000       -1.85603201    
   5.0654296875000000       -1.85599577    
   5.0712890625000000       -1.85595965    
   5.0771484375000000       -1.85592389    
   5.0830078125000000       -1.85588837    
   5.0888671875000000       -1.85585320    
   5.0947265625000000       -1.85581815    
   5.1005859375000000       -1.85578346    
   5.1064453125000000       -1.85574889    
   5.1123046875000000       -1.85571468    
   5.1181640625000000       -1.85568070    
   5.1240234375000000       -1.85564697    
   5.1298828125000000       -1.85561347    
   5.1357421875000000       -1.85558033    
   5.1416015625000000       -1.85554731    
   5.1474609375000000       -1.85551465    
   5.1533203125000000       -1.85548222    
   5.1591796875000000       -1.85545003    
   5.1650390625000000       -1.85541809    
   5.1708984375000000       -1.85538638    
   5.1767578125000000       -1.85535502    
   5.1826171875000000       -1.85532379    
   5.1884765625000000       -1.85529280    
   5.1943359375000000       -1.85526216    
   5.2001953125000000       -1.85523164    
   5.2060546875000000       -1.85520148    
   5.2119140625000000       -1.85517144    
   5.2177734375000000       -1.85514188    
   5.2236328125000000       -1.85511243    
   5.2294921875000000       -1.85508311    
   5.2353515625000000       -1.85505414    
   5.2412109375000000       -1.85502541    
   5.2470703125000000       -1.85499692    
   5.2529296875000000       -1.85496879    
   5.2587890625000000       -1.85494065    
   5.2646484375000000       -1.85491300    
   5.2705078125000000       -1.85488546    
   5.2763671875000000       -1.85485828    
   5.2822265625000000       -1.85483110    
   5.2880859375000000       -1.85480440    
   5.2939453125000000       -1.85477781    
   5.2998046875000000       -1.85475159    
   5.3056640625000000       -1.85472548    
   5.3115234375000000       -1.85469961    
   5.3173828125000000       -1.85467410    
   5.3232421875000000       -1.85464871    
   5.3291015625000000       -1.85462356    
   5.3349609375000000       -1.85459864    
   5.3408203125000000       -1.85457397    
   5.3466796875000000       -1.85454953    
   5.3525390625000000       -1.85452545    
   5.3583984375000000       -1.85450149    
   5.3642578125000000       -1.85447776    
   5.3701171875000000       -1.85445428    
   5.3759765625000000       -1.85443103    
   5.3818359375000000       -1.85440803    
   5.3876953125000000       -1.85438526    
   5.3935546875000000       -1.85436273    
   5.3994140625000000       -1.85434043    
   5.4052734375000000       -1.85431826    
   5.4111328125000000       -1.85429645    
   5.4169921875000000       -1.85427475    
   5.4228515625000000       -1.85425341    
   5.4287109375000000       -1.85423219    
   5.4345703125000000       -1.85421133    
   5.4404296875000000       -1.85419059    
   5.4462890625000000       -1.85417008    
   5.4521484375000000       -1.85414982    
   5.4580078125000000       -1.85412979    
   5.4638671875000000       -1.85411000    
   5.4697265625000000       -1.85409045    
   5.4755859375000000       -1.85407102    
   5.4814453125000000       -1.85405195    
   5.4873046875000000       -1.85403299    
   5.4931640625000000       -1.85401428    
   5.4990234375000000       -1.85399580    
   5.5048828125000000       -1.85397768    
   5.5107421875000000       -1.85395968    
   5.5166015625000000       -1.85394192    
   5.5224609375000000       -1.85392427    
   5.5283203125000000       -1.85390699    
   5.5341796875000000       -1.85388994    
   5.5400390625000000       -1.85387301    
   5.5458984375000000       -1.85385621    
   5.5517578125000000       -1.85383987    
   5.5576171875000000       -1.85382366    
   5.5634765625000000       -1.85380757    
   5.5693359375000000       -1.85379183    
   5.5751953125000000       -1.85377622    
   5.5810546875000000       -1.85376096    
   5.5869140625000000       -1.85374582    
   5.5927734375000000       -1.85373092    
   5.5986328125000000       -1.85371625    
   5.6044921875000000       -1.85370171    
   5.6103515625000000       -1.85368752    
   5.6162109375000000       -1.85367346    
   5.6220703125000000       -1.85365963    
   5.6279296875000000       -1.85364604    
   5.6337890625000000       -1.85363269    
   5.6396484375000000       -1.85361958    
   5.6455078125000000       -1.85360658    
   5.6513671875000000       -1.85359383    
   5.6572265625000000       -1.85358131    
   5.6630859375000000       -1.85356903    
   5.6689453125000000       -1.85355699    
   5.6748046875000000       -1.85354519    
   5.6806640625000000       -1.85353351    
   5.6865234375000000       -1.85352206    
   5.6923828125000000       -1.85351086    
   5.6982421875000000       -1.85349989    
   5.7041015625000000       -1.85348904    
   5.7099609375000000       -1.85347855    
   5.7158203125000000       -1.85346818    
   5.7216796875000000       -1.85345805    
   5.7275390625000000       -1.85344803    
   5.7333984375000000       -1.85343838    
   5.7392578125000000       -1.85342884    
   5.7451171875000000       -1.85341954    
   5.7509765625000000       -1.85341060    
   5.7568359375000000       -1.85340166    
   5.7626953125000000       -1.85339296    
   5.7685546875000000       -1.85338461    
   5.7744140625000000       -1.85337639    
   5.7802734375000000       -1.85336840    
   5.7861328125000000       -1.85336053    
   5.7919921875000000       -1.85335302    
   5.7978515625000000       -1.85334563    
   5.8037109375000000       -1.85333848    
   5.8095703125000000       -1.85333157    
   5.8154296875000000       -1.85332477    
   5.8212890625000000       -1.85331833    
   5.8271484375000000       -1.85331202    
   5.8330078125000000       -1.85330594    
   5.8388671875000000       -1.85329998    
   5.8447265625000000       -1.85329437    
   5.8505859375000000       -1.85328889    
   5.8564453125000000       -1.85328364    
   5.8623046875000000       -1.85327864    
   5.8681640625000000       -1.85327375    
   5.8740234375000000       -1.85326910    
   5.8798828125000000       -1.85326469    
   5.8857421875000000       -1.85326052    
   5.8916015625000000       -1.85325646    
   5.8974609375000000       -1.85325277    
   5.9033203125000000       -1.85324919    
   5.9091796875000000       -1.85324585    
   5.9150390625000000       -1.85324264    
   5.9208984375000000       -1.85323966    
   5.9267578125000000       -1.85323691    
   5.9326171875000000       -1.85323441    
   5.9384765625000000       -1.85323215    
   5.9443359375000000       -1.85323000    
   5.9501953125000000       -1.85322809    
   5.9560546875000000       -1.85322642    
   5.9619140625000000       -1.85322499    
   5.9677734375000000       -1.85322368    
   5.9736328125000000       -1.85322273    
   5.9794921875000000       -1.85322189    
   5.9853515625000000       -1.85322118    
   5.9912109375000000       -1.85322082    
   5.9970703125000000       -1.85322058    
   6.0029296875000000       -1.85322058    
   6.0087890625000000       -1.85322082    
   6.0146484375000000       -1.85322118    
   6.0205078125000000       -1.85322189    
   6.0263671875000000       -1.85322273    
   6.0322265625000000       -1.85322368    
   6.0380859375000000       -1.85322499    
   6.0439453125000000       -1.85322642    
   6.0498046875000000       -1.85322809    
   6.0556640625000000       -1.85323000    
   6.0615234375000000       -1.85323215    
   6.0673828125000000       -1.85323441    
   6.0732421875000000       -1.85323691    
   6.0791015625000000       -1.85323966    
   6.0849609375000000       -1.85324264    
   6.0908203125000000       -1.85324585    
   6.0966796875000000       -1.85324919    
   6.1025390625000000       -1.85325277    
   6.1083984375000000       -1.85325646    
   6.1142578125000000       -1.85326052    
   6.1201171875000000       -1.85326469    
   6.1259765625000000       -1.85326910    
   6.1318359375000000       -1.85327375    
   6.1376953125000000       -1.85327864    
   6.1435546875000000       -1.85328364    
   6.1494140625000000       -1.85328889    
   6.1552734375000000       -1.85329437    
   6.1611328125000000       -1.85329998    
   6.1669921875000000       -1.85330594    
   6.1728515625000000       -1.85331202    
   6.1787109375000000       -1.85331833    
   6.1845703125000000       -1.85332477    
   6.1904296875000000       -1.85333157    
   6.1962890625000000       -1.85333848    
   6.2021484375000000       -1.85334563    
   6.2080078125000000       -1.85335302    
   6.2138671875000000       -1.85336053    
   6.2197265625000000       -1.85336840    
   6.2255859375000000       -1.85337639    
   6.2314453125000000       -1.85338461    
   6.2373046875000000       -1.85339296    
   6.2431640625000000       -1.85340166    
   6.2490234375000000       -1.85341060    
   6.2548828125000000       -1.85341954    
   6.2607421875000000       -1.85342884    
   6.2666015625000000       -1.85343838    
   6.2724609375000000       -1.85344803    
   6.2783203125000000       -1.85345805    
   6.2841796875000000       -1.85346818    
   6.2900390625000000       -1.85347855    
   6.2958984375000000       -1.85348904    
   6.3017578125000000       -1.85349989    
   6.3076171875000000       -1.85351086    
   6.3134765625000000       -1.85352206    
   6.3193359375000000       -1.85353351    
   6.3251953125000000       -1.85354519    
   6.3310546875000000       -1.85355699    
   6.3369140625000000       -1.85356903    
   6.3427734375000000       -1.85358131    
   6.3486328125000000       -1.85359383    
   6.3544921875000000       -1.85360658    
   6.3603515625000000       -1.85361958    
   6.3662109375000000       -1.85363269    
   6.3720703125000000       -1.85364604    
   6.3779296875000000       -1.85365963    
   6.3837890625000000       -1.85367346    
   6.3896484375000000       -1.85368752    
   6.3955078125000000       -1.85370171    
   6.4013671875000000       -1.85371625    
   6.4072265625000000       -1.85373092    
   6.4130859375000000       -1.85374582    
   6.4189453125000000       -1.85376096    
   6.4248046875000000       -1.85377622    
   6.4306640625000000       -1.85379183    
   6.4365234375000000       -1.85380757    
   6.4423828125000000       -1.85382366    
   6.4482421875000000       -1.85383987    
   6.4541015625000000       -1.85385621    
   6.4599609375000000       -1.85387301    
   6.4658203125000000       -1.85388994    
   6.4716796875000000       -1.85390699    
   6.4775390625000000       -1.85392427    
   6.4833984375000000       -1.85394192    
   6.4892578125000000       -1.85395968    
   6.4951171875000000       -1.85397768    
   6.5009765625000000       -1.85399580    
   6.5068359375000000       -1.85401428    
   6.5126953125000000       -1.85403299    
   6.5185546875000000       -1.85405195    
   6.5244140625000000       -1.85407102    
   6.5302734375000000       -1.85409045    
   6.5361328125000000       -1.85411000    
   6.5419921875000000       -1.85412979    
   6.5478515625000000       -1.85414982    
   6.5537109375000000       -1.85417008    
   6.5595703125000000       -1.85419059    
   6.5654296875000000       -1.85421133    
   6.5712890625000000       -1.85423219    
   6.5771484375000000       -1.85425341    
   6.5830078125000000       -1.85427475    
   6.5888671875000000       -1.85429645    
   6.5947265625000000       -1.85431826    
   6.6005859375000000       -1.85434043    
   6.6064453125000000       -1.85436273    
   6.6123046875000000       -1.85438526    
   6.6181640625000000       -1.85440803    
   6.6240234375000000       -1.85443103    
   6.6298828125000000       -1.85445428    
   6.6357421875000000       -1.85447776    
   6.6416015625000000       -1.85450149    
   6.6474609375000000       -1.85452545    
   6.6533203125000000       -1.85454953    
   6.6591796875000000       -1.85457397    
   6.6650390625000000       -1.85459864    
   6.6708984375000000       -1.85462356    
   6.6767578125000000       -1.85464871    
   6.6826171875000000       -1.85467410    
   6.6884765625000000       -1.85469961    
   6.6943359375000000       -1.85472548    
   6.7001953125000000       -1.85475159    
   6.7060546875000000       -1.85477781    
   6.7119140625000000       -1.85480440    
   6.7177734375000000       -1.85483110    
   6.7236328125000000       -1.85485828    
   6.7294921875000000       -1.85488546    
   6.7353515625000000       -1.85491300    
   6.7412109375000000       -1.85494065    
   6.7470703125000000       -1.85496879    
   6.7529296875000000       -1.85499692    
   6.7587890625000000       -1.85502541    
   6.7646484375000000       -1.85505414    
   6.7705078125000000       -1.85508311    
   6.7763671875000000       -1.85511243    
   6.7822265625000000       -1.85514188    
   6.7880859375000000       -1.85517144    
   6.7939453125000000       -1.85520148    
   6.7998046875000000       -1.85523164    
   6.8056640625000000       -1.85526216    
   6.8115234375000000       -1.85529280    
   6.8173828125000000       -1.85532379    
   6.8232421875000000       -1.85535502    
   6.8291015625000000       -1.85538638    
   6.8349609375000000       -1.85541809    
   6.8408203125000000       -1.85545003    
   6.8466796875000000       -1.85548222    
   6.8525390625000000       -1.85551465    
   6.8583984375000000       -1.85554731    
   6.8642578125000000       -1.85558033    
   6.8701171875000000       -1.85561347    
   6.8759765625000000       -1.85564697    
   6.8818359375000000       -1.85568070    
   6.8876953125000000       -1.85571468    
   6.8935546875000000       -1.85574889    
   6.8994140625000000       -1.85578346    
   6.9052734375000000       -1.85581815    
   6.9111328125000000       -1.85585320    
   6.9169921875000000       -1.85588837    
   6.9228515625000000       -1.85592389    
   6.9287109375000000       -1.85595965    
   6.9345703125000000       -1.85599577    
   6.9404296875000000       -1.85603201    
   6.9462890625000000       -1.85606861    
   6.9521484375000000       -1.85610545    
   6.9580078125000000       -1.85614264    
   6.9638671875000000       -1.85617995    
   6.9697265625000000       -1.85621762    
   6.9755859375000000       -1.85625553    
   6.9814453125000000       -1.85629368    
   6.9873046875000000       -1.85633218    
   6.9931640625000000       -1.85637081    
   6.9990234375000000       -1.85640979    
   7.0048828125000000       -1.85644901    
   7.0107421875000000       -1.85648859    
   7.0166015625000000       -1.85652840    
   7.0224609375000000       -1.85656846    
   7.0283203125000000       -1.85660887    
   7.0341796875000000       -1.85664940    
   7.0400390625000000       -1.85669029    
   7.0458984375000000       -1.85673153    
   7.0517578125000000       -1.85677290    
   7.0576171875000000       -1.85681462    
   7.0634765625000000       -1.85685658    
   7.0693359375000000       -1.85689890    
   7.0751953125000000       -1.85694134    
   7.0810546875000000       -1.85698438    
   7.0869140625000000       -1.85702741    
   7.0927734375000000       -1.85707080    
   7.0986328125000000       -1.85711443    
   7.1044921875000000       -1.85715842    
   7.1103515625000000       -1.85720265    
   7.1162109375000000       -1.85724723    
   7.1220703125000000       -1.85729206    
   7.1279296875000000       -1.85733724    
   7.1337890625000000       -1.85738266    
   7.1396484375000000       -1.85742831    
   7.1455078125000000       -1.85747421    
   7.1513671875000000       -1.85752058    
   7.1572265625000000       -1.85756719    
   7.1630859375000000       -1.85761404    
   7.1689453125000000       -1.85766113    
   7.1748046875000000       -1.85770869    
   7.1806640625000000       -1.85775638    
   7.1865234375000000       -1.85780442    
   7.1923828125000000       -1.85785282    
   7.1982421875000000       -1.85790145    
   7.2041015625000000       -1.85795045    
   7.2099609375000000       -1.85799968    
   7.2158203125000000       -1.85804915    
   7.2216796875000000       -1.85809898    
   7.2275390625000000       -1.85814929    
   7.2333984375000000       -1.85819960    
   7.2392578125000000       -1.85825038    
   7.2451171875000000       -1.85830152    
   7.2509765625000000       -1.85835290    
   7.2568359375000000       -1.85840464    
   7.2626953125000000       -1.85845661    
   7.2685546875000000       -1.85850894    
   7.2744140625000000       -1.85856164    
   7.2802734375000000       -1.85861456    
   7.2861328125000000       -1.85866773    
   7.2919921875000000       -1.85872126    
   7.2978515625000000       -1.85877514    
   7.3037109375000000       -1.85882938    
   7.3095703125000000       -1.85888398    
   7.3154296875000000       -1.85893881    
   7.3212890625000000       -1.85899401    
   7.3271484375000000       -1.85904944    
   7.3330078125000000       -1.85910523    
   7.3388671875000000       -1.85916138    
   7.3447265625000000       -1.85921788    
   7.3505859375000000       -1.85927474    
   7.3564453125000000       -1.85933185    
   7.3623046875000000       -1.85938931    
   7.3681640625000000       -1.85944712    
   7.3740234375000000       -1.85950518    
   7.3798828125000000       -1.85956359    
   7.3857421875000000       -1.85962248    
   7.3916015625000000       -1.85968149    
   7.3974609375000000       -1.85974097    
   7.4033203125000000       -1.85980082    
   7.4091796875000000       -1.85986090    
   7.4150390625000000       -1.85992134    
   7.4208984375000000       -1.85998225    
   7.4267578125000000       -1.86004329    
   7.4326171875000000       -1.86010480    
   7.4384765625000000       -1.86016667    
   7.4443359375000000       -1.86022890    
   7.4501953125000000       -1.86029148    
   7.4560546875000000       -1.86035442    
   7.4619140625000000       -1.86041760    
   7.4677734375000000       -1.86048126    
   7.4736328125000000       -1.86054516    
   7.4794921875000000       -1.86060941    
   7.4853515625000000       -1.86067414    
   7.4912109375000000       -1.86073911    
   7.4970703125000000       -1.86080444    
   7.5029296875000000       -1.86087024    
   7.5087890625000000       -1.86093640    
   7.5146484375000000       -1.86100292    
   7.5205078125000000       -1.86106968    
   7.5263671875000000       -1.86113691    
   7.5322265625000000       -1.86120450    
   7.5380859375000000       -1.86127234    
   7.5439453125000000       -1.86134076    
   7.5498046875000000       -1.86140931    
   7.5556640625000000       -1.86147833    
   7.5615234375000000       -1.86154783    
   7.5673828125000000       -1.86161757    
   7.5732421875000000       -1.86168778    
   7.5791015625000000       -1.86175835    
   7.5849609375000000       -1.86182928    
   7.5908203125000000       -1.86190057    
   7.5966796875000000       -1.86197233    
   7.6025390625000000       -1.86204445    
   7.6083984375000000       -1.86211681    
   7.6142578125000000       -1.86218977    
   7.6201171875000000       -1.86226296    
   7.6259765625000000       -1.86233664    
   7.6318359375000000       -1.86241066    
   7.6376953125000000       -1.86248505    
   7.6435546875000000       -1.86255991    
   7.6494140625000000       -1.86263525    
   7.6552734375000000       -1.86271083    
   7.6611328125000000       -1.86278689    
   7.6669921875000000       -1.86286330    
   7.6728515625000000       -1.86294019    
   7.6787109375000000       -1.86301744    
   7.6845703125000000       -1.86309505    
   7.6904296875000000       -1.86317313    
   7.6962890625000000       -1.86325169    
   7.7021484375000000       -1.86333048    
   7.7080078125000000       -1.86340988    
   7.7138671875000000       -1.86348963    
   7.7197265625000000       -1.86356974    
   7.7255859375000000       -1.86365020    
   7.7314453125000000       -1.86373115    
   7.7373046875000000       -1.86381257    
   7.7431640625000000       -1.86389446    
   7.7490234375000000       -1.86397672    
   7.7548828125000000       -1.86405945    
   7.7607421875000000       -1.86414254    
   7.7666015625000000       -1.86422610    
   7.7724609375000000       -1.86431015    
   7.7783203125000000       -1.86439455    
   7.7841796875000000       -1.86447942    
   7.7900390625000000       -1.86456478    
   7.7958984375000000       -1.86465049    
   7.8017578125000000       -1.86473668    
   7.8076171875000000       -1.86482334    
   7.8134765625000000       -1.86491048    
   7.8193359375000000       -1.86499798    
   7.8251953125000000       -1.86508596    
   7.8310546875000000       -1.86517441    
   7.8369140625000000       -1.86526334    
   7.8427734375000000       -1.86535263    
   7.8486328125000000       -1.86544251    
   7.8544921875000000       -1.86553288    
   7.8603515625000000       -1.86562359    
   7.8662109375000000       -1.86571479    
   7.8720703125000000       -1.86580646    
   7.8779296875000000       -1.86589861    
   7.8837890625000000       -1.86599135    
   7.8896484375000000       -1.86608446    
   7.8955078125000000       -1.86617804    
   7.9013671875000000       -1.86627209    
   7.9072265625000000       -1.86636662    
   7.9130859375000000       -1.86646163    
   7.9189453125000000       -1.86655724    
   7.9248046875000000       -1.86665320    
   7.9306640625000000       -1.86674964    
   7.9365234375000000       -1.86684668    
   7.9423828125000000       -1.86694419    
   7.9482421875000000       -1.86704218    
   7.9541015625000000       -1.86714065    
   7.9599609375000000       -1.86723959    
   7.9658203125000000       -1.86733913    
   7.9716796875000000       -1.86743915    
   7.9775390625000000       -1.86753964    
   7.9833984375000000       -1.86764061    
   7.9892578125000000       -1.86774218    
   7.9951171875000000       -1.86784434    
   8.0009765625000000       -1.86794686    
   8.0068359375000000       -1.86804998    
   8.0126953125000000       -1.86815345    
   8.0185546875000000       -1.86825764    
   8.0244140625000000       -1.86836231    
   8.0302734375000000       -1.86846757    
   8.0361328125000000       -1.86857331    
   8.0419921875000000       -1.86867952    
   8.0478515625000000       -1.86878633    
   8.0537109375000000       -1.86889374    
   8.0595703125000000       -1.86900163    
   8.0654296875000000       -1.86910999    
   8.0712890625000000       -1.86921906    
   8.0771484375000000       -1.86932850    
   8.0830078125000000       -1.86943865    
   8.0888671875000000       -1.86954939    
   8.0947265625000000       -1.86966050    
   8.1005859375000000       -1.86977232    
   8.1064453125000000       -1.86988461    
   8.1123046875000000       -1.86999750    
   8.1181640625000000       -1.87011099    
   8.1240234375000000       -1.87022507    
   8.1298828125000000       -1.87033975    
   8.1357421875000000       -1.87045491    
   8.1416015625000000       -1.87057078    
   8.1474609375000000       -1.87068701    
   8.1533203125000000       -1.87080407    
   8.1591796875000000       -1.87092161    
   8.1650390625000000       -1.87103963    
   8.1708984375000000       -1.87115848    
   8.1767578125000000       -1.87127781    
   8.1826171875000000       -1.87139773    
   8.1884765625000000       -1.87151837    
   8.1943359375000000       -1.87163949    
   8.2001953125000000       -1.87176120    
   8.2060546875000000       -1.87188363    
   8.2119140625000000       -1.87200665    
   8.2177734375000000       -1.87213016    
   8.2236328125000000       -1.87225449    
   8.2294921875000000       -1.87237930    
   8.2353515625000000       -1.87250483    
   8.2412109375000000       -1.87263095    
   8.2470703125000000       -1.87275767    
   8.2529296875000000       -1.87288511    
   8.2587890625000000       -1.87301314    
   8.2646484375000000       -1.87314177    
   8.2705078125000000       -1.87327123    
   8.2763671875000000       -1.87340117    
   8.2822265625000000       -1.87353182    
   8.2880859375000000       -1.87366319    
   8.2939453125000000       -1.87379515    
   8.2998046875000000       -1.87392783    
   8.3056640625000000       -1.87406111    
   8.3115234375000000       -1.87419498    
   8.3173828125000000       -1.87432969    
   8.3232421875000000       -1.87446499    
   8.3291015625000000       -1.87460101    
   8.3349609375000000       -1.87473774    
   8.3408203125000000       -1.87487519    
   8.3466796875000000       -1.87501323    
   8.3525390625000000       -1.87515199    
   8.3583984375000000       -1.87529147    
   8.3642578125000000       -1.87543166    
   8.3701171875000000       -1.87557256    
   8.3759765625000000       -1.87571418    
   8.3818359375000000       -1.87585652    
   8.3876953125000000       -1.87599957    
   8.3935546875000000       -1.87614334    
   8.3994140625000000       -1.87628782    
   8.4052734375000000       -1.87643301    
   8.4111328125000000       -1.87657893    
   8.4169921875000000       -1.87672567    
   8.4228515625000000       -1.87687314    
   8.4287109375000000       -1.87702143    
   8.4345703125000000       -1.87717032    
   8.4404296875000000       -1.87731993    
   8.4462890625000000       -1.87747037    
   8.4521484375000000       -1.87762165    
   8.4580078125000000       -1.87777352    
   8.4638671875000000       -1.87792635    
   8.4697265625000000       -1.87807989    
   8.4755859375000000       -1.87823415    
   8.4814453125000000       -1.87838936    
   8.4873046875000000       -1.87854517    
   8.4931640625000000       -1.87870181    
   8.4990234375000000       -1.87885928    
   8.5048828125000000       -1.87901759    
   8.5107421875000000       -1.87917662    
   8.5166015625000000       -1.87933648    
   8.5224609375000000       -1.87949717    
   8.5283203125000000       -1.87965870    
   8.5341796875000000       -1.87982106    
   8.5400390625000000       -1.87998414    
   8.5458984375000000       -1.88014817    
   8.5517578125000000       -1.88031292    
   8.5576171875000000       -1.88047862    
   8.5634765625000000       -1.88064516    
   8.5693359375000000       -1.88081253    
   8.5751953125000000       -1.88098073    
   8.5810546875000000       -1.88114977    
   8.5869140625000000       -1.88131976    
   8.5927734375000000       -1.88149059    
   8.5986328125000000       -1.88166225    
   8.6044921875000000       -1.88183475    
   8.6103515625000000       -1.88200831    
   8.6162109375000000       -1.88218260    
   8.6220703125000000       -1.88235772    
   8.6279296875000000       -1.88253391    
   8.6337890625000000       -1.88271093    
   8.6396484375000000       -1.88288879    
   8.6455078125000000       -1.88306761    
   8.6513671875000000       -1.88324749    
   8.6572265625000000       -1.88342810    
   8.6630859375000000       -1.88360977    
   8.6689453125000000       -1.88379240    
   8.6748046875000000       -1.88397586    
   8.6806640625000000       -1.88416028    
   8.6865234375000000       -1.88434565    
   8.6923828125000000       -1.88453186    
   8.6982421875000000       -1.88471925    
   8.7041015625000000       -1.88490748    
   8.7099609375000000       -1.88509667    
   8.7158203125000000       -1.88528693    
   8.7216796875000000       -1.88547814    
   8.7275390625000000       -1.88567030    
   8.7333984375000000       -1.88586354    
   8.7392578125000000       -1.88605773    
   8.7451171875000000       -1.88625276    
   8.7509765625000000       -1.88644910    
   8.7568359375000000       -1.88664627    
   8.7626953125000000       -1.88684452    
   8.7685546875000000       -1.88704371    
   8.7744140625000000       -1.88724411    
   8.7802734375000000       -1.88744545    
   8.7861328125000000       -1.88764787    
   8.7919921875000000       -1.88785124    
   8.7978515625000000       -1.88805580    
   8.8037109375000000       -1.88826144    
   8.8095703125000000       -1.88846803    
   8.8154296875000000       -1.88867569    
   8.8212890625000000       -1.88888454    
   8.8271484375000000       -1.88909435    
   8.8330078125000000       -1.88930547    
   8.8388671875000000       -1.88951743    
   8.8447265625000000       -1.88973069    
   8.8505859375000000       -1.88994515    
   8.8564453125000000       -1.89016044    
   8.8623046875000000       -1.89037716    
   8.8681640625000000       -1.89059484    
   8.8740234375000000       -1.89081371    
   8.8798828125000000       -1.89103377    
   8.8857421875000000       -1.89125490    
   8.8916015625000000       -1.89147723    
   8.8974609375000000       -1.89170074    
   8.9033203125000000       -1.89192545    
   8.9091796875000000       -1.89215124    
   8.9150390625000000       -1.89237845    
   8.9208984375000000       -1.89260674    
   8.9267578125000000       -1.89283609    
   8.9326171875000000       -1.89306688    
   8.9384765625000000       -1.89329875    
   8.9443359375000000       -1.89353192    
   8.9501953125000000       -1.89376628    
   8.9560546875000000       -1.89400184    
   8.9619140625000000       -1.89423883    
   8.9677734375000000       -1.89447701    
   8.9736328125000000       -1.89471638    
   8.9794921875000000       -1.89495707    
   8.9853515625000000       -1.89519894    
   8.9912109375000000       -1.89544225    
   8.9970703125000000       -1.89568686    
   9.0029296875000000       -1.89593267    
   9.0087890625000000       -1.89617980    
   9.0146484375000000       -1.89642835    
   9.0205078125000000       -1.89667821    
   9.0263671875000000       -1.89692938    
   9.0322265625000000       -1.89718199    
   9.0380859375000000       -1.89743578    
   9.0439453125000000       -1.89769101    
   9.0498046875000000       -1.89794767    
   9.0556640625000000       -1.89820576    
   9.0615234375000000       -1.89846504    
   9.0673828125000000       -1.89872599    
   9.0732421875000000       -1.89898813    
   9.0791015625000000       -1.89925170    
   9.0849609375000000       -1.89951682    
   9.0908203125000000       -1.89978325    
   9.0966796875000000       -1.90005124    
   9.1025390625000000       -1.90032065    
   9.1083984375000000       -1.90059137    
   9.1142578125000000       -1.90086389    
   9.1201171875000000       -1.90113759    
   9.1259765625000000       -1.90141284    
   9.1318359375000000       -1.90168977    
   9.1376953125000000       -1.90196800    
   9.1435546875000000       -1.90224791    
   9.1494140625000000       -1.90252924    
   9.1552734375000000       -1.90281212    
   9.1611328125000000       -1.90309656    
   9.1669921875000000       -1.90338254    
   9.1728515625000000       -1.90367019    
   9.1787109375000000       -1.90395939    
   9.1845703125000000       -1.90425003    
   9.1904296875000000       -1.90454245    
   9.1962890625000000       -1.90483642    
   9.2021484375000000       -1.90513194    
   9.2080078125000000       -1.90542924    
   9.2138671875000000       -1.90572810    
   9.2197265625000000       -1.90602863    
   9.2255859375000000       -1.90633082    
   9.2314453125000000       -1.90663457    
   9.2373046875000000       -1.90694010    
   9.2431640625000000       -1.90724742    
   9.2490234375000000       -1.90755630    
   9.2548828125000000       -1.90786707    
   9.2607421875000000       -1.90817940    
   9.2666015625000000       -1.90849364    
   9.2724609375000000       -1.90880954    
   9.2783203125000000       -1.90912712    
   9.2841796875000000       -1.90944672    
   9.2900390625000000       -1.90976787    
   9.2958984375000000       -1.91009092    
   9.3017578125000000       -1.91041577    
   9.3076171875000000       -1.91074252    
   9.3134765625000000       -1.91107094    
   9.3193359375000000       -1.91140139    
   9.3251953125000000       -1.91173363    
   9.3310546875000000       -1.91206777    
   9.3369140625000000       -1.91240382    
   9.3427734375000000       -1.91274166    
   9.3486328125000000       -1.91308153    
   9.3544921875000000       -1.91342318    
   9.3603515625000000       -1.91376698    
   9.3662109375000000       -1.91411257    
   9.3720703125000000       -1.91446018    
   9.3779296875000000       -1.91480982    
   9.3837890625000000       -1.91516137    
   9.3896484375000000       -1.91551495    
   9.3955078125000000       -1.91587067    
   9.4013671875000000       -1.91622829    
   9.4072265625000000       -1.91658807    
   9.4130859375000000       -1.91694975    
   9.4189453125000000       -1.91731358    
   9.4248046875000000       -1.91767967    
   9.4306640625000000       -1.91804767    
   9.4365234375000000       -1.91841793    
   9.4423828125000000       -1.91879022    
   9.4482421875000000       -1.91916466    
   9.4541015625000000       -1.91954136    
   9.4599609375000000       -1.91992009    
   9.4658203125000000       -1.92030120    
   9.4716796875000000       -1.92068434    
   9.4775390625000000       -1.92106986    
   9.4833984375000000       -1.92145753    
   9.4892578125000000       -1.92184758    
   9.4951171875000000       -1.92223978    
   9.5009765625000000       -1.92263436    
   9.5068359375000000       -1.92303121    
   9.5126953125000000       -1.92343044    
   9.5185546875000000       -1.92383194    
   9.5244140625000000       -1.92423594    
   9.5302734375000000       -1.92464209    
   9.5361328125000000       -1.92505074    
   9.5419921875000000       -1.92546189    
   9.5478515625000000       -1.92587531    
   9.5537109375000000       -1.92629135    
   9.5595703125000000       -1.92670977    
   9.5654296875000000       -1.92713070    
   9.5712890625000000       -1.92755401    
   9.5771484375000000       -1.92797995    
   9.5830078125000000       -1.92840850    
   9.5888671875000000       -1.92883945    
   9.5947265625000000       -1.92927301    
   9.6005859375000000       -1.92970920    
   9.6064453125000000       -1.93014801    
   9.6123046875000000       -1.93058944    
   9.6181640625000000       -1.93103349    
   9.6240234375000000       -1.93148029    
   9.6298828125000000       -1.93192971    
   9.6357421875000000       -1.93238175    
   9.6416015625000000       -1.93283677    
   9.6474609375000000       -1.93329430    
   9.6533203125000000       -1.93375480    
   9.6591796875000000       -1.93421793    
   9.6650390625000000       -1.93468392    
   9.6708984375000000       -1.93515277    
   9.6767578125000000       -1.93562448    
   9.6826171875000000       -1.93609905    
   9.6884765625000000       -1.93657649    
   9.6943359375000000       -1.93705690    
   9.7001953125000000       -1.93754029    
   9.7060546875000000       -1.93802655    
   9.7119140625000000       -1.93851578    
   9.7177734375000000       -1.93900812    
   9.7236328125000000       -1.93950343    
   9.7294921875000000       -1.94000185    
   9.7353515625000000       -1.94050336    
   9.7412109375000000       -1.94100785    
   9.7470703125000000       -1.94151556    
   9.7529296875000000       -1.94202638    
   9.7587890625000000       -1.94254041    
   9.7646484375000000       -1.94305754    
   9.7705078125000000       -1.94357812    
   9.7763671875000000       -1.94410181    
   9.7822265625000000       -1.94462872    
   9.7880859375000000       -1.94515908    
   9.7939453125000000       -1.94569254    
   9.7998046875000000       -1.94622958    
   9.8056640625000000       -1.94676983    
   9.8115234375000000       -1.94731355    
   9.8173828125000000       -1.94786084    
   9.8232421875000000       -1.94841146    
   9.8291015625000000       -1.94896555    
   9.8349609375000000       -1.94952321    
   9.8408203125000000       -1.95008445    
   9.8466796875000000       -1.95064902    
   9.8525390625000000       -1.95121741    
   9.8583984375000000       -1.95178938    
   9.8642578125000000       -1.95236504    
   9.8701171875000000       -1.95294440    
   9.8759765625000000       -1.95352745    
   9.8818359375000000       -1.95411420    
   9.8876953125000000       -1.95470476    
   9.8935546875000000       -1.95529902    
   9.8994140625000000       -1.95589721    
   9.9052734375000000       -1.95649934    
   9.9111328125000000       -1.95710528    
   9.9169921875000000       -1.95771515    
   9.9228515625000000       -1.95832896    
   9.9287109375000000       -1.95894682    
   9.9345703125000000       -1.95956874    
   9.9404296875000000       -1.96019471    
   9.9462890625000000       -1.96082473    
   9.9521484375000000       -1.96145892    
   9.9580078125000000       -1.96209729    
   9.9638671875000000       -1.96273983    
   9.9697265625000000       -1.96338654    
   9.9755859375000000       -1.96403754    
   9.9814453125000000       -1.96469283    
   9.9873046875000000       -1.96535254    
   9.9931640625000000       -1.96601653    
   9.9990234375000000       -1.96668506    
   10.004882812500000       -1.96735787    
   10.010742187500000       -1.96803534    
   10.016601562500000       -1.96871722    
   10.022460937500000       -1.96940374    
   10.028320312500000       -1.97009480    
   10.034179687500000       -1.97079039    
   10.040039062500000       -1.97149074    
   10.045898437500000       -1.97219598    
   10.051757812500000       -1.97290587    
   10.057617187500000       -1.97362041    
   10.063476562500000       -1.97434008    
   10.069335937500000       -1.97506440    
   10.075195312500000       -1.97579372    
   10.081054687500000       -1.97652805    
   10.086914062500000       -1.97726738    
   10.092773437500000       -1.97801173    
   10.098632812500000       -1.97876108    
   10.104492187500000       -1.97951567    
   10.110351562500000       -1.98027551    
   10.116210937500000       -1.98104048    
   10.122070312500000       -1.98181081    
   10.127929687500000       -1.98258638    
   10.133789062500000       -1.98336744    
   10.139648437500000       -1.98415387    
   10.145507812500000       -1.98494577    
   10.151367187500000       -1.98574305    
   10.157226562500000       -1.98654604    
   10.163085937500000       -1.98735452    
   10.168945312500000       -1.98816884    
   10.174804687500000       -1.98898876    
   10.180664062500000       -1.98981452    
   10.186523437500000       -1.99064600    
   10.192382812500000       -1.99148345    
   10.198242187500000       -1.99232674    
   10.204101562500000       -1.99317598    
   10.209960937500000       -1.99403143    
   10.215820312500000       -1.99489284    
   10.221679687500000       -1.99576044    
   10.227539062500000       -1.99663413    
   10.233398437500000       -1.99751413    
   10.239257812500000       -1.99840057    
   10.245117187500000       -1.99929321    
   10.250976562500000       -2.00019240    
   10.256835937500000       -2.00109792    
   10.262695312500000       -2.00201011    
   10.268554687500000       -2.00292873    
   10.274414062500000       -2.00385427    
   10.280273437500000       -2.00478649    
   10.286132812500000       -2.00572538    
   10.291992187500000       -2.00667119    
   10.297851562500000       -2.00762391    
   10.303710937500000       -2.00858378    
   10.309570312500000       -2.00955033    
   10.315429687500000       -2.01052427    
   10.321289062500000       -2.01150537    
   10.327148437500000       -2.01249385    
   10.333007812500000       -2.01348948    
   10.338867187500000       -2.01449251    
   10.344726562500000       -2.01550317    
   10.350585937500000       -2.01652122    
   10.356445312500000       -2.01754665    
   10.362304687500000       -2.01858020    
   10.368164062500000       -2.01962113    
   10.374023437500000       -2.02067018    
   10.379882812500000       -2.02172709    
   10.385742187500000       -2.02279186    
   10.391601562500000       -2.02386475    
   10.397460937500000       -2.02494597    
   10.403320312500000       -2.02603507    
   10.409179687500000       -2.02713275    
   10.415039062500000       -2.02823853    
   10.420898437500000       -2.02935314    
   10.426757812500000       -2.03047585    
   10.432617187500000       -2.03160763    
   10.438476562500000       -2.03274798    
   10.444335937500000       -2.03389692    
   10.450195312500000       -2.03505492    
   10.456054687500000       -2.03622198    
   10.461914062500000       -2.03739810    
   10.467773437500000       -2.03858352    
   10.473632812500000       -2.03977799    
   10.479492187500000       -2.04098177    
   10.485351562500000       -2.04219508    
   10.491210937500000       -2.04341793    
   10.497070312500000       -2.04465032    
   10.502929687500000       -2.04589272    
   10.508789062500000       -2.04714465    
   10.514648437500000       -2.04840660    
   10.520507812500000       -2.04967856    
   10.526367187500000       -2.05096102    
   10.532226562500000       -2.05225325    
   10.538085937500000       -2.05355620    
   10.543945312500000       -2.05486941    
   10.549804687500000       -2.05619311    
   10.555664062500000       -2.05752778    
   10.561523437500000       -2.05887294    
   10.567382812500000       -2.06022930    
   10.573242187500000       -2.06159639    
   10.579101562500000       -2.06297493    
   10.584960937500000       -2.06436443    
   10.590820312500000       -2.06576562    
   10.596679687500000       -2.06717801    
   10.602539062500000       -2.06860232    
   10.608398437500000       -2.07003808    
   10.614257812500000       -2.07148576    
   10.620117187500000       -2.07294559    
   10.625976562500000       -2.07441735    
   10.631835937500000       -2.07590151    
   10.637695312500000       -2.07739806    
   10.643554687500000       -2.07890725    
   10.649414062500000       -2.08042884    
   10.655273437500000       -2.08196354    
   10.661132812500000       -2.08351088    
   10.666992187500000       -2.08507133    
   10.672851562500000       -2.08664513    
   10.678710937500000       -2.08823228    
   10.684570312500000       -2.08983302    
   10.690429687500000       -2.09144735    
   10.696289062500000       -2.09307551    
   10.702148437500000       -2.09471774    
   10.708007812500000       -2.09637403    
   10.713867187500000       -2.09804463    
   10.719726562500000       -2.09972954    
   10.725585937500000       -2.10142922    
   10.731445312500000       -2.10314369    
   10.737304687500000       -2.10487318    
   10.743164062500000       -2.10661769    
   10.749023437500000       -2.10837746    
   10.754882812500000       -2.11015272    
   10.760742187500000       -2.11194372    
   10.766601562500000       -2.11375046    
   10.772460937500000       -2.11557317    
   10.778320312500000       -2.11741209    
   10.784179687500000       -2.11926746    
   10.790039062500000       -2.12113929    
   10.795898437500000       -2.12302804    
   10.801757812500000       -2.12493372    
   10.807617187500000       -2.12685657    
   10.813476562500000       -2.12879658    
   10.819335937500000       -2.13075447    
   10.825195312500000       -2.13273001    
   10.831054687500000       -2.13472342    
   10.836914062500000       -2.13673520    
   10.842773437500000       -2.13876534    
   10.848632812500000       -2.14081407    
   10.854492187500000       -2.14288163    
   10.860351562500000       -2.14496827    
   10.866210937500000       -2.14707446    
   10.872070312500000       -2.14919996    
   10.877929687500000       -2.15134525    
   10.883789062500000       -2.15351057    
   10.889648437500000       -2.15569639    
   10.895507812500000       -2.15790248    
   10.901367187500000       -2.16012955    
   10.907226562500000       -2.16237760    
   10.913085937500000       -2.16464686    
   10.918945312500000       -2.16693783    
   10.924804687500000       -2.16925049    
   10.930664062500000       -2.17158532    
   10.936523437500000       -2.17394233    
   10.942382812500000       -2.17632222    
   10.948242187500000       -2.17872500    
   10.954101562500000       -2.18115091    
   10.959960937500000       -2.18360043    
   10.965820312500000       -2.18607354    
   10.971679687500000       -2.18857098    
   10.977539062500000       -2.19109297    
   10.983398437500000       -2.19363928    
   10.989257812500000       -2.19621110    
   10.995117187500000       -2.19880819    
   11.000976562500000       -2.20143080    
   11.006835937500000       -2.20407963    
   11.012695312500000       -2.20675468    
   11.018554687500000       -2.20945668    
   11.024414062500000       -2.21218562    
   11.030273437500000       -2.21494198    
   11.036132812500000       -2.21772599    
   11.041992187500000       -2.22053838    
   11.047851562500000       -2.22337937    
   11.053710937500000       -2.22624898    
   11.059570312500000       -2.22914791    
   11.065429687500000       -2.23207688    
   11.071289062500000       -2.23503542    
   11.077148437500000       -2.23802495    
   11.083007812500000       -2.24104500    
   11.088867187500000       -2.24409652    
   11.094726562500000       -2.24717951    
   11.100585937500000       -2.25029516    
   11.106445312500000       -2.25344300    
   11.112304687500000       -2.25662398    
   11.118164062500000       -2.25983858    
   11.124023437500000       -2.26308703    
   11.129882812500000       -2.26637006    
   11.135742187500000       -2.26968789    
   11.141601562500000       -2.27304101    
   11.147460937500000       -2.27643013    
   11.153320312500000       -2.27985573    
   11.159179687500000       -2.28331828    
   11.165039062500000       -2.28681803    
   11.170898437500000       -2.29035592    
   11.176757812500000       -2.29393220    
   11.182617187500000       -2.29754758    
   11.188476562500000       -2.30120254    
   11.194335937500000       -2.30489755    
   11.200195312500000       -2.30863333    
   11.206054687500000       -2.31241059    
   11.211914062500000       -2.31622958    
   11.217773437500000       -2.32009125    
   11.223632812500000       -2.32399583    
   11.229492187500000       -2.32794452    
   11.235351562500000       -2.33193731    
   11.241210937500000       -2.33597541    
   11.247070312500000       -2.34005904    
   11.252929687500000       -2.34418917    
   11.258789062500000       -2.34836650    
   11.264648437500000       -2.35259128    
   11.270507812500000       -2.35686493    
   11.276367187500000       -2.36118770    
   11.282226562500000       -2.36556053    
   11.288085937500000       -2.36998391    
   11.293945312500000       -2.37445903    
   11.299804687500000       -2.37898612    
   11.305664062500000       -2.38356638    
   11.311523437500000       -2.38820052    
   11.317382812500000       -2.39288950    
   11.323242187500000       -2.39763403    
   11.329101562500000       -2.40243483    
   11.334960937500000       -2.40729284    
   11.340820312500000       -2.41220927    
   11.346679687500000       -2.41718459    
   11.352539062500000       -2.42221999    
   11.358398437500000       -2.42731643    
   11.364257812500000       -2.43247461    
   11.370117187500000       -2.43769574    
   11.375976562500000       -2.44298077    
   11.381835937500000       -2.44833064    
   11.387695312500000       -2.45374656    
   11.393554687500000       -2.45922923    
   11.399414062500000       -2.46478009    
   11.405273437500000       -2.47040009    
   11.411132812500000       -2.47609043    
   11.416992187500000       -2.48185229    
   11.422851562500000       -2.48768663    
   11.428710937500000       -2.49359465    
   11.434570312500000       -2.49957800    
   11.440429687500000       -2.50563717    
   11.446289062500000       -2.51177406    
   11.452148437500000       -2.51798987    
   11.458007812500000       -2.52428555    
   11.463867187500000       -2.53066254    
   11.469726562500000       -2.53712249    
   11.475585937500000       -2.54366684    
   11.481445312500000       -2.55029655    
   11.487304687500000       -2.55701327    
   11.493164062500000       -2.56381869    
   11.499023437500000       -2.57071424    
   11.504882812500000       -2.57770109    
   11.510742187500000       -2.58478141    
   11.516601562500000       -2.59195638    
   11.522460937500000       -2.59922791    
   11.528320312500000       -2.60659742    
   11.534179687500000       -2.61406684    
   11.540039062500000       -2.62163782    
   11.545898437500000       -2.62931204    
   11.551757812500000       -2.63709164    
   11.557617187500000       -2.64497805    
   11.563476562500000       -2.65297365    
   11.569335937500000       -2.66108012    
   11.575195312500000       -2.66929936    
   11.581054687500000       -2.67763376    
   11.586914062500000       -2.68608499    
   11.592773437500000       -2.69465542    
   11.598632812500000       -2.70334697    
   11.604492187500000       -2.71216226    
   11.610351562500000       -2.72110319    
   11.616210937500000       -2.73017216    
   11.622070312500000       -2.73937178    
   11.627929687500000       -2.74870420    
   11.633789062500000       -2.75817180    
   11.639648437500000       -2.76777768    
   11.645507812500000       -2.77752376    
   11.651367187500000       -2.78741288    
   11.657226562500000       -2.79744816    
   11.663085937500000       -2.80763173    
   11.668945312500000       -2.81796694    
   11.674804687500000       -2.82845640    
   11.680664062500000       -2.83910298    
   11.686523437500000       -2.84991026    
   11.692382812500000       -2.86088085    
   11.698242187500000       -2.87201786    
   11.704101562500000       -2.88332510    
   11.709960937500000       -2.89480519    
   11.715820312500000       -2.90646219    
   11.721679687500000       -2.91829920    
   11.727539062500000       -2.93031979    
   11.733398437500000       -2.94252801    
   11.739257812500000       -2.95492697    
   11.745117187500000       -2.96752119    
   11.750976562500000       -2.98031425    
   11.756835937500000       -2.99330997    
   11.762695312500000       -3.00651288    
   11.768554687500000       -3.01992726    
   11.774414062500000       -3.03355694    
   11.780273437500000       -3.04740667    
   11.786132812500000       -3.06148124    
   11.791992187500000       -3.07578468    
   11.797851562500000       -3.09032249    
   11.803710937500000       -3.10509920    
   11.809570312500000       -3.12011957    
   11.815429687500000       -3.13538933    
   11.821289062500000       -3.15091348    
   11.827148437500000       -3.16669750    
   11.833007812500000       -3.18274689    
   11.838867187500000       -3.19906735    
   11.844726562500000       -3.21566486    
   11.850585937500000       -3.23254514    
   11.856445312500000       -3.24971461    
   11.862304687500000       -3.26717949    
   11.868164062500000       -3.28494644    
   11.874023437500000       -3.30302167    
   11.879882812500000       -3.32141256    
   11.885742187500000       -3.34012580    
   11.891601562500000       -3.35916901    
   11.897460937500000       -3.37854886    
   11.903320312500000       -3.39827371    
   11.909179687500000       -3.41835070    
   11.915039062500000       -3.43878841    
   11.920898437500000       -3.45959473    
   11.926757812500000       -3.48077822    
   11.932617187500000       -3.50234771    
   11.938476562500000       -3.52431202    
   11.944335937500000       -3.54668021    
   11.950195312500000       -3.56946230    
   11.956054687500000       -3.59266710    
   11.961914062500000       -3.61630559    
   11.967773437500000       -3.64038658    
   11.973632812500000       -3.66492295    
   11.979492187500000       -3.68992257    
   11.985351562500000       -3.71540070    
   11.991210937500000       -3.74136162    
   11.997070312500000       -3.76783347    
