   2.4414062500000000E-003 -0.499020368    
   7.3242187500000000E-003 -0.497069329    
   1.2207031250000000E-002 -0.495130450    
   1.7089843750000000E-002 -0.493203104    
   2.1972656250000000E-002 -0.491287410    
   2.6855468750000000E-002 -0.489383221    
   3.1738281250000000E-002 -0.487490445    
   3.6621093750000000E-002 -0.485608995    
   4.1503906250000000E-002 -0.483738810    
   4.6386718750000000E-002 -0.481879771    
   5.1269531250000000E-002 -0.480031818    
   5.6152343750000000E-002 -0.478194833    
   6.1035156250000000E-002 -0.476368755    
   6.5917968750000000E-002 -0.474553496    
   7.0800781250000000E-002 -0.472748995    
   7.5683593750000000E-002 -0.470955133    
   8.0566406250000000E-002 -0.469171852    
   8.5449218750000000E-002 -0.467399061    
   9.0332031250000000E-002 -0.465636671    
   9.5214843750000000E-002 -0.463884622    
  0.10009765625000000      -0.462142855    
  0.10498046875000000      -0.460411251    
  0.10986328125000000      -0.458689749    
  0.11474609375000000      -0.456978291    
  0.11962890625000000      -0.455276787    
  0.12451171875000000      -0.453585148    
  0.12939453125000000      -0.451903343    
  0.13427734375000000      -0.450231224    
  0.13916015625000000      -0.448568791    
  0.14404296875000000      -0.446915954    
  0.14892578125000000      -0.445272624    
  0.15380859375000000      -0.443638772    
  0.15869140625000000      -0.442014277    
  0.16357421875000000      -0.440399081    
  0.16845703125000000      -0.438793123    
  0.17333984375000000      -0.437196344    
  0.17822265625000000      -0.435608685    
  0.18310546875000000      -0.434030056    
  0.18798828125000000      -0.432460368    
  0.19287109375000000      -0.430899620    
  0.19775390625000000      -0.429347724    
  0.20263671875000000      -0.427804589    
  0.20751953125000000      -0.426270187    
  0.21240234375000000      -0.424744427    
  0.21728515625000000      -0.423227251    
  0.22216796875000000      -0.421718597    
  0.22705078125000000      -0.420218408    
  0.23193359375000000      -0.418726653    
  0.23681640625000000      -0.417243212    
  0.24169921875000000      -0.415768087    
  0.24658203125000000      -0.414301157    
  0.25146484375000000      -0.412842393    
  0.25634765625000000      -0.411391765    
  0.26123046875000000      -0.409949183    
  0.26611328125000000      -0.408514589    
  0.27099609375000000      -0.407087952    
  0.27587890625000000      -0.405669153    
  0.28076171875000000      -0.404258221    
  0.28564453125000000      -0.402855039    
  0.29052734375000000      -0.401459575    
  0.29541015625000000      -0.400071800    
  0.30029296875000000      -0.398691595    
  0.30517578125000000      -0.397318959    
  0.31005859375000000      -0.395953864    
  0.31494140625000000      -0.394596159    
  0.31982421875000000      -0.393245876    
  0.32470703125000000      -0.391902953    
  0.32958984375000000      -0.390567333    
  0.33447265625000000      -0.389238924    
  0.33935546875000000      -0.387917727    
  0.34423828125000000      -0.386603683    
  0.34912109375000000      -0.385296732    
  0.35400390625000000      -0.383996844    
  0.35888671875000000      -0.382703930    
  0.36376953125000000      -0.381417990    
  0.36865234375000000      -0.380138934    
  0.37353515625000000      -0.378866732    
  0.37841796875000000      -0.377601355    
  0.38330078125000000      -0.376342744    
  0.38818359375000000      -0.375090837    
  0.39306640625000000      -0.373845607    
  0.39794921875000000      -0.372606993    
  0.40283203125000000      -0.371374995    
  0.40771484375000000      -0.370149493    
  0.41259765625000000      -0.368930519    
  0.41748046875000000      -0.367717981    
  0.42236328125000000      -0.366511822    
  0.42724609375000000      -0.365312070    
  0.43212890625000000      -0.364118606    
  0.43701171875000000      -0.362931430    
  0.44189453125000000      -0.361750484    
  0.44677734375000000      -0.360575765    
  0.45166015625000000      -0.359407187    
  0.45654296875000000      -0.358244717    
  0.46142578125000000      -0.357088327    
  0.46630859375000000      -0.355937958    
  0.47119140625000000      -0.354793578    
  0.47607421875000000      -0.353655159    
  0.48095703125000000      -0.352522641    
  0.48583984375000000      -0.351395994    
  0.49072265625000000      -0.350275218    
  0.49560546875000000      -0.349160194    
  0.50048828125000000      -0.348050952    
  0.50537109375000000      -0.346947432    
  0.51025390625000000      -0.345849633    
  0.51513671875000000      -0.344757438    
  0.52001953125000000      -0.343670845    
  0.52490234375000000      -0.342589855    
  0.52978515625000000      -0.341514409    
  0.53466796875000000      -0.340444446    
  0.53955078125000000      -0.339379936    
  0.54443359375000000      -0.338320881    
  0.54931640625000000      -0.337267220    
  0.55419921875000000      -0.336218923    
  0.55908203125000000      -0.335175961    
  0.56396484375000000      -0.334138274    
  0.56884765625000000      -0.333105862    
  0.57373046875000000      -0.332078636    
  0.57861328125000000      -0.331056654    
  0.58349609375000000      -0.330039799    
  0.58837890625000000      -0.329028100    
  0.59326171875000000      -0.328021467    
  0.59814453125000000      -0.327019930    
  0.60302734375000000      -0.326023400    
  0.60791015625000000      -0.325031847    
  0.61279296875000000      -0.324045300    
  0.61767578125000000      -0.323063672    
  0.62255859375000000      -0.322086930    
  0.62744140625000000      -0.321115077    
  0.63232421875000000      -0.320148081    
  0.63720703125000000      -0.319185853    
  0.64208984375000000      -0.318228424    
  0.64697265625000000      -0.317275792    
  0.65185546875000000      -0.316327840    
  0.65673828125000000      -0.315384597    
  0.66162109375000000      -0.314446002    
  0.66650390625000000      -0.313512057    
  0.67138671875000000      -0.312582731    
  0.67626953125000000      -0.311657965    
  0.68115234375000000      -0.310737729    
  0.68603515625000000      -0.309822023    
  0.69091796875000000      -0.308910847    
  0.69580078125000000      -0.308004081    
  0.70068359375000000      -0.307101786    
  0.70556640625000000      -0.306203902    
  0.71044921875000000      -0.305310428    
  0.71533203125000000      -0.304421246    
  0.72021484375000000      -0.303536445    
  0.72509765625000000      -0.302655935    
  0.72998046875000000      -0.301779687    
  0.73486328125000000      -0.300907731    
  0.73974609375000000      -0.300039977    
  0.74462890625000000      -0.299176425    
  0.74951171875000000      -0.298317045    
  0.75439453125000000      -0.297461808    
  0.75927734375000000      -0.296610713    
  0.76416015625000000      -0.295763701    
  0.76904296875000000      -0.294920802    
  0.77392578125000000      -0.294081926    
  0.77880859375000000      -0.293247044    
  0.78369140625000000      -0.292416215    
  0.78857421875000000      -0.291589320    
  0.79345703125000000      -0.290766418    
  0.79833984375000000      -0.289947450    
  0.80322265625000000      -0.289132357    
  0.80810546875000000      -0.288321167    
  0.81298828125000000      -0.287513852    
  0.81787109375000000      -0.286710352    
  0.82275390625000000      -0.285910666    
  0.82763671875000000      -0.285114795    
  0.83251953125000000      -0.284322679    
  0.83740234375000000      -0.283534318    
  0.84228515625000000      -0.282749683    
  0.84716796875000000      -0.281968743    
  0.85205078125000000      -0.281191498    
  0.85693359375000000      -0.280417919    
  0.86181640625000000      -0.279647976    
  0.86669921875000000      -0.278881609    
  0.87158203125000000      -0.278118908    
  0.87646484375000000      -0.277359754    
  0.88134765625000000      -0.276604146    
  0.88623046875000000      -0.275852084    
  0.89111328125000000      -0.275103509    
  0.89599609375000000      -0.274358451    
  0.90087890625000000      -0.273616880    
  0.90576171875000000      -0.272878766    
  0.91064453125000000      -0.272144049    
  0.91552734375000000      -0.271412760    
  0.92041015625000000      -0.270684898    
  0.92529296875000000      -0.269960344    
  0.93017578125000000      -0.269239187    
  0.93505859375000000      -0.268521369    
  0.93994140625000000      -0.267806888    
  0.94482421875000000      -0.267095655    
  0.94970703125000000      -0.266387731    
  0.95458984375000000      -0.265683055    
  0.95947265625000000      -0.264981627    
  0.96435546875000000      -0.264283419    
  0.96923828125000000      -0.263588428    
  0.97412109375000000      -0.262896627    
  0.97900390625000000      -0.262207985    
  0.98388671875000000      -0.261522472    
  0.98876953125000000      -0.260840118    
  0.99365234375000000      -0.260160863    
  0.99853515625000000      -0.259484738    
   1.0034179687500000      -0.258811682    
   1.0083007812500000      -0.258141667    
   1.0131835937500000      -0.257474720    
   1.0180664062500000      -0.256810784    
   1.0229492187500000      -0.256149888    
   1.0278320312500000      -0.255491972    
   1.0327148437500000      -0.254837006    
   1.0375976562500000      -0.254185021    
   1.0424804687500000      -0.253535986    
   1.0473632812500000      -0.252889872    
   1.0522460937500000      -0.252246678    
   1.0571289062500000      -0.251606405    
   1.0620117187500000      -0.250968993    
   1.0668945312500000      -0.250334442    
   1.0717773437500000      -0.249702722    
   1.0766601562500000      -0.249073863    
   1.0815429687500000      -0.248447806    
   1.0864257812500000      -0.247824550    
   1.0913085937500000      -0.247204095    
   1.0961914062500000      -0.246586412    
   1.1010742187500000      -0.245971471    
   1.1059570312500000      -0.245359272    
   1.1108398437500000      -0.244749814    
   1.1157226562500000      -0.244143039    
   1.1206054687500000      -0.243538976    
   1.1254882812500000      -0.242937595    
   1.1303710937500000      -0.242338896    
   1.1352539062500000      -0.241742820    
   1.1401367187500000      -0.241149426    
   1.1450195312500000      -0.240558624    
   1.1499023437500000      -0.239970416    
   1.1547851562500000      -0.239384830    
   1.1596679687500000      -0.238801837    
   1.1645507812500000      -0.238221377    
   1.1694335937500000      -0.237643510    
   1.1743164062500000      -0.237068146    
   1.1791992187500000      -0.236495316    
   1.1840820312500000      -0.235925019    
   1.1889648437500000      -0.235357225    
   1.1938476562500000      -0.234791875    
   1.1987304687500000      -0.234229028    
   1.2036132812500000      -0.233668655    
   1.2084960937500000      -0.233110696    
   1.2133789062500000      -0.232555211    
   1.2182617187500000      -0.232002109    
   1.2231445312500000      -0.231451422    
   1.2280273437500000      -0.230903149    
   1.2329101562500000      -0.230357260    
   1.2377929687500000      -0.229813725    
   1.2426757812500000      -0.229272544    
   1.2475585937500000      -0.228733718    
   1.2524414062500000      -0.228197217    
   1.2573242187500000      -0.227663040    
   1.2622070312500000      -0.227131188    
   1.2670898437500000      -0.226601601    
   1.2719726562500000      -0.226074308    
   1.2768554687500000      -0.225549310    
   1.2817382812500000      -0.225026548    
   1.2866210937500000      -0.224506050    
   1.2915039062500000      -0.223987788    
   1.2963867187500000      -0.223471731    
   1.3012695312500000      -0.222957909    
   1.3061523437500000      -0.222446293    
   1.3110351562500000      -0.221936852    
   1.3159179687500000      -0.221429586    
   1.3208007812500000      -0.220924497    
   1.3256835937500000      -0.220421553    
   1.3305664062500000      -0.219920784    
   1.3354492187500000      -0.219422132    
   1.3403320312500000      -0.218925595    
   1.3452148437500000      -0.218431175    
   1.3500976562500000      -0.217938870    
   1.3549804687500000      -0.217448652    
   1.3598632812500000      -0.216960520    
   1.3647460937500000      -0.216474444    
   1.3696289062500000      -0.215990424    
   1.3745117187500000      -0.215508461    
   1.3793945312500000      -0.215028554    
   1.3842773437500000      -0.214550644    
   1.3891601562500000      -0.214074761    
   1.3940429687500000      -0.213600904    
   1.3989257812500000      -0.213129014    
   1.4038085937500000      -0.212659150    
   1.4086914062500000      -0.212191224    
   1.4135742187500000      -0.211725295    
   1.4184570312500000      -0.211261302    
   1.4233398437500000      -0.210799277    
   1.4282226562500000      -0.210339159    
   1.4331054687500000      -0.209881008    
   1.4379882812500000      -0.209424734    
   1.4428710937500000      -0.208970398    
   1.4477539062500000      -0.208517969    
   1.4526367187500000      -0.208067387    
   1.4575195312500000      -0.207618713    
   1.4624023437500000      -0.207171917    
   1.4672851562500000      -0.206726968    
   1.4721679687500000      -0.206283897    
   1.4770507812500000      -0.205842644    
   1.4819335937500000      -0.205403209    
   1.4868164062500000      -0.204965621    
   1.4916992187500000      -0.204529852    
   1.4965820312500000      -0.204095900    
   1.5014648437500000      -0.203663707    
   1.5063476562500000      -0.203233331    
   1.5112304687500000      -0.202804744    
   1.5161132812500000      -0.202377915    
   1.5209960937500000      -0.201952845    
   1.5258789062500000      -0.201529533    
   1.5307617187500000      -0.201107949    
   1.5356445312500000      -0.200688124    
   1.5405273437500000      -0.200270027    
   1.5454101562500000      -0.199853659    
   1.5502929687500000      -0.199438989    
   1.5551757812500000      -0.199026018    
   1.5600585937500000      -0.198614746    
   1.5649414062500000      -0.198205143    
   1.5698242187500000      -0.197797239    
   1.5747070312500000      -0.197391003    
   1.5795898437500000      -0.196986437    
   1.5844726562500000      -0.196583509    
   1.5893554687500000      -0.196182221    
   1.5942382812500000      -0.195782602    
   1.5991210937500000      -0.195384592    
   1.6040039062500000      -0.194988191    
   1.6088867187500000      -0.194593430    
   1.6137695312500000      -0.194200277    
   1.6186523437500000      -0.193808705    
   1.6235351562500000      -0.193418741    
   1.6284179687500000      -0.193030357    
   1.6333007812500000      -0.192643523    
   1.6381835937500000      -0.192258298    
   1.6430664062500000      -0.191874623    
   1.6479492187500000      -0.191492498    
   1.6528320312500000      -0.191111892    
   1.6577148437500000      -0.190732867    
   1.6625976562500000      -0.190355361    
   1.6674804687500000      -0.189979374    
   1.6723632812500000      -0.189604908    
   1.6772460937500000      -0.189231932    
   1.6821289062500000      -0.188860476    
   1.6870117187500000      -0.188490510    
   1.6918945312500000      -0.188122064    
   1.6967773437500000      -0.187755078    
   1.7016601562500000      -0.187389553    
   1.7065429687500000      -0.187025517    
   1.7114257812500000      -0.186662912    
   1.7163085937500000      -0.186301798    
   1.7211914062500000      -0.185942113    
   1.7260742187500000      -0.185583860    
   1.7309570312500000      -0.185227066    
   1.7358398437500000      -0.184871674    
   1.7407226562500000      -0.184517711    
   1.7456054687500000      -0.184165180    
   1.7504882812500000      -0.183814019    
   1.7553710937500000      -0.183464289    
   1.7602539062500000      -0.183115959    
   1.7651367187500000      -0.182769001    
   1.7700195312500000      -0.182423413    
   1.7749023437500000      -0.182079226    
   1.7797851562500000      -0.181736380    
   1.7846679687500000      -0.181394935    
   1.7895507812500000      -0.181054801    
   1.7944335937500000      -0.180716038    
   1.7993164062500000      -0.180378646    
   1.8041992187500000      -0.180042565    
   1.8090820312500000      -0.179707795    
   1.8139648437500000      -0.179374367    
   1.8188476562500000      -0.179042280    
   1.8237304687500000      -0.178711474    
   1.8286132812500000      -0.178382009    
   1.8334960937500000      -0.178053826    
   1.8383789062500000      -0.177726924    
   1.8432617187500000      -0.177401334    
   1.8481445312500000      -0.177077025    
   1.8530273437500000      -0.176753998    
   1.8579101562500000      -0.176432222    
   1.8627929687500000      -0.176111728    
   1.8676757812500000      -0.175792485    
   1.8725585937500000      -0.175474524    
   1.8774414062500000      -0.175157785    
   1.8823242187500000      -0.174842298    
   1.8872070312500000      -0.174528062    
   1.8920898437500000      -0.174215049    
   1.8969726562500000      -0.173903257    
   1.9018554687500000      -0.173592687    
   1.9067382812500000      -0.173283339    
   1.9116210937500000      -0.172975183    
   1.9165039062500000      -0.172668248    
   1.9213867187500000      -0.172362506    
   1.9262695312500000      -0.172057986    
   1.9311523437500000      -0.171754628    
   1.9360351562500000      -0.171452463    
   1.9409179687500000      -0.171151459    
   1.9458007812500000      -0.170851648    
   1.9506835937500000      -0.170552999    
   1.9555664062500000      -0.170255512    
   1.9604492187500000      -0.169959188    
   1.9653320312500000      -0.169664025    
   1.9702148437500000      -0.169369996    
   1.9750976562500000      -0.169077098    
   1.9799804687500000      -0.168785363    
   1.9848632812500000      -0.168494731    
   1.9897460937500000      -0.168205261    
   1.9946289062500000      -0.167916894    
   1.9995117187500000      -0.167629659    
   2.0043945312500000      -0.167343527    
   2.0092773437500000      -0.167058498    
   2.0141601562500000      -0.166774571    
   2.0190429687500000      -0.166491747    
   2.0239257812500000      -0.166210026    
   2.0288085937500000      -0.165929407    
   2.0336914062500000      -0.165649831    
   2.0385742187500000      -0.165371358    
   2.0434570312500000      -0.165093958    
   2.0483398437500000      -0.164817631    
   2.0532226562500000      -0.164542377    
   2.0581054687500000      -0.164268166    
   2.0629882812500000      -0.163995028    
   2.0678710937500000      -0.163722932    
   2.0727539062500000      -0.163451880    
   2.0776367187500000      -0.163181901    
   2.0825195312500000      -0.162912935    
   2.0874023437500000      -0.162644982    
   2.0922851562500000      -0.162378103    
   2.0971679687500000      -0.162112236    
   2.1020507812500000      -0.161847383    
   2.1069335937500000      -0.161583543    
   2.1118164062500000      -0.161320716    
   2.1166992187500000      -0.161058903    
   2.1215820312500000      -0.160798073    
   2.1264648437500000      -0.160538256    
   2.1313476562500000      -0.160279453    
   2.1362304687500000      -0.160021603    
   2.1411132812500000      -0.159764767    
   2.1459960937500000      -0.159508914    
   2.1508789062500000      -0.159254044    
   2.1557617187500000      -0.159000129    
   2.1606445312500000      -0.158747196    
   2.1655273437500000      -0.158495218    
   2.1704101562500000      -0.158244222    
   2.1752929687500000      -0.157994181    
   2.1801757812500000      -0.157745063    
   2.1850585937500000      -0.157496929    
   2.1899414062500000      -0.157249719    
   2.1948242187500000      -0.157003462    
   2.1997070312500000      -0.156758159    
   2.2045898437500000      -0.156513780    
   2.2094726562500000      -0.156270325    
   2.2143554687500000      -0.156027794    
   2.2192382812500000      -0.155786186    
   2.2241210937500000      -0.155545503    
   2.2290039062500000      -0.155305743    
   2.2338867187500000      -0.155066878    
   2.2387695312500000      -0.154828936    
   2.2436523437500000      -0.154591888    
   2.2485351562500000      -0.154355735    
   2.2534179687500000      -0.154120505    
   2.2583007812500000      -0.153886139    
   2.2631835937500000      -0.153652668    
   2.2680664062500000      -0.153420091    
   2.2729492187500000      -0.153188407    
   2.2778320312500000      -0.152957588    
   2.2827148437500000      -0.152727634    
   2.2875976562500000      -0.152498573    
   2.2924804687500000      -0.152270347    
   2.2973632812500000      -0.152043015    
   2.3022460937500000      -0.151816547    
   2.3071289062500000      -0.151590914    
   2.3120117187500000      -0.151366144    
   2.3168945312500000      -0.151142210    
   2.3217773437500000      -0.150919139    
   2.3266601562500000      -0.150696933    
   2.3315429687500000      -0.150475532    
   2.3364257812500000      -0.150254995    
   2.3413085937500000      -0.150035262    
   2.3461914062500000      -0.149816364    
   2.3510742187500000      -0.149598300    
   2.3559570312500000      -0.149381071    
   2.3608398437500000      -0.149164647    
   2.3657226562500000      -0.148949057    
   2.3706054687500000      -0.148734272    
   2.3754882812500000      -0.148520291    
   2.3803710937500000      -0.148307115    
   2.3852539062500000      -0.148094743    
   2.3901367187500000      -0.147883177    
   2.3950195312500000      -0.147672415    
   2.3999023437500000      -0.147462457    
   2.4047851562500000      -0.147253275    
   2.4096679687500000      -0.147044867    
   2.4145507812500000      -0.146837264    
   2.4194335937500000      -0.146630436    
   2.4243164062500000      -0.146424383    
   2.4291992187500000      -0.146219134    
   2.4340820312500000      -0.146014631    
   2.4389648437500000      -0.145810902    
   2.4438476562500000      -0.145607948    
   2.4487304687500000      -0.145405740    
   2.4536132812500000      -0.145204306    
   2.4584960937500000      -0.145003617    
   2.4633789062500000      -0.144803703    
   2.4682617187500000      -0.144604534    
   2.4731445312500000      -0.144406110    
   2.4780273437500000      -0.144208431    
   2.4829101562500000      -0.144011497    
   2.4877929687500000      -0.143815309    
   2.4926757812500000      -0.143619865    
   2.4975585937500000      -0.143425137    
   2.5024414062500000      -0.143231153    
   2.5073242187500000      -0.143037885    
   2.5122070312500000      -0.142845362    
   2.5170898437500000      -0.142653555    
   2.5219726562500000      -0.142462462    
   2.5268554687500000      -0.142272085    
   2.5317382812500000      -0.142082453    
   2.5366210937500000      -0.141893506    
   2.5415039062500000      -0.141705275    
   2.5463867187500000      -0.141517758    
   2.5512695312500000      -0.141330928    
   2.5561523437500000      -0.141144812    
   2.5610351562500000      -0.140959412    
   2.5659179687500000      -0.140774667    
   2.5708007812500000      -0.140590638    
   2.5756835937500000      -0.140407324    
   2.5805664062500000      -0.140224665    
   2.5854492187500000      -0.140042722    
   2.5903320312500000      -0.139861435    
   2.5952148437500000      -0.139680833    
   2.6000976562500000      -0.139500916    
   2.6049804687500000      -0.139321685    
   2.6098632812500000      -0.139143109    
   2.6147460937500000      -0.138965219    
   2.6196289062500000      -0.138787985    
   2.6245117187500000      -0.138611436    
   2.6293945312500000      -0.138435543    
   2.6342773437500000      -0.138260305    
   2.6391601562500000      -0.138085723    
   2.6440429687500000      -0.137911797    
   2.6489257812500000      -0.137738526    
   2.6538085937500000      -0.137565911    
   2.6586914062500000      -0.137393951    
   2.6635742187500000      -0.137222618    
   2.6684570312500000      -0.137051940    
   2.6733398437500000      -0.136881918    
   2.6782226562500000      -0.136712521    
   2.6831054687500000      -0.136543781    
   2.6879882812500000      -0.136375636    
   2.6928710937500000      -0.136208147    
   2.6977539062500000      -0.136041284    
   2.7026367187500000      -0.135875076    
   2.7075195312500000      -0.135709465    
   2.7124023437500000      -0.135544479    
   2.7172851562500000      -0.135380119    
   2.7221679687500000      -0.135216385    
   2.7270507812500000      -0.135053247    
   2.7319335937500000      -0.134890735    
   2.7368164062500000      -0.134728849    
   2.7416992187500000      -0.134567559    
   2.7465820312500000      -0.134406865    
   2.7514648437500000      -0.134246796    
   2.7563476562500000      -0.134087324    
   2.7612304687500000      -0.133928478    
   2.7661132812500000      -0.133770198    
   2.7709960937500000      -0.133612514    
   2.7758789062500000      -0.133455455    
   2.7807617187500000      -0.133298963    
   2.7856445312500000      -0.133143067    
   2.7905273437500000      -0.132987767    
   2.7954101562500000      -0.132833064    
   2.8002929687500000      -0.132678926    
   2.8051757812500000      -0.132525384    
   2.8100585937500000      -0.132372409    
   2.8149414062500000      -0.132220030    
   2.8198242187500000      -0.132068217    
   2.8247070312500000      -0.131916970    
   2.8295898437500000      -0.131766289    
   2.8344726562500000      -0.131616205    
   2.8393554687500000      -0.131466687    
   2.8442382812500000      -0.131317705    
   2.8491210937500000      -0.131169319    
   2.8540039062500000      -0.131021500    
   2.8588867187500000      -0.130874217    
   2.8637695312500000      -0.130727500    
   2.8686523437500000      -0.130581349    
   2.8735351562500000      -0.130435735    
   2.8784179687500000      -0.130290687    
   2.8833007812500000      -0.130146205    
   2.8881835937500000      -0.130002260    
   2.8930664062500000      -0.129858851    
   2.8979492187500000      -0.129716009    
   2.9028320312500000      -0.129573673    
   2.9077148437500000      -0.129431903    
   2.9125976562500000      -0.129290700    
   2.9174804687500000      -0.129150003    
   2.9223632812500000      -0.129009843    
   2.9272460937500000      -0.128870219    
   2.9321289062500000      -0.128731132    
   2.9370117187500000      -0.128592581    
   2.9418945312500000      -0.128454566    
   2.9467773437500000      -0.128317058    
   2.9516601562500000      -0.128180087    
   2.9565429687500000      -0.128043622    
   2.9614257812500000      -0.127907693    
   2.9663085937500000      -0.127772301    
   2.9711914062500000      -0.127637416    
   2.9760742187500000      -0.127503037    
   2.9809570312500000      -0.127369195    
   2.9858398437500000      -0.127235830    
   2.9907226562500000      -0.127103001    
   2.9956054687500000      -0.126970679    
   3.0004882812500000      -0.126838863    
   3.0053710937500000      -0.126707584    
   3.0102539062500000      -0.126576781    
   3.0151367187500000      -0.126446486    
   3.0200195312500000      -0.126316696    
   3.0249023437500000      -0.126187384    
   3.0297851562500000      -0.126058578    
   3.0346679687500000      -0.125930279    
   3.0395507812500000      -0.125802487    
   3.0444335937500000      -0.125675172    
   3.0493164062500000      -0.125548363    
   3.0541992187500000      -0.125422031    
   3.0590820312500000      -0.125296205    
   3.0639648437500000      -0.125170857    
   3.0688476562500000      -0.125045985    
   3.0737304687500000      -0.124921620    
   3.0786132812500000      -0.124797702    
   3.0834960937500000      -0.124674290    
   3.0883789062500000      -0.124551356    
   3.0932617187500000      -0.124428898    
   3.0981445312500000      -0.124306917    
   3.1030273437500000      -0.124185413    
   3.1079101562500000      -0.124064386    
   3.1127929687500000      -0.123943835    
   3.1176757812500000      -0.123823732    
   3.1225585937500000      -0.123704106    
   3.1274414062500000      -0.123584956    
   3.1323242187500000      -0.123466283    
   3.1372070312500000      -0.123348057    
   3.1420898437500000      -0.123230278    
   3.1469726562500000      -0.123113006    
   3.1518554687500000      -0.122996151    
   3.1567382812500000      -0.122879773    
   3.1616210937500000      -0.122763872    
   3.1665039062500000      -0.122648388    
   3.1713867187500000      -0.122533381    
   3.1762695312500000      -0.122418851    
   3.1811523437500000      -0.122304738    
   3.1860351562500000      -0.122191072    
   3.1909179687500000      -0.122077882    
   3.1958007812500000      -0.121965140    
   3.2006835937500000      -0.121852815    
   3.2055664062500000      -0.121740967    
   3.2104492187500000      -0.121629536    
   3.2153320312500000      -0.121518552    
   3.2202148437500000      -0.121408015    
   3.2250976562500000      -0.121297926    
   3.2299804687500000      -0.121188283    
   3.2348632812500000      -0.121079057    
   3.2397460937500000      -0.120970279    
   3.2446289062500000      -0.120861918    
   3.2495117187500000      -0.120754004    
   3.2543945312500000      -0.120646507    
   3.2592773437500000      -0.120539457    
   3.2641601562500000      -0.120432824    
   3.2690429687500000      -0.120326638    
   3.2739257812500000      -0.120220870    
   3.2788085937500000      -0.120115519    
   3.2836914062500000      -0.120010614    
   3.2885742187500000      -0.119906098    
   3.2934570312500000      -0.119802028    
   3.2983398437500000      -0.119698375    
   3.3032226562500000      -0.119595140    
   3.3081054687500000      -0.119492322    
   3.3129882812500000      -0.119389921    
   3.3178710937500000      -0.119287938    
   3.3227539062500000      -0.119186372    
   3.3276367187500000      -0.119085222    
   3.3325195312500000      -0.118984461    
   3.3374023437500000      -0.118884146    
   3.3422851562500000      -0.118784219    
   3.3471679687500000      -0.118684709    
   3.3520507812500000      -0.118585587    
   3.3569335937500000      -0.118486881    
   3.3618164062500000      -0.118388593    
   3.3666992187500000      -0.118290693    
   3.3715820312500000      -0.118193209    
   3.3764648437500000      -0.118096113    
   3.3813476562500000      -0.117999434    
   3.3862304687500000      -0.117903143    
   3.3911132812500000      -0.117807269    
   3.3959960937500000      -0.117711753    
   3.4008789062500000      -0.117616653    
   3.4057617187500000      -0.117521971    
   3.4106445312500000      -0.117427647    
   3.4155273437500000      -0.117333740    
   3.4204101562500000      -0.117240220    
   3.4252929687500000      -0.117147088    
   3.4301757812500000      -0.117054343    
   3.4350585937500000      -0.116961986    
   3.4399414062500000      -0.116870016    
   3.4448242187500000      -0.116778433    
   3.4497070312500000      -0.116687238    
   3.4545898437500000      -0.116596431    
   3.4594726562500000      -0.116506010    
   3.4643554687500000      -0.116415977    
   3.4692382812500000      -0.116326302    
   3.4741210937500000      -0.116237015    
   3.4790039062500000      -0.116148114    
   3.4838867187500000      -0.116059572    
   3.4887695312500000      -0.115971446    
   3.4936523437500000      -0.115883648    
   3.4985351562500000      -0.115796268    
   3.5034179687500000      -0.115709245    
   3.5083007812500000      -0.115622580    
   3.5131835937500000      -0.115536302    
   3.5180664062500000      -0.115450412    
   3.5229492187500000      -0.115364850    
   3.5278320312500000      -0.115279704    
   3.5327148437500000      -0.115194887    
   3.5375976562500000      -0.115110457    
   3.5424804687500000      -0.115026385    
   3.5473632812500000      -0.114942700    
   3.5522460937500000      -0.114859343    
   3.5571289062500000      -0.114776373    
   3.5620117187500000      -0.114693761    
   3.5668945312500000      -0.114611506    
   3.5717773437500000      -0.114529639    
   3.5766601562500000      -0.114448100    
   3.5815429687500000      -0.114366919    
   3.5864257812500000      -0.114286125    
   3.5913085937500000      -0.114205658    
   3.5961914062500000      -0.114125550    
   3.6010742187500000      -0.114045799    
   3.6059570312500000      -0.113966435    
   3.6108398437500000      -0.113887399    
   3.6157226562500000      -0.113808692    
   3.6206054687500000      -0.113730371    
   3.6254882812500000      -0.113652378    
   3.6303710937500000      -0.113574743    
   3.6352539062500000      -0.113497466    
   3.6401367187500000      -0.113420546    
   3.6450195312500000      -0.113343954    
   3.6499023437500000      -0.113267720    
   3.6547851562500000      -0.113191813    
   3.6596679687500000      -0.113116264    
   3.6645507812500000      -0.113041073    
   3.6694335937500000      -0.112966210    
   3.6743164062500000      -0.112891674    
   3.6791992187500000      -0.112817496    
   3.6840820312500000      -0.112743676    
   3.6889648437500000      -0.112670153    
   3.6938476562500000      -0.112597018    
   3.6987304687500000      -0.112524182    
   3.7036132812500000      -0.112451702    
   3.7084960937500000      -0.112379551    
   3.7133789062500000      -0.112307757    
   3.7182617187500000      -0.112236261    
   3.7231445312500000      -0.112165123    
   3.7280273437500000      -0.112094313    
   3.7329101562500000      -0.112023860    
   3.7377929687500000      -0.111953706    
   3.7426757812500000      -0.111883879    
   3.7475585937500000      -0.111814409    
   3.7524414062500000      -0.111745268    
   3.7573242187500000      -0.111676425    
   3.7622070312500000      -0.111607939    
   3.7670898437500000      -0.111539781    
   3.7719726562500000      -0.111471951    
   3.7768554687500000      -0.111404419    
   3.7817382812500000      -0.111337245    
   3.7866210937500000      -0.111270368    
   3.7915039062500000      -0.111203820    
   3.7963867187500000      -0.111137599    
   3.8012695312500000      -0.111071706    
   3.8061523437500000      -0.111006141    
   3.8110351562500000      -0.110940903    
   3.8159179687500000      -0.110875964    
   3.8208007812500000      -0.110811353    
   3.8256835937500000      -0.110747039    
   3.8305664062500000      -0.110683084    
   3.8354492187500000      -0.110619426    
   3.8403320312500000      -0.110556066    
   3.8452148437500000      -0.110493064    
   3.8500976562500000      -0.110430330    
   3.8549804687500000      -0.110367954    
   3.8598632812500000      -0.110305876    
   3.8647460937500000      -0.110244095    
   3.8696289062500000      -0.110182643    
   3.8745117187500000      -0.110121489    
   3.8793945312500000      -0.110060662    
   3.8842773437500000      -0.110000163    
   3.8891601562500000      -0.109939933    
   3.8940429687500000      -0.109880030    
   3.8989257812500000      -0.109820455    
   3.9038085937500000      -0.109761178    
   3.9086914062500000      -0.109702200    
   3.9135742187500000      -0.109643519    
   3.9184570312500000      -0.109585166    
   3.9233398437500000      -0.109527111    
   3.9282226562500000      -0.109469354    
   3.9331054687500000      -0.109411895    
   3.9379882812500000      -0.109354764    
   3.9428710937500000      -0.109297931    
   3.9477539062500000      -0.109241366    
   3.9526367187500000      -0.109185129    
   3.9575195312500000      -0.109129220    
   3.9624023437500000      -0.109073579    
   3.9672851562500000      -0.109018236    
   3.9721679687500000      -0.108963221    
   3.9770507812500000      -0.108908474    
   3.9819335937500000      -0.108854055    
   3.9868164062500000      -0.108799905    
   3.9916992187500000      -0.108746052    
   3.9965820312500000      -0.108692527    
   4.0014648437500000      -0.108639270    
   4.0063476562500000      -0.108586311    
   4.0112304687500000      -0.108533680    
   4.0161132812500000      -0.108481318    
   4.0209960937500000      -0.108429253    
   4.0258789062500000      -0.108377457    
   4.0307617187500000      -0.108325988    
   4.0356445312500000      -0.108274788    
   4.0405273437500000      -0.108223915    
   4.0454101562500000      -0.108173281    
   4.0502929687500000      -0.108122975    
   4.0551757812500000      -0.108072966    
   4.0600585937500000      -0.108023226    
   4.0649414062500000      -0.107973784    
   4.0698242187500000      -0.107924610    
   4.0747070312500000      -0.107875764    
   4.0795898437500000      -0.107827187    
   4.0844726562500000      -0.107778877    
   4.0893554687500000      -0.107730865    
   4.0942382812500000      -0.107683152    
   4.0991210937500000      -0.107635736    
   4.1040039062500000      -0.107588589    
   4.1088867187500000      -0.107541710    
   4.1137695312500000      -0.107495129    
   4.1186523437500000      -0.107448846    
   4.1235351562500000      -0.107402831    
   4.1284179687500000      -0.107357085    
   4.1333007812500000      -0.107311636    
   4.1381835937500000      -0.107266486    
   4.1430664062500000      -0.107221603    
   4.1479492187500000      -0.107176989    
   4.1528320312500000      -0.107132673    
   4.1577148437500000      -0.107088625    
   4.1625976562500000      -0.107044876    
   4.1674804687500000      -0.107001394    
   4.1723632812500000      -0.106958181    
   4.1772460937500000      -0.106915236    
   4.1821289062500000      -0.106872588    
   4.1870117187500000      -0.106830239    
   4.1918945312500000      -0.106788129    
   4.1967773437500000      -0.106746316    
   4.2016601562500000      -0.106704772    
   4.2065429687500000      -0.106663495    
   4.2114257812500000      -0.106622517    
   4.2163085937500000      -0.106581807    
   4.2211914062500000      -0.106541365    
   4.2260742187500000      -0.106501192    
   4.2309570312500000      -0.106461287    
   4.2358398437500000      -0.106421679    
   4.2407226562500000      -0.106382310    
   4.2456054687500000      -0.106343240    
   4.2504882812500000      -0.106304437    
   4.2553710937500000      -0.106265903    
   4.2602539062500000      -0.106227636    
   4.2651367187500000      -0.106189668    
   4.2700195312500000      -0.106151938    
   4.2749023437500000      -0.106114477    
   4.2797851562500000      -0.106077313    
   4.2846679687500000      -0.106040388    
   4.2895507812500000      -0.106003761    
   4.2944335937500000      -0.105967373    
   4.2993164062500000      -0.105931252    
   4.3041992187500000      -0.105895430    
   4.3090820312500000      -0.105859846    
   4.3139648437500000      -0.105824560    
   4.3188476562500000      -0.105789512    
   4.3237304687500000      -0.105754733    
   4.3286132812500000      -0.105720222    
   4.3334960937500000      -0.105686009    
   4.3383789062500000      -0.105652034    
   4.3432617187500000      -0.105618298    
   4.3481445312500000      -0.105584860    
   4.3530273437500000      -0.105551690    
   4.3579101562500000      -0.105518758    
   4.3627929687500000      -0.105486125    
   4.3676757812500000      -0.105453730    
   4.3725585937500000      -0.105421603    
   4.3774414062500000      -0.105389714    
   4.3823242187500000      -0.105358124    
   4.3872070312500000      -0.105326772    
   4.3920898437500000      -0.105295718    
   4.3969726562500000      -0.105264902    
   4.4018554687500000      -0.105234325    
   4.4067382812500000      -0.105204046    
   4.4116210937500000      -0.105174005    
   4.4165039062500000      -0.105144233    
   4.4213867187500000      -0.105114698    
   4.4262695312500000      -0.105085462    
   4.4311523437500000      -0.105056465    
   4.4360351562500000      -0.105027705    
   4.4409179687500000      -0.104999244    
   4.4458007812500000      -0.104971021    
   4.4506835937500000      -0.104943037    
   4.4555664062500000      -0.104915351    
   4.4604492187500000      -0.104887903    
   4.4653320312500000      -0.104860693    
   4.4702148437500000      -0.104833752    
   4.4750976562500000      -0.104807079    
   4.4799804687500000      -0.104780674    
   4.4848632812500000      -0.104754508    
   4.4897460937500000      -0.104728580    
   4.4946289062500000      -0.104702950    
   4.4995117187500000      -0.104677528    
   4.5043945312500000      -0.104652405    
   4.5092773437500000      -0.104627520    
   4.5141601562500000      -0.104602873    
   4.5190429687500000      -0.104578495    
   4.5239257812500000      -0.104554355    
   4.5288085937500000      -0.104530483    
   4.5336914062500000      -0.104506880    
   4.5385742187500000      -0.104483515    
   4.5434570312500000      -0.104460388    
   4.5483398437500000      -0.104437530    
   4.5532226562500000      -0.104414940    
   4.5581054687500000      -0.104392588    
   4.5629882812500000      -0.104370475    
   4.5678710937500000      -0.104348630    
   4.5727539062500000      -0.104327023    
   4.5776367187500000      -0.104305685    
   4.5825195312500000      -0.104284585    
   4.5874023437500000      -0.104263753    
   4.5922851562500000      -0.104243159    
   4.5971679687500000      -0.104222804    
   4.6020507812500000      -0.104202718    
   4.6069335937500000      -0.104182869    
   4.6118164062500000      -0.104163289    
   4.6166992187500000      -0.104143947    
   4.6215820312500000      -0.104124874    
   4.6264648437500000      -0.104106009    
   4.6313476562500000      -0.104087412    
   4.6362304687500000      -0.104069084    
   4.6411132812500000      -0.104050994    
   4.6459960937500000      -0.104033142    
   4.6508789062500000      -0.104015559    
   4.6557617187500000      -0.103998184    
   4.6606445312500000      -0.103981107    
   4.6655273437500000      -0.103964239    
   4.6704101562500000      -0.103947639    
   4.6752929687500000      -0.103931278    
   4.6801757812500000      -0.103915185    
   4.6850585937500000      -0.103899330    
   4.6899414062500000      -0.103883713    
   4.6948242187500000      -0.103868335    
   4.6997070312500000      -0.103853226    
   4.7045898437500000      -0.103838354    
   4.7094726562500000      -0.103823721    
   4.7143554687500000      -0.103809357    
   4.7192382812500000      -0.103795201    
   4.7241210937500000      -0.103781313    
   4.7290039062500000      -0.103767693    
   4.7338867187500000      -0.103754282    
   4.7387695312500000      -0.103741139    
   4.7436523437500000      -0.103728235    
   4.7485351562500000      -0.103715569    
   4.7534179687500000      -0.103703171    
   4.7583007812500000      -0.103691012    
   4.7631835937500000      -0.103679091    
   4.7680664062500000      -0.103667408    
   4.7729492187500000      -0.103655964    
   4.7778320312500000      -0.103644788    
   4.7827148437500000      -0.103633851    
   4.7875976562500000      -0.103623152    
   4.7924804687500000      -0.103612691    
   4.7973632812500000      -0.103602499    
   4.8022460937500000      -0.103592545    
   4.8071289062500000      -0.103582799    
   4.8120117187500000      -0.103573352    
   4.8168945312500000      -0.103564113    
   4.8217773437500000      -0.103555113    
   4.8266601562500000      -0.103546381    
   4.8315429687500000      -0.103537887    
   4.8364257812500000      -0.103529632    
   4.8413085937500000      -0.103521615    
   4.8461914062500000      -0.103513837    
   4.8510742187500000      -0.103506327    
   4.8559570312500000      -0.103499055    
   4.8608398437500000      -0.103492022    
   4.8657226562500000      -0.103485227    
   4.8706054687500000      -0.103478670    
   4.8754882812500000      -0.103472352    
   4.8803710937500000      -0.103466302    
   4.8852539062500000      -0.103460461    
   4.8901367187500000      -0.103454888    
   4.8950195312500000      -0.103449553    
   4.8999023437500000      -0.103444457    
   4.9047851562500000      -0.103439599    
   4.9096679687500000      -0.103435010    
   4.9145507812500000      -0.103430629    
   4.9194335937500000      -0.103426516    
   4.9243164062500000      -0.103422642    
   4.9291992187500000      -0.103419006    
   4.9340820312500000      -0.103415608    
   4.9389648437500000      -0.103412449    
   4.9438476562500000      -0.103409559    
   4.9487304687500000      -0.103406876    
   4.9536132812500000      -0.103404462    
   4.9584960937500000      -0.103402287    
   4.9633789062500000      -0.103400350    
   4.9682617187500000      -0.103398651    
   4.9731445312500000      -0.103397191    
   4.9780273437500000      -0.103395969    
   4.9829101562500000      -0.103395015    
   4.9877929687500000      -0.103394270    
   4.9926757812500000      -0.103393793    
   4.9975585937500000      -0.103393555    
   5.0024414062500000      -0.103393555    
   5.0073242187500000      -0.103393793    
   5.0122070312500000      -0.103394270    
   5.0170898437500000      -0.103395015    
   5.0219726562500000      -0.103395969    
   5.0268554687500000      -0.103397191    
   5.0317382812500000      -0.103398651    
   5.0366210937500000      -0.103400350    
   5.0415039062500000      -0.103402287    
   5.0463867187500000      -0.103404462    
   5.0512695312500000      -0.103406876    
   5.0561523437500000      -0.103409559    
   5.0610351562500000      -0.103412449    
   5.0659179687500000      -0.103415608    
   5.0708007812500000      -0.103419006    
   5.0756835937500000      -0.103422642    
   5.0805664062500000      -0.103426516    
   5.0854492187500000      -0.103430629    
   5.0903320312500000      -0.103435010    
   5.0952148437500000      -0.103439599    
   5.1000976562500000      -0.103444457    
   5.1049804687500000      -0.103449553    
   5.1098632812500000      -0.103454888    
   5.1147460937500000      -0.103460461    
   5.1196289062500000      -0.103466302    
   5.1245117187500000      -0.103472352    
   5.1293945312500000      -0.103478670    
   5.1342773437500000      -0.103485227    
   5.1391601562500000      -0.103492022    
   5.1440429687500000      -0.103499055    
   5.1489257812500000      -0.103506327    
   5.1538085937500000      -0.103513837    
   5.1586914062500000      -0.103521615    
   5.1635742187500000      -0.103529632    
   5.1684570312500000      -0.103537887    
   5.1733398437500000      -0.103546381    
   5.1782226562500000      -0.103555113    
   5.1831054687500000      -0.103564113    
   5.1879882812500000      -0.103573352    
   5.1928710937500000      -0.103582799    
   5.1977539062500000      -0.103592545    
   5.2026367187500000      -0.103602499    
   5.2075195312500000      -0.103612691    
   5.2124023437500000      -0.103623152    
   5.2172851562500000      -0.103633851    
   5.2221679687500000      -0.103644788    
   5.2270507812500000      -0.103655964    
   5.2319335937500000      -0.103667408    
   5.2368164062500000      -0.103679091    
   5.2416992187500000      -0.103691012    
   5.2465820312500000      -0.103703171    
   5.2514648437500000      -0.103715569    
   5.2563476562500000      -0.103728235    
   5.2612304687500000      -0.103741139    
   5.2661132812500000      -0.103754282    
   5.2709960937500000      -0.103767693    
   5.2758789062500000      -0.103781313    
   5.2807617187500000      -0.103795201    
   5.2856445312500000      -0.103809357    
   5.2905273437500000      -0.103823721    
   5.2954101562500000      -0.103838354    
   5.3002929687500000      -0.103853226    
   5.3051757812500000      -0.103868335    
   5.3100585937500000      -0.103883713    
   5.3149414062500000      -0.103899330    
   5.3198242187500000      -0.103915185    
   5.3247070312500000      -0.103931278    
   5.3295898437500000      -0.103947639    
   5.3344726562500000      -0.103964239    
   5.3393554687500000      -0.103981107    
   5.3442382812500000      -0.103998184    
   5.3491210937500000      -0.104015559    
   5.3540039062500000      -0.104033142    
   5.3588867187500000      -0.104050994    
   5.3637695312500000      -0.104069084    
   5.3686523437500000      -0.104087412    
   5.3735351562500000      -0.104106009    
   5.3784179687500000      -0.104124874    
   5.3833007812500000      -0.104143947    
   5.3881835937500000      -0.104163289    
   5.3930664062500000      -0.104182869    
   5.3979492187500000      -0.104202718    
   5.4028320312500000      -0.104222804    
   5.4077148437500000      -0.104243159    
   5.4125976562500000      -0.104263753    
   5.4174804687500000      -0.104284585    
   5.4223632812500000      -0.104305685    
   5.4272460937500000      -0.104327023    
   5.4321289062500000      -0.104348630    
   5.4370117187500000      -0.104370475    
   5.4418945312500000      -0.104392588    
   5.4467773437500000      -0.104414940    
   5.4516601562500000      -0.104437530    
   5.4565429687500000      -0.104460388    
   5.4614257812500000      -0.104483515    
   5.4663085937500000      -0.104506880    
   5.4711914062500000      -0.104530483    
   5.4760742187500000      -0.104554355    
   5.4809570312500000      -0.104578495    
   5.4858398437500000      -0.104602873    
   5.4907226562500000      -0.104627520    
   5.4956054687500000      -0.104652405    
   5.5004882812500000      -0.104677528    
   5.5053710937500000      -0.104702950    
   5.5102539062500000      -0.104728580    
   5.5151367187500000      -0.104754508    
   5.5200195312500000      -0.104780674    
   5.5249023437500000      -0.104807079    
   5.5297851562500000      -0.104833752    
   5.5346679687500000      -0.104860693    
   5.5395507812500000      -0.104887903    
   5.5444335937500000      -0.104915351    
   5.5493164062500000      -0.104943037    
   5.5541992187500000      -0.104971021    
   5.5590820312500000      -0.104999244    
   5.5639648437500000      -0.105027705    
   5.5688476562500000      -0.105056465    
   5.5737304687500000      -0.105085462    
   5.5786132812500000      -0.105114698    
   5.5834960937500000      -0.105144233    
   5.5883789062500000      -0.105174005    
   5.5932617187500000      -0.105204046    
   5.5981445312500000      -0.105234325    
   5.6030273437500000      -0.105264902    
   5.6079101562500000      -0.105295718    
   5.6127929687500000      -0.105326772    
   5.6176757812500000      -0.105358124    
   5.6225585937500000      -0.105389714    
   5.6274414062500000      -0.105421603    
   5.6323242187500000      -0.105453730    
   5.6372070312500000      -0.105486125    
   5.6420898437500000      -0.105518758    
   5.6469726562500000      -0.105551690    
   5.6518554687500000      -0.105584860    
   5.6567382812500000      -0.105618298    
   5.6616210937500000      -0.105652034    
   5.6665039062500000      -0.105686009    
   5.6713867187500000      -0.105720222    
   5.6762695312500000      -0.105754733    
   5.6811523437500000      -0.105789512    
   5.6860351562500000      -0.105824560    
   5.6909179687500000      -0.105859846    
   5.6958007812500000      -0.105895430    
   5.7006835937500000      -0.105931252    
   5.7055664062500000      -0.105967373    
   5.7104492187500000      -0.106003761    
   5.7153320312500000      -0.106040388    
   5.7202148437500000      -0.106077313    
   5.7250976562500000      -0.106114477    
   5.7299804687500000      -0.106151938    
   5.7348632812500000      -0.106189668    
   5.7397460937500000      -0.106227636    
   5.7446289062500000      -0.106265903    
   5.7495117187500000      -0.106304437    
   5.7543945312500000      -0.106343240    
   5.7592773437500000      -0.106382310    
   5.7641601562500000      -0.106421679    
   5.7690429687500000      -0.106461287    
   5.7739257812500000      -0.106501192    
   5.7788085937500000      -0.106541365    
   5.7836914062500000      -0.106581807    
   5.7885742187500000      -0.106622517    
   5.7934570312500000      -0.106663495    
   5.7983398437500000      -0.106704772    
   5.8032226562500000      -0.106746316    
   5.8081054687500000      -0.106788129    
   5.8129882812500000      -0.106830239    
   5.8178710937500000      -0.106872588    
   5.8227539062500000      -0.106915236    
   5.8276367187500000      -0.106958181    
   5.8325195312500000      -0.107001394    
   5.8374023437500000      -0.107044876    
   5.8422851562500000      -0.107088625    
   5.8471679687500000      -0.107132673    
   5.8520507812500000      -0.107176989    
   5.8569335937500000      -0.107221603    
   5.8618164062500000      -0.107266486    
   5.8666992187500000      -0.107311636    
   5.8715820312500000      -0.107357085    
   5.8764648437500000      -0.107402831    
   5.8813476562500000      -0.107448846    
   5.8862304687500000      -0.107495129    
   5.8911132812500000      -0.107541710    
   5.8959960937500000      -0.107588589    
   5.9008789062500000      -0.107635736    
   5.9057617187500000      -0.107683152    
   5.9106445312500000      -0.107730865    
   5.9155273437500000      -0.107778877    
   5.9204101562500000      -0.107827187    
   5.9252929687500000      -0.107875764    
   5.9301757812500000      -0.107924610    
   5.9350585937500000      -0.107973784    
   5.9399414062500000      -0.108023226    
   5.9448242187500000      -0.108072966    
   5.9497070312500000      -0.108122975    
   5.9545898437500000      -0.108173281    
   5.9594726562500000      -0.108223915    
   5.9643554687500000      -0.108274788    
   5.9692382812500000      -0.108325988    
   5.9741210937500000      -0.108377457    
   5.9790039062500000      -0.108429253    
   5.9838867187500000      -0.108481318    
   5.9887695312500000      -0.108533680    
   5.9936523437500000      -0.108586311    
   5.9985351562500000      -0.108639270    
   6.0034179687500000      -0.108692527    
   6.0083007812500000      -0.108746052    
   6.0131835937500000      -0.108799905    
   6.0180664062500000      -0.108854055    
   6.0229492187500000      -0.108908474    
   6.0278320312500000      -0.108963221    
   6.0327148437500000      -0.109018236    
   6.0375976562500000      -0.109073579    
   6.0424804687500000      -0.109129220    
   6.0473632812500000      -0.109185129    
   6.0522460937500000      -0.109241366    
   6.0571289062500000      -0.109297931    
   6.0620117187500000      -0.109354764    
   6.0668945312500000      -0.109411895    
   6.0717773437500000      -0.109469354    
   6.0766601562500000      -0.109527111    
   6.0815429687500000      -0.109585166    
   6.0864257812500000      -0.109643519    
   6.0913085937500000      -0.109702200    
   6.0961914062500000      -0.109761178    
   6.1010742187500000      -0.109820455    
   6.1059570312500000      -0.109880030    
   6.1108398437500000      -0.109939933    
   6.1157226562500000      -0.110000163    
   6.1206054687500000      -0.110060662    
   6.1254882812500000      -0.110121489    
   6.1303710937500000      -0.110182643    
   6.1352539062500000      -0.110244095    
   6.1401367187500000      -0.110305876    
   6.1450195312500000      -0.110367954    
   6.1499023437500000      -0.110430330    
   6.1547851562500000      -0.110493064    
   6.1596679687500000      -0.110556066    
   6.1645507812500000      -0.110619426    
   6.1694335937500000      -0.110683084    
   6.1743164062500000      -0.110747039    
   6.1791992187500000      -0.110811353    
   6.1840820312500000      -0.110875964    
   6.1889648437500000      -0.110940903    
   6.1938476562500000      -0.111006141    
   6.1987304687500000      -0.111071706    
   6.2036132812500000      -0.111137599    
   6.2084960937500000      -0.111203820    
   6.2133789062500000      -0.111270368    
   6.2182617187500000      -0.111337245    
   6.2231445312500000      -0.111404419    
   6.2280273437500000      -0.111471951    
   6.2329101562500000      -0.111539781    
   6.2377929687500000      -0.111607939    
   6.2426757812500000      -0.111676425    
   6.2475585937500000      -0.111745268    
   6.2524414062500000      -0.111814409    
   6.2573242187500000      -0.111883879    
   6.2622070312500000      -0.111953706    
   6.2670898437500000      -0.112023860    
   6.2719726562500000      -0.112094313    
   6.2768554687500000      -0.112165123    
   6.2817382812500000      -0.112236261    
   6.2866210937500000      -0.112307757    
   6.2915039062500000      -0.112379551    
   6.2963867187500000      -0.112451702    
   6.3012695312500000      -0.112524182    
   6.3061523437500000      -0.112597018    
   6.3110351562500000      -0.112670153    
   6.3159179687500000      -0.112743676    
   6.3208007812500000      -0.112817496    
   6.3256835937500000      -0.112891674    
   6.3305664062500000      -0.112966210    
   6.3354492187500000      -0.113041073    
   6.3403320312500000      -0.113116264    
   6.3452148437500000      -0.113191813    
   6.3500976562500000      -0.113267720    
   6.3549804687500000      -0.113343954    
   6.3598632812500000      -0.113420546    
   6.3647460937500000      -0.113497466    
   6.3696289062500000      -0.113574743    
   6.3745117187500000      -0.113652378    
   6.3793945312500000      -0.113730371    
   6.3842773437500000      -0.113808692    
   6.3891601562500000      -0.113887399    
   6.3940429687500000      -0.113966435    
   6.3989257812500000      -0.114045799    
   6.4038085937500000      -0.114125550    
   6.4086914062500000      -0.114205658    
   6.4135742187500000      -0.114286125    
   6.4184570312500000      -0.114366919    
   6.4233398437500000      -0.114448100    
   6.4282226562500000      -0.114529639    
   6.4331054687500000      -0.114611506    
   6.4379882812500000      -0.114693761    
   6.4428710937500000      -0.114776373    
   6.4477539062500000      -0.114859343    
   6.4526367187500000      -0.114942700    
   6.4575195312500000      -0.115026385    
   6.4624023437500000      -0.115110457    
   6.4672851562500000      -0.115194887    
   6.4721679687500000      -0.115279704    
   6.4770507812500000      -0.115364850    
   6.4819335937500000      -0.115450412    
   6.4868164062500000      -0.115536302    
   6.4916992187500000      -0.115622580    
   6.4965820312500000      -0.115709245    
   6.5014648437500000      -0.115796268    
   6.5063476562500000      -0.115883648    
   6.5112304687500000      -0.115971446    
   6.5161132812500000      -0.116059572    
   6.5209960937500000      -0.116148114    
   6.5258789062500000      -0.116237015    
   6.5307617187500000      -0.116326302    
   6.5356445312500000      -0.116415977    
   6.5405273437500000      -0.116506010    
   6.5454101562500000      -0.116596431    
   6.5502929687500000      -0.116687238    
   6.5551757812500000      -0.116778433    
   6.5600585937500000      -0.116870016    
   6.5649414062500000      -0.116961986    
   6.5698242187500000      -0.117054343    
   6.5747070312500000      -0.117147088    
   6.5795898437500000      -0.117240220    
   6.5844726562500000      -0.117333740    
   6.5893554687500000      -0.117427647    
   6.5942382812500000      -0.117521971    
   6.5991210937500000      -0.117616653    
   6.6040039062500000      -0.117711753    
   6.6088867187500000      -0.117807269    
   6.6137695312500000      -0.117903143    
   6.6186523437500000      -0.117999434    
   6.6235351562500000      -0.118096113    
   6.6284179687500000      -0.118193209    
   6.6333007812500000      -0.118290693    
   6.6381835937500000      -0.118388593    
   6.6430664062500000      -0.118486881    
   6.6479492187500000      -0.118585587    
   6.6528320312500000      -0.118684709    
   6.6577148437500000      -0.118784219    
   6.6625976562500000      -0.118884146    
   6.6674804687500000      -0.118984461    
   6.6723632812500000      -0.119085222    
   6.6772460937500000      -0.119186372    
   6.6821289062500000      -0.119287938    
   6.6870117187500000      -0.119389921    
   6.6918945312500000      -0.119492322    
   6.6967773437500000      -0.119595140    
   6.7016601562500000      -0.119698375    
   6.7065429687500000      -0.119802028    
   6.7114257812500000      -0.119906098    
   6.7163085937500000      -0.120010614    
   6.7211914062500000      -0.120115519    
   6.7260742187500000      -0.120220870    
   6.7309570312500000      -0.120326638    
   6.7358398437500000      -0.120432824    
   6.7407226562500000      -0.120539457    
   6.7456054687500000      -0.120646507    
   6.7504882812500000      -0.120754004    
   6.7553710937500000      -0.120861918    
   6.7602539062500000      -0.120970279    
   6.7651367187500000      -0.121079057    
   6.7700195312500000      -0.121188283    
   6.7749023437500000      -0.121297926    
   6.7797851562500000      -0.121408015    
   6.7846679687500000      -0.121518552    
   6.7895507812500000      -0.121629536    
   6.7944335937500000      -0.121740967    
   6.7993164062500000      -0.121852815    
   6.8041992187500000      -0.121965140    
   6.8090820312500000      -0.122077882    
   6.8139648437500000      -0.122191072    
   6.8188476562500000      -0.122304738    
   6.8237304687500000      -0.122418851    
   6.8286132812500000      -0.122533381    
   6.8334960937500000      -0.122648388    
   6.8383789062500000      -0.122763872    
   6.8432617187500000      -0.122879773    
   6.8481445312500000      -0.122996151    
   6.8530273437500000      -0.123113006    
   6.8579101562500000      -0.123230278    
   6.8627929687500000      -0.123348057    
   6.8676757812500000      -0.123466283    
   6.8725585937500000      -0.123584956    
   6.8774414062500000      -0.123704106    
   6.8823242187500000      -0.123823732    
   6.8872070312500000      -0.123943835    
   6.8920898437500000      -0.124064386    
   6.8969726562500000      -0.124185413    
   6.9018554687500000      -0.124306917    
   6.9067382812500000      -0.124428898    
   6.9116210937500000      -0.124551356    
   6.9165039062500000      -0.124674290    
   6.9213867187500000      -0.124797702    
   6.9262695312500000      -0.124921620    
   6.9311523437500000      -0.125045985    
   6.9360351562500000      -0.125170857    
   6.9409179687500000      -0.125296205    
   6.9458007812500000      -0.125422031    
   6.9506835937500000      -0.125548363    
   6.9555664062500000      -0.125675172    
   6.9604492187500000      -0.125802487    
   6.9653320312500000      -0.125930279    
   6.9702148437500000      -0.126058578    
   6.9750976562500000      -0.126187384    
   6.9799804687500000      -0.126316696    
   6.9848632812500000      -0.126446486    
   6.9897460937500000      -0.126576781    
   6.9946289062500000      -0.126707584    
   6.9995117187500000      -0.126838863    
   7.0043945312500000      -0.126970679    
   7.0092773437500000      -0.127103001    
   7.0141601562500000      -0.127235830    
   7.0190429687500000      -0.127369195    
   7.0239257812500000      -0.127503037    
   7.0288085937500000      -0.127637416    
   7.0336914062500000      -0.127772301    
   7.0385742187500000      -0.127907693    
   7.0434570312500000      -0.128043622    
   7.0483398437500000      -0.128180087    
   7.0532226562500000      -0.128317058    
   7.0581054687500000      -0.128454566    
   7.0629882812500000      -0.128592581    
   7.0678710937500000      -0.128731132    
   7.0727539062500000      -0.128870219    
   7.0776367187500000      -0.129009843    
   7.0825195312500000      -0.129150003    
   7.0874023437500000      -0.129290700    
   7.0922851562500000      -0.129431903    
   7.0971679687500000      -0.129573673    
   7.1020507812500000      -0.129716009    
   7.1069335937500000      -0.129858851    
   7.1118164062500000      -0.130002260    
   7.1166992187500000      -0.130146205    
   7.1215820312500000      -0.130290687    
   7.1264648437500000      -0.130435735    
   7.1313476562500000      -0.130581349    
   7.1362304687500000      -0.130727500    
   7.1411132812500000      -0.130874217    
   7.1459960937500000      -0.131021500    
   7.1508789062500000      -0.131169319    
   7.1557617187500000      -0.131317705    
   7.1606445312500000      -0.131466687    
   7.1655273437500000      -0.131616205    
   7.1704101562500000      -0.131766289    
   7.1752929687500000      -0.131916970    
   7.1801757812500000      -0.132068217    
   7.1850585937500000      -0.132220030    
   7.1899414062500000      -0.132372409    
   7.1948242187500000      -0.132525384    
   7.1997070312500000      -0.132678926    
   7.2045898437500000      -0.132833064    
   7.2094726562500000      -0.132987767    
   7.2143554687500000      -0.133143067    
   7.2192382812500000      -0.133298963    
   7.2241210937500000      -0.133455455    
   7.2290039062500000      -0.133612514    
   7.2338867187500000      -0.133770198    
   7.2387695312500000      -0.133928478    
   7.2436523437500000      -0.134087324    
   7.2485351562500000      -0.134246796    
   7.2534179687500000      -0.134406865    
   7.2583007812500000      -0.134567559    
   7.2631835937500000      -0.134728849    
   7.2680664062500000      -0.134890735    
   7.2729492187500000      -0.135053247    
   7.2778320312500000      -0.135216385    
   7.2827148437500000      -0.135380119    
   7.2875976562500000      -0.135544479    
   7.2924804687500000      -0.135709465    
   7.2973632812500000      -0.135875076    
   7.3022460937500000      -0.136041284    
   7.3071289062500000      -0.136208147    
   7.3120117187500000      -0.136375636    
   7.3168945312500000      -0.136543781    
   7.3217773437500000      -0.136712521    
   7.3266601562500000      -0.136881918    
   7.3315429687500000      -0.137051940    
   7.3364257812500000      -0.137222618    
   7.3413085937500000      -0.137393951    
   7.3461914062500000      -0.137565911    
   7.3510742187500000      -0.137738526    
   7.3559570312500000      -0.137911797    
   7.3608398437500000      -0.138085723    
   7.3657226562500000      -0.138260305    
   7.3706054687500000      -0.138435543    
   7.3754882812500000      -0.138611436    
   7.3803710937500000      -0.138787985    
   7.3852539062500000      -0.138965219    
   7.3901367187500000      -0.139143109    
   7.3950195312500000      -0.139321685    
   7.3999023437500000      -0.139500916    
   7.4047851562500000      -0.139680833    
   7.4096679687500000      -0.139861435    
   7.4145507812500000      -0.140042722    
   7.4194335937500000      -0.140224665    
   7.4243164062500000      -0.140407324    
   7.4291992187500000      -0.140590638    
   7.4340820312500000      -0.140774667    
   7.4389648437500000      -0.140959412    
   7.4438476562500000      -0.141144812    
   7.4487304687500000      -0.141330928    
   7.4536132812500000      -0.141517758    
   7.4584960937500000      -0.141705275    
   7.4633789062500000      -0.141893506    
   7.4682617187500000      -0.142082453    
   7.4731445312500000      -0.142272085    
   7.4780273437500000      -0.142462462    
   7.4829101562500000      -0.142653555    
   7.4877929687500000      -0.142845362    
   7.4926757812500000      -0.143037885    
   7.4975585937500000      -0.143231153    
   7.5024414062500000      -0.143425137    
   7.5073242187500000      -0.143619865    
   7.5122070312500000      -0.143815309    
   7.5170898437500000      -0.144011497    
   7.5219726562500000      -0.144208431    
   7.5268554687500000      -0.144406110    
   7.5317382812500000      -0.144604534    
   7.5366210937500000      -0.144803703    
   7.5415039062500000      -0.145003617    
   7.5463867187500000      -0.145204306    
   7.5512695312500000      -0.145405740    
   7.5561523437500000      -0.145607948    
   7.5610351562500000      -0.145810902    
   7.5659179687500000      -0.146014631    
   7.5708007812500000      -0.146219134    
   7.5756835937500000      -0.146424383    
   7.5805664062500000      -0.146630436    
   7.5854492187500000      -0.146837264    
   7.5903320312500000      -0.147044867    
   7.5952148437500000      -0.147253275    
   7.6000976562500000      -0.147462457    
   7.6049804687500000      -0.147672415    
   7.6098632812500000      -0.147883177    
   7.6147460937500000      -0.148094743    
   7.6196289062500000      -0.148307115    
   7.6245117187500000      -0.148520291    
   7.6293945312500000      -0.148734272    
   7.6342773437500000      -0.148949057    
   7.6391601562500000      -0.149164647    
   7.6440429687500000      -0.149381071    
   7.6489257812500000      -0.149598300    
   7.6538085937500000      -0.149816364    
   7.6586914062500000      -0.150035262    
   7.6635742187500000      -0.150254995    
   7.6684570312500000      -0.150475532    
   7.6733398437500000      -0.150696933    
   7.6782226562500000      -0.150919139    
   7.6831054687500000      -0.151142210    
   7.6879882812500000      -0.151366144    
   7.6928710937500000      -0.151590914    
   7.6977539062500000      -0.151816547    
   7.7026367187500000      -0.152043015    
   7.7075195312500000      -0.152270347    
   7.7124023437500000      -0.152498573    
   7.7172851562500000      -0.152727634    
   7.7221679687500000      -0.152957588    
   7.7270507812500000      -0.153188407    
   7.7319335937500000      -0.153420091    
   7.7368164062500000      -0.153652668    
   7.7416992187500000      -0.153886139    
   7.7465820312500000      -0.154120505    
   7.7514648437500000      -0.154355735    
   7.7563476562500000      -0.154591888    
   7.7612304687500000      -0.154828936    
   7.7661132812500000      -0.155066878    
   7.7709960937500000      -0.155305743    
   7.7758789062500000      -0.155545503    
   7.7807617187500000      -0.155786186    
   7.7856445312500000      -0.156027794    
   7.7905273437500000      -0.156270325    
   7.7954101562500000      -0.156513780    
   7.8002929687500000      -0.156758159    
   7.8051757812500000      -0.157003462    
   7.8100585937500000      -0.157249719    
   7.8149414062500000      -0.157496929    
   7.8198242187500000      -0.157745063    
   7.8247070312500000      -0.157994181    
   7.8295898437500000      -0.158244222    
   7.8344726562500000      -0.158495218    
   7.8393554687500000      -0.158747196    
   7.8442382812500000      -0.159000129    
   7.8491210937500000      -0.159254044    
   7.8540039062500000      -0.159508914    
   7.8588867187500000      -0.159764767    
   7.8637695312500000      -0.160021603    
   7.8686523437500000      -0.160279453    
   7.8735351562500000      -0.160538256    
   7.8784179687500000      -0.160798073    
   7.8833007812500000      -0.161058903    
   7.8881835937500000      -0.161320716    
   7.8930664062500000      -0.161583543    
   7.8979492187500000      -0.161847383    
   7.9028320312500000      -0.162112236    
   7.9077148437500000      -0.162378103    
   7.9125976562500000      -0.162644982    
   7.9174804687500000      -0.162912935    
   7.9223632812500000      -0.163181901    
   7.9272460937500000      -0.163451880    
   7.9321289062500000      -0.163722932    
   7.9370117187500000      -0.163995028    
   7.9418945312500000      -0.164268166    
   7.9467773437500000      -0.164542377    
   7.9516601562500000      -0.164817631    
   7.9565429687500000      -0.165093958    
   7.9614257812500000      -0.165371358    
   7.9663085937500000      -0.165649831    
   7.9711914062500000      -0.165929407    
   7.9760742187500000      -0.166210026    
   7.9809570312500000      -0.166491747    
   7.9858398437500000      -0.166774571    
   7.9907226562500000      -0.167058498    
   7.9956054687500000      -0.167343527    
   8.0004882812500000      -0.167629659    
   8.0053710937500000      -0.167916894    
   8.0102539062500000      -0.168205261    
   8.0151367187500000      -0.168494731    
   8.0200195312500000      -0.168785363    
   8.0249023437500000      -0.169077098    
   8.0297851562500000      -0.169369996    
   8.0346679687500000      -0.169664025    
   8.0395507812500000      -0.169959188    
   8.0444335937500000      -0.170255512    
   8.0493164062500000      -0.170552999    
   8.0541992187500000      -0.170851648    
   8.0590820312500000      -0.171151459    
   8.0639648437500000      -0.171452463    
   8.0688476562500000      -0.171754628    
   8.0737304687500000      -0.172057986    
   8.0786132812500000      -0.172362506    
   8.0834960937500000      -0.172668248    
   8.0883789062500000      -0.172975183    
   8.0932617187500000      -0.173283339    
   8.0981445312500000      -0.173592687    
   8.1030273437500000      -0.173903257    
   8.1079101562500000      -0.174215049    
   8.1127929687500000      -0.174528062    
   8.1176757812500000      -0.174842298    
   8.1225585937500000      -0.175157785    
   8.1274414062500000      -0.175474524    
   8.1323242187500000      -0.175792485    
   8.1372070312500000      -0.176111728    
   8.1420898437500000      -0.176432222    
   8.1469726562500000      -0.176753998    
   8.1518554687500000      -0.177077025    
   8.1567382812500000      -0.177401334    
   8.1616210937500000      -0.177726924    
   8.1665039062500000      -0.178053826    
   8.1713867187500000      -0.178382009    
   8.1762695312500000      -0.178711474    
   8.1811523437500000      -0.179042280    
   8.1860351562500000      -0.179374367    
   8.1909179687500000      -0.179707795    
   8.1958007812500000      -0.180042565    
   8.2006835937500000      -0.180378646    
   8.2055664062500000      -0.180716038    
   8.2104492187500000      -0.181054801    
   8.2153320312500000      -0.181394935    
   8.2202148437500000      -0.181736380    
   8.2250976562500000      -0.182079226    
   8.2299804687500000      -0.182423413    
   8.2348632812500000      -0.182769001    
   8.2397460937500000      -0.183115959    
   8.2446289062500000      -0.183464289    
   8.2495117187500000      -0.183814019    
   8.2543945312500000      -0.184165180    
   8.2592773437500000      -0.184517711    
   8.2641601562500000      -0.184871674    
   8.2690429687500000      -0.185227066    
   8.2739257812500000      -0.185583860    
   8.2788085937500000      -0.185942113    
   8.2836914062500000      -0.186301798    
   8.2885742187500000      -0.186662912    
   8.2934570312500000      -0.187025517    
   8.2983398437500000      -0.187389553    
   8.3032226562500000      -0.187755078    
   8.3081054687500000      -0.188122064    
   8.3129882812500000      -0.188490510    
   8.3178710937500000      -0.188860476    
   8.3227539062500000      -0.189231932    
   8.3276367187500000      -0.189604908    
   8.3325195312500000      -0.189979374    
   8.3374023437500000      -0.190355361    
   8.3422851562500000      -0.190732867    
   8.3471679687500000      -0.191111892    
   8.3520507812500000      -0.191492498    
   8.3569335937500000      -0.191874623    
   8.3618164062500000      -0.192258298    
   8.3666992187500000      -0.192643523    
   8.3715820312500000      -0.193030357    
   8.3764648437500000      -0.193418741    
   8.3813476562500000      -0.193808705    
   8.3862304687500000      -0.194200277    
   8.3911132812500000      -0.194593430    
   8.3959960937500000      -0.194988191    
   8.4008789062500000      -0.195384592    
   8.4057617187500000      -0.195782602    
   8.4106445312500000      -0.196182221    
   8.4155273437500000      -0.196583509    
   8.4204101562500000      -0.196986437    
   8.4252929687500000      -0.197391003    
   8.4301757812500000      -0.197797239    
   8.4350585937500000      -0.198205143    
   8.4399414062500000      -0.198614746    
   8.4448242187500000      -0.199026018    
   8.4497070312500000      -0.199438989    
   8.4545898437500000      -0.199853659    
   8.4594726562500000      -0.200270027    
   8.4643554687500000      -0.200688124    
   8.4692382812500000      -0.201107949    
   8.4741210937500000      -0.201529533    
   8.4790039062500000      -0.201952845    
   8.4838867187500000      -0.202377915    
   8.4887695312500000      -0.202804744    
   8.4936523437500000      -0.203233331    
   8.4985351562500000      -0.203663707    
   8.5034179687500000      -0.204095900    
   8.5083007812500000      -0.204529852    
   8.5131835937500000      -0.204965621    
   8.5180664062500000      -0.205403209    
   8.5229492187500000      -0.205842644    
   8.5278320312500000      -0.206283897    
   8.5327148437500000      -0.206726968    
   8.5375976562500000      -0.207171917    
   8.5424804687500000      -0.207618713    
   8.5473632812500000      -0.208067387    
   8.5522460937500000      -0.208517969    
   8.5571289062500000      -0.208970398    
   8.5620117187500000      -0.209424734    
   8.5668945312500000      -0.209881008    
   8.5717773437500000      -0.210339159    
   8.5766601562500000      -0.210799277    
   8.5815429687500000      -0.211261302    
   8.5864257812500000      -0.211725295    
   8.5913085937500000      -0.212191224    
   8.5961914062500000      -0.212659150    
   8.6010742187500000      -0.213129014    
   8.6059570312500000      -0.213600904    
   8.6108398437500000      -0.214074761    
   8.6157226562500000      -0.214550644    
   8.6206054687500000      -0.215028554    
   8.6254882812500000      -0.215508461    
   8.6303710937500000      -0.215990424    
   8.6352539062500000      -0.216474444    
   8.6401367187500000      -0.216960520    
   8.6450195312500000      -0.217448652    
   8.6499023437500000      -0.217938870    
   8.6547851562500000      -0.218431175    
   8.6596679687500000      -0.218925595    
   8.6645507812500000      -0.219422132    
   8.6694335937500000      -0.219920784    
   8.6743164062500000      -0.220421553    
   8.6791992187500000      -0.220924497    
   8.6840820312500000      -0.221429586    
   8.6889648437500000      -0.221936852    
   8.6938476562500000      -0.222446293    
   8.6987304687500000      -0.222957909    
   8.7036132812500000      -0.223471731    
   8.7084960937500000      -0.223987788    
   8.7133789062500000      -0.224506050    
   8.7182617187500000      -0.225026548    
   8.7231445312500000      -0.225549310    
   8.7280273437500000      -0.226074308    
   8.7329101562500000      -0.226601601    
   8.7377929687500000      -0.227131188    
   8.7426757812500000      -0.227663040    
   8.7475585937500000      -0.228197217    
   8.7524414062500000      -0.228733718    
   8.7573242187500000      -0.229272544    
   8.7622070312500000      -0.229813725    
   8.7670898437500000      -0.230357260    
   8.7719726562500000      -0.230903149    
   8.7768554687500000      -0.231451422    
   8.7817382812500000      -0.232002109    
   8.7866210937500000      -0.232555211    
   8.7915039062500000      -0.233110696    
   8.7963867187500000      -0.233668655    
   8.8012695312500000      -0.234229028    
   8.8061523437500000      -0.234791875    
   8.8110351562500000      -0.235357225    
   8.8159179687500000      -0.235925019    
   8.8208007812500000      -0.236495316    
   8.8256835937500000      -0.237068146    
   8.8305664062500000      -0.237643510    
   8.8354492187500000      -0.238221377    
   8.8403320312500000      -0.238801837    
   8.8452148437500000      -0.239384830    
   8.8500976562500000      -0.239970416    
   8.8549804687500000      -0.240558624    
   8.8598632812500000      -0.241149426    
   8.8647460937500000      -0.241742820    
   8.8696289062500000      -0.242338896    
   8.8745117187500000      -0.242937595    
   8.8793945312500000      -0.243538976    
   8.8842773437500000      -0.244143039    
   8.8891601562500000      -0.244749814    
   8.8940429687500000      -0.245359272    
   8.8989257812500000      -0.245971471    
   8.9038085937500000      -0.246586412    
   8.9086914062500000      -0.247204095    
   8.9135742187500000      -0.247824550    
   8.9184570312500000      -0.248447806    
   8.9233398437500000      -0.249073863    
   8.9282226562500000      -0.249702722    
   8.9331054687500000      -0.250334442    
   8.9379882812500000      -0.250968993    
   8.9428710937500000      -0.251606405    
   8.9477539062500000      -0.252246678    
   8.9526367187500000      -0.252889872    
   8.9575195312500000      -0.253535986    
   8.9624023437500000      -0.254185021    
   8.9672851562500000      -0.254837006    
   8.9721679687500000      -0.255491972    
   8.9770507812500000      -0.256149888    
   8.9819335937500000      -0.256810784    
   8.9868164062500000      -0.257474720    
   8.9916992187500000      -0.258141667    
   8.9965820312500000      -0.258811682    
   9.0014648437500000      -0.259484738    
   9.0063476562500000      -0.260160863    
   9.0112304687500000      -0.260840118    
   9.0161132812500000      -0.261522472    
   9.0209960937500000      -0.262207985    
   9.0258789062500000      -0.262896627    
   9.0307617187500000      -0.263588428    
   9.0356445312500000      -0.264283419    
   9.0405273437500000      -0.264981627    
   9.0454101562500000      -0.265683055    
   9.0502929687500000      -0.266387731    
   9.0551757812500000      -0.267095655    
   9.0600585937500000      -0.267806888    
   9.0649414062500000      -0.268521369    
   9.0698242187500000      -0.269239187    
   9.0747070312500000      -0.269960344    
   9.0795898437500000      -0.270684898    
   9.0844726562500000      -0.271412760    
   9.0893554687500000      -0.272144049    
   9.0942382812500000      -0.272878766    
   9.0991210937500000      -0.273616880    
   9.1040039062500000      -0.274358451    
   9.1088867187500000      -0.275103509    
   9.1137695312500000      -0.275852084    
   9.1186523437500000      -0.276604146    
   9.1235351562500000      -0.277359754    
   9.1284179687500000      -0.278118908    
   9.1333007812500000      -0.278881609    
   9.1381835937500000      -0.279647976    
   9.1430664062500000      -0.280417919    
   9.1479492187500000      -0.281191498    
   9.1528320312500000      -0.281968743    
   9.1577148437500000      -0.282749683    
   9.1625976562500000      -0.283534318    
   9.1674804687500000      -0.284322679    
   9.1723632812500000      -0.285114795    
   9.1772460937500000      -0.285910666    
   9.1821289062500000      -0.286710352    
   9.1870117187500000      -0.287513852    
   9.1918945312500000      -0.288321167    
   9.1967773437500000      -0.289132357    
   9.2016601562500000      -0.289947450    
   9.2065429687500000      -0.290766418    
   9.2114257812500000      -0.291589320    
   9.2163085937500000      -0.292416215    
   9.2211914062500000      -0.293247044    
   9.2260742187500000      -0.294081926    
   9.2309570312500000      -0.294920802    
   9.2358398437500000      -0.295763701    
   9.2407226562500000      -0.296610713    
   9.2456054687500000      -0.297461808    
   9.2504882812500000      -0.298317045    
   9.2553710937500000      -0.299176425    
   9.2602539062500000      -0.300039977    
   9.2651367187500000      -0.300907731    
   9.2700195312500000      -0.301779687    
   9.2749023437500000      -0.302655935    
   9.2797851562500000      -0.303536445    
   9.2846679687500000      -0.304421246    
   9.2895507812500000      -0.305310428    
   9.2944335937500000      -0.306203902    
   9.2993164062500000      -0.307101786    
   9.3041992187500000      -0.308004081    
   9.3090820312500000      -0.308910847    
   9.3139648437500000      -0.309822023    
   9.3188476562500000      -0.310737729    
   9.3237304687500000      -0.311657965    
   9.3286132812500000      -0.312582731    
   9.3334960937500000      -0.313512057    
   9.3383789062500000      -0.314446002    
   9.3432617187500000      -0.315384597    
   9.3481445312500000      -0.316327840    
   9.3530273437500000      -0.317275792    
   9.3579101562500000      -0.318228424    
   9.3627929687500000      -0.319185853    
   9.3676757812500000      -0.320148081    
   9.3725585937500000      -0.321115077    
   9.3774414062500000      -0.322086930    
   9.3823242187500000      -0.323063672    
   9.3872070312500000      -0.324045300    
   9.3920898437500000      -0.325031847    
   9.3969726562500000      -0.326023400    
   9.4018554687500000      -0.327019930    
   9.4067382812500000      -0.328021467    
   9.4116210937500000      -0.329028100    
   9.4165039062500000      -0.330039799    
   9.4213867187500000      -0.331056654    
   9.4262695312500000      -0.332078636    
   9.4311523437500000      -0.333105862    
   9.4360351562500000      -0.334138274    
   9.4409179687500000      -0.335175961    
   9.4458007812500000      -0.336218923    
   9.4506835937500000      -0.337267220    
   9.4555664062500000      -0.338320881    
   9.4604492187500000      -0.339379936    
   9.4653320312500000      -0.340444446    
   9.4702148437500000      -0.341514409    
   9.4750976562500000      -0.342589855    
   9.4799804687500000      -0.343670845    
   9.4848632812500000      -0.344757438    
   9.4897460937500000      -0.345849633    
   9.4946289062500000      -0.346947432    
   9.4995117187500000      -0.348050952    
   9.5043945312500000      -0.349160194    
   9.5092773437500000      -0.350275218    
   9.5141601562500000      -0.351395994    
   9.5190429687500000      -0.352522641    
   9.5239257812500000      -0.353655159    
   9.5288085937500000      -0.354793578    
   9.5336914062500000      -0.355937958    
   9.5385742187500000      -0.357088327    
   9.5434570312500000      -0.358244717    
   9.5483398437500000      -0.359407187    
   9.5532226562500000      -0.360575765    
   9.5581054687500000      -0.361750484    
   9.5629882812500000      -0.362931430    
   9.5678710937500000      -0.364118606    
   9.5727539062500000      -0.365312070    
   9.5776367187500000      -0.366511822    
   9.5825195312500000      -0.367717981    
   9.5874023437500000      -0.368930519    
   9.5922851562500000      -0.370149493    
   9.5971679687500000      -0.371374995    
   9.6020507812500000      -0.372606993    
   9.6069335937500000      -0.373845607    
   9.6118164062500000      -0.375090837    
   9.6166992187500000      -0.376342744    
   9.6215820312500000      -0.377601355    
   9.6264648437500000      -0.378866732    
   9.6313476562500000      -0.380138934    
   9.6362304687500000      -0.381417990    
   9.6411132812500000      -0.382703930    
   9.6459960937500000      -0.383996844    
   9.6508789062500000      -0.385296732    
   9.6557617187500000      -0.386603683    
   9.6606445312500000      -0.387917727    
   9.6655273437500000      -0.389238924    
   9.6704101562500000      -0.390567333    
   9.6752929687500000      -0.391902953    
   9.6801757812500000      -0.393245876    
   9.6850585937500000      -0.394596159    
   9.6899414062500000      -0.395953864    
   9.6948242187500000      -0.397318959    
   9.6997070312500000      -0.398691595    
   9.7045898437500000      -0.400071800    
   9.7094726562500000      -0.401459575    
   9.7143554687500000      -0.402855039    
   9.7192382812500000      -0.404258221    
   9.7241210937500000      -0.405669153    
   9.7290039062500000      -0.407087952    
   9.7338867187500000      -0.408514589    
   9.7387695312500000      -0.409949183    
   9.7436523437500000      -0.411391765    
   9.7485351562500000      -0.412842393    
   9.7534179687500000      -0.414301157    
   9.7583007812500000      -0.415768087    
   9.7631835937500000      -0.417243212    
   9.7680664062500000      -0.418726653    
   9.7729492187500000      -0.420218408    
   9.7778320312500000      -0.421718597    
   9.7827148437500000      -0.423227251    
   9.7875976562500000      -0.424744427    
   9.7924804687500000      -0.426270187    
   9.7973632812500000      -0.427804589    
   9.8022460937500000      -0.429347724    
   9.8071289062500000      -0.430899620    
   9.8120117187500000      -0.432460368    
   9.8168945312500000      -0.434030056    
   9.8217773437500000      -0.435608685    
   9.8266601562500000      -0.437196344    
   9.8315429687500000      -0.438793123    
   9.8364257812500000      -0.440399081    
   9.8413085937500000      -0.442014277    
   9.8461914062500000      -0.443638772    
   9.8510742187500000      -0.445272624    
   9.8559570312500000      -0.446915954    
   9.8608398437500000      -0.448568791    
   9.8657226562500000      -0.450231224    
   9.8706054687500000      -0.451903343    
   9.8754882812500000      -0.453585148    
   9.8803710937500000      -0.455276787    
   9.8852539062500000      -0.456978291    
   9.8901367187500000      -0.458689749    
   9.8950195312500000      -0.460411251    
   9.8999023437500000      -0.462142855    
   9.9047851562500000      -0.463884622    
   9.9096679687500000      -0.465636671    
   9.9145507812500000      -0.467399061    
   9.9194335937500000      -0.469171852    
   9.9243164062500000      -0.470955133    
   9.9291992187500000      -0.472748995    
   9.9340820312500000      -0.474553496    
   9.9389648437500000      -0.476368755    
   9.9438476562500000      -0.478194833    
   9.9487304687500000      -0.480031818    
   9.9536132812500000      -0.481879771    
   9.9584960937500000      -0.483738810    
   9.9633789062500000      -0.485608995    
   9.9682617187500000      -0.487490445    
   9.9731445312500000      -0.489383221    
   9.9780273437500000      -0.491287410    
   9.9829101562500000      -0.493203104    
   9.9877929687500000      -0.495130450    
   9.9926757812500000      -0.497069329    
   9.9975585937500000      -0.499020368    
