   2.4414062500000000E-003 -0.496806145    
   7.3242187500000000E-003 -0.490490675    
   1.2207031250000000E-002 -0.484271526    
   1.7089843750000000E-002 -0.478142947    
   2.1972656250000000E-002 -0.472105235    
   2.6855468750000000E-002 -0.466155946    
   3.1738281250000000E-002 -0.460294187    
   3.6621093750000000E-002 -0.454518169    
   4.1503906250000000E-002 -0.448826790    
   4.6386718750000000E-002 -0.443218410    
   5.1269531250000000E-002 -0.437691867    
   5.6152343750000000E-002 -0.432245731    
   6.1035156250000000E-002 -0.426878780    
   6.5917968750000000E-002 -0.421589613    
   7.0800781250000000E-002 -0.416377127    
   7.5683593750000000E-002 -0.411239922    
   8.0566406250000000E-002 -0.406176925    
   8.5449218750000000E-002 -0.401186854    
   9.0332031250000000E-002 -0.396268606    
   9.5214843750000000E-002 -0.391420960    
  0.10009765625000000      -0.386642814    
  0.10498046875000000      -0.381933063    
  0.10986328125000000      -0.377290606    
  0.11474609375000000      -0.372714400    
  0.11962890625000000      -0.368203342    
  0.12451171875000000      -0.363756418    
  0.12939453125000000      -0.359372616    
  0.13427734375000000      -0.355050892    
  0.13916015625000000      -0.350790322    
  0.14404296875000000      -0.346589923    
  0.14892578125000000      -0.342448771    
  0.15380859375000000      -0.338365853    
  0.15869140625000000      -0.334340334    
  0.16357421875000000      -0.330371261    
  0.16845703125000000      -0.326457739    
  0.17333984375000000      -0.322598934    
  0.17822265625000000      -0.318794012    
  0.18310546875000000      -0.315042078    
  0.18798828125000000      -0.311342329    
  0.19287109375000000      -0.307693928    
  0.19775390625000000      -0.304096103    
  0.20263671875000000      -0.300548077    
  0.20751953125000000      -0.297049046    
  0.21240234375000000      -0.293598264    
  0.21728515625000000      -0.290194988    
  0.22216796875000000      -0.286838472    
  0.22705078125000000      -0.283528030    
  0.23193359375000000      -0.280262917    
  0.23681640625000000      -0.277042449    
  0.24169921875000000      -0.273865938    
  0.24658203125000000      -0.270732701    
  0.25146484375000000      -0.267642081    
  0.25634765625000000      -0.264593422    
  0.26123046875000000      -0.261586100    
  0.26611328125000000      -0.258619487    
  0.27099609375000000      -0.255692929    
  0.27587890625000000      -0.252805829    
  0.28076171875000000      -0.249957621    
  0.28564453125000000      -0.247147679    
  0.29052734375000000      -0.244375437    
  0.29541015625000000      -0.241640329    
  0.30029296875000000      -0.238941789    
  0.30517578125000000      -0.236279249    
  0.31005859375000000      -0.233652204    
  0.31494140625000000      -0.231060088    
  0.31982421875000000      -0.228502393    
  0.32470703125000000      -0.225978613    
  0.32958984375000000      -0.223488212    
  0.33447265625000000      -0.221030712    
  0.33935546875000000      -0.218605608    
  0.34423828125000000      -0.216212422    
  0.34912109375000000      -0.213850677    
  0.35400390625000000      -0.211519927    
  0.35888671875000000      -0.209219664    
  0.36376953125000000      -0.206949502    
  0.36865234375000000      -0.204708934    
  0.37353515625000000      -0.202497572    
  0.37841796875000000      -0.200314969    
  0.38330078125000000      -0.198160678    
  0.38818359375000000      -0.196034312    
  0.39306640625000000      -0.193935424    
  0.39794921875000000      -0.191863656    
  0.40283203125000000      -0.189818591    
  0.40771484375000000      -0.187799811    
  0.41259765625000000      -0.185806990    
  0.41748046875000000      -0.183839709    
  0.42236328125000000      -0.181897610    
  0.42724609375000000      -0.179980308    
  0.43212890625000000      -0.178087473    
  0.43701171875000000      -0.176218718    
  0.44189453125000000      -0.174373716    
  0.44677734375000000      -0.172552139    
  0.45166015625000000      -0.170753598    
  0.45654296875000000      -0.168977797    
  0.46142578125000000      -0.167224407    
  0.46630859375000000      -0.165493101    
  0.47119140625000000      -0.163783580    
  0.47607421875000000      -0.162095487    
  0.48095703125000000      -0.160428554    
  0.48583984375000000      -0.158782482    
  0.49072265625000000      -0.157156944    
  0.49560546875000000      -0.155551672    
  0.50048828125000000      -0.153966337    
  0.50537109375000000      -0.152400702    
  0.51025390625000000      -0.150854498    
  0.51513671875000000      -0.149327397    
  0.52001953125000000      -0.147819161    
  0.52490234375000000      -0.146329522    
  0.52978515625000000      -0.144858211    
  0.53466796875000000      -0.143404990    
  0.53955078125000000      -0.141969562    
  0.54443359375000000      -0.140551716    
  0.54931640625000000      -0.139151186    
  0.55419921875000000      -0.137767732    
  0.55908203125000000      -0.136401117    
  0.56396484375000000      -0.135051131    
  0.56884765625000000      -0.133717507    
  0.57373046875000000      -0.132400006    
  0.57861328125000000      -0.131098449    
  0.58349609375000000      -0.129812598    
  0.58837890625000000      -0.128542244    
  0.59326171875000000      -0.127287120    
  0.59814453125000000      -0.126047075    
  0.60302734375000000      -0.124821901    
  0.60791015625000000      -0.123611361    
  0.61279296875000000      -0.122415245    
  0.61767578125000000      -0.121233404    
  0.62255859375000000      -0.120065600    
  0.62744140625000000      -0.118911654    
  0.63232421875000000      -0.117771387    
  0.63720703125000000      -0.116644591    
  0.64208984375000000      -0.115531087    
  0.64697265625000000      -0.114430726    
  0.65185546875000000      -0.113343269    
  0.65673828125000000      -0.112268627    
  0.66162109375000000      -0.111206532    
  0.66650390625000000      -0.110156894    
  0.67138671875000000      -0.109119475    
  0.67626953125000000      -0.108094156    
  0.68115234375000000      -0.107080787    
  0.68603515625000000      -0.106079161    
  0.69091796875000000      -0.105089128    
  0.69580078125000000      -0.104110569    
  0.70068359375000000      -0.103143305    
  0.70556640625000000      -0.102187186    
  0.71044921875000000      -0.101242065    
  0.71533203125000000      -0.100307792    
  0.72021484375000000       -9.93842185E-02
  0.72509765625000000       -9.84712243E-02
  0.72998046875000000       -9.75686610E-02
  0.73486328125000000       -9.66763794E-02
  0.73974609375000000       -9.57942307E-02
  0.74462890625000000       -9.49221253E-02
  0.74951171875000000       -9.40598845E-02
  0.75439453125000000       -9.32074189E-02
  0.75927734375000000       -9.23645794E-02
  0.76416015625000000       -9.15312171E-02
  0.76904296875000000       -9.07072425E-02
  0.77392578125000000       -8.98925364E-02
  0.77880859375000000       -8.90869498E-02
  0.78369140625000000       -8.82903636E-02
  0.78857421875000000       -8.75026882E-02
  0.79345703125000000       -8.67238045E-02
  0.79833984375000000       -8.59535635E-02
  0.80322265625000000       -8.51918757E-02
  0.80810546875000000       -8.44386518E-02
  0.81298828125000000       -8.36937428E-02
  0.81787109375000000       -8.29570889E-02
  0.82275390625000000       -8.22285414E-02
  0.82763671875000000       -8.15079808E-02
  0.83251953125000000       -8.07953775E-02
  0.83740234375000000       -8.00905526E-02
  0.84228515625000000       -7.93934464E-02
  0.84716796875000000       -7.87039697E-02
  0.85205078125000000       -7.80220032E-02
  0.85693359375000000       -7.73474574E-02
  0.86181640625000000       -7.66802132E-02
  0.86669921875000000       -7.60202110E-02
  0.87158203125000000       -7.53673613E-02
  0.87646484375000000       -7.47215748E-02
  0.88134765625000000       -7.40827322E-02
  0.88623046875000000       -7.34507740E-02
  0.89111328125000000       -7.28255808E-02
  0.89599609375000000       -7.22070932E-02
  0.90087890625000000       -7.15952516E-02
  0.90576171875000000       -7.09899068E-02
  0.91064453125000000       -7.03910291E-02
  0.91552734375000000       -6.97985291E-02
  0.92041015625000000       -6.92123175E-02
  0.92529296875000000       -6.86323345E-02
  0.93017578125000000       -6.80584610E-02
  0.93505859375000000       -6.74906671E-02
  0.93994140625000000       -6.69288337E-02
  0.94482421875000000       -6.63729310E-02
  0.94970703125000000       -6.58228695E-02
  0.95458984375000000       -6.52785599E-02
  0.95947265625000000       -6.47399724E-02
  0.96435546875000000       -6.42069876E-02
  0.96923828125000000       -6.36795461E-02
  0.97412109375000000       -6.31575882E-02
  0.97900390625000000       -6.26410842E-02
  0.98388671875000000       -6.21299148E-02
  0.98876953125000000       -6.16240203E-02
  0.99365234375000000       -6.11233711E-02
  0.99853515625000000       -6.06278777E-02
   1.0034179687500000       -6.01374507E-02
   1.0083007812500000       -5.96520901E-02
   1.0131835937500000       -5.91717064E-02
   1.0180664062500000       -5.86962104E-02
   1.0229492187500000       -5.82256019E-02
   1.0278320312500000       -5.77597618E-02
   1.0327148437500000       -5.72986901E-02
   1.0375976562500000       -5.68422675E-02
   1.0424804687500000       -5.63904941E-02
   1.0473632812500000       -5.59432805E-02
   1.0522460937500000       -5.55005670E-02
   1.0571289062500000       -5.50623238E-02
   1.0620117187500000       -5.46284914E-02
   1.0668945312500000       -5.41990399E-02
   1.0717773437500000       -5.37738502E-02
   1.0766601562500000       -5.33529520E-02
   1.0815429687500000       -5.29362261E-02
   1.0864257812500000       -5.25236726E-02
   1.0913085937500000       -5.21152020E-02
   1.0961914062500000       -5.17107844E-02
   1.1010742187500000       -5.13103902E-02
   1.1059570312500000       -5.09139597E-02
   1.1108398437500000       -5.05214334E-02
   1.1157226562500000       -5.01327813E-02
   1.1206054687500000       -4.97479439E-02
   1.1254882812500000       -4.93668914E-02
   1.1303710937500000       -4.89895642E-02
   1.1352539062500000       -4.86159325E-02
   1.1401367187500000       -4.82459366E-02
   1.1450195312500000       -4.78795767E-02
   1.1499023437500000       -4.75167334E-02
   1.1547851562500000       -4.71574366E-02
   1.1596679687500000       -4.68016267E-02
   1.1645507812500000       -4.64492738E-02
   1.1694335937500000       -4.61002886E-02
   1.1743164062500000       -4.57547009E-02
   1.1791992187500000       -4.54123914E-02
   1.1840820312500000       -4.50734198E-02
   1.1889648437500000       -4.47376668E-02
   1.1938476562500000       -4.44051325E-02
   1.1987304687500000       -4.40757573E-02
   1.2036132812500000       -4.37495410E-02
   1.2084960937500000       -4.34263945E-02
   1.2133789062500000       -4.31063473E-02
   1.2182617187500000       -4.27893400E-02
   1.2231445312500000       -4.24753129E-02
   1.2280273437500000       -4.21642363E-02
   1.2329101562500000       -4.18561101E-02
   1.2377929687500000       -4.15508747E-02
   1.2426757812500000       -4.12485301E-02
   1.2475585937500000       -4.09489870E-02
   1.2524414062500000       -4.06522751E-02
   1.2573242187500000       -4.03583050E-02
   1.2622070312500000       -4.00670767E-02
   1.2670898437500000       -3.97785902E-02
   1.2719726562500000       -3.94927561E-02
   1.2768554687500000       -3.92095745E-02
   1.2817382812500000       -3.89290154E-02
   1.2866210937500000       -3.86510491E-02
   1.2915039062500000       -3.83756161E-02
   1.2963867187500000       -3.81027460E-02
   1.3012695312500000       -3.78323793E-02
   1.3061523437500000       -3.75644863E-02
   1.3110351562500000       -3.72990668E-02
   1.3159179687500000       -3.70360315E-02
   1.3208007812500000       -3.67754102E-02
   1.3256835937500000       -3.65171731E-02
   1.3305664062500000       -3.62612605E-02
   1.3354492187500000       -3.60077024E-02
   1.3403320312500000       -3.57564092E-02
   1.3452148437500000       -3.55073810E-02
   1.3500976562500000       -3.52606177E-02
   1.3549804687500000       -3.50160599E-02
   1.3598632812500000       -3.47737074E-02
   1.3647460937500000       -3.45335305E-02
   1.3696289062500000       -3.42954993E-02
   1.3745117187500000       -3.40596139E-02
   1.3793945312500000       -3.38258147E-02
   1.3842773437500000       -3.35941017E-02
   1.3891601562500000       -3.33644450E-02
   1.3940429687500000       -3.31368148E-02
   1.3989257812500000       -3.29112113E-02
   1.4038085937500000       -3.26876044E-02
   1.4086914062500000       -3.24659646E-02
   1.4135742187500000       -3.22462618E-02
   1.4184570312500000       -3.20285261E-02
   1.4233398437500000       -3.18126678E-02
   1.4282226562500000       -3.15987170E-02
   1.4331054687500000       -3.13866436E-02
   1.4379882812500000       -3.11764181E-02
   1.4428710937500000       -3.09680104E-02
   1.4477539062500000       -3.07614207E-02
   1.4526367187500000       -3.05566192E-02
   1.4575195312500000       -3.03536057E-02
   1.4624023437500000       -3.01523209E-02
   1.4672851562500000       -2.99527943E-02
   1.4721679687500000       -2.97549963E-02
   1.4770507812500000       -2.95588970E-02
   1.4819335937500000       -2.93644667E-02
   1.4868164062500000       -2.91717052E-02
   1.4916992187500000       -2.89806128E-02
   1.4965820312500000       -2.87911296E-02
   1.5014648437500000       -2.86032856E-02
   1.5063476562500000       -2.84170210E-02
   1.5112304687500000       -2.82323658E-02
   1.5161132812500000       -2.80492306E-02
   1.5209960937500000       -2.78676748E-02
   1.5258789062500000       -2.76876688E-02
   1.5307617187500000       -2.75091529E-02
   1.5356445312500000       -2.73321569E-02
   1.5405273437500000       -2.71566510E-02
   1.5454101562500000       -2.69826055E-02
   1.5502929687500000       -2.68100202E-02
   1.5551757812500000       -2.66388655E-02
   1.5600585937500000       -2.64691710E-02
   1.5649414062500000       -2.63008773E-02
   1.5698242187500000       -2.61339843E-02
   1.5747070312500000       -2.59684622E-02
   1.5795898437500000       -2.58043408E-02
   1.5844726562500000       -2.56415606E-02
   1.5893554687500000       -2.54801214E-02
   1.5942382812500000       -2.53200233E-02
   1.5991210937500000       -2.51612365E-02
   1.6040039062500000       -2.50037611E-02
   1.6088867187500000       -2.48475671E-02
   1.6137695312500000       -2.46926546E-02
   1.6186523437500000       -2.45389938E-02
   1.6235351562500000       -2.43866146E-02
   1.6284179687500000       -2.42354572E-02
   1.6333007812500000       -2.40855515E-02
   1.6381835937500000       -2.39368677E-02
   1.6430664062500000       -2.37893462E-02
   1.6479492187500000       -2.36430466E-02
   1.6528320312500000       -2.34979391E-02
   1.6577148437500000       -2.33539939E-02
   1.6625976562500000       -2.32112110E-02
   1.6674804687500000       -2.30695605E-02
   1.6723632812500000       -2.29290426E-02
   1.6772460937500000       -2.27896571E-02
   1.6821289062500000       -2.26514041E-02
   1.6870117187500000       -2.25142241E-02
   1.6918945312500000       -2.23781765E-02
   1.6967773437500000       -2.22431719E-02
   1.7016601562500000       -2.21092701E-02
   1.7065429687500000       -2.19764113E-02
   1.7114257812500000       -2.18445957E-02
   1.7163085937500000       -2.17138529E-02
   1.7211914062500000       -2.15841234E-02
   1.7260742187500000       -2.14554071E-02
   1.7309570312500000       -2.13277042E-02
   1.7358398437500000       -2.12010145E-02
   1.7407226562500000       -2.10753083E-02
   1.7456054687500000       -2.09505856E-02
   1.7504882812500000       -2.08268464E-02
   1.7553710937500000       -2.07040608E-02
   1.7602539062500000       -2.05822587E-02
   1.7651367187500000       -2.04613805E-02
   1.7700195312500000       -2.03414261E-02
   1.7749023437500000       -2.02224255E-02
   1.7797851562500000       -2.01043189E-02
   1.7846679687500000       -1.99871659E-02
   1.7895507812500000       -1.98708773E-02
   1.7944335937500000       -1.97554827E-02
   1.7993164062500000       -1.96410120E-02
   1.8041992187500000       -1.95273757E-02
   1.8090820312500000       -1.94146335E-02
   1.8139648437500000       -1.93027556E-02
   1.8188476562500000       -1.91917121E-02
   1.8237304687500000       -1.90815330E-02
   1.8286132812500000       -1.89721882E-02
   1.8334960937500000       -1.88636780E-02
   1.8383789062500000       -1.87559724E-02
   1.8432617187500000       -1.86491013E-02
   1.8481445312500000       -1.85430348E-02
   1.8530273437500000       -1.84377432E-02
   1.8579101562500000       -1.83332860E-02
   1.8627929687500000       -1.82295740E-02
   1.8676757812500000       -1.81266665E-02
   1.8725585937500000       -1.80245340E-02
   1.8774414062500000       -1.79231465E-02
   1.8823242187500000       -1.78225338E-02
   1.8872070312500000       -1.77226663E-02
   1.8920898437500000       -1.76235437E-02
   1.8969726562500000       -1.75251365E-02
   1.9018554687500000       -1.74275041E-02
   1.9067382812500000       -1.73305571E-02
   1.9116210937500000       -1.72343254E-02
   1.9165039062500000       -1.71388388E-02
   1.9213867187500000       -1.70440376E-02
   1.9262695312500000       -1.69499218E-02
   1.9311523437500000       -1.68565214E-02
   1.9360351562500000       -1.67638063E-02
   1.9409179687500000       -1.66717470E-02
   1.9458007812500000       -1.65803730E-02
   1.9506835937500000       -1.64896846E-02
   1.9555664062500000       -1.63996518E-02
   1.9604492187500000       -1.63102448E-02
   1.9653320312500000       -1.62215233E-02
   1.9702148437500000       -1.61334276E-02
   1.9750976562500000       -1.60459876E-02
   1.9799804687500000       -1.59591734E-02
   1.9848632812500000       -1.58729851E-02
   1.9897460937500000       -1.57873929E-02
   1.9946289062500000       -1.57024562E-02
   1.9995117187500000       -1.56181157E-02
   2.0043945312500000       -1.55343711E-02
   2.0092773437500000       -1.54512525E-02
   2.0141601562500000       -1.53687000E-02
   2.0190429687500000       -1.52867734E-02
   2.0239257812500000       -1.52054131E-02
   2.0288085937500000       -1.51246190E-02
   2.0336914062500000       -1.50444210E-02
   2.0385742187500000       -1.49647892E-02
   2.0434570312500000       -1.48857236E-02
   2.0483398437500000       -1.48071945E-02
   2.0532226562500000       -1.47292614E-02
   2.0581054687500000       -1.46518648E-02
   2.0629882812500000       -1.45750046E-02
   2.0678710937500000       -1.44986808E-02
   2.0727539062500000       -1.44228935E-02
   2.0776367187500000       -1.43476725E-02
   2.0825195312500000       -1.42729580E-02
   2.0874023437500000       -1.41987503E-02
   2.0922851562500000       -1.41250789E-02
   2.0971679687500000       -1.40519142E-02
   2.1020507812500000       -1.39792562E-02
   2.1069335937500000       -1.39071345E-02
   2.1118164062500000       -1.38354897E-02
   2.1166992187500000       -1.37643516E-02
   2.1215820312500000       -1.36936903E-02
   2.1264648437500000       -1.36235356E-02
   2.1313476562500000       -1.35538578E-02
   2.1362304687500000       -1.34846568E-02
   2.1411132812500000       -1.34159327E-02
   2.1459960937500000       -1.33476853E-02
   2.1508789062500000       -1.32799149E-02
   2.1557617187500000       -1.32125914E-02
   2.1606445312500000       -1.31457448E-02
   2.1655273437500000       -1.30793750E-02
   2.1704101562500000       -1.30134225E-02
   2.1752929687500000       -1.29479468E-02
   2.1801757812500000       -1.28828883E-02
   2.1850585937500000       -1.28183067E-02
   2.1899414062500000       -1.27541423E-02
   2.1948242187500000       -1.26904249E-02
   2.1997070312500000       -1.26271248E-02
   2.2045898437500000       -1.25642717E-02
   2.2094726562500000       -1.25018358E-02
   2.2143554687500000       -1.24398172E-02
   2.2192382812500000       -1.23782158E-02
   2.2241210937500000       -1.23170316E-02
   2.2290039062500000       -1.22562647E-02
   2.2338867187500000       -1.21958852E-02
   2.2387695312500000       -1.21359229E-02
   2.2436523437500000       -1.20763779E-02
   2.2485351562500000       -1.20172203E-02
   2.2534179687500000       -1.19584501E-02
   2.2583007812500000       -1.19000673E-02
   2.2631835937500000       -1.18420720E-02
   2.2680664062500000       -1.17844939E-02
   2.2729492187500000       -1.17272735E-02
   2.2778320312500000       -1.16704404E-02
   2.2827148437500000       -1.16139650E-02
   2.2875976562500000       -1.15578771E-02
   2.2924804687500000       -1.15021765E-02
   2.2973632812500000       -1.14468336E-02
   2.3022460937500000       -1.13918483E-02
   2.3071289062500000       -1.13372207E-02
   2.3120117187500000       -1.12829506E-02
   2.3168945312500000       -1.12290382E-02
   2.3217773437500000       -1.11754835E-02
   2.3266601562500000       -1.11222863E-02
   2.3315429687500000       -1.10694170E-02
   2.3364257812500000       -1.10169053E-02
   2.3413085937500000       -1.09647512E-02
   2.3461914062500000       -1.09129250E-02
   2.3510742187500000       -1.08614266E-02
   2.3559570312500000       -1.08102560E-02
   2.3608398437500000       -1.07594430E-02
   2.3657226562500000       -1.07089579E-02
   2.3706054687500000       -1.06587708E-02
   2.3754882812500000       -1.06089413E-02
   2.3803710937500000       -1.05594099E-02
   2.3852539062500000       -1.05102062E-02
   2.3901367187500000       -1.04613006E-02
   2.3950195312500000       -1.04127526E-02
   2.3999023437500000       -1.03644729E-02
   2.4047851562500000       -1.03165209E-02
   2.4096679687500000       -1.02688670E-02
   2.4145507812500000       -1.02215409E-02
   2.4194335937500000       -1.01745129E-02
   2.4243164062500000       -1.01277530E-02
   2.4291992187500000       -1.00813210E-02
   2.4340820312500000       -1.00351870E-02
   2.4389648437500000       -9.98932123E-03
   2.4438476562500000       -9.94378328E-03
   2.4487304687500000       -9.89851356E-03
   2.4536132812500000       -9.85351205E-03
   2.4584960937500000       -9.80880857E-03
   2.4633789062500000       -9.76440310E-03
   2.4682617187500000       -9.72026587E-03
   2.4731445312500000       -9.67642665E-03
   2.4780273437500000       -9.63282585E-03
   2.4829101562500000       -9.58952308E-03
   2.4877929687500000       -9.54648852E-03
   2.4926757812500000       -9.50372219E-03
   2.4975585937500000       -9.46122408E-03
   2.5024414062500000       -9.41899419E-03
   2.5073242187500000       -9.37703252E-03
   2.5122070312500000       -9.33533907E-03
   2.5170898437500000       -9.29388404E-03
   2.5219726562500000       -9.25269723E-03
   2.5268554687500000       -9.21177864E-03
   2.5317382812500000       -9.17109847E-03
   2.5366210937500000       -9.13065672E-03
   2.5415039062500000       -9.09051299E-03
   2.5463867187500000       -9.05057788E-03
   2.5512695312500000       -9.01091099E-03
   2.5561523437500000       -8.97148252E-03
   2.5610351562500000       -8.93229246E-03
   2.5659179687500000       -8.89334083E-03
   2.5708007812500000       -8.85462761E-03
   2.5756835937500000       -8.81618261E-03
   2.5805664062500000       -8.77794623E-03
   2.5854492187500000       -8.73994827E-03
   2.5903320312500000       -8.70218873E-03
   2.5952148437500000       -8.66466761E-03
   2.6000976562500000       -8.62735510E-03
   2.6049804687500000       -8.59028101E-03
   2.6098632812500000       -8.55344534E-03
   2.6147460937500000       -8.51681828E-03
   2.6196289062500000       -8.48042965E-03
   2.6245117187500000       -8.44424963E-03
   2.6293945312500000       -8.40827823E-03
   2.6342773437500000       -8.37254524E-03
   2.6391601562500000       -8.33702087E-03
   2.6440429687500000       -8.30173492E-03
   2.6489257812500000       -8.26662779E-03
   2.6538085937500000       -8.23175907E-03
   2.6586914062500000       -8.19709897E-03
   2.6635742187500000       -8.16264749E-03
   2.6684570312500000       -8.12837481E-03
   2.6733398437500000       -8.09434056E-03
   2.6782226562500000       -8.06051493E-03
   2.6831054687500000       -8.02686810E-03
   2.6879882812500000       -7.99342990E-03
   2.6928710937500000       -7.96020031E-03
   2.6977539062500000       -7.92717934E-03
   2.7026367187500000       -7.89433718E-03
   2.7075195312500000       -7.86170363E-03
   2.7124023437500000       -7.82927871E-03
   2.7172851562500000       -7.79703259E-03
   2.7221679687500000       -7.76496530E-03
   2.7270507812500000       -7.73310661E-03
   2.7319335937500000       -7.70142674E-03
   2.7368164062500000       -7.66992569E-03
   2.7416992187500000       -7.63863325E-03
   2.7465820312500000       -7.60751963E-03
   2.7514648437500000       -7.57661462E-03
   2.7563476562500000       -7.54585862E-03
   2.7612304687500000       -7.51531124E-03
   2.7661132812500000       -7.48491287E-03
   2.7709960937500000       -7.45472312E-03
   2.7758789062500000       -7.42468238E-03
   2.7807617187500000       -7.39485025E-03
   2.7856445312500000       -7.36516714E-03
   2.7905273437500000       -7.33569264E-03
   2.7954101562500000       -7.30636716E-03
   2.8002929687500000       -7.27722049E-03
   2.8051757812500000       -7.24825263E-03
   2.8100585937500000       -7.21943378E-03
   2.8149414062500000       -7.19079375E-03
   2.8198242187500000       -7.16233253E-03
   2.8247070312500000       -7.13402033E-03
   2.8295898437500000       -7.10588694E-03
   2.8344726562500000       -7.07793236E-03
   2.8393554687500000       -7.05012679E-03
   2.8442382812500000       -7.02247024E-03
   2.8491210937500000       -6.99499249E-03
   2.8540039062500000       -6.96766376E-03
   2.8588867187500000       -6.94048405E-03
   2.8637695312500000       -6.91348314E-03
   2.8686523437500000       -6.88663125E-03
   2.8735351562500000       -6.85995817E-03
   2.8784179687500000       -6.83340430E-03
   2.8833007812500000       -6.80702925E-03
   2.8881835937500000       -6.78080320E-03
   2.8930664062500000       -6.75472617E-03
   2.8979492187500000       -6.72879815E-03
   2.9028320312500000       -6.70301914E-03
   2.9077148437500000       -6.67738914E-03
   2.9125976562500000       -6.65190816E-03
   2.9174804687500000       -6.62657619E-03
   2.9223632812500000       -6.60139322E-03
   2.9272460937500000       -6.57632947E-03
   2.9321289062500000       -6.55144453E-03
   2.9370117187500000       -6.52667880E-03
   2.9418945312500000       -6.50209188E-03
   2.9467773437500000       -6.47762418E-03
   2.9516601562500000       -6.45327568E-03
   2.9565429687500000       -6.42910600E-03
   2.9614257812500000       -6.40505552E-03
   2.9663085937500000       -6.38112426E-03
   2.9711914062500000       -6.35734200E-03
   2.9760742187500000       -6.33370876E-03
   2.9809570312500000       -6.31022453E-03
   2.9858398437500000       -6.28682971E-03
   2.9907226562500000       -6.26361370E-03
   2.9956054687500000       -6.24048710E-03
   3.0004882812500000       -6.21753931E-03
   3.0053710937500000       -6.19468093E-03
   3.0102539062500000       -6.17197156E-03
   3.0151367187500000       -6.14941120E-03
   3.0200195312500000       -6.12694025E-03
   3.0249023437500000       -6.10461831E-03
   3.0297851562500000       -6.08241558E-03
   3.0346679687500000       -6.06036186E-03
   3.0395507812500000       -6.03842735E-03
   3.0444335937500000       -6.01658225E-03
   3.0493164062500000       -5.99488616E-03
   3.0541992187500000       -5.97330928E-03
   3.0590820312500000       -5.95188141E-03
   3.0639648437500000       -5.93054295E-03
   3.0688476562500000       -5.90932369E-03
   3.0737304687500000       -5.88825345E-03
   3.0786132812500000       -5.86727262E-03
   3.0834960937500000       -5.84644079E-03
   3.0883789062500000       -5.82569838E-03
   3.0932617187500000       -5.80507517E-03
   3.0981445312500000       -5.78457117E-03
   3.1030273437500000       -5.76418638E-03
   3.1079101562500000       -5.74392080E-03
   3.1127929687500000       -5.72377443E-03
   3.1176757812500000       -5.70374727E-03
   3.1225585937500000       -5.68380952E-03
   3.1274414062500000       -5.66399097E-03
   3.1323242187500000       -5.64429164E-03
   3.1372070312500000       -5.62471151E-03
   3.1420898437500000       -5.60522079E-03
   3.1469726562500000       -5.58584929E-03
   3.1518554687500000       -5.56659698E-03
   3.1567382812500000       -5.54743409E-03
   3.1616210937500000       -5.52839041E-03
   3.1665039062500000       -5.50943613E-03
   3.1713867187500000       -5.49060106E-03
   3.1762695312500000       -5.47188520E-03
   3.1811523437500000       -5.45325875E-03
   3.1860351562500000       -5.43475151E-03
   3.1909179687500000       -5.41633368E-03
   3.1958007812500000       -5.39803505E-03
   3.2006835937500000       -5.37982583E-03
   3.2055664062500000       -5.36170602E-03
   3.2104492187500000       -5.34370542E-03
   3.2153320312500000       -5.32579422E-03
   3.2202148437500000       -5.30800223E-03
   3.2250976562500000       -5.29029965E-03
   3.2299804687500000       -5.27268648E-03
   3.2348632812500000       -5.25519252E-03
   3.2397460937500000       -5.23778796E-03
   3.2446289062500000       -5.22047281E-03
   3.2495117187500000       -5.20324707E-03
   3.2543945312500000       -5.18614054E-03
   3.2592773437500000       -5.16912341E-03
   3.2641601562500000       -5.15219569E-03
   3.2690429687500000       -5.13535738E-03
   3.2739257812500000       -5.11860847E-03
   3.2788085937500000       -5.10197878E-03
   3.2836914062500000       -5.08540869E-03
   3.2885742187500000       -5.06895781E-03
   3.2934570312500000       -5.05259633E-03
   3.2983398437500000       -5.03632426E-03
   3.3032226562500000       -5.02014160E-03
   3.3081054687500000       -5.00404835E-03
   3.3129882812500000       -4.98801470E-03
   3.3178710937500000       -4.97210026E-03
   3.3227539062500000       -4.95627522E-03
   3.3276367187500000       -4.94053960E-03
   3.3325195312500000       -4.92489338E-03
   3.3374023437500000       -4.90933657E-03
   3.3422851562500000       -4.89386916E-03
   3.3471679687500000       -4.87846136E-03
   3.3520507812500000       -4.86317277E-03
   3.3569335937500000       -4.84794378E-03
   3.3618164062500000       -4.83280420E-03
   3.3666992187500000       -4.81775403E-03
   3.3715820312500000       -4.80279326E-03
   3.3764648437500000       -4.78792191E-03
   3.3813476562500000       -4.77311015E-03
   3.3862304687500000       -4.75841761E-03
   3.3911132812500000       -4.74378467E-03
   3.3959960937500000       -4.72921133E-03
   3.4008789062500000       -4.71475720E-03
   3.4057617187500000       -4.70036268E-03
   3.4106445312500000       -4.68605757E-03
   3.4155273437500000       -4.67181206E-03
   3.4204101562500000       -4.65768576E-03
   3.4252929687500000       -4.64358926E-03
   3.4301757812500000       -4.62961197E-03
   3.4350585937500000       -4.61569428E-03
   3.4399414062500000       -4.60186601E-03
   3.4448242187500000       -4.58809733E-03
   3.4497070312500000       -4.57441807E-03
   3.4545898437500000       -4.56082821E-03
   3.4594726562500000       -4.54729795E-03
   3.4643554687500000       -4.53382730E-03
   3.4692382812500000       -4.52044606E-03
   3.4741210937500000       -4.50715423E-03
   3.4790039062500000       -4.49392200E-03
   3.4838867187500000       -4.48077917E-03
   3.4887695312500000       -4.46769595E-03
   3.4936523437500000       -4.45470214E-03
   3.4985351562500000       -4.44176793E-03
   3.5034179687500000       -4.42889333E-03
   3.5083007812500000       -4.41610813E-03
   3.5131835937500000       -4.40338254E-03
   3.5180664062500000       -4.39074636E-03
   3.5229492187500000       -4.37816978E-03
   3.5278320312500000       -4.36568260E-03
   3.5327148437500000       -4.35322523E-03
   3.5375976562500000       -4.34088707E-03
   3.5424804687500000       -4.32857871E-03
   3.5473632812500000       -4.31635976E-03
   3.5522460937500000       -4.30420041E-03
   3.5571289062500000       -4.29213047E-03
   3.5620117187500000       -4.28009033E-03
   3.5668945312500000       -4.26813960E-03
   3.5717773437500000       -4.25627828E-03
   3.5766601562500000       -4.24444675E-03
   3.5815429687500000       -4.23270464E-03
   3.5864257812500000       -4.22102213E-03
   3.5913085937500000       -4.20939922E-03
   3.5961914062500000       -4.19786572E-03
   3.6010742187500000       -4.18636203E-03
   3.6059570312500000       -4.17494774E-03
   3.6108398437500000       -4.16359305E-03
   3.6157226562500000       -4.15229797E-03
   3.6206054687500000       -4.14109230E-03
   3.6254882812500000       -4.12991643E-03
   3.6303710937500000       -4.11882997E-03
   3.6352539062500000       -4.10780311E-03
   3.6401367187500000       -4.09683585E-03
   3.6450195312500000       -4.08592820E-03
   3.6499023437500000       -4.07508016E-03
   3.6547851562500000       -4.06429172E-03
   3.6596679687500000       -4.05356288E-03
   3.6645507812500000       -4.04289365E-03
   3.6694335937500000       -4.03231382E-03
   3.6743164062500000       -4.02176380E-03
   3.6791992187500000       -4.01127338E-03
   3.6840820312500000       -4.00087237E-03
   3.6889648437500000       -3.99050117E-03
   3.6938476562500000       -3.98021936E-03
   3.6987304687500000       -3.96996737E-03
   3.7036132812500000       -3.95980477E-03
   3.7084960937500000       -3.94967198E-03
   3.7133789062500000       -3.93959880E-03
   3.7182617187500000       -3.92961502E-03
   3.7231445312500000       -3.91966105E-03
   3.7280273437500000       -3.90976667E-03
   3.7329101562500000       -3.89993191E-03
   3.7377929687500000       -3.89018655E-03
   3.7426757812500000       -3.88047099E-03
   3.7475585937500000       -3.87078524E-03
   3.7524414062500000       -3.86118889E-03
   3.7573242187500000       -3.85165215E-03
   3.7622070312500000       -3.84214520E-03
   3.7670898437500000       -3.83272767E-03
   3.7719726562500000       -3.82333994E-03
   3.7768554687500000       -3.81401181E-03
   3.7817382812500000       -3.80474329E-03
   3.7866210937500000       -3.79553437E-03
   3.7915039062500000       -3.78638506E-03
   3.7963867187500000       -3.77726555E-03
   3.8012695312500000       -3.76820564E-03
   3.8061523437500000       -3.75920534E-03
   3.8110351562500000       -3.75026464E-03
   3.8159179687500000       -3.74138355E-03
   3.8208007812500000       -3.73253226E-03
   3.8256835937500000       -3.72374058E-03
   3.8305664062500000       -3.71500850E-03
   3.8354492187500000       -3.70633602E-03
   3.8403320312500000       -3.69769335E-03
   3.8452148437500000       -3.68914008E-03
   3.8500976562500000       -3.68058681E-03
   3.8549804687500000       -3.67212296E-03
   3.8598632812500000       -3.66368890E-03
   3.8647460937500000       -3.65531445E-03
   3.8696289062500000       -3.64699960E-03
   3.8745117187500000       -3.63874435E-03
   3.8793945312500000       -3.63051891E-03
   3.8842773437500000       -3.62235308E-03
   3.8891601562500000       -3.61421704E-03
   3.8940429687500000       -3.60614061E-03
   3.8989257812500000       -3.59812379E-03
   3.9038085937500000       -3.59013677E-03
   3.9086914062500000       -3.58220935E-03
   3.9135742187500000       -3.57434154E-03
   3.9184570312500000       -3.56653333E-03
   3.9233398437500000       -3.55875492E-03
   3.9282226562500000       -3.55100632E-03
   3.9331054687500000       -3.54331732E-03
   3.9379882812500000       -3.53568792E-03
   3.9428710937500000       -3.52811813E-03
   3.9477539062500000       -3.52057815E-03
   3.9526367187500000       -3.51306796E-03
   3.9575195312500000       -3.50561738E-03
   3.9624023437500000       -3.49822640E-03
   3.9672851562500000       -3.49086523E-03
   3.9721679687500000       -3.48356366E-03
   3.9770507812500000       -3.47629189E-03
   3.9819335937500000       -3.46907973E-03
   3.9868164062500000       -3.46192718E-03
   3.9916992187500000       -3.45480442E-03
   3.9965820312500000       -3.44771147E-03
   4.0014648437500000       -3.44067812E-03
   4.0063476562500000       -3.43370438E-03
   4.0112304687500000       -3.42676044E-03
   4.0161132812500000       -3.41987610E-03
   4.0209960937500000       -3.41302156E-03
   4.0258789062500000       -3.40619683E-03
   4.0307617187500000       -3.39943171E-03
   4.0356445312500000       -3.39272618E-03
   4.0405273437500000       -3.38605046E-03
   4.0454101562500000       -3.37940454E-03
   4.0502929687500000       -3.37281823E-03
   4.0551757812500000       -3.36629152E-03
   4.0600585937500000       -3.35979462E-03
   4.0649414062500000       -3.35332751E-03
   4.0698242187500000       -3.34692001E-03
   4.0747070312500000       -3.34054232E-03
   4.0795898437500000       -3.33419442E-03
   4.0844726562500000       -3.32790613E-03
   4.0893554687500000       -3.32167745E-03
   4.0942382812500000       -3.31547856E-03
   4.0991210937500000       -3.30930948E-03
   4.1040039062500000       -3.30320001E-03
   4.1088867187500000       -3.29712033E-03
   4.1137695312500000       -3.29107046E-03
   4.1186523437500000       -3.28508019E-03
   4.1235351562500000       -3.27911973E-03
   4.1284179687500000       -3.27321887E-03
   4.1333007812500000       -3.26734781E-03
   4.1381835937500000       -3.26150656E-03
   4.1430664062500000       -3.25572491E-03
   4.1479492187500000       -3.24997306E-03
   4.1528320312500000       -3.24425101E-03
   4.1577148437500000       -3.23858857E-03
   4.1625976562500000       -3.23295593E-03
   4.1674804687500000       -3.22738290E-03
   4.1723632812500000       -3.22183967E-03
   4.1772460937500000       -3.21632624E-03
   4.1821289062500000       -3.21084261E-03
   4.1870117187500000       -3.20541859E-03
   4.1918945312500000       -3.20002437E-03
   4.1967773437500000       -3.19465995E-03
   4.2016601562500000       -3.18935513E-03
   4.2065429687500000       -3.18408012E-03
   4.2114257812500000       -3.17886472E-03
   4.2163085937500000       -3.17364931E-03
   4.2211914062500000       -3.16849351E-03
   4.2260742187500000       -3.16336751E-03
   4.2309570312500000       -3.15830112E-03
   4.2358398437500000       -3.15326452E-03
   4.2407226562500000       -3.14825773E-03
   4.2456054687500000       -3.14328074E-03
   4.2504882812500000       -3.13836336E-03
   4.2553710937500000       -3.13344598E-03
   4.2602539062500000       -3.12858820E-03
   4.2651367187500000       -3.12379003E-03
   4.2700195312500000       -3.11899185E-03
   4.2749023437500000       -3.11425328E-03
   4.2797851562500000       -3.10954452E-03
   4.2846679687500000       -3.10489535E-03
   4.2895507812500000       -3.10024619E-03
   4.2944335937500000       -3.09565663E-03
   4.2993164062500000       -3.09109688E-03
   4.3041992187500000       -3.08659673E-03
   4.3090820312500000       -3.08209658E-03
   4.3139648437500000       -3.07765603E-03
   4.3188476562500000       -3.07324529E-03
   4.3237304687500000       -3.06886435E-03
   4.3286132812500000       -3.06451321E-03
   4.3334960937500000       -3.06022167E-03
   4.3383789062500000       -3.05593014E-03
   4.3432617187500000       -3.05169821E-03
   4.3481445312500000       -3.04752588E-03
   4.3530273437500000       -3.04335356E-03
   4.3579101562500000       -3.03921103E-03
   4.3627929687500000       -3.03512812E-03
   4.3676757812500000       -3.03107500E-03
   4.3725585937500000       -3.02705169E-03
   4.3774414062500000       -3.02305818E-03
   4.3823242187500000       -3.01912427E-03
   4.3872070312500000       -3.01519036E-03
   4.3920898437500000       -3.01131606E-03
   4.3969726562500000       -3.00747156E-03
   4.4018554687500000       -3.00365686E-03
   4.4067382812500000       -2.99987197E-03
   4.4116210937500000       -2.99614668E-03
   4.4165039062500000       -2.99242139E-03
   4.4213867187500000       -2.98875570E-03
   4.4262695312500000       -2.98511982E-03
   4.4311523437500000       -2.98151374E-03
   4.4360351562500000       -2.97793746E-03
   4.4409179687500000       -2.97439098E-03
   4.4458007812500000       -2.97090411E-03
   4.4506835937500000       -2.96741724E-03
   4.4555664062500000       -2.96398997E-03
   4.4604492187500000       -2.96059251E-03
   4.4653320312500000       -2.95719504E-03
   4.4702148437500000       -2.95385718E-03
   4.4750976562500000       -2.95057893E-03
   4.4799804687500000       -2.94730067E-03
   4.4848632812500000       -2.94405222E-03
   4.4897460937500000       -2.94086337E-03
   4.4946289062500000       -2.93767452E-03
   4.4995117187500000       -2.93454528E-03
   4.5043945312500000       -2.93144584E-03
   4.5092773437500000       -2.92837620E-03
   4.5141601562500000       -2.92530656E-03
   4.5190429687500000       -2.92232633E-03
   4.5239257812500000       -2.91934609E-03
   4.5288085937500000       -2.91639566E-03
   4.5336914062500000       -2.91347504E-03
   4.5385742187500000       -2.91061401E-03
   4.5434570312500000       -2.90775299E-03
   4.5483398437500000       -2.90495157E-03
   4.5532226562500000       -2.90217996E-03
   4.5581054687500000       -2.89940834E-03
   4.5629882812500000       -2.89669633E-03
   4.5678710937500000       -2.89401412E-03
   4.5727539062500000       -2.89136171E-03
   4.5776367187500000       -2.88873911E-03
   4.5825195312500000       -2.88614631E-03
   4.5874023437500000       -2.88358331E-03
   4.5922851562500000       -2.88107991E-03
   4.5971679687500000       -2.87857652E-03
   4.6020507812500000       -2.87610292E-03
   4.6069335937500000       -2.87368894E-03
   4.6118164062500000       -2.87127495E-03
   4.6166992187500000       -2.86892056E-03
   4.6215820312500000       -2.86656618E-03
   4.6264648437500000       -2.86427140E-03
   4.6313476562500000       -2.86200643E-03
   4.6362304687500000       -2.85974145E-03
   4.6411132812500000       -2.85753608E-03
   4.6459960937500000       -2.85536051E-03
   4.6508789062500000       -2.85321474E-03
   4.6557617187500000       -2.85109878E-03
   4.6606445312500000       -2.84901261E-03
   4.6655273437500000       -2.84695625E-03
   4.6704101562500000       -2.84492970E-03
   4.6752929687500000       -2.84293294E-03
   4.6801757812500000       -2.84096599E-03
   4.6850585937500000       -2.83902884E-03
   4.6899414062500000       -2.83712149E-03
   4.6948242187500000       -2.83524394E-03
   4.6997070312500000       -2.83339620E-03
   4.7045898437500000       -2.83157825E-03
   4.7094726562500000       -2.82981992E-03
   4.7143554687500000       -2.82806158E-03
   4.7192382812500000       -2.82633305E-03
   4.7241210937500000       -2.82466412E-03
   4.7290039062500000       -2.82299519E-03
   4.7338867187500000       -2.82135606E-03
   4.7387695312500000       -2.81977654E-03
   4.7436523437500000       -2.81819701E-03
   4.7485351562500000       -2.81664729E-03
   4.7534179687500000       -2.81515718E-03
   4.7583007812500000       -2.81366706E-03
   4.7631835937500000       -2.81220675E-03
   4.7680664062500000       -2.81080604E-03
   4.7729492187500000       -2.80940533E-03
   4.7778320312500000       -2.80806422E-03
   4.7827148437500000       -2.80672312E-03
   4.7875976562500000       -2.80544162E-03
   4.7924804687500000       -2.80416012E-03
   4.7973632812500000       -2.80290842E-03
   4.8022460937500000       -2.80171633E-03
   4.8071289062500000       -2.80052423E-03
   4.8120117187500000       -2.79939175E-03
   4.8168945312500000       -2.79825926E-03
   4.8217773437500000       -2.79718637E-03
   4.8266601562500000       -2.79611349E-03
   4.8315429687500000       -2.79510021E-03
   4.8364257812500000       -2.79408693E-03
   4.8413085937500000       -2.79313326E-03
   4.8461914062500000       -2.79217958E-03
   4.8510742187500000       -2.79125571E-03
   4.8559570312500000       -2.79039145E-03
   4.8608398437500000       -2.78952718E-03
   4.8657226562500000       -2.78872252E-03
   4.8706054687500000       -2.78791785E-03
   4.8754882812500000       -2.78714299E-03
   4.8803710937500000       -2.78642774E-03
   4.8852539062500000       -2.78571248E-03
   4.8901367187500000       -2.78502703E-03
   4.8950195312500000       -2.78440118E-03
   4.8999023437500000       -2.78377533E-03
   4.9047851562500000       -2.78317928E-03
   4.9096679687500000       -2.78264284E-03
   4.9145507812500000       -2.78210640E-03
   4.9194335937500000       -2.78159976E-03
   4.9243164062500000       -2.78115273E-03
   4.9291992187500000       -2.78070569E-03
   4.9340820312500000       -2.78028846E-03
   4.9389648437500000       -2.77990103E-03
   4.9438476562500000       -2.77954340E-03
   4.9487304687500000       -2.77924538E-03
   4.9536132812500000       -2.77894735E-03
   4.9584960937500000       -2.77867913E-03
   4.9633789062500000       -2.77844071E-03
   4.9682617187500000       -2.77823210E-03
   4.9731445312500000       -2.77805328E-03
   4.9780273437500000       -2.77790427E-03
   4.9829101562500000       -2.77778506E-03
   4.9877929687500000       -2.77772546E-03
   4.9926757812500000       -2.77766585E-03
   4.9975585937500000       -2.77763605E-03
   5.0024414062500000       -2.77763605E-03
   5.0073242187500000       -2.77766585E-03
   5.0122070312500000       -2.77772546E-03
   5.0170898437500000       -2.77778506E-03
   5.0219726562500000       -2.77790427E-03
   5.0268554687500000       -2.77805328E-03
   5.0317382812500000       -2.77823210E-03
   5.0366210937500000       -2.77844071E-03
   5.0415039062500000       -2.77867913E-03
   5.0463867187500000       -2.77894735E-03
   5.0512695312500000       -2.77924538E-03
   5.0561523437500000       -2.77954340E-03
   5.0610351562500000       -2.77990103E-03
   5.0659179687500000       -2.78028846E-03
   5.0708007812500000       -2.78070569E-03
   5.0756835937500000       -2.78115273E-03
   5.0805664062500000       -2.78159976E-03
   5.0854492187500000       -2.78210640E-03
   5.0903320312500000       -2.78264284E-03
   5.0952148437500000       -2.78317928E-03
   5.1000976562500000       -2.78377533E-03
   5.1049804687500000       -2.78440118E-03
   5.1098632812500000       -2.78502703E-03
   5.1147460937500000       -2.78571248E-03
   5.1196289062500000       -2.78642774E-03
   5.1245117187500000       -2.78714299E-03
   5.1293945312500000       -2.78791785E-03
   5.1342773437500000       -2.78872252E-03
   5.1391601562500000       -2.78952718E-03
   5.1440429687500000       -2.79039145E-03
   5.1489257812500000       -2.79125571E-03
   5.1538085937500000       -2.79217958E-03
   5.1586914062500000       -2.79313326E-03
   5.1635742187500000       -2.79408693E-03
   5.1684570312500000       -2.79510021E-03
   5.1733398437500000       -2.79611349E-03
   5.1782226562500000       -2.79718637E-03
   5.1831054687500000       -2.79825926E-03
   5.1879882812500000       -2.79939175E-03
   5.1928710937500000       -2.80052423E-03
   5.1977539062500000       -2.80171633E-03
   5.2026367187500000       -2.80290842E-03
   5.2075195312500000       -2.80416012E-03
   5.2124023437500000       -2.80544162E-03
   5.2172851562500000       -2.80672312E-03
   5.2221679687500000       -2.80806422E-03
   5.2270507812500000       -2.80940533E-03
   5.2319335937500000       -2.81080604E-03
   5.2368164062500000       -2.81220675E-03
   5.2416992187500000       -2.81366706E-03
   5.2465820312500000       -2.81515718E-03
   5.2514648437500000       -2.81664729E-03
   5.2563476562500000       -2.81819701E-03
   5.2612304687500000       -2.81977654E-03
   5.2661132812500000       -2.82135606E-03
   5.2709960937500000       -2.82299519E-03
   5.2758789062500000       -2.82466412E-03
   5.2807617187500000       -2.82633305E-03
   5.2856445312500000       -2.82806158E-03
   5.2905273437500000       -2.82981992E-03
   5.2954101562500000       -2.83157825E-03
   5.3002929687500000       -2.83339620E-03
   5.3051757812500000       -2.83524394E-03
   5.3100585937500000       -2.83712149E-03
   5.3149414062500000       -2.83902884E-03
   5.3198242187500000       -2.84096599E-03
   5.3247070312500000       -2.84293294E-03
   5.3295898437500000       -2.84492970E-03
   5.3344726562500000       -2.84695625E-03
   5.3393554687500000       -2.84901261E-03
   5.3442382812500000       -2.85109878E-03
   5.3491210937500000       -2.85321474E-03
   5.3540039062500000       -2.85536051E-03
   5.3588867187500000       -2.85753608E-03
   5.3637695312500000       -2.85974145E-03
   5.3686523437500000       -2.86200643E-03
   5.3735351562500000       -2.86427140E-03
   5.3784179687500000       -2.86656618E-03
   5.3833007812500000       -2.86892056E-03
   5.3881835937500000       -2.87127495E-03
   5.3930664062500000       -2.87368894E-03
   5.3979492187500000       -2.87610292E-03
   5.4028320312500000       -2.87857652E-03
   5.4077148437500000       -2.88107991E-03
   5.4125976562500000       -2.88358331E-03
   5.4174804687500000       -2.88614631E-03
   5.4223632812500000       -2.88873911E-03
   5.4272460937500000       -2.89136171E-03
   5.4321289062500000       -2.89401412E-03
   5.4370117187500000       -2.89669633E-03
   5.4418945312500000       -2.89940834E-03
   5.4467773437500000       -2.90217996E-03
   5.4516601562500000       -2.90495157E-03
   5.4565429687500000       -2.90775299E-03
   5.4614257812500000       -2.91061401E-03
   5.4663085937500000       -2.91347504E-03
   5.4711914062500000       -2.91639566E-03
   5.4760742187500000       -2.91934609E-03
   5.4809570312500000       -2.92232633E-03
   5.4858398437500000       -2.92530656E-03
   5.4907226562500000       -2.92837620E-03
   5.4956054687500000       -2.93144584E-03
   5.5004882812500000       -2.93454528E-03
   5.5053710937500000       -2.93767452E-03
   5.5102539062500000       -2.94086337E-03
   5.5151367187500000       -2.94405222E-03
   5.5200195312500000       -2.94730067E-03
   5.5249023437500000       -2.95057893E-03
   5.5297851562500000       -2.95385718E-03
   5.5346679687500000       -2.95719504E-03
   5.5395507812500000       -2.96059251E-03
   5.5444335937500000       -2.96398997E-03
   5.5493164062500000       -2.96741724E-03
   5.5541992187500000       -2.97090411E-03
   5.5590820312500000       -2.97439098E-03
   5.5639648437500000       -2.97793746E-03
   5.5688476562500000       -2.98151374E-03
   5.5737304687500000       -2.98511982E-03
   5.5786132812500000       -2.98875570E-03
   5.5834960937500000       -2.99242139E-03
   5.5883789062500000       -2.99614668E-03
   5.5932617187500000       -2.99987197E-03
   5.5981445312500000       -3.00365686E-03
   5.6030273437500000       -3.00747156E-03
   5.6079101562500000       -3.01131606E-03
   5.6127929687500000       -3.01519036E-03
   5.6176757812500000       -3.01912427E-03
   5.6225585937500000       -3.02305818E-03
   5.6274414062500000       -3.02705169E-03
   5.6323242187500000       -3.03107500E-03
   5.6372070312500000       -3.03512812E-03
   5.6420898437500000       -3.03921103E-03
   5.6469726562500000       -3.04335356E-03
   5.6518554687500000       -3.04752588E-03
   5.6567382812500000       -3.05169821E-03
   5.6616210937500000       -3.05593014E-03
   5.6665039062500000       -3.06022167E-03
   5.6713867187500000       -3.06451321E-03
   5.6762695312500000       -3.06886435E-03
   5.6811523437500000       -3.07324529E-03
   5.6860351562500000       -3.07765603E-03
   5.6909179687500000       -3.08209658E-03
   5.6958007812500000       -3.08659673E-03
   5.7006835937500000       -3.09109688E-03
   5.7055664062500000       -3.09565663E-03
   5.7104492187500000       -3.10024619E-03
   5.7153320312500000       -3.10489535E-03
   5.7202148437500000       -3.10954452E-03
   5.7250976562500000       -3.11425328E-03
   5.7299804687500000       -3.11899185E-03
   5.7348632812500000       -3.12379003E-03
   5.7397460937500000       -3.12858820E-03
   5.7446289062500000       -3.13344598E-03
   5.7495117187500000       -3.13836336E-03
   5.7543945312500000       -3.14328074E-03
   5.7592773437500000       -3.14825773E-03
   5.7641601562500000       -3.15326452E-03
   5.7690429687500000       -3.15830112E-03
   5.7739257812500000       -3.16336751E-03
   5.7788085937500000       -3.16849351E-03
   5.7836914062500000       -3.17364931E-03
   5.7885742187500000       -3.17886472E-03
   5.7934570312500000       -3.18408012E-03
   5.7983398437500000       -3.18935513E-03
   5.8032226562500000       -3.19465995E-03
   5.8081054687500000       -3.20002437E-03
   5.8129882812500000       -3.20541859E-03
   5.8178710937500000       -3.21084261E-03
   5.8227539062500000       -3.21632624E-03
   5.8276367187500000       -3.22183967E-03
   5.8325195312500000       -3.22738290E-03
   5.8374023437500000       -3.23295593E-03
   5.8422851562500000       -3.23858857E-03
   5.8471679687500000       -3.24425101E-03
   5.8520507812500000       -3.24997306E-03
   5.8569335937500000       -3.25572491E-03
   5.8618164062500000       -3.26150656E-03
   5.8666992187500000       -3.26734781E-03
   5.8715820312500000       -3.27321887E-03
   5.8764648437500000       -3.27911973E-03
   5.8813476562500000       -3.28508019E-03
   5.8862304687500000       -3.29107046E-03
   5.8911132812500000       -3.29712033E-03
   5.8959960937500000       -3.30320001E-03
   5.9008789062500000       -3.30930948E-03
   5.9057617187500000       -3.31547856E-03
   5.9106445312500000       -3.32167745E-03
   5.9155273437500000       -3.32790613E-03
   5.9204101562500000       -3.33419442E-03
   5.9252929687500000       -3.34054232E-03
   5.9301757812500000       -3.34692001E-03
   5.9350585937500000       -3.35332751E-03
   5.9399414062500000       -3.35979462E-03
   5.9448242187500000       -3.36629152E-03
   5.9497070312500000       -3.37281823E-03
   5.9545898437500000       -3.37940454E-03
   5.9594726562500000       -3.38605046E-03
   5.9643554687500000       -3.39272618E-03
   5.9692382812500000       -3.39943171E-03
   5.9741210937500000       -3.40619683E-03
   5.9790039062500000       -3.41302156E-03
   5.9838867187500000       -3.41987610E-03
   5.9887695312500000       -3.42676044E-03
   5.9936523437500000       -3.43370438E-03
   5.9985351562500000       -3.44067812E-03
   6.0034179687500000       -3.44771147E-03
   6.0083007812500000       -3.45480442E-03
   6.0131835937500000       -3.46192718E-03
   6.0180664062500000       -3.46907973E-03
   6.0229492187500000       -3.47629189E-03
   6.0278320312500000       -3.48356366E-03
   6.0327148437500000       -3.49086523E-03
   6.0375976562500000       -3.49822640E-03
   6.0424804687500000       -3.50561738E-03
   6.0473632812500000       -3.51306796E-03
   6.0522460937500000       -3.52057815E-03
   6.0571289062500000       -3.52811813E-03
   6.0620117187500000       -3.53568792E-03
   6.0668945312500000       -3.54331732E-03
   6.0717773437500000       -3.55100632E-03
   6.0766601562500000       -3.55875492E-03
   6.0815429687500000       -3.56653333E-03
   6.0864257812500000       -3.57434154E-03
   6.0913085937500000       -3.58220935E-03
   6.0961914062500000       -3.59013677E-03
   6.1010742187500000       -3.59812379E-03
   6.1059570312500000       -3.60614061E-03
   6.1108398437500000       -3.61421704E-03
   6.1157226562500000       -3.62235308E-03
   6.1206054687500000       -3.63051891E-03
   6.1254882812500000       -3.63874435E-03
   6.1303710937500000       -3.64699960E-03
   6.1352539062500000       -3.65531445E-03
   6.1401367187500000       -3.66368890E-03
   6.1450195312500000       -3.67212296E-03
   6.1499023437500000       -3.68058681E-03
   6.1547851562500000       -3.68914008E-03
   6.1596679687500000       -3.69769335E-03
   6.1645507812500000       -3.70633602E-03
   6.1694335937500000       -3.71500850E-03
   6.1743164062500000       -3.72374058E-03
   6.1791992187500000       -3.73253226E-03
   6.1840820312500000       -3.74138355E-03
   6.1889648437500000       -3.75026464E-03
   6.1938476562500000       -3.75920534E-03
   6.1987304687500000       -3.76820564E-03
   6.2036132812500000       -3.77726555E-03
   6.2084960937500000       -3.78638506E-03
   6.2133789062500000       -3.79553437E-03
   6.2182617187500000       -3.80474329E-03
   6.2231445312500000       -3.81401181E-03
   6.2280273437500000       -3.82333994E-03
   6.2329101562500000       -3.83272767E-03
   6.2377929687500000       -3.84214520E-03
   6.2426757812500000       -3.85165215E-03
   6.2475585937500000       -3.86118889E-03
   6.2524414062500000       -3.87078524E-03
   6.2573242187500000       -3.88047099E-03
   6.2622070312500000       -3.89018655E-03
   6.2670898437500000       -3.89993191E-03
   6.2719726562500000       -3.90976667E-03
   6.2768554687500000       -3.91966105E-03
   6.2817382812500000       -3.92961502E-03
   6.2866210937500000       -3.93959880E-03
   6.2915039062500000       -3.94967198E-03
   6.2963867187500000       -3.95980477E-03
   6.3012695312500000       -3.96996737E-03
   6.3061523437500000       -3.98021936E-03
   6.3110351562500000       -3.99050117E-03
   6.3159179687500000       -4.00087237E-03
   6.3208007812500000       -4.01127338E-03
   6.3256835937500000       -4.02176380E-03
   6.3305664062500000       -4.03231382E-03
   6.3354492187500000       -4.04289365E-03
   6.3403320312500000       -4.05356288E-03
   6.3452148437500000       -4.06429172E-03
   6.3500976562500000       -4.07508016E-03
   6.3549804687500000       -4.08592820E-03
   6.3598632812500000       -4.09683585E-03
   6.3647460937500000       -4.10780311E-03
   6.3696289062500000       -4.11882997E-03
   6.3745117187500000       -4.12991643E-03
   6.3793945312500000       -4.14109230E-03
   6.3842773437500000       -4.15229797E-03
   6.3891601562500000       -4.16359305E-03
   6.3940429687500000       -4.17494774E-03
   6.3989257812500000       -4.18636203E-03
   6.4038085937500000       -4.19786572E-03
   6.4086914062500000       -4.20939922E-03
   6.4135742187500000       -4.22102213E-03
   6.4184570312500000       -4.23270464E-03
   6.4233398437500000       -4.24444675E-03
   6.4282226562500000       -4.25627828E-03
   6.4331054687500000       -4.26813960E-03
   6.4379882812500000       -4.28009033E-03
   6.4428710937500000       -4.29213047E-03
   6.4477539062500000       -4.30420041E-03
   6.4526367187500000       -4.31635976E-03
   6.4575195312500000       -4.32857871E-03
   6.4624023437500000       -4.34088707E-03
   6.4672851562500000       -4.35322523E-03
   6.4721679687500000       -4.36568260E-03
   6.4770507812500000       -4.37816978E-03
   6.4819335937500000       -4.39074636E-03
   6.4868164062500000       -4.40338254E-03
   6.4916992187500000       -4.41610813E-03
   6.4965820312500000       -4.42889333E-03
   6.5014648437500000       -4.44176793E-03
   6.5063476562500000       -4.45470214E-03
   6.5112304687500000       -4.46769595E-03
   6.5161132812500000       -4.48077917E-03
   6.5209960937500000       -4.49392200E-03
   6.5258789062500000       -4.50715423E-03
   6.5307617187500000       -4.52044606E-03
   6.5356445312500000       -4.53382730E-03
   6.5405273437500000       -4.54729795E-03
   6.5454101562500000       -4.56082821E-03
   6.5502929687500000       -4.57441807E-03
   6.5551757812500000       -4.58809733E-03
   6.5600585937500000       -4.60186601E-03
   6.5649414062500000       -4.61569428E-03
   6.5698242187500000       -4.62961197E-03
   6.5747070312500000       -4.64358926E-03
   6.5795898437500000       -4.65768576E-03
   6.5844726562500000       -4.67181206E-03
   6.5893554687500000       -4.68605757E-03
   6.5942382812500000       -4.70036268E-03
   6.5991210937500000       -4.71475720E-03
   6.6040039062500000       -4.72921133E-03
   6.6088867187500000       -4.74378467E-03
   6.6137695312500000       -4.75841761E-03
   6.6186523437500000       -4.77311015E-03
   6.6235351562500000       -4.78792191E-03
   6.6284179687500000       -4.80279326E-03
   6.6333007812500000       -4.81775403E-03
   6.6381835937500000       -4.83280420E-03
   6.6430664062500000       -4.84794378E-03
   6.6479492187500000       -4.86317277E-03
   6.6528320312500000       -4.87846136E-03
   6.6577148437500000       -4.89386916E-03
   6.6625976562500000       -4.90933657E-03
   6.6674804687500000       -4.92489338E-03
   6.6723632812500000       -4.94053960E-03
   6.6772460937500000       -4.95627522E-03
   6.6821289062500000       -4.97210026E-03
   6.6870117187500000       -4.98801470E-03
   6.6918945312500000       -5.00404835E-03
   6.6967773437500000       -5.02014160E-03
   6.7016601562500000       -5.03632426E-03
   6.7065429687500000       -5.05259633E-03
   6.7114257812500000       -5.06895781E-03
   6.7163085937500000       -5.08540869E-03
   6.7211914062500000       -5.10197878E-03
   6.7260742187500000       -5.11860847E-03
   6.7309570312500000       -5.13535738E-03
   6.7358398437500000       -5.15219569E-03
   6.7407226562500000       -5.16912341E-03
   6.7456054687500000       -5.18614054E-03
   6.7504882812500000       -5.20324707E-03
   6.7553710937500000       -5.22047281E-03
   6.7602539062500000       -5.23778796E-03
   6.7651367187500000       -5.25519252E-03
   6.7700195312500000       -5.27268648E-03
   6.7749023437500000       -5.29029965E-03
   6.7797851562500000       -5.30800223E-03
   6.7846679687500000       -5.32579422E-03
   6.7895507812500000       -5.34370542E-03
   6.7944335937500000       -5.36170602E-03
   6.7993164062500000       -5.37982583E-03
   6.8041992187500000       -5.39803505E-03
   6.8090820312500000       -5.41633368E-03
   6.8139648437500000       -5.43475151E-03
   6.8188476562500000       -5.45325875E-03
   6.8237304687500000       -5.47188520E-03
   6.8286132812500000       -5.49060106E-03
   6.8334960937500000       -5.50943613E-03
   6.8383789062500000       -5.52839041E-03
   6.8432617187500000       -5.54743409E-03
   6.8481445312500000       -5.56659698E-03
   6.8530273437500000       -5.58584929E-03
   6.8579101562500000       -5.60522079E-03
   6.8627929687500000       -5.62471151E-03
   6.8676757812500000       -5.64429164E-03
   6.8725585937500000       -5.66399097E-03
   6.8774414062500000       -5.68380952E-03
   6.8823242187500000       -5.70374727E-03
   6.8872070312500000       -5.72377443E-03
   6.8920898437500000       -5.74392080E-03
   6.8969726562500000       -5.76418638E-03
   6.9018554687500000       -5.78457117E-03
   6.9067382812500000       -5.80507517E-03
   6.9116210937500000       -5.82569838E-03
   6.9165039062500000       -5.84644079E-03
   6.9213867187500000       -5.86727262E-03
   6.9262695312500000       -5.88825345E-03
   6.9311523437500000       -5.90932369E-03
   6.9360351562500000       -5.93054295E-03
   6.9409179687500000       -5.95188141E-03
   6.9458007812500000       -5.97330928E-03
   6.9506835937500000       -5.99488616E-03
   6.9555664062500000       -6.01658225E-03
   6.9604492187500000       -6.03842735E-03
   6.9653320312500000       -6.06036186E-03
   6.9702148437500000       -6.08241558E-03
   6.9750976562500000       -6.10461831E-03
   6.9799804687500000       -6.12694025E-03
   6.9848632812500000       -6.14941120E-03
   6.9897460937500000       -6.17197156E-03
   6.9946289062500000       -6.19468093E-03
   6.9995117187500000       -6.21753931E-03
   7.0043945312500000       -6.24048710E-03
   7.0092773437500000       -6.26361370E-03
   7.0141601562500000       -6.28682971E-03
   7.0190429687500000       -6.31022453E-03
   7.0239257812500000       -6.33370876E-03
   7.0288085937500000       -6.35734200E-03
   7.0336914062500000       -6.38112426E-03
   7.0385742187500000       -6.40505552E-03
   7.0434570312500000       -6.42910600E-03
   7.0483398437500000       -6.45327568E-03
   7.0532226562500000       -6.47762418E-03
   7.0581054687500000       -6.50209188E-03
   7.0629882812500000       -6.52667880E-03
   7.0678710937500000       -6.55144453E-03
   7.0727539062500000       -6.57632947E-03
   7.0776367187500000       -6.60139322E-03
   7.0825195312500000       -6.62657619E-03
   7.0874023437500000       -6.65190816E-03
   7.0922851562500000       -6.67738914E-03
   7.0971679687500000       -6.70301914E-03
   7.1020507812500000       -6.72879815E-03
   7.1069335937500000       -6.75472617E-03
   7.1118164062500000       -6.78080320E-03
   7.1166992187500000       -6.80702925E-03
   7.1215820312500000       -6.83340430E-03
   7.1264648437500000       -6.85995817E-03
   7.1313476562500000       -6.88663125E-03
   7.1362304687500000       -6.91348314E-03
   7.1411132812500000       -6.94048405E-03
   7.1459960937500000       -6.96766376E-03
   7.1508789062500000       -6.99499249E-03
   7.1557617187500000       -7.02247024E-03
   7.1606445312500000       -7.05012679E-03
   7.1655273437500000       -7.07793236E-03
   7.1704101562500000       -7.10588694E-03
   7.1752929687500000       -7.13402033E-03
   7.1801757812500000       -7.16233253E-03
   7.1850585937500000       -7.19079375E-03
   7.1899414062500000       -7.21943378E-03
   7.1948242187500000       -7.24825263E-03
   7.1997070312500000       -7.27722049E-03
   7.2045898437500000       -7.30636716E-03
   7.2094726562500000       -7.33569264E-03
   7.2143554687500000       -7.36516714E-03
   7.2192382812500000       -7.39485025E-03
   7.2241210937500000       -7.42468238E-03
   7.2290039062500000       -7.45472312E-03
   7.2338867187500000       -7.48491287E-03
   7.2387695312500000       -7.51531124E-03
   7.2436523437500000       -7.54585862E-03
   7.2485351562500000       -7.57661462E-03
   7.2534179687500000       -7.60751963E-03
   7.2583007812500000       -7.63863325E-03
   7.2631835937500000       -7.66992569E-03
   7.2680664062500000       -7.70142674E-03
   7.2729492187500000       -7.73310661E-03
   7.2778320312500000       -7.76496530E-03
   7.2827148437500000       -7.79703259E-03
   7.2875976562500000       -7.82927871E-03
   7.2924804687500000       -7.86170363E-03
   7.2973632812500000       -7.89433718E-03
   7.3022460937500000       -7.92717934E-03
   7.3071289062500000       -7.96020031E-03
   7.3120117187500000       -7.99342990E-03
   7.3168945312500000       -8.02686810E-03
   7.3217773437500000       -8.06051493E-03
   7.3266601562500000       -8.09434056E-03
   7.3315429687500000       -8.12837481E-03
   7.3364257812500000       -8.16264749E-03
   7.3413085937500000       -8.19709897E-03
   7.3461914062500000       -8.23175907E-03
   7.3510742187500000       -8.26662779E-03
   7.3559570312500000       -8.30173492E-03
   7.3608398437500000       -8.33702087E-03
   7.3657226562500000       -8.37254524E-03
   7.3706054687500000       -8.40827823E-03
   7.3754882812500000       -8.44424963E-03
   7.3803710937500000       -8.48042965E-03
   7.3852539062500000       -8.51681828E-03
   7.3901367187500000       -8.55344534E-03
   7.3950195312500000       -8.59028101E-03
   7.3999023437500000       -8.62735510E-03
   7.4047851562500000       -8.66466761E-03
   7.4096679687500000       -8.70218873E-03
   7.4145507812500000       -8.73994827E-03
   7.4194335937500000       -8.77794623E-03
   7.4243164062500000       -8.81618261E-03
   7.4291992187500000       -8.85462761E-03
   7.4340820312500000       -8.89334083E-03
   7.4389648437500000       -8.93229246E-03
   7.4438476562500000       -8.97148252E-03
   7.4487304687500000       -9.01091099E-03
   7.4536132812500000       -9.05057788E-03
   7.4584960937500000       -9.09051299E-03
   7.4633789062500000       -9.13065672E-03
   7.4682617187500000       -9.17109847E-03
   7.4731445312500000       -9.21177864E-03
   7.4780273437500000       -9.25269723E-03
   7.4829101562500000       -9.29388404E-03
   7.4877929687500000       -9.33533907E-03
   7.4926757812500000       -9.37703252E-03
   7.4975585937500000       -9.41899419E-03
   7.5024414062500000       -9.46122408E-03
   7.5073242187500000       -9.50372219E-03
   7.5122070312500000       -9.54648852E-03
   7.5170898437500000       -9.58952308E-03
   7.5219726562500000       -9.63282585E-03
   7.5268554687500000       -9.67642665E-03
   7.5317382812500000       -9.72026587E-03
   7.5366210937500000       -9.76440310E-03
   7.5415039062500000       -9.80880857E-03
   7.5463867187500000       -9.85351205E-03
   7.5512695312500000       -9.89851356E-03
   7.5561523437500000       -9.94378328E-03
   7.5610351562500000       -9.98932123E-03
   7.5659179687500000       -1.00351870E-02
   7.5708007812500000       -1.00813210E-02
   7.5756835937500000       -1.01277530E-02
   7.5805664062500000       -1.01745129E-02
   7.5854492187500000       -1.02215409E-02
   7.5903320312500000       -1.02688670E-02
   7.5952148437500000       -1.03165209E-02
   7.6000976562500000       -1.03644729E-02
   7.6049804687500000       -1.04127526E-02
   7.6098632812500000       -1.04613006E-02
   7.6147460937500000       -1.05102062E-02
   7.6196289062500000       -1.05594099E-02
   7.6245117187500000       -1.06089413E-02
   7.6293945312500000       -1.06587708E-02
   7.6342773437500000       -1.07089579E-02
   7.6391601562500000       -1.07594430E-02
   7.6440429687500000       -1.08102560E-02
   7.6489257812500000       -1.08614266E-02
   7.6538085937500000       -1.09129250E-02
   7.6586914062500000       -1.09647512E-02
   7.6635742187500000       -1.10169053E-02
   7.6684570312500000       -1.10694170E-02
   7.6733398437500000       -1.11222863E-02
   7.6782226562500000       -1.11754835E-02
   7.6831054687500000       -1.12290382E-02
   7.6879882812500000       -1.12829506E-02
   7.6928710937500000       -1.13372207E-02
   7.6977539062500000       -1.13918483E-02
   7.7026367187500000       -1.14468336E-02
   7.7075195312500000       -1.15021765E-02
   7.7124023437500000       -1.15578771E-02
   7.7172851562500000       -1.16139650E-02
   7.7221679687500000       -1.16704404E-02
   7.7270507812500000       -1.17272735E-02
   7.7319335937500000       -1.17844939E-02
   7.7368164062500000       -1.18420720E-02
   7.7416992187500000       -1.19000673E-02
   7.7465820312500000       -1.19584501E-02
   7.7514648437500000       -1.20172203E-02
   7.7563476562500000       -1.20763779E-02
   7.7612304687500000       -1.21359229E-02
   7.7661132812500000       -1.21958852E-02
   7.7709960937500000       -1.22562647E-02
   7.7758789062500000       -1.23170316E-02
   7.7807617187500000       -1.23782158E-02
   7.7856445312500000       -1.24398172E-02
   7.7905273437500000       -1.25018358E-02
   7.7954101562500000       -1.25642717E-02
   7.8002929687500000       -1.26271248E-02
   7.8051757812500000       -1.26904249E-02
   7.8100585937500000       -1.27541423E-02
   7.8149414062500000       -1.28183067E-02
   7.8198242187500000       -1.28828883E-02
   7.8247070312500000       -1.29479468E-02
   7.8295898437500000       -1.30134225E-02
   7.8344726562500000       -1.30793750E-02
   7.8393554687500000       -1.31457448E-02
   7.8442382812500000       -1.32125914E-02
   7.8491210937500000       -1.32799149E-02
   7.8540039062500000       -1.33476853E-02
   7.8588867187500000       -1.34159327E-02
   7.8637695312500000       -1.34846568E-02
   7.8686523437500000       -1.35538578E-02
   7.8735351562500000       -1.36235356E-02
   7.8784179687500000       -1.36936903E-02
   7.8833007812500000       -1.37643516E-02
   7.8881835937500000       -1.38354897E-02
   7.8930664062500000       -1.39071345E-02
   7.8979492187500000       -1.39792562E-02
   7.9028320312500000       -1.40519142E-02
   7.9077148437500000       -1.41250789E-02
   7.9125976562500000       -1.41987503E-02
   7.9174804687500000       -1.42729580E-02
   7.9223632812500000       -1.43476725E-02
   7.9272460937500000       -1.44228935E-02
   7.9321289062500000       -1.44986808E-02
   7.9370117187500000       -1.45750046E-02
   7.9418945312500000       -1.46518648E-02
   7.9467773437500000       -1.47292614E-02
   7.9516601562500000       -1.48071945E-02
   7.9565429687500000       -1.48857236E-02
   7.9614257812500000       -1.49647892E-02
   7.9663085937500000       -1.50444210E-02
   7.9711914062500000       -1.51246190E-02
   7.9760742187500000       -1.52054131E-02
   7.9809570312500000       -1.52867734E-02
   7.9858398437500000       -1.53687000E-02
   7.9907226562500000       -1.54512525E-02
   7.9956054687500000       -1.55343711E-02
   8.0004882812500000       -1.56181157E-02
   8.0053710937500000       -1.57024562E-02
   8.0102539062500000       -1.57873929E-02
   8.0151367187500000       -1.58729851E-02
   8.0200195312500000       -1.59591734E-02
   8.0249023437500000       -1.60459876E-02
   8.0297851562500000       -1.61334276E-02
   8.0346679687500000       -1.62215233E-02
   8.0395507812500000       -1.63102448E-02
   8.0444335937500000       -1.63996518E-02
   8.0493164062500000       -1.64896846E-02
   8.0541992187500000       -1.65803730E-02
   8.0590820312500000       -1.66717470E-02
   8.0639648437500000       -1.67638063E-02
   8.0688476562500000       -1.68565214E-02
   8.0737304687500000       -1.69499218E-02
   8.0786132812500000       -1.70440376E-02
   8.0834960937500000       -1.71388388E-02
   8.0883789062500000       -1.72343254E-02
   8.0932617187500000       -1.73305571E-02
   8.0981445312500000       -1.74275041E-02
   8.1030273437500000       -1.75251365E-02
   8.1079101562500000       -1.76235437E-02
   8.1127929687500000       -1.77226663E-02
   8.1176757812500000       -1.78225338E-02
   8.1225585937500000       -1.79231465E-02
   8.1274414062500000       -1.80245340E-02
   8.1323242187500000       -1.81266665E-02
   8.1372070312500000       -1.82295740E-02
   8.1420898437500000       -1.83332860E-02
   8.1469726562500000       -1.84377432E-02
   8.1518554687500000       -1.85430348E-02
   8.1567382812500000       -1.86491013E-02
   8.1616210937500000       -1.87559724E-02
   8.1665039062500000       -1.88636780E-02
   8.1713867187500000       -1.89721882E-02
   8.1762695312500000       -1.90815330E-02
   8.1811523437500000       -1.91917121E-02
   8.1860351562500000       -1.93027556E-02
   8.1909179687500000       -1.94146335E-02
   8.1958007812500000       -1.95273757E-02
   8.2006835937500000       -1.96410120E-02
   8.2055664062500000       -1.97554827E-02
   8.2104492187500000       -1.98708773E-02
   8.2153320312500000       -1.99871659E-02
   8.2202148437500000       -2.01043189E-02
   8.2250976562500000       -2.02224255E-02
   8.2299804687500000       -2.03414261E-02
   8.2348632812500000       -2.04613805E-02
   8.2397460937500000       -2.05822587E-02
   8.2446289062500000       -2.07040608E-02
   8.2495117187500000       -2.08268464E-02
   8.2543945312500000       -2.09505856E-02
   8.2592773437500000       -2.10753083E-02
   8.2641601562500000       -2.12010145E-02
   8.2690429687500000       -2.13277042E-02
   8.2739257812500000       -2.14554071E-02
   8.2788085937500000       -2.15841234E-02
   8.2836914062500000       -2.17138529E-02
   8.2885742187500000       -2.18445957E-02
   8.2934570312500000       -2.19764113E-02
   8.2983398437500000       -2.21092701E-02
   8.3032226562500000       -2.22431719E-02
   8.3081054687500000       -2.23781765E-02
   8.3129882812500000       -2.25142241E-02
   8.3178710937500000       -2.26514041E-02
   8.3227539062500000       -2.27896571E-02
   8.3276367187500000       -2.29290426E-02
   8.3325195312500000       -2.30695605E-02
   8.3374023437500000       -2.32112110E-02
   8.3422851562500000       -2.33539939E-02
   8.3471679687500000       -2.34979391E-02
   8.3520507812500000       -2.36430466E-02
   8.3569335937500000       -2.37893462E-02
   8.3618164062500000       -2.39368677E-02
   8.3666992187500000       -2.40855515E-02
   8.3715820312500000       -2.42354572E-02
   8.3764648437500000       -2.43866146E-02
   8.3813476562500000       -2.45389938E-02
   8.3862304687500000       -2.46926546E-02
   8.3911132812500000       -2.48475671E-02
   8.3959960937500000       -2.50037611E-02
   8.4008789062500000       -2.51612365E-02
   8.4057617187500000       -2.53200233E-02
   8.4106445312500000       -2.54801214E-02
   8.4155273437500000       -2.56415606E-02
   8.4204101562500000       -2.58043408E-02
   8.4252929687500000       -2.59684622E-02
   8.4301757812500000       -2.61339843E-02
   8.4350585937500000       -2.63008773E-02
   8.4399414062500000       -2.64691710E-02
   8.4448242187500000       -2.66388655E-02
   8.4497070312500000       -2.68100202E-02
   8.4545898437500000       -2.69826055E-02
   8.4594726562500000       -2.71566510E-02
   8.4643554687500000       -2.73321569E-02
   8.4692382812500000       -2.75091529E-02
   8.4741210937500000       -2.76876688E-02
   8.4790039062500000       -2.78676748E-02
   8.4838867187500000       -2.80492306E-02
   8.4887695312500000       -2.82323658E-02
   8.4936523437500000       -2.84170210E-02
   8.4985351562500000       -2.86032856E-02
   8.5034179687500000       -2.87911296E-02
   8.5083007812500000       -2.89806128E-02
   8.5131835937500000       -2.91717052E-02
   8.5180664062500000       -2.93644667E-02
   8.5229492187500000       -2.95588970E-02
   8.5278320312500000       -2.97549963E-02
   8.5327148437500000       -2.99527943E-02
   8.5375976562500000       -3.01523209E-02
   8.5424804687500000       -3.03536057E-02
   8.5473632812500000       -3.05566192E-02
   8.5522460937500000       -3.07614207E-02
   8.5571289062500000       -3.09680104E-02
   8.5620117187500000       -3.11764181E-02
   8.5668945312500000       -3.13866436E-02
   8.5717773437500000       -3.15987170E-02
   8.5766601562500000       -3.18126678E-02
   8.5815429687500000       -3.20285261E-02
   8.5864257812500000       -3.22462618E-02
   8.5913085937500000       -3.24659646E-02
   8.5961914062500000       -3.26876044E-02
   8.6010742187500000       -3.29112113E-02
   8.6059570312500000       -3.31368148E-02
   8.6108398437500000       -3.33644450E-02
   8.6157226562500000       -3.35941017E-02
   8.6206054687500000       -3.38258147E-02
   8.6254882812500000       -3.40596139E-02
   8.6303710937500000       -3.42954993E-02
   8.6352539062500000       -3.45335305E-02
   8.6401367187500000       -3.47737074E-02
   8.6450195312500000       -3.50160599E-02
   8.6499023437500000       -3.52606177E-02
   8.6547851562500000       -3.55073810E-02
   8.6596679687500000       -3.57564092E-02
   8.6645507812500000       -3.60077024E-02
   8.6694335937500000       -3.62612605E-02
   8.6743164062500000       -3.65171731E-02
   8.6791992187500000       -3.67754102E-02
   8.6840820312500000       -3.70360315E-02
   8.6889648437500000       -3.72990668E-02
   8.6938476562500000       -3.75644863E-02
   8.6987304687500000       -3.78323793E-02
   8.7036132812500000       -3.81027460E-02
   8.7084960937500000       -3.83756161E-02
   8.7133789062500000       -3.86510491E-02
   8.7182617187500000       -3.89290154E-02
   8.7231445312500000       -3.92095745E-02
   8.7280273437500000       -3.94927561E-02
   8.7329101562500000       -3.97785902E-02
   8.7377929687500000       -4.00670767E-02
   8.7426757812500000       -4.03583050E-02
   8.7475585937500000       -4.06522751E-02
   8.7524414062500000       -4.09489870E-02
   8.7573242187500000       -4.12485301E-02
   8.7622070312500000       -4.15508747E-02
   8.7670898437500000       -4.18561101E-02
   8.7719726562500000       -4.21642363E-02
   8.7768554687500000       -4.24753129E-02
   8.7817382812500000       -4.27893400E-02
   8.7866210937500000       -4.31063473E-02
   8.7915039062500000       -4.34263945E-02
   8.7963867187500000       -4.37495410E-02
   8.8012695312500000       -4.40757573E-02
   8.8061523437500000       -4.44051325E-02
   8.8110351562500000       -4.47376668E-02
   8.8159179687500000       -4.50734198E-02
   8.8208007812500000       -4.54123914E-02
   8.8256835937500000       -4.57547009E-02
   8.8305664062500000       -4.61002886E-02
   8.8354492187500000       -4.64492738E-02
   8.8403320312500000       -4.68016267E-02
   8.8452148437500000       -4.71574366E-02
   8.8500976562500000       -4.75167334E-02
   8.8549804687500000       -4.78795767E-02
   8.8598632812500000       -4.82459366E-02
   8.8647460937500000       -4.86159325E-02
   8.8696289062500000       -4.89895642E-02
   8.8745117187500000       -4.93668914E-02
   8.8793945312500000       -4.97479439E-02
   8.8842773437500000       -5.01327813E-02
   8.8891601562500000       -5.05214334E-02
   8.8940429687500000       -5.09139597E-02
   8.8989257812500000       -5.13103902E-02
   8.9038085937500000       -5.17107844E-02
   8.9086914062500000       -5.21152020E-02
   8.9135742187500000       -5.25236726E-02
   8.9184570312500000       -5.29362261E-02
   8.9233398437500000       -5.33529520E-02
   8.9282226562500000       -5.37738502E-02
   8.9331054687500000       -5.41990399E-02
   8.9379882812500000       -5.46284914E-02
   8.9428710937500000       -5.50623238E-02
   8.9477539062500000       -5.55005670E-02
   8.9526367187500000       -5.59432805E-02
   8.9575195312500000       -5.63904941E-02
   8.9624023437500000       -5.68422675E-02
   8.9672851562500000       -5.72986901E-02
   8.9721679687500000       -5.77597618E-02
   8.9770507812500000       -5.82256019E-02
   8.9819335937500000       -5.86962104E-02
   8.9868164062500000       -5.91717064E-02
   8.9916992187500000       -5.96520901E-02
   8.9965820312500000       -6.01374507E-02
   9.0014648437500000       -6.06278777E-02
   9.0063476562500000       -6.11233711E-02
   9.0112304687500000       -6.16240203E-02
   9.0161132812500000       -6.21299148E-02
   9.0209960937500000       -6.26410842E-02
   9.0258789062500000       -6.31575882E-02
   9.0307617187500000       -6.36795461E-02
   9.0356445312500000       -6.42069876E-02
   9.0405273437500000       -6.47399724E-02
   9.0454101562500000       -6.52785599E-02
   9.0502929687500000       -6.58228695E-02
   9.0551757812500000       -6.63729310E-02
   9.0600585937500000       -6.69288337E-02
   9.0649414062500000       -6.74906671E-02
   9.0698242187500000       -6.80584610E-02
   9.0747070312500000       -6.86323345E-02
   9.0795898437500000       -6.92123175E-02
   9.0844726562500000       -6.97985291E-02
   9.0893554687500000       -7.03910291E-02
   9.0942382812500000       -7.09899068E-02
   9.0991210937500000       -7.15952516E-02
   9.1040039062500000       -7.22070932E-02
   9.1088867187500000       -7.28255808E-02
   9.1137695312500000       -7.34507740E-02
   9.1186523437500000       -7.40827322E-02
   9.1235351562500000       -7.47215748E-02
   9.1284179687500000       -7.53673613E-02
   9.1333007812500000       -7.60202110E-02
   9.1381835937500000       -7.66802132E-02
   9.1430664062500000       -7.73474574E-02
   9.1479492187500000       -7.80220032E-02
   9.1528320312500000       -7.87039697E-02
   9.1577148437500000       -7.93934464E-02
   9.1625976562500000       -8.00905526E-02
   9.1674804687500000       -8.07953775E-02
   9.1723632812500000       -8.15079808E-02
   9.1772460937500000       -8.22285414E-02
   9.1821289062500000       -8.29570889E-02
   9.1870117187500000       -8.36937428E-02
   9.1918945312500000       -8.44386518E-02
   9.1967773437500000       -8.51918757E-02
   9.2016601562500000       -8.59535635E-02
   9.2065429687500000       -8.67238045E-02
   9.2114257812500000       -8.75026882E-02
   9.2163085937500000       -8.82903636E-02
   9.2211914062500000       -8.90869498E-02
   9.2260742187500000       -8.98925364E-02
   9.2309570312500000       -9.07072425E-02
   9.2358398437500000       -9.15312171E-02
   9.2407226562500000       -9.23645794E-02
   9.2456054687500000       -9.32074189E-02
   9.2504882812500000       -9.40598845E-02
   9.2553710937500000       -9.49221253E-02
   9.2602539062500000       -9.57942307E-02
   9.2651367187500000       -9.66763794E-02
   9.2700195312500000       -9.75686610E-02
   9.2749023437500000       -9.84712243E-02
   9.2797851562500000       -9.93842185E-02
   9.2846679687500000      -0.100307792    
   9.2895507812500000      -0.101242065    
   9.2944335937500000      -0.102187186    
   9.2993164062500000      -0.103143305    
   9.3041992187500000      -0.104110569    
   9.3090820312500000      -0.105089128    
   9.3139648437500000      -0.106079161    
   9.3188476562500000      -0.107080787    
   9.3237304687500000      -0.108094156    
   9.3286132812500000      -0.109119475    
   9.3334960937500000      -0.110156894    
   9.3383789062500000      -0.111206532    
   9.3432617187500000      -0.112268627    
   9.3481445312500000      -0.113343269    
   9.3530273437500000      -0.114430726    
   9.3579101562500000      -0.115531087    
   9.3627929687500000      -0.116644591    
   9.3676757812500000      -0.117771387    
   9.3725585937500000      -0.118911654    
   9.3774414062500000      -0.120065600    
   9.3823242187500000      -0.121233404    
   9.3872070312500000      -0.122415245    
   9.3920898437500000      -0.123611361    
   9.3969726562500000      -0.124821901    
   9.4018554687500000      -0.126047075    
   9.4067382812500000      -0.127287120    
   9.4116210937500000      -0.128542244    
   9.4165039062500000      -0.129812598    
   9.4213867187500000      -0.131098449    
   9.4262695312500000      -0.132400006    
   9.4311523437500000      -0.133717507    
   9.4360351562500000      -0.135051131    
   9.4409179687500000      -0.136401117    
   9.4458007812500000      -0.137767732    
   9.4506835937500000      -0.139151186    
   9.4555664062500000      -0.140551716    
   9.4604492187500000      -0.141969562    
   9.4653320312500000      -0.143404990    
   9.4702148437500000      -0.144858211    
   9.4750976562500000      -0.146329522    
   9.4799804687500000      -0.147819161    
   9.4848632812500000      -0.149327397    
   9.4897460937500000      -0.150854498    
   9.4946289062500000      -0.152400702    
   9.4995117187500000      -0.153966337    
   9.5043945312500000      -0.155551672    
   9.5092773437500000      -0.157156944    
   9.5141601562500000      -0.158782482    
   9.5190429687500000      -0.160428554    
   9.5239257812500000      -0.162095487    
   9.5288085937500000      -0.163783580    
   9.5336914062500000      -0.165493101    
   9.5385742187500000      -0.167224407    
   9.5434570312500000      -0.168977797    
   9.5483398437500000      -0.170753598    
   9.5532226562500000      -0.172552139    
   9.5581054687500000      -0.174373716    
   9.5629882812500000      -0.176218718    
   9.5678710937500000      -0.178087473    
   9.5727539062500000      -0.179980308    
   9.5776367187500000      -0.181897610    
   9.5825195312500000      -0.183839709    
   9.5874023437500000      -0.185806990    
   9.5922851562500000      -0.187799811    
   9.5971679687500000      -0.189818591    
   9.6020507812500000      -0.191863656    
   9.6069335937500000      -0.193935424    
   9.6118164062500000      -0.196034312    
   9.6166992187500000      -0.198160678    
   9.6215820312500000      -0.200314969    
   9.6264648437500000      -0.202497572    
   9.6313476562500000      -0.204708934    
   9.6362304687500000      -0.206949502    
   9.6411132812500000      -0.209219664    
   9.6459960937500000      -0.211519927    
   9.6508789062500000      -0.213850677    
   9.6557617187500000      -0.216212422    
   9.6606445312500000      -0.218605608    
   9.6655273437500000      -0.221030712    
   9.6704101562500000      -0.223488212    
   9.6752929687500000      -0.225978613    
   9.6801757812500000      -0.228502393    
   9.6850585937500000      -0.231060088    
   9.6899414062500000      -0.233652204    
   9.6948242187500000      -0.236279249    
   9.6997070312500000      -0.238941789    
   9.7045898437500000      -0.241640329    
   9.7094726562500000      -0.244375437    
   9.7143554687500000      -0.247147679    
   9.7192382812500000      -0.249957621    
   9.7241210937500000      -0.252805829    
   9.7290039062500000      -0.255692929    
   9.7338867187500000      -0.258619487    
   9.7387695312500000      -0.261586100    
   9.7436523437500000      -0.264593422    
   9.7485351562500000      -0.267642081    
   9.7534179687500000      -0.270732701    
   9.7583007812500000      -0.273865938    
   9.7631835937500000      -0.277042449    
   9.7680664062500000      -0.280262917    
   9.7729492187500000      -0.283528030    
   9.7778320312500000      -0.286838472    
   9.7827148437500000      -0.290194988    
   9.7875976562500000      -0.293598264    
   9.7924804687500000      -0.297049046    
   9.7973632812500000      -0.300548077    
   9.8022460937500000      -0.304096103    
   9.8071289062500000      -0.307693928    
   9.8120117187500000      -0.311342329    
   9.8168945312500000      -0.315042078    
   9.8217773437500000      -0.318794012    
   9.8266601562500000      -0.322598934    
   9.8315429687500000      -0.326457739    
   9.8364257812500000      -0.330371261    
   9.8413085937500000      -0.334340334    
   9.8461914062500000      -0.338365853    
   9.8510742187500000      -0.342448771    
   9.8559570312500000      -0.346589923    
   9.8608398437500000      -0.350790322    
   9.8657226562500000      -0.355050892    
   9.8706054687500000      -0.359372616    
   9.8754882812500000      -0.363756418    
   9.8803710937500000      -0.368203342    
   9.8852539062500000      -0.372714400    
   9.8901367187500000      -0.377290606    
   9.8950195312500000      -0.381933063    
   9.8999023437500000      -0.386642814    
   9.9047851562500000      -0.391420960    
   9.9096679687500000      -0.396268606    
   9.9145507812500000      -0.401186854    
   9.9194335937500000      -0.406176925    
   9.9243164062500000      -0.411239922    
   9.9291992187500000      -0.416377127    
   9.9340820312500000      -0.421589613    
   9.9389648437500000      -0.426878780    
   9.9438476562500000      -0.432245731    
   9.9487304687500000      -0.437691867    
   9.9536132812500000      -0.443218410    
   9.9584960937500000      -0.448826790    
   9.9633789062500000      -0.454518169    
   9.9682617187500000      -0.460294187    
   9.9731445312500000      -0.466155946    
   9.9780273437500000      -0.472105235    
   9.9829101562500000      -0.478142947    
   9.9877929687500000      -0.484271526    
   9.9926757812500000      -0.490490675    
   9.9975585937500000      -0.496806145    
