   2.4414062500000000E-003 -0.496871263    
   7.3242187500000000E-003 -0.490683705    
   1.2207031250000000E-002 -0.484589309    
   1.7089843750000000E-002 -0.478582561    
   2.1972656250000000E-002 -0.472663760    
   2.6855468750000000E-002 -0.466830522    
   3.1738281250000000E-002 -0.461082071    
   3.6621093750000000E-002 -0.455416620    
   4.1503906250000000E-002 -0.449833095    
   4.6386718750000000E-002 -0.444330007    
   5.1269531250000000E-002 -0.438906193    
   5.6152343750000000E-002 -0.433560252    
   6.1035156250000000E-002 -0.428291082    
   6.5917968750000000E-002 -0.423097312    
   7.0800781250000000E-002 -0.417977810    
   7.5683593750000000E-002 -0.412931353    
   8.0566406250000000E-002 -0.407956839    
   8.5449218750000000E-002 -0.403053015    
   9.0332031250000000E-002 -0.398218870    
   9.5214843750000000E-002 -0.393453240    
  0.10009765625000000      -0.388755023    
  0.10498046875000000      -0.384123176    
  0.10986328125000000      -0.379556656    
  0.11474609375000000      -0.375054419    
  0.11962890625000000      -0.370615482    
  0.12451171875000000      -0.366238773    
  0.12939453125000000      -0.361923397    
  0.13427734375000000      -0.357668340    
  0.13916015625000000      -0.353472710    
  0.14404296875000000      -0.349335492    
  0.14892578125000000      -0.345255852    
  0.15380859375000000      -0.341232836    
  0.15869140625000000      -0.337265611    
  0.16357421875000000      -0.333353221    
  0.16845703125000000      -0.329494953    
  0.17333984375000000      -0.325689852    
  0.17822265625000000      -0.321937144    
  0.18310546875000000      -0.318235993    
  0.18798828125000000      -0.314585626    
  0.19287109375000000      -0.310985267    
  0.19775390625000000      -0.307434082    
  0.20263671875000000      -0.303931415    
  0.20751953125000000      -0.300476432    
  0.21240234375000000      -0.297068477    
  0.21728515625000000      -0.293706745    
  0.22216796875000000      -0.290390611    
  0.22705078125000000      -0.287119329    
  0.23193359375000000      -0.283892214    
  0.23681640625000000      -0.280708611    
  0.24169921875000000      -0.277567863    
  0.24658203125000000      -0.274469316    
  0.25146484375000000      -0.271412313    
  0.25634765625000000      -0.268396258    
  0.26123046875000000      -0.265420496    
  0.26611328125000000      -0.262484461    
  0.27099609375000000      -0.259587526    
  0.27587890625000000      -0.256729066    
  0.28076171875000000      -0.253908575    
  0.28564453125000000      -0.251125455    
  0.29052734375000000      -0.248379111    
  0.29541015625000000      -0.245669067    
  0.30029296875000000      -0.242994696    
  0.30517578125000000      -0.240355551    
  0.31005859375000000      -0.237751037    
  0.31494140625000000      -0.235180646    
  0.31982421875000000      -0.232643932    
  0.32470703125000000      -0.230140328    
  0.32958984375000000      -0.227669388    
  0.33447265625000000      -0.225230604    
  0.33935546875000000      -0.222823501    
  0.34423828125000000      -0.220447600    
  0.34912109375000000      -0.218102485    
  0.35400390625000000      -0.215787679    
  0.35888671875000000      -0.213502735    
  0.36376953125000000      -0.211247236    
  0.36865234375000000      -0.209020704    
  0.37353515625000000      -0.206822753    
  0.37841796875000000      -0.204652965    
  0.38330078125000000      -0.202510923    
  0.38818359375000000      -0.200396210    
  0.39306640625000000      -0.198308468    
  0.39794921875000000      -0.196247250    
  0.40283203125000000      -0.194212198    
  0.40771484375000000      -0.192202955    
  0.41259765625000000      -0.190219134    
  0.41748046875000000      -0.188260347    
  0.42236328125000000      -0.186326236    
  0.42724609375000000      -0.184416473    
  0.43212890625000000      -0.182530701    
  0.43701171875000000      -0.180668592    
  0.44189453125000000      -0.178829759    
  0.44677734375000000      -0.177013904    
  0.45166015625000000      -0.175220668    
  0.45654296875000000      -0.173449785    
  0.46142578125000000      -0.171700865    
  0.46630859375000000      -0.169973671    
  0.47119140625000000      -0.168267846    
  0.47607421875000000      -0.166583091    
  0.48095703125000000      -0.164919108    
  0.48583984375000000      -0.163275629    
  0.49072265625000000      -0.161652356    
  0.49560546875000000      -0.160048962    
  0.50048828125000000      -0.158465236    
  0.50537109375000000      -0.156900853    
  0.51025390625000000      -0.155355543    
  0.51513671875000000      -0.153829068    
  0.52001953125000000      -0.152321130    
  0.52490234375000000      -0.150831521    
  0.52978515625000000      -0.149359912    
  0.53466796875000000      -0.147906125    
  0.53955078125000000      -0.146469861    
  0.54443359375000000      -0.145050883    
  0.54931640625000000      -0.143648982    
  0.55419921875000000      -0.142263919    
  0.55908203125000000      -0.140895426    
  0.56396484375000000      -0.139543295    
  0.56884765625000000      -0.138207316    
  0.57373046875000000      -0.136887252    
  0.57861328125000000      -0.135582864    
  0.58349609375000000      -0.134293973    
  0.58837890625000000      -0.133020341    
  0.59326171875000000      -0.131761760    
  0.59814453125000000      -0.130518049    
  0.60302734375000000      -0.129288971    
  0.60791015625000000      -0.128074378    
  0.61279296875000000      -0.126874030    
  0.61767578125000000      -0.125687718    
  0.62255859375000000      -0.124515295    
  0.62744140625000000      -0.123356551    
  0.63232421875000000      -0.122211337    
  0.63720703125000000      -0.121079415    
  0.64208984375000000      -0.119960636    
  0.64697265625000000      -0.118854791    
  0.65185546875000000      -0.117761761    
  0.65673828125000000      -0.116681337    
  0.66162109375000000      -0.115613371    
  0.66650390625000000      -0.114557683    
  0.67138671875000000      -0.113514125    
  0.67626953125000000      -0.112482488    
  0.68115234375000000      -0.111462682    
  0.68603515625000000      -0.110454500    
  0.69091796875000000      -0.109457791    
  0.69580078125000000      -0.108472437    
  0.70068359375000000      -0.107498258    
  0.70556640625000000      -0.106535107    
  0.71044921875000000      -0.105582833    
  0.71533203125000000      -0.104641348    
  0.72021484375000000      -0.103710443    
  0.72509765625000000      -0.102789998    
  0.72998046875000000      -0.101879895    
  0.73486328125000000      -0.100979984    
  0.73974609375000000      -0.100090116    
  0.74462890625000000       -9.92102027E-02
  0.74951171875000000       -9.83400643E-02
  0.75439453125000000       -9.74796116E-02
  0.75927734375000000       -9.66287255E-02
  0.76416015625000000       -9.57872272E-02
  0.76904296875000000       -9.49550569E-02
  0.77392578125000000       -9.41320658E-02
  0.77880859375000000       -9.33181345E-02
  0.78369140625000000       -9.25131440E-02
  0.78857421875000000       -9.17169750E-02
  0.79345703125000000       -9.09295380E-02
  0.79833984375000000       -9.01507139E-02
  0.80322265625000000       -8.93803537E-02
  0.80810546875000000       -8.86184275E-02
  0.81298828125000000       -8.78647566E-02
  0.81787109375000000       -8.71192515E-02
  0.82275390625000000       -8.63818228E-02
  0.82763671875000000       -8.56523812E-02
  0.83251953125000000       -8.49307775E-02
  0.83740234375000000       -8.42169523E-02
  0.84228515625000000       -8.35108161E-02
  0.84716796875000000       -8.28122199E-02
  0.85205078125000000       -8.21211338E-02
  0.85693359375000000       -8.14374089E-02
  0.86181640625000000       -8.07609856E-02
  0.86669921875000000       -8.00917447E-02
  0.87158203125000000       -7.94296265E-02
  0.87646484375000000       -7.87745118E-02
  0.88134765625000000       -7.81263411E-02
  0.88623046875000000       -7.74850249E-02
  0.89111328125000000       -7.68504739E-02
  0.89599609375000000       -7.62225688E-02
  0.90087890625000000       -7.56012797E-02
  0.90576171875000000       -7.49864876E-02
  0.91064453125000000       -7.43781626E-02
  0.91552734375000000       -7.37761557E-02
  0.92041015625000000       -7.31804371E-02
  0.92529296875000000       -7.25908875E-02
  0.93017578125000000       -7.20075071E-02
  0.93505859375000000       -7.14301169E-02
  0.93994140625000000       -7.08587468E-02
  0.94482421875000000       -7.02932477E-02
  0.94970703125000000       -6.97335899E-02
  0.95458984375000000       -6.91796839E-02
  0.95947265625000000       -6.86314404E-02
  0.96435546875000000       -6.80888295E-02
  0.96923828125000000       -6.75517619E-02
  0.97412109375000000       -6.70201778E-02
  0.97900390625000000       -6.64940178E-02
  0.98388671875000000       -6.59732223E-02
  0.98876953125000000       -6.54576719E-02
  0.99365234375000000       -6.49473667E-02
  0.99853515625000000       -6.44422174E-02
   1.0034179687500000       -6.39421642E-02
   1.0083007812500000       -6.34471178E-02
   1.0131835937500000       -6.29570782E-02
   1.0180664062500000       -6.24719560E-02
   1.0229492187500000       -6.19916618E-02
   1.0278320312500000       -6.15161955E-02
   1.0327148437500000       -6.10454679E-02
   1.0375976562500000       -6.05794191E-02
   1.0424804687500000       -6.01180196E-02
   1.0473632812500000       -5.96611798E-02
   1.0522460937500000       -5.92088401E-02
   1.0571289062500000       -5.87610006E-02
   1.0620117187500000       -5.83175719E-02
   1.0668945312500000       -5.78784943E-02
   1.0717773437500000       -5.74437380E-02
   1.0766601562500000       -5.70132434E-02
   1.0815429687500000       -5.65869510E-02
   1.0864257812500000       -5.61648309E-02
   1.0913085937500000       -5.57468235E-02
   1.0961914062500000       -5.53328991E-02
   1.1010742187500000       -5.49229681E-02
   1.1059570312500000       -5.45170307E-02
   1.1108398437500000       -5.41150272E-02
   1.1157226562500000       -5.37168682E-02
   1.1206054687500000       -5.33225834E-02
   1.1254882812500000       -5.29320836E-02
   1.1303710937500000       -5.25453091E-02
   1.1352539062500000       -5.21622598E-02
   1.1401367187500000       -5.17828763E-02
   1.1450195312500000       -5.14070988E-02
   1.1499023437500000       -5.10349274E-02
   1.1547851562500000       -5.06662726E-02
   1.1596679687500000       -5.03011346E-02
   1.1645507812500000       -4.99394238E-02
   1.1694335937500000       -4.95811701E-02
   1.1743164062500000       -4.92262840E-02
   1.1791992187500000       -4.88747358E-02
   1.1840820312500000       -4.85264957E-02
   1.1889648437500000       -4.81815338E-02
   1.1938476562500000       -4.78397906E-02
   1.1987304687500000       -4.75012362E-02
   1.2036132812500000       -4.71658409E-02
   1.2084960937500000       -4.68335748E-02
   1.2133789062500000       -4.65044081E-02
   1.2182617187500000       -4.61782813E-02
   1.2231445312500000       -4.58551943E-02
   1.2280273437500000       -4.55350876E-02
   1.2329101562500000       -4.52179015E-02
   1.2377929687500000       -4.49036658E-02
   1.2426757812500000       -4.45923209E-02
   1.2475585937500000       -4.42838371E-02
   1.2524414062500000       -4.39781547E-02
   1.2573242187500000       -4.36752737E-02
   1.2622070312500000       -4.33751643E-02
   1.2670898437500000       -4.30777669E-02
   1.2719726562500000       -4.27830815E-02
   1.2768554687500000       -4.24910784E-02
   1.2817382812500000       -4.22017276E-02
   1.2866210937500000       -4.19149697E-02
   1.2915039062500000       -4.16308045E-02
   1.2963867187500000       -4.13492024E-02
   1.3012695312500000       -4.10701334E-02
   1.3061523437500000       -4.07935679E-02
   1.3110351562500000       -4.05194461E-02
   1.3159179687500000       -4.02477980E-02
   1.3208007812500000       -3.99785936E-02
   1.3256835937500000       -3.97117734E-02
   1.3305664062500000       -3.94473076E-02
   1.3354492187500000       -3.91851962E-02
   1.3403320312500000       -3.89254093E-02
   1.3452148437500000       -3.86679173E-02
   1.3500976562500000       -3.84126902E-02
   1.3549804687500000       -3.81596982E-02
   1.3598632812500000       -3.79089415E-02
   1.3647460937500000       -3.76603901E-02
   1.3696289062500000       -3.74140143E-02
   1.3745117187500000       -3.71697843E-02
   1.3793945312500000       -3.69277000E-02
   1.3842773437500000       -3.66877019E-02
   1.3891601562500000       -3.64497900E-02
   1.3940429687500000       -3.62139344E-02
   1.3989257812500000       -3.59801352E-02
   1.4038085937500000       -3.57483625E-02
   1.4086914062500000       -3.55185866E-02
   1.4135742187500000       -3.52907777E-02
   1.4184570312500000       -3.50649357E-02
   1.4233398437500000       -3.48410308E-02
   1.4282226562500000       -3.46190333E-02
   1.4331054687500000       -3.43989432E-02
   1.4379882812500000       -3.41807306E-02
   1.4428710937500000       -3.39643657E-02
   1.4477539062500000       -3.37498486E-02
   1.4526367187500000       -3.35371494E-02
   1.4575195312500000       -3.33262682E-02
   1.4624023437500000       -3.31171453E-02
   1.4672851562500000       -3.29098105E-02
   1.4721679687500000       -3.27042043E-02
   1.4770507812500000       -3.25003266E-02
   1.4819335937500000       -3.22981477E-02
   1.4868164062500000       -3.20976675E-02
   1.4916992187500000       -3.18988860E-02
   1.4965820312500000       -3.17017436E-02
   1.5014648437500000       -3.15062404E-02
   1.5063476562500000       -3.13123763E-02
   1.5112304687500000       -3.11201215E-02
   1.5161132812500000       -3.09294462E-02
   1.5209960937500000       -3.07403505E-02
   1.5258789062500000       -3.05528343E-02
   1.5307617187500000       -3.03668380E-02
   1.5356445312500000       -3.01823914E-02
   1.5405273437500000       -2.99994648E-02
   1.5454101562500000       -2.98180282E-02
   1.5502929687500000       -2.96380520E-02
   1.5551757812500000       -2.94595659E-02
   1.5600585937500000       -2.92825401E-02
   1.5649414062500000       -2.91069448E-02
   1.5698242187500000       -2.89327800E-02
   1.5747070312500000       -2.87600458E-02
   1.5795898437500000       -2.85886824E-02
   1.5844726562500000       -2.84187198E-02
   1.5893554687500000       -2.82500982E-02
   1.5942382812500000       -2.80828774E-02
   1.5991210937500000       -2.79169679E-02
   1.6040039062500000       -2.77523994E-02
   1.6088867187500000       -2.75891721E-02
   1.6137695312500000       -2.74272263E-02
   1.6186523437500000       -2.72665620E-02
   1.6235351562500000       -2.71071792E-02
   1.6284179687500000       -2.69490778E-02
   1.6333007812500000       -2.67922282E-02
   1.6381835937500000       -2.66366303E-02
   1.6430664062500000       -2.64822543E-02
   1.6479492187500000       -2.63291001E-02
   1.6528320312500000       -2.61771381E-02
   1.6577148437500000       -2.60263979E-02
   1.6625976562500000       -2.58768201E-02
   1.6674804687500000       -2.57284343E-02
   1.6723632812500000       -2.55812109E-02
   1.6772460937500000       -2.54351199E-02
   1.6821289062500000       -2.52901614E-02
   1.6870117187500000       -2.51463354E-02
   1.6918945312500000       -2.50036418E-02
   1.6967773437500000       -2.48620510E-02
   1.7016601562500000       -2.47215629E-02
   1.7065429687500000       -2.45821476E-02
   1.7114257812500000       -2.44438350E-02
   1.7163085937500000       -2.43065655E-02
   1.7211914062500000       -2.41703391E-02
   1.7260742187500000       -2.40351856E-02
   1.7309570312500000       -2.39010453E-02
   1.7358398437500000       -2.37679482E-02
   1.7407226562500000       -2.36358643E-02
   1.7456054687500000       -2.35047936E-02
   1.7504882812500000       -2.33747065E-02
   1.7553710937500000       -2.32456326E-02
   1.7602539062500000       -2.31175125E-02
   1.7651367187500000       -2.29903758E-02
   1.7700195312500000       -2.28641927E-02
   1.7749023437500000       -2.27389634E-02
   1.7797851562500000       -2.26146877E-02
   1.7846679687500000       -2.24913359E-02
   1.7895507812500000       -2.23689377E-02
   1.7944335937500000       -2.22474337E-02
   1.7993164062500000       -2.21268237E-02
   1.8041992187500000       -2.20071375E-02
   1.8090820312500000       -2.18883455E-02
   1.8139648437500000       -2.17704475E-02
   1.8188476562500000       -2.16534138E-02
   1.8237304687500000       -2.15372443E-02
   1.8286132812500000       -2.14219391E-02
   1.8334960937500000       -2.13074684E-02
   1.8383789062500000       -2.11938620E-02
   1.8432617187500000       -2.10811198E-02
   1.8481445312500000       -2.09691525E-02
   1.8530273437500000       -2.08580494E-02
   1.8579101562500000       -2.07477510E-02
   1.8627929687500000       -2.06382573E-02
   1.8676757812500000       -2.05295682E-02
   1.8725585937500000       -2.04216838E-02
   1.8774414062500000       -2.03145742E-02
   1.8823242187500000       -2.02082396E-02
   1.8872070312500000       -2.01026797E-02
   1.8920898437500000       -1.99978948E-02
   1.8969726562500000       -1.98938549E-02
   1.9018554687500000       -1.97905600E-02
   1.9067382812500000       -1.96880400E-02
   1.9116210937500000       -1.95862353E-02
   1.9165039062500000       -1.94851756E-02
   1.9213867187500000       -1.93848610E-02
   1.9262695312500000       -1.92852318E-02
   1.9311523437500000       -1.91863179E-02
   1.9360351562500000       -1.90881193E-02
   1.9409179687500000       -1.89906359E-02
   1.9458007812500000       -1.88938379E-02
   1.9506835937500000       -1.87977254E-02
   1.9555664062500000       -1.87022984E-02
   1.9604492187500000       -1.86075568E-02
   1.9653320312500000       -1.85134709E-02
   1.9702148437500000       -1.84200704E-02
   1.9750976562500000       -1.83272958E-02
   1.9799804687500000       -1.82352066E-02
   1.9848632812500000       -1.81437433E-02
   1.9897460937500000       -1.80529356E-02
   1.9946289062500000       -1.79627836E-02
   1.9995117187500000       -1.78732276E-02
   2.0043945312500000       -1.77843273E-02
   2.0092773437500000       -1.76960230E-02
   2.0141601562500000       -1.76083446E-02
   2.0190429687500000       -1.75212920E-02
   2.0239257812500000       -1.74348354E-02
   2.0288085937500000       -1.73489749E-02
   2.0336914062500000       -1.72637105E-02
   2.0385742187500000       -1.71790123E-02
   2.0434570312500000       -1.70949399E-02
   2.0483398437500000       -1.70114338E-02
   2.0532226562500000       -1.69284940E-02
   2.0581054687500000       -1.68461204E-02
   2.0629882812500000       -1.67643130E-02
   2.0678710937500000       -1.66831017E-02
   2.0727539062500000       -1.66023970E-02
   2.0776367187500000       -1.65222883E-02
   2.0825195312500000       -1.64426863E-02
   2.0874023437500000       -1.63636506E-02
   2.0922851562500000       -1.62851512E-02
   2.0971679687500000       -1.62071884E-02
   2.1020507812500000       -1.61297321E-02
   2.1069335937500000       -1.60528123E-02
   2.1118164062500000       -1.59764290E-02
   2.1166992187500000       -1.59005523E-02
   2.1215820312500000       -1.58251822E-02
   2.1264648437500000       -1.57503188E-02
   2.1313476562500000       -1.56759620E-02
   2.1362304687500000       -1.56021118E-02
   2.1411132812500000       -1.55287385E-02
   2.1459960937500000       -1.54558718E-02
   2.1508789062500000       -1.53835118E-02
   2.1557617187500000       -1.53115988E-02
   2.1606445312500000       -1.52401924E-02
   2.1655273437500000       -1.51692331E-02
   2.1704101562500000       -1.50987506E-02
   2.1752929687500000       -1.50287449E-02
   2.1801757812500000       -1.49592161E-02
   2.1850585937500000       -1.48901343E-02
   2.1899414062500000       -1.48214996E-02
   2.1948242187500000       -1.47533417E-02
   2.1997070312500000       -1.46856308E-02
   2.2045898437500000       -1.46183372E-02
   2.2094726562500000       -1.45515203E-02
   2.2143554687500000       -1.44851208E-02
   2.2192382812500000       -1.44191682E-02
   2.2241210937500000       -1.43536329E-02
   2.2290039062500000       -1.42885447E-02
   2.2338867187500000       -1.42238438E-02
   2.2387695312500000       -1.41595900E-02
   2.2436523437500000       -1.40957534E-02
   2.2485351562500000       -1.40323341E-02
   2.2534179687500000       -1.39693320E-02
   2.2583007812500000       -1.39067471E-02
   2.2631835937500000       -1.38445497E-02
   2.2680664062500000       -1.37827396E-02
   2.2729492187500000       -1.37213469E-02
   2.2778320312500000       -1.36603713E-02
   2.2827148437500000       -1.35997534E-02
   2.2875976562500000       -1.35395229E-02
   2.2924804687500000       -1.34797096E-02
   2.2973632812500000       -1.34202540E-02
   2.3022460937500000       -1.33611858E-02
   2.3071289062500000       -1.33025050E-02
   2.3120117187500000       -1.32442117E-02
   2.3168945312500000       -1.31862462E-02
   2.3217773437500000       -1.31286979E-02
   2.3266601562500000       -1.30714774E-02
   2.3315429687500000       -1.30146444E-02
   2.3364257812500000       -1.29581690E-02
   2.3413085937500000       -1.29020214E-02
   2.3461914062500000       -1.28462613E-02
   2.3510742187500000       -1.27908587E-02
   2.3559570312500000       -1.27357841E-02
   2.3608398437500000       -1.26810670E-02
   2.3657226562500000       -1.26266778E-02
   2.3706054687500000       -1.25726461E-02
   2.3754882812500000       -1.25189722E-02
   2.3803710937500000       -1.24655962E-02
   2.3852539062500000       -1.24125779E-02
   2.3901367187500000       -1.23598874E-02
   2.3950195312500000       -1.23075247E-02
   2.3999023437500000       -1.22554898E-02
   2.4047851562500000       -1.22037828E-02
   2.4096679687500000       -1.21524036E-02
   2.4145507812500000       -1.21013224E-02
   2.4194335937500000       -1.20505691E-02
   2.4243164062500000       -1.20001435E-02
   2.4291992187500000       -1.19500160E-02
   2.4340820312500000       -1.19001865E-02
   2.4389648437500000       -1.18506849E-02
   2.4438476562500000       -1.18014812E-02
   2.4487304687500000       -1.17525756E-02
   2.4536132812500000       -1.17039979E-02
   2.4584960937500000       -1.16556883E-02
   2.4633789062500000       -1.16076767E-02
   2.4682617187500000       -1.15599930E-02
   2.4731445312500000       -1.15125775E-02
   2.4780273437500000       -1.14654303E-02
   2.4829101562500000       -1.14186108E-02
   2.4877929687500000       -1.13720596E-02
   2.4926757812500000       -1.13257766E-02
   2.4975585937500000       -1.12797916E-02
   2.5024414062500000       -1.12340748E-02
   2.5073242187500000       -1.11886561E-02
   2.5122070312500000       -1.11435056E-02
   2.5170898437500000       -1.10986233E-02
   2.5219726562500000       -1.10540092E-02
   2.5268554687500000       -1.10096931E-02
   2.5317382812500000       -1.09656155E-02
   2.5366210937500000       -1.09218061E-02
   2.5415039062500000       -1.08782649E-02
   2.5463867187500000       -1.08349919E-02
   2.5512695312500000       -1.07919574E-02
   2.5561523437500000       -1.07492208E-02
   2.5610351562500000       -1.07066929E-02
   2.5659179687500000       -1.06644630E-02
   2.5708007812500000       -1.06224716E-02
   2.5756835937500000       -1.05807185E-02
   2.5805664062500000       -1.05392337E-02
   2.5854492187500000       -1.04979873E-02
   2.5903320312500000       -1.04569793E-02
   2.5952148437500000       -1.04162097E-02
   2.6000976562500000       -1.03757083E-02
   2.6049804687500000       -1.03354156E-02
   2.6098632812500000       -1.02953911E-02
   2.6147460937500000       -1.02556050E-02
   2.6196289062500000       -1.02160275E-02
   2.6245117187500000       -1.01767182E-02
   2.6293945312500000       -1.01376176E-02
   2.6342773437500000       -1.00987554E-02
   2.6391601562500000       -1.00601017E-02
   2.6440429687500000       -1.00216866E-02
   2.6489257812500000       -9.98350978E-03
   2.6538085937500000       -9.94557142E-03
   2.6586914062500000       -9.90784168E-03
   2.6635742187500000       -9.87032056E-03
   2.6684570312500000       -9.83300805E-03
   2.6733398437500000       -9.79593396E-03
   2.6782226562500000       -9.75909829E-03
   2.6831054687500000       -9.72244143E-03
   2.6879882812500000       -9.68602300E-03
   2.6928710937500000       -9.64981318E-03
   2.6977539062500000       -9.61381197E-03
   2.7026367187500000       -9.57798958E-03
   2.7075195312500000       -9.54240561E-03
   2.7124023437500000       -9.50703025E-03
   2.7172851562500000       -9.47186351E-03
   2.7221679687500000       -9.43690538E-03
   2.7270507812500000       -9.40212607E-03
   2.7319335937500000       -9.36755538E-03
   2.7368164062500000       -9.33319330E-03
   2.7416992187500000       -9.29901004E-03
   2.7465820312500000       -9.26506519E-03
   2.7514648437500000       -9.23126936E-03
   2.7563476562500000       -9.19768214E-03
   2.7612304687500000       -9.16430354E-03
   2.7661132812500000       -9.13110375E-03
   2.7709960937500000       -9.09811258E-03
   2.7758789062500000       -9.06530023E-03
   2.7807617187500000       -9.03266668E-03
   2.7856445312500000       -9.00024176E-03
   2.7905273437500000       -8.96796584E-03
   2.7954101562500000       -8.93589854E-03
   2.8002929687500000       -8.90401006E-03
   2.8051757812500000       -8.87233019E-03
   2.8100585937500000       -8.84079933E-03
   2.8149414062500000       -8.80944729E-03
   2.8198242187500000       -8.77830386E-03
   2.8247070312500000       -8.74730945E-03
   2.8295898437500000       -8.71649384E-03
   2.8344726562500000       -8.68585706E-03
   2.8393554687500000       -8.65539908E-03
   2.8442382812500000       -8.62511992E-03
   2.8491210937500000       -8.59498978E-03
   2.8540039062500000       -8.56503844E-03
   2.8588867187500000       -8.53526592E-03
   2.8637695312500000       -8.50567222E-03
   2.8686523437500000       -8.47622752E-03
   2.8735351562500000       -8.44696164E-03
   2.8784179687500000       -8.41784477E-03
   2.8833007812500000       -8.38890672E-03
   2.8881835937500000       -8.36011767E-03
   2.8930664062500000       -8.33150744E-03
   2.8979492187500000       -8.30304623E-03
   2.9028320312500000       -8.27473402E-03
   2.9077148437500000       -8.24660063E-03
   2.9125976562500000       -8.21861625E-03
   2.9174804687500000       -8.19078088E-03
   2.9223632812500000       -8.16312432E-03
   2.9272460937500000       -8.13561678E-03
   2.9321289062500000       -8.10825825E-03
   2.9370117187500000       -8.08104873E-03
   2.9418945312500000       -8.05398822E-03
   2.9467773437500000       -8.02710652E-03
   2.9516601562500000       -8.00034404E-03
   2.9565429687500000       -7.97373056E-03
   2.9614257812500000       -7.94729590E-03
   2.9663085937500000       -7.92098045E-03
   2.9711914062500000       -7.89481401E-03
   2.9760742187500000       -7.86879659E-03
   2.9809570312500000       -7.84292817E-03
   2.9858398437500000       -7.81720877E-03
   2.9907226562500000       -7.79160857E-03
   2.9956054687500000       -7.76618719E-03
   3.0004882812500000       -7.74088502E-03
   3.0053710937500000       -7.71573186E-03
   3.0102539062500000       -7.69069791E-03
   3.0151367187500000       -7.66581297E-03
   3.0200195312500000       -7.64107704E-03
   3.0249023437500000       -7.61646032E-03
   3.0297851562500000       -7.59199262E-03
   3.0346679687500000       -7.56767392E-03
   3.0395507812500000       -7.54347444E-03
   3.0444335937500000       -7.51939416E-03
   3.0493164062500000       -7.49546289E-03
   3.0541992187500000       -7.47165084E-03
   3.0590820312500000       -7.44798779E-03
   3.0639648437500000       -7.42444396E-03
   3.0688476562500000       -7.40104914E-03
   3.0737304687500000       -7.37777352E-03
   3.0786132812500000       -7.35461712E-03
   3.0834960937500000       -7.33157992E-03
   3.0883789062500000       -7.30869174E-03
   3.0932617187500000       -7.28592277E-03
   3.0981445312500000       -7.26327300E-03
   3.1030273437500000       -7.24074244E-03
   3.1079101562500000       -7.21833110E-03
   3.1127929687500000       -7.19606876E-03
   3.1176757812500000       -7.17392564E-03
   3.1225585937500000       -7.15187192E-03
   3.1274414062500000       -7.12996721E-03
   3.1323242187500000       -7.10818172E-03
   3.1372070312500000       -7.08651543E-03
   3.1420898437500000       -7.06493855E-03
   3.1469726562500000       -7.04351068E-03
   3.1518554687500000       -7.02220201E-03
   3.1567382812500000       -7.00098276E-03
   3.1616210937500000       -6.97991252E-03
   3.1665039062500000       -6.95893168E-03
   3.1713867187500000       -6.93807006E-03
   3.1762695312500000       -6.91732764E-03
   3.1811523437500000       -6.89670444E-03
   3.1860351562500000       -6.87620044E-03
   3.1909179687500000       -6.85578585E-03
   3.1958007812500000       -6.83549047E-03
   3.2006835937500000       -6.81531429E-03
   3.2055664062500000       -6.79522753E-03
   3.2104492187500000       -6.77528977E-03
   3.2153320312500000       -6.75541162E-03
   3.2202148437500000       -6.73568249E-03
   3.2250976562500000       -6.71604276E-03
   3.2299804687500000       -6.69652224E-03
   3.2348632812500000       -6.67709112E-03
   3.2397460937500000       -6.65777922E-03
   3.2446289062500000       -6.63855672E-03
   3.2495117187500000       -6.61945343E-03
   3.2543945312500000       -6.60043955E-03
   3.2592773437500000       -6.58154488E-03
   3.2641601562500000       -6.56273961E-03
   3.2690429687500000       -6.54405355E-03
   3.2739257812500000       -6.52545691E-03
   3.2788085937500000       -6.50694966E-03
   3.2836914062500000       -6.48856163E-03
   3.2885742187500000       -6.47026300E-03
   3.2934570312500000       -6.45208359E-03
   3.2983398437500000       -6.43399358E-03
   3.3032226562500000       -6.41599298E-03
   3.3081054687500000       -6.39811158E-03
   3.3129882812500000       -6.38028979E-03
   3.3178710937500000       -6.36258721E-03
   3.3227539062500000       -6.34500384E-03
   3.3276367187500000       -6.32748008E-03
   3.3325195312500000       -6.31007552E-03
   3.3374023437500000       -6.29273057E-03
   3.3422851562500000       -6.27550483E-03
   3.3471679687500000       -6.25839829E-03
   3.3520507812500000       -6.24135137E-03
   3.3569335937500000       -6.22439384E-03
   3.3618164062500000       -6.20755553E-03
   3.3666992187500000       -6.19077682E-03
   3.3715820312500000       -6.17411733E-03
   3.3764648437500000       -6.15751743E-03
   3.3813476562500000       -6.14103675E-03
   3.3862304687500000       -6.12464547E-03
   3.3911132812500000       -6.10831380E-03
   3.3959960937500000       -6.09210134E-03
   3.4008789062500000       -6.07597828E-03
   3.4057617187500000       -6.05991483E-03
   3.4106445312500000       -6.04397058E-03
   3.4155273437500000       -6.02808595E-03
   3.4204101562500000       -6.01232052E-03
   3.4252929687500000       -5.99661469E-03
   3.4301757812500000       -5.98099828E-03
   3.4350585937500000       -5.96547127E-03
   3.4399414062500000       -5.95003366E-03
   3.4448242187500000       -5.93465567E-03
   3.4497070312500000       -5.91939688E-03
   3.4545898437500000       -5.90419769E-03
   3.4594726562500000       -5.88908792E-03
   3.4643554687500000       -5.87406754E-03
   3.4692382812500000       -5.85910678E-03
   3.4741210937500000       -5.84426522E-03
   3.4790039062500000       -5.82948327E-03
   3.4838867187500000       -5.81479073E-03
   3.4887695312500000       -5.80015779E-03
   3.4936523437500000       -5.78561425E-03
   3.4985351562500000       -5.77116013E-03
   3.5034179687500000       -5.75679541E-03
   3.5083007812500000       -5.74249029E-03
   3.5131835937500000       -5.72824478E-03
   3.5180664062500000       -5.71411848E-03
   3.5229492187500000       -5.70005178E-03
   3.5278320312500000       -5.68604469E-03
   3.5327148437500000       -5.67215681E-03
   3.5375976562500000       -5.65829873E-03
   3.5424804687500000       -5.64455986E-03
   3.5473632812500000       -5.63088059E-03
   3.5522460937500000       -5.61726093E-03
   3.5571289062500000       -5.60373068E-03
   3.5620117187500000       -5.59026003E-03
   3.5668945312500000       -5.57687879E-03
   3.5717773437500000       -5.56358695E-03
   3.5766601562500000       -5.55032492E-03
   3.5815429687500000       -5.53718209E-03
   3.5864257812500000       -5.52406907E-03
   3.5913085937500000       -5.51107526E-03
   3.5961914062500000       -5.49811125E-03
   3.6010742187500000       -5.48523664E-03
   3.6059570312500000       -5.47245145E-03
   3.6108398437500000       -5.45972586E-03
   3.6157226562500000       -5.44705987E-03
   3.6206054687500000       -5.43445349E-03
   3.6254882812500000       -5.42193651E-03
   3.6303710937500000       -5.40950894E-03
   3.6352539062500000       -5.39711118E-03
   3.6401367187500000       -5.38480282E-03
   3.6450195312500000       -5.37255406E-03
   3.6499023437500000       -5.36039472E-03
   3.6547851562500000       -5.34829497E-03
   3.6596679687500000       -5.33625484E-03
   3.6645507812500000       -5.32427430E-03
   3.6694335937500000       -5.31238317E-03
   3.6743164062500000       -5.30055165E-03
   3.6791992187500000       -5.28877974E-03
   3.6840820312500000       -5.27706742E-03
   3.6889648437500000       -5.26544452E-03
   3.6938476562500000       -5.25385141E-03
   3.6987304687500000       -5.24234772E-03
   3.7036132812500000       -5.23090363E-03
   3.7084960937500000       -5.21954894E-03
   3.7133789062500000       -5.20822406E-03
   3.7182617187500000       -5.19698858E-03
   3.7231445312500000       -5.18581271E-03
   3.7280273437500000       -5.17466664E-03
   3.7329101562500000       -5.16363978E-03
   3.7377929687500000       -5.15264273E-03
   3.7426757812500000       -5.14170527E-03
   3.7475585937500000       -5.13082743E-03
   3.7524414062500000       -5.12003899E-03
   3.7573242187500000       -5.10928035E-03
   3.7622070312500000       -5.09861112E-03
   3.7670898437500000       -5.08800149E-03
   3.7719726562500000       -5.07742167E-03
   3.7768554687500000       -5.06693125E-03
   3.7817382812500000       -5.05650043E-03
   3.7866210937500000       -5.04612923E-03
   3.7915039062500000       -5.03578782E-03
   3.7963867187500000       -5.02553582E-03
   3.8012695312500000       -5.01534343E-03
   3.8061523437500000       -5.00521064E-03
   3.8110351562500000       -4.99513745E-03
   3.8159179687500000       -4.98512387E-03
   3.8208007812500000       -4.97514009E-03
   3.8256835937500000       -4.96524572E-03
   3.8305664062500000       -4.95541096E-03
   3.8354492187500000       -4.94560599E-03
   3.8403320312500000       -4.93589044E-03
   3.8452148437500000       -4.92620468E-03
   3.8500976562500000       -4.91660833E-03
   3.8549804687500000       -4.90704179E-03
   3.8598632812500000       -4.89753485E-03
   3.8647460937500000       -4.88808751E-03
   3.8696289062500000       -4.87869978E-03
   3.8745117187500000       -4.86937165E-03
   3.8793945312500000       -4.86010313E-03
   3.8842773437500000       -4.85086441E-03
   3.8891601562500000       -4.84171510E-03
   3.8940429687500000       -4.83259559E-03
   3.8989257812500000       -4.82353568E-03
   3.9038085937500000       -4.81453538E-03
   3.9086914062500000       -4.80559468E-03
   3.9135742187500000       -4.79671359E-03
   3.9184570312500000       -4.78786230E-03
   3.9233398437500000       -4.77907062E-03
   3.9282226562500000       -4.77033854E-03
   3.9331054687500000       -4.76166606E-03
   3.9379882812500000       -4.75305319E-03
   3.9428710937500000       -4.74447012E-03
   3.9477539062500000       -4.73594666E-03
   3.9526367187500000       -4.72748280E-03
   3.9575195312500000       -4.71907854E-03
   3.9624023437500000       -4.71070409E-03
   3.9672851562500000       -4.70238924E-03
   3.9721679687500000       -4.69413400E-03
   3.9770507812500000       -4.68590856E-03
   3.9819335937500000       -4.67777252E-03
   3.9868164062500000       -4.66966629E-03
   3.9916992187500000       -4.66161966E-03
   3.9965820312500000       -4.65360284E-03
   4.0014648437500000       -4.64564562E-03
   4.0063476562500000       -4.63774800E-03
   4.0112304687500000       -4.62988019E-03
   4.0161132812500000       -4.62207198E-03
   4.0209960937500000       -4.61432338E-03
   4.0258789062500000       -4.60663438E-03
   4.0307617187500000       -4.59897518E-03
   4.0356445312500000       -4.59137559E-03
   4.0405273437500000       -4.58380580E-03
   4.0454101562500000       -4.57629561E-03
   4.0502929687500000       -4.56884503E-03
   4.0551757812500000       -4.56142426E-03
   4.0600585937500000       -4.55406308E-03
   4.0649414062500000       -4.54676151E-03
   4.0698242187500000       -4.53948975E-03
   4.0747070312500000       -4.53227758E-03
   4.0795898437500000       -4.52509522E-03
   4.0844726562500000       -4.51797247E-03
   4.0893554687500000       -4.51090932E-03
   4.0942382812500000       -4.50387597E-03
   4.0991210937500000       -4.49690223E-03
   4.1040039062500000       -4.48995829E-03
   4.1088867187500000       -4.48307395E-03
   4.1137695312500000       -4.47621942E-03
   4.1186523437500000       -4.46942449E-03
   4.1235351562500000       -4.46268916E-03
   4.1284179687500000       -4.45598364E-03
   4.1333007812500000       -4.44933772E-03
   4.1381835937500000       -4.44272161E-03
   4.1430664062500000       -4.43613529E-03
   4.1479492187500000       -4.42963839E-03
   4.1528320312500000       -4.42314148E-03
   4.1577148437500000       -4.41673398E-03
   4.1625976562500000       -4.41032648E-03
   4.1674804687500000       -4.40400839E-03
   4.1723632812500000       -4.39769030E-03
   4.1772460937500000       -4.39143181E-03
   4.1821289062500000       -4.38523293E-03
   4.1870117187500000       -4.37906384E-03
   4.1918945312500000       -4.37295437E-03
   4.1967773437500000       -4.36687469E-03
   4.2016601562500000       -4.36085463E-03
   4.2065429687500000       -4.35486436E-03
   4.2114257812500000       -4.34893370E-03
   4.2163085937500000       -4.34303284E-03
   4.2211914062500000       -4.33716178E-03
   4.2260742187500000       -4.33135033E-03
   4.2309570312500000       -4.32556868E-03
   4.2358398437500000       -4.31984663E-03
   4.2407226562500000       -4.31415439E-03
   4.2456054687500000       -4.30852175E-03
   4.2504882812500000       -4.30291891E-03
   4.2553710937500000       -4.29737568E-03
   4.2602539062500000       -4.29186225E-03
   4.2651367187500000       -4.28637862E-03
   4.2700195312500000       -4.28095460E-03
   4.2749023437500000       -4.27556038E-03
   4.2797851562500000       -4.27022576E-03
   4.2846679687500000       -4.26492095E-03
   4.2895507812500000       -4.25964594E-03
   4.2944335937500000       -4.25443053E-03
   4.2993164062500000       -4.24924493E-03
   4.3041992187500000       -4.24408913E-03
   4.3090820312500000       -4.23899293E-03
   4.3139648437500000       -4.23395634E-03
   4.3188476562500000       -4.22891974E-03
   4.3237304687500000       -4.22394276E-03
   4.3286132812500000       -4.21902537E-03
   4.3334960937500000       -4.21410799E-03
   4.3383789062500000       -4.20925021E-03
   4.3432617187500000       -4.20445204E-03
   4.3481445312500000       -4.19968367E-03
   4.3530273437500000       -4.19494510E-03
   4.3579101562500000       -4.19023633E-03
   4.3627929687500000       -4.18558717E-03
   4.3676757812500000       -4.18096781E-03
   4.3725585937500000       -4.17640805E-03
   4.3774414062500000       -4.17184830E-03
   4.3823242187500000       -4.16737795E-03
   4.3872070312500000       -4.16290760E-03
   4.3920898437500000       -4.15849686E-03
   4.3969726562500000       -4.15411592E-03
   4.4018554687500000       -4.14976478E-03
   4.4067382812500000       -4.14547324E-03
   4.4116210937500000       -4.14121151E-03
   4.4165039062500000       -4.13697958E-03
   4.4213867187500000       -4.13280725E-03
   4.4262695312500000       -4.12866473E-03
   4.4311523437500000       -4.12455201E-03
   4.4360351562500000       -4.12046909E-03
   4.4409179687500000       -4.11644578E-03
   4.4458007812500000       -4.11245227E-03
   4.4506835937500000       -4.10851836E-03
   4.4555664062500000       -4.10458446E-03
   4.4604492187500000       -4.10071015E-03
   4.4653320312500000       -4.09686565E-03
   4.4702148437500000       -4.09308076E-03
   4.4750976562500000       -4.08929586E-03
   4.4799804687500000       -4.08557057E-03
   4.4848632812500000       -4.08190489E-03
   4.4897460937500000       -4.07823920E-03
   4.4946289062500000       -4.07463312E-03
   4.4995117187500000       -4.07105684E-03
   4.5043945312500000       -4.06751037E-03
   4.5092773437500000       -4.06402349E-03
   4.5141601562500000       -4.06053662E-03
   4.5190429687500000       -4.05710936E-03
   4.5239257812500000       -4.05371189E-03
   4.5288085937500000       -4.05037403E-03
   4.5336914062500000       -4.04706597E-03
   4.5385742187500000       -4.04378772E-03
   4.5434570312500000       -4.04053926E-03
   4.5483398437500000       -4.03732061E-03
   4.5532226562500000       -4.03416157E-03
   4.5581054687500000       -4.03100252E-03
   4.5629882812500000       -4.02793288E-03
   4.5678710937500000       -4.02486324E-03
   4.5727539062500000       -4.02182341E-03
   4.5776367187500000       -4.01884317E-03
   4.5825195312500000       -4.01589274E-03
   4.5874023437500000       -4.01297212E-03
   4.5922851562500000       -4.01008129E-03
   4.5971679687500000       -4.00725007E-03
   4.6020507812500000       -4.00444865E-03
   4.6069335937500000       -4.00167704E-03
   4.6118164062500000       -3.99893522E-03
   4.6166992187500000       -3.99622321E-03
   4.6215820312500000       -3.99357080E-03
   4.6264648437500000       -3.99091840E-03
   4.6313476562500000       -3.98832560E-03
   4.6362304687500000       -3.98576260E-03
   4.6411132812500000       -3.98325920E-03
   4.6459960937500000       -3.98075581E-03
   4.6508789062500000       -3.97831202E-03
   4.6557617187500000       -3.97589803E-03
   4.6606445312500000       -3.97351384E-03
   4.6655273437500000       -3.97115946E-03
   4.6704101562500000       -3.96886468E-03
   4.6752929687500000       -3.96656990E-03
   4.6801757812500000       -3.96433473E-03
   4.6850585937500000       -3.96212935E-03
   4.6899414062500000       -3.95995378E-03
   4.6948242187500000       -3.95780802E-03
   4.6997070312500000       -3.95572186E-03
   4.7045898437500000       -3.95363569E-03
   4.7094726562500000       -3.95160913E-03
   4.7143554687500000       -3.94961238E-03
   4.7192382812500000       -3.94764543E-03
   4.7241210937500000       -3.94570827E-03
   4.7290039062500000       -3.94383073E-03
   4.7338867187500000       -3.94195318E-03
   4.7387695312500000       -3.94013524E-03
   4.7436523437500000       -3.93834710E-03
   4.7485351562500000       -3.93658876E-03
   4.7534179687500000       -3.93486023E-03
   4.7583007812500000       -3.93319130E-03
   4.7631835937500000       -3.93152237E-03
   4.7680664062500000       -3.92991304E-03
   4.7729492187500000       -3.92833352E-03
   4.7778320312500000       -3.92678380E-03
   4.7827148437500000       -3.92526388E-03
   4.7875976562500000       -3.92377377E-03
   4.7924804687500000       -3.92234325E-03
   4.7973632812500000       -3.92091274E-03
   4.8022460937500000       -3.91954184E-03
   4.8071289062500000       -3.91820073E-03
   4.8120117187500000       -3.91688943E-03
   4.8168945312500000       -3.91560793E-03
   4.8217773437500000       -3.91435623E-03
   4.8266601562500000       -3.91313434E-03
   4.8315429687500000       -3.91197205E-03
   4.8364257812500000       -3.91083956E-03
   4.8413085937500000       -3.90970707E-03
   4.8461914062500000       -3.90863419E-03
   4.8510742187500000       -3.90759110E-03
   4.8559570312500000       -3.90660763E-03
   4.8608398437500000       -3.90562415E-03
   4.8657226562500000       -3.90467048E-03
   4.8706054687500000       -3.90377641E-03
   4.8754882812500000       -3.90291214E-03
   4.8803710937500000       -3.90207767E-03
   4.8852539062500000       -3.90127301E-03
   4.8901367187500000       -3.90049815E-03
   4.8950195312500000       -3.89975309E-03
   4.8999023437500000       -3.89903784E-03
   4.9047851562500000       -3.89838219E-03
   4.9096679687500000       -3.89775634E-03
   4.9145507812500000       -3.89713049E-03
   4.9194335937500000       -3.89656425E-03
   4.9243164062500000       -3.89602780E-03
   4.9291992187500000       -3.89552116E-03
   4.9340820312500000       -3.89507413E-03
   4.9389648437500000       -3.89462709E-03
   4.9438476562500000       -3.89423966E-03
   4.9487304687500000       -3.89385223E-03
   4.9536132812500000       -3.89352441E-03
   4.9584960937500000       -3.89322639E-03
   4.9633789062500000       -3.89295816E-03
   4.9682617187500000       -3.89271975E-03
   4.9731445312500000       -3.89251113E-03
   4.9780273437500000       -3.89236212E-03
   4.9829101562500000       -3.89221311E-03
   4.9877929687500000       -3.89212370E-03
   4.9926757812500000       -3.89206409E-03
   4.9975585937500000       -3.89203429E-03
   5.0024414062500000       -3.89203429E-03
   5.0073242187500000       -3.89206409E-03
   5.0122070312500000       -3.89212370E-03
   5.0170898437500000       -3.89221311E-03
   5.0219726562500000       -3.89236212E-03
   5.0268554687500000       -3.89251113E-03
   5.0317382812500000       -3.89271975E-03
   5.0366210937500000       -3.89295816E-03
   5.0415039062500000       -3.89322639E-03
   5.0463867187500000       -3.89352441E-03
   5.0512695312500000       -3.89385223E-03
   5.0561523437500000       -3.89423966E-03
   5.0610351562500000       -3.89462709E-03
   5.0659179687500000       -3.89507413E-03
   5.0708007812500000       -3.89552116E-03
   5.0756835937500000       -3.89602780E-03
   5.0805664062500000       -3.89656425E-03
   5.0854492187500000       -3.89713049E-03
   5.0903320312500000       -3.89775634E-03
   5.0952148437500000       -3.89838219E-03
   5.1000976562500000       -3.89903784E-03
   5.1049804687500000       -3.89975309E-03
   5.1098632812500000       -3.90049815E-03
   5.1147460937500000       -3.90127301E-03
   5.1196289062500000       -3.90207767E-03
   5.1245117187500000       -3.90291214E-03
   5.1293945312500000       -3.90377641E-03
   5.1342773437500000       -3.90467048E-03
   5.1391601562500000       -3.90562415E-03
   5.1440429687500000       -3.90660763E-03
   5.1489257812500000       -3.90759110E-03
   5.1538085937500000       -3.90863419E-03
   5.1586914062500000       -3.90970707E-03
   5.1635742187500000       -3.91083956E-03
   5.1684570312500000       -3.91197205E-03
   5.1733398437500000       -3.91313434E-03
   5.1782226562500000       -3.91435623E-03
   5.1831054687500000       -3.91560793E-03
   5.1879882812500000       -3.91688943E-03
   5.1928710937500000       -3.91820073E-03
   5.1977539062500000       -3.91954184E-03
   5.2026367187500000       -3.92091274E-03
   5.2075195312500000       -3.92234325E-03
   5.2124023437500000       -3.92377377E-03
   5.2172851562500000       -3.92526388E-03
   5.2221679687500000       -3.92678380E-03
   5.2270507812500000       -3.92833352E-03
   5.2319335937500000       -3.92991304E-03
   5.2368164062500000       -3.93152237E-03
   5.2416992187500000       -3.93319130E-03
   5.2465820312500000       -3.93486023E-03
   5.2514648437500000       -3.93658876E-03
   5.2563476562500000       -3.93834710E-03
   5.2612304687500000       -3.94013524E-03
   5.2661132812500000       -3.94195318E-03
   5.2709960937500000       -3.94383073E-03
   5.2758789062500000       -3.94570827E-03
   5.2807617187500000       -3.94764543E-03
   5.2856445312500000       -3.94961238E-03
   5.2905273437500000       -3.95160913E-03
   5.2954101562500000       -3.95363569E-03
   5.3002929687500000       -3.95572186E-03
   5.3051757812500000       -3.95780802E-03
   5.3100585937500000       -3.95995378E-03
   5.3149414062500000       -3.96212935E-03
   5.3198242187500000       -3.96433473E-03
   5.3247070312500000       -3.96656990E-03
   5.3295898437500000       -3.96886468E-03
   5.3344726562500000       -3.97115946E-03
   5.3393554687500000       -3.97351384E-03
   5.3442382812500000       -3.97589803E-03
   5.3491210937500000       -3.97831202E-03
   5.3540039062500000       -3.98075581E-03
   5.3588867187500000       -3.98325920E-03
   5.3637695312500000       -3.98576260E-03
   5.3686523437500000       -3.98832560E-03
   5.3735351562500000       -3.99091840E-03
   5.3784179687500000       -3.99357080E-03
   5.3833007812500000       -3.99622321E-03
   5.3881835937500000       -3.99893522E-03
   5.3930664062500000       -4.00167704E-03
   5.3979492187500000       -4.00444865E-03
   5.4028320312500000       -4.00725007E-03
   5.4077148437500000       -4.01008129E-03
   5.4125976562500000       -4.01297212E-03
   5.4174804687500000       -4.01589274E-03
   5.4223632812500000       -4.01884317E-03
   5.4272460937500000       -4.02182341E-03
   5.4321289062500000       -4.02486324E-03
   5.4370117187500000       -4.02793288E-03
   5.4418945312500000       -4.03100252E-03
   5.4467773437500000       -4.03416157E-03
   5.4516601562500000       -4.03732061E-03
   5.4565429687500000       -4.04053926E-03
   5.4614257812500000       -4.04378772E-03
   5.4663085937500000       -4.04706597E-03
   5.4711914062500000       -4.05037403E-03
   5.4760742187500000       -4.05371189E-03
   5.4809570312500000       -4.05710936E-03
   5.4858398437500000       -4.06053662E-03
   5.4907226562500000       -4.06402349E-03
   5.4956054687500000       -4.06751037E-03
   5.5004882812500000       -4.07105684E-03
   5.5053710937500000       -4.07463312E-03
   5.5102539062500000       -4.07823920E-03
   5.5151367187500000       -4.08190489E-03
   5.5200195312500000       -4.08557057E-03
   5.5249023437500000       -4.08929586E-03
   5.5297851562500000       -4.09308076E-03
   5.5346679687500000       -4.09686565E-03
   5.5395507812500000       -4.10071015E-03
   5.5444335937500000       -4.10458446E-03
   5.5493164062500000       -4.10851836E-03
   5.5541992187500000       -4.11245227E-03
   5.5590820312500000       -4.11644578E-03
   5.5639648437500000       -4.12046909E-03
   5.5688476562500000       -4.12455201E-03
   5.5737304687500000       -4.12866473E-03
   5.5786132812500000       -4.13280725E-03
   5.5834960937500000       -4.13697958E-03
   5.5883789062500000       -4.14121151E-03
   5.5932617187500000       -4.14547324E-03
   5.5981445312500000       -4.14976478E-03
   5.6030273437500000       -4.15411592E-03
   5.6079101562500000       -4.15849686E-03
   5.6127929687500000       -4.16290760E-03
   5.6176757812500000       -4.16737795E-03
   5.6225585937500000       -4.17184830E-03
   5.6274414062500000       -4.17640805E-03
   5.6323242187500000       -4.18096781E-03
   5.6372070312500000       -4.18558717E-03
   5.6420898437500000       -4.19023633E-03
   5.6469726562500000       -4.19494510E-03
   5.6518554687500000       -4.19968367E-03
   5.6567382812500000       -4.20445204E-03
   5.6616210937500000       -4.20925021E-03
   5.6665039062500000       -4.21410799E-03
   5.6713867187500000       -4.21902537E-03
   5.6762695312500000       -4.22394276E-03
   5.6811523437500000       -4.22891974E-03
   5.6860351562500000       -4.23395634E-03
   5.6909179687500000       -4.23899293E-03
   5.6958007812500000       -4.24408913E-03
   5.7006835937500000       -4.24924493E-03
   5.7055664062500000       -4.25443053E-03
   5.7104492187500000       -4.25964594E-03
   5.7153320312500000       -4.26492095E-03
   5.7202148437500000       -4.27022576E-03
   5.7250976562500000       -4.27556038E-03
   5.7299804687500000       -4.28095460E-03
   5.7348632812500000       -4.28637862E-03
   5.7397460937500000       -4.29186225E-03
   5.7446289062500000       -4.29737568E-03
   5.7495117187500000       -4.30291891E-03
   5.7543945312500000       -4.30852175E-03
   5.7592773437500000       -4.31415439E-03
   5.7641601562500000       -4.31984663E-03
   5.7690429687500000       -4.32556868E-03
   5.7739257812500000       -4.33135033E-03
   5.7788085937500000       -4.33716178E-03
   5.7836914062500000       -4.34303284E-03
   5.7885742187500000       -4.34893370E-03
   5.7934570312500000       -4.35486436E-03
   5.7983398437500000       -4.36085463E-03
   5.8032226562500000       -4.36687469E-03
   5.8081054687500000       -4.37295437E-03
   5.8129882812500000       -4.37906384E-03
   5.8178710937500000       -4.38523293E-03
   5.8227539062500000       -4.39143181E-03
   5.8276367187500000       -4.39769030E-03
   5.8325195312500000       -4.40400839E-03
   5.8374023437500000       -4.41032648E-03
   5.8422851562500000       -4.41673398E-03
   5.8471679687500000       -4.42314148E-03
   5.8520507812500000       -4.42963839E-03
   5.8569335937500000       -4.43613529E-03
   5.8618164062500000       -4.44272161E-03
   5.8666992187500000       -4.44933772E-03
   5.8715820312500000       -4.45598364E-03
   5.8764648437500000       -4.46268916E-03
   5.8813476562500000       -4.46942449E-03
   5.8862304687500000       -4.47621942E-03
   5.8911132812500000       -4.48307395E-03
   5.8959960937500000       -4.48995829E-03
   5.9008789062500000       -4.49690223E-03
   5.9057617187500000       -4.50387597E-03
   5.9106445312500000       -4.51090932E-03
   5.9155273437500000       -4.51797247E-03
   5.9204101562500000       -4.52509522E-03
   5.9252929687500000       -4.53227758E-03
   5.9301757812500000       -4.53948975E-03
   5.9350585937500000       -4.54676151E-03
   5.9399414062500000       -4.55406308E-03
   5.9448242187500000       -4.56142426E-03
   5.9497070312500000       -4.56884503E-03
   5.9545898437500000       -4.57629561E-03
   5.9594726562500000       -4.58380580E-03
   5.9643554687500000       -4.59137559E-03
   5.9692382812500000       -4.59897518E-03
   5.9741210937500000       -4.60663438E-03
   5.9790039062500000       -4.61432338E-03
   5.9838867187500000       -4.62207198E-03
   5.9887695312500000       -4.62988019E-03
   5.9936523437500000       -4.63774800E-03
   5.9985351562500000       -4.64564562E-03
   6.0034179687500000       -4.65360284E-03
   6.0083007812500000       -4.66161966E-03
   6.0131835937500000       -4.66966629E-03
   6.0180664062500000       -4.67777252E-03
   6.0229492187500000       -4.68590856E-03
   6.0278320312500000       -4.69413400E-03
   6.0327148437500000       -4.70238924E-03
   6.0375976562500000       -4.71070409E-03
   6.0424804687500000       -4.71907854E-03
   6.0473632812500000       -4.72748280E-03
   6.0522460937500000       -4.73594666E-03
   6.0571289062500000       -4.74447012E-03
   6.0620117187500000       -4.75305319E-03
   6.0668945312500000       -4.76166606E-03
   6.0717773437500000       -4.77033854E-03
   6.0766601562500000       -4.77907062E-03
   6.0815429687500000       -4.78786230E-03
   6.0864257812500000       -4.79671359E-03
   6.0913085937500000       -4.80559468E-03
   6.0961914062500000       -4.81453538E-03
   6.1010742187500000       -4.82353568E-03
   6.1059570312500000       -4.83259559E-03
   6.1108398437500000       -4.84171510E-03
   6.1157226562500000       -4.85086441E-03
   6.1206054687500000       -4.86010313E-03
   6.1254882812500000       -4.86937165E-03
   6.1303710937500000       -4.87869978E-03
   6.1352539062500000       -4.88808751E-03
   6.1401367187500000       -4.89753485E-03
   6.1450195312500000       -4.90704179E-03
   6.1499023437500000       -4.91660833E-03
   6.1547851562500000       -4.92620468E-03
   6.1596679687500000       -4.93589044E-03
   6.1645507812500000       -4.94560599E-03
   6.1694335937500000       -4.95541096E-03
   6.1743164062500000       -4.96524572E-03
   6.1791992187500000       -4.97514009E-03
   6.1840820312500000       -4.98512387E-03
   6.1889648437500000       -4.99513745E-03
   6.1938476562500000       -5.00521064E-03
   6.1987304687500000       -5.01534343E-03
   6.2036132812500000       -5.02553582E-03
   6.2084960937500000       -5.03578782E-03
   6.2133789062500000       -5.04612923E-03
   6.2182617187500000       -5.05650043E-03
   6.2231445312500000       -5.06693125E-03
   6.2280273437500000       -5.07742167E-03
   6.2329101562500000       -5.08800149E-03
   6.2377929687500000       -5.09861112E-03
   6.2426757812500000       -5.10928035E-03
   6.2475585937500000       -5.12003899E-03
   6.2524414062500000       -5.13082743E-03
   6.2573242187500000       -5.14170527E-03
   6.2622070312500000       -5.15264273E-03
   6.2670898437500000       -5.16363978E-03
   6.2719726562500000       -5.17466664E-03
   6.2768554687500000       -5.18581271E-03
   6.2817382812500000       -5.19698858E-03
   6.2866210937500000       -5.20822406E-03
   6.2915039062500000       -5.21954894E-03
   6.2963867187500000       -5.23090363E-03
   6.3012695312500000       -5.24234772E-03
   6.3061523437500000       -5.25385141E-03
   6.3110351562500000       -5.26544452E-03
   6.3159179687500000       -5.27706742E-03
   6.3208007812500000       -5.28877974E-03
   6.3256835937500000       -5.30055165E-03
   6.3305664062500000       -5.31238317E-03
   6.3354492187500000       -5.32427430E-03
   6.3403320312500000       -5.33625484E-03
   6.3452148437500000       -5.34829497E-03
   6.3500976562500000       -5.36039472E-03
   6.3549804687500000       -5.37255406E-03
   6.3598632812500000       -5.38480282E-03
   6.3647460937500000       -5.39711118E-03
   6.3696289062500000       -5.40950894E-03
   6.3745117187500000       -5.42193651E-03
   6.3793945312500000       -5.43445349E-03
   6.3842773437500000       -5.44705987E-03
   6.3891601562500000       -5.45972586E-03
   6.3940429687500000       -5.47245145E-03
   6.3989257812500000       -5.48523664E-03
   6.4038085937500000       -5.49811125E-03
   6.4086914062500000       -5.51107526E-03
   6.4135742187500000       -5.52406907E-03
   6.4184570312500000       -5.53718209E-03
   6.4233398437500000       -5.55032492E-03
   6.4282226562500000       -5.56358695E-03
   6.4331054687500000       -5.57687879E-03
   6.4379882812500000       -5.59026003E-03
   6.4428710937500000       -5.60373068E-03
   6.4477539062500000       -5.61726093E-03
   6.4526367187500000       -5.63088059E-03
   6.4575195312500000       -5.64455986E-03
   6.4624023437500000       -5.65829873E-03
   6.4672851562500000       -5.67215681E-03
   6.4721679687500000       -5.68604469E-03
   6.4770507812500000       -5.70005178E-03
   6.4819335937500000       -5.71411848E-03
   6.4868164062500000       -5.72824478E-03
   6.4916992187500000       -5.74249029E-03
   6.4965820312500000       -5.75679541E-03
   6.5014648437500000       -5.77116013E-03
   6.5063476562500000       -5.78561425E-03
   6.5112304687500000       -5.80015779E-03
   6.5161132812500000       -5.81479073E-03
   6.5209960937500000       -5.82948327E-03
   6.5258789062500000       -5.84426522E-03
   6.5307617187500000       -5.85910678E-03
   6.5356445312500000       -5.87406754E-03
   6.5405273437500000       -5.88908792E-03
   6.5454101562500000       -5.90419769E-03
   6.5502929687500000       -5.91939688E-03
   6.5551757812500000       -5.93465567E-03
   6.5600585937500000       -5.95003366E-03
   6.5649414062500000       -5.96547127E-03
   6.5698242187500000       -5.98099828E-03
   6.5747070312500000       -5.99661469E-03
   6.5795898437500000       -6.01232052E-03
   6.5844726562500000       -6.02808595E-03
   6.5893554687500000       -6.04397058E-03
   6.5942382812500000       -6.05991483E-03
   6.5991210937500000       -6.07597828E-03
   6.6040039062500000       -6.09210134E-03
   6.6088867187500000       -6.10831380E-03
   6.6137695312500000       -6.12464547E-03
   6.6186523437500000       -6.14103675E-03
   6.6235351562500000       -6.15751743E-03
   6.6284179687500000       -6.17411733E-03
   6.6333007812500000       -6.19077682E-03
   6.6381835937500000       -6.20755553E-03
   6.6430664062500000       -6.22439384E-03
   6.6479492187500000       -6.24135137E-03
   6.6528320312500000       -6.25839829E-03
   6.6577148437500000       -6.27550483E-03
   6.6625976562500000       -6.29273057E-03
   6.6674804687500000       -6.31007552E-03
   6.6723632812500000       -6.32748008E-03
   6.6772460937500000       -6.34500384E-03
   6.6821289062500000       -6.36258721E-03
   6.6870117187500000       -6.38028979E-03
   6.6918945312500000       -6.39811158E-03
   6.6967773437500000       -6.41599298E-03
   6.7016601562500000       -6.43399358E-03
   6.7065429687500000       -6.45208359E-03
   6.7114257812500000       -6.47026300E-03
   6.7163085937500000       -6.48856163E-03
   6.7211914062500000       -6.50694966E-03
   6.7260742187500000       -6.52545691E-03
   6.7309570312500000       -6.54405355E-03
   6.7358398437500000       -6.56273961E-03
   6.7407226562500000       -6.58154488E-03
   6.7456054687500000       -6.60043955E-03
   6.7504882812500000       -6.61945343E-03
   6.7553710937500000       -6.63855672E-03
   6.7602539062500000       -6.65777922E-03
   6.7651367187500000       -6.67709112E-03
   6.7700195312500000       -6.69652224E-03
   6.7749023437500000       -6.71604276E-03
   6.7797851562500000       -6.73568249E-03
   6.7846679687500000       -6.75541162E-03
   6.7895507812500000       -6.77528977E-03
   6.7944335937500000       -6.79522753E-03
   6.7993164062500000       -6.81531429E-03
   6.8041992187500000       -6.83549047E-03
   6.8090820312500000       -6.85578585E-03
   6.8139648437500000       -6.87620044E-03
   6.8188476562500000       -6.89670444E-03
   6.8237304687500000       -6.91732764E-03
   6.8286132812500000       -6.93807006E-03
   6.8334960937500000       -6.95893168E-03
   6.8383789062500000       -6.97991252E-03
   6.8432617187500000       -7.00098276E-03
   6.8481445312500000       -7.02220201E-03
   6.8530273437500000       -7.04351068E-03
   6.8579101562500000       -7.06493855E-03
   6.8627929687500000       -7.08651543E-03
   6.8676757812500000       -7.10818172E-03
   6.8725585937500000       -7.12996721E-03
   6.8774414062500000       -7.15187192E-03
   6.8823242187500000       -7.17392564E-03
   6.8872070312500000       -7.19606876E-03
   6.8920898437500000       -7.21833110E-03
   6.8969726562500000       -7.24074244E-03
   6.9018554687500000       -7.26327300E-03
   6.9067382812500000       -7.28592277E-03
   6.9116210937500000       -7.30869174E-03
   6.9165039062500000       -7.33157992E-03
   6.9213867187500000       -7.35461712E-03
   6.9262695312500000       -7.37777352E-03
   6.9311523437500000       -7.40104914E-03
   6.9360351562500000       -7.42444396E-03
   6.9409179687500000       -7.44798779E-03
   6.9458007812500000       -7.47165084E-03
   6.9506835937500000       -7.49546289E-03
   6.9555664062500000       -7.51939416E-03
   6.9604492187500000       -7.54347444E-03
   6.9653320312500000       -7.56767392E-03
   6.9702148437500000       -7.59199262E-03
   6.9750976562500000       -7.61646032E-03
   6.9799804687500000       -7.64107704E-03
   6.9848632812500000       -7.66581297E-03
   6.9897460937500000       -7.69069791E-03
   6.9946289062500000       -7.71573186E-03
   6.9995117187500000       -7.74088502E-03
   7.0043945312500000       -7.76618719E-03
   7.0092773437500000       -7.79160857E-03
   7.0141601562500000       -7.81720877E-03
   7.0190429687500000       -7.84292817E-03
   7.0239257812500000       -7.86879659E-03
   7.0288085937500000       -7.89481401E-03
   7.0336914062500000       -7.92098045E-03
   7.0385742187500000       -7.94729590E-03
   7.0434570312500000       -7.97373056E-03
   7.0483398437500000       -8.00034404E-03
   7.0532226562500000       -8.02710652E-03
   7.0581054687500000       -8.05398822E-03
   7.0629882812500000       -8.08104873E-03
   7.0678710937500000       -8.10825825E-03
   7.0727539062500000       -8.13561678E-03
   7.0776367187500000       -8.16312432E-03
   7.0825195312500000       -8.19078088E-03
   7.0874023437500000       -8.21861625E-03
   7.0922851562500000       -8.24660063E-03
   7.0971679687500000       -8.27473402E-03
   7.1020507812500000       -8.30304623E-03
   7.1069335937500000       -8.33150744E-03
   7.1118164062500000       -8.36011767E-03
   7.1166992187500000       -8.38890672E-03
   7.1215820312500000       -8.41784477E-03
   7.1264648437500000       -8.44696164E-03
   7.1313476562500000       -8.47622752E-03
   7.1362304687500000       -8.50567222E-03
   7.1411132812500000       -8.53526592E-03
   7.1459960937500000       -8.56503844E-03
   7.1508789062500000       -8.59498978E-03
   7.1557617187500000       -8.62511992E-03
   7.1606445312500000       -8.65539908E-03
   7.1655273437500000       -8.68585706E-03
   7.1704101562500000       -8.71649384E-03
   7.1752929687500000       -8.74730945E-03
   7.1801757812500000       -8.77830386E-03
   7.1850585937500000       -8.80944729E-03
   7.1899414062500000       -8.84079933E-03
   7.1948242187500000       -8.87233019E-03
   7.1997070312500000       -8.90401006E-03
   7.2045898437500000       -8.93589854E-03
   7.2094726562500000       -8.96796584E-03
   7.2143554687500000       -9.00024176E-03
   7.2192382812500000       -9.03266668E-03
   7.2241210937500000       -9.06530023E-03
   7.2290039062500000       -9.09811258E-03
   7.2338867187500000       -9.13110375E-03
   7.2387695312500000       -9.16430354E-03
   7.2436523437500000       -9.19768214E-03
   7.2485351562500000       -9.23126936E-03
   7.2534179687500000       -9.26506519E-03
   7.2583007812500000       -9.29901004E-03
   7.2631835937500000       -9.33319330E-03
   7.2680664062500000       -9.36755538E-03
   7.2729492187500000       -9.40212607E-03
   7.2778320312500000       -9.43690538E-03
   7.2827148437500000       -9.47186351E-03
   7.2875976562500000       -9.50703025E-03
   7.2924804687500000       -9.54240561E-03
   7.2973632812500000       -9.57798958E-03
   7.3022460937500000       -9.61381197E-03
   7.3071289062500000       -9.64981318E-03
   7.3120117187500000       -9.68602300E-03
   7.3168945312500000       -9.72244143E-03
   7.3217773437500000       -9.75909829E-03
   7.3266601562500000       -9.79593396E-03
   7.3315429687500000       -9.83300805E-03
   7.3364257812500000       -9.87032056E-03
   7.3413085937500000       -9.90784168E-03
   7.3461914062500000       -9.94557142E-03
   7.3510742187500000       -9.98350978E-03
   7.3559570312500000       -1.00216866E-02
   7.3608398437500000       -1.00601017E-02
   7.3657226562500000       -1.00987554E-02
   7.3706054687500000       -1.01376176E-02
   7.3754882812500000       -1.01767182E-02
   7.3803710937500000       -1.02160275E-02
   7.3852539062500000       -1.02556050E-02
   7.3901367187500000       -1.02953911E-02
   7.3950195312500000       -1.03354156E-02
   7.3999023437500000       -1.03757083E-02
   7.4047851562500000       -1.04162097E-02
   7.4096679687500000       -1.04569793E-02
   7.4145507812500000       -1.04979873E-02
   7.4194335937500000       -1.05392337E-02
   7.4243164062500000       -1.05807185E-02
   7.4291992187500000       -1.06224716E-02
   7.4340820312500000       -1.06644630E-02
   7.4389648437500000       -1.07066929E-02
   7.4438476562500000       -1.07492208E-02
   7.4487304687500000       -1.07919574E-02
   7.4536132812500000       -1.08349919E-02
   7.4584960937500000       -1.08782649E-02
   7.4633789062500000       -1.09218061E-02
   7.4682617187500000       -1.09656155E-02
   7.4731445312500000       -1.10096931E-02
   7.4780273437500000       -1.10540092E-02
   7.4829101562500000       -1.10986233E-02
   7.4877929687500000       -1.11435056E-02
   7.4926757812500000       -1.11886561E-02
   7.4975585937500000       -1.12340748E-02
   7.5024414062500000       -1.12797916E-02
   7.5073242187500000       -1.13257766E-02
   7.5122070312500000       -1.13720596E-02
   7.5170898437500000       -1.14186108E-02
   7.5219726562500000       -1.14654303E-02
   7.5268554687500000       -1.15125775E-02
   7.5317382812500000       -1.15599930E-02
   7.5366210937500000       -1.16076767E-02
   7.5415039062500000       -1.16556883E-02
   7.5463867187500000       -1.17039979E-02
   7.5512695312500000       -1.17525756E-02
   7.5561523437500000       -1.18014812E-02
   7.5610351562500000       -1.18506849E-02
   7.5659179687500000       -1.19001865E-02
   7.5708007812500000       -1.19500160E-02
   7.5756835937500000       -1.20001435E-02
   7.5805664062500000       -1.20505691E-02
   7.5854492187500000       -1.21013224E-02
   7.5903320312500000       -1.21524036E-02
   7.5952148437500000       -1.22037828E-02
   7.6000976562500000       -1.22554898E-02
   7.6049804687500000       -1.23075247E-02
   7.6098632812500000       -1.23598874E-02
   7.6147460937500000       -1.24125779E-02
   7.6196289062500000       -1.24655962E-02
   7.6245117187500000       -1.25189722E-02
   7.6293945312500000       -1.25726461E-02
   7.6342773437500000       -1.26266778E-02
   7.6391601562500000       -1.26810670E-02
   7.6440429687500000       -1.27357841E-02
   7.6489257812500000       -1.27908587E-02
   7.6538085937500000       -1.28462613E-02
   7.6586914062500000       -1.29020214E-02
   7.6635742187500000       -1.29581690E-02
   7.6684570312500000       -1.30146444E-02
   7.6733398437500000       -1.30714774E-02
   7.6782226562500000       -1.31286979E-02
   7.6831054687500000       -1.31862462E-02
   7.6879882812500000       -1.32442117E-02
   7.6928710937500000       -1.33025050E-02
   7.6977539062500000       -1.33611858E-02
   7.7026367187500000       -1.34202540E-02
   7.7075195312500000       -1.34797096E-02
   7.7124023437500000       -1.35395229E-02
   7.7172851562500000       -1.35997534E-02
   7.7221679687500000       -1.36603713E-02
   7.7270507812500000       -1.37213469E-02
   7.7319335937500000       -1.37827396E-02
   7.7368164062500000       -1.38445497E-02
   7.7416992187500000       -1.39067471E-02
   7.7465820312500000       -1.39693320E-02
   7.7514648437500000       -1.40323341E-02
   7.7563476562500000       -1.40957534E-02
   7.7612304687500000       -1.41595900E-02
   7.7661132812500000       -1.42238438E-02
   7.7709960937500000       -1.42885447E-02
   7.7758789062500000       -1.43536329E-02
   7.7807617187500000       -1.44191682E-02
   7.7856445312500000       -1.44851208E-02
   7.7905273437500000       -1.45515203E-02
   7.7954101562500000       -1.46183372E-02
   7.8002929687500000       -1.46856308E-02
   7.8051757812500000       -1.47533417E-02
   7.8100585937500000       -1.48214996E-02
   7.8149414062500000       -1.48901343E-02
   7.8198242187500000       -1.49592161E-02
   7.8247070312500000       -1.50287449E-02
   7.8295898437500000       -1.50987506E-02
   7.8344726562500000       -1.51692331E-02
   7.8393554687500000       -1.52401924E-02
   7.8442382812500000       -1.53115988E-02
   7.8491210937500000       -1.53835118E-02
   7.8540039062500000       -1.54558718E-02
   7.8588867187500000       -1.55287385E-02
   7.8637695312500000       -1.56021118E-02
   7.8686523437500000       -1.56759620E-02
   7.8735351562500000       -1.57503188E-02
   7.8784179687500000       -1.58251822E-02
   7.8833007812500000       -1.59005523E-02
   7.8881835937500000       -1.59764290E-02
   7.8930664062500000       -1.60528123E-02
   7.8979492187500000       -1.61297321E-02
   7.9028320312500000       -1.62071884E-02
   7.9077148437500000       -1.62851512E-02
   7.9125976562500000       -1.63636506E-02
   7.9174804687500000       -1.64426863E-02
   7.9223632812500000       -1.65222883E-02
   7.9272460937500000       -1.66023970E-02
   7.9321289062500000       -1.66831017E-02
   7.9370117187500000       -1.67643130E-02
   7.9418945312500000       -1.68461204E-02
   7.9467773437500000       -1.69284940E-02
   7.9516601562500000       -1.70114338E-02
   7.9565429687500000       -1.70949399E-02
   7.9614257812500000       -1.71790123E-02
   7.9663085937500000       -1.72637105E-02
   7.9711914062500000       -1.73489749E-02
   7.9760742187500000       -1.74348354E-02
   7.9809570312500000       -1.75212920E-02
   7.9858398437500000       -1.76083446E-02
   7.9907226562500000       -1.76960230E-02
   7.9956054687500000       -1.77843273E-02
   8.0004882812500000       -1.78732276E-02
   8.0053710937500000       -1.79627836E-02
   8.0102539062500000       -1.80529356E-02
   8.0151367187500000       -1.81437433E-02
   8.0200195312500000       -1.82352066E-02
   8.0249023437500000       -1.83272958E-02
   8.0297851562500000       -1.84200704E-02
   8.0346679687500000       -1.85134709E-02
   8.0395507812500000       -1.86075568E-02
   8.0444335937500000       -1.87022984E-02
   8.0493164062500000       -1.87977254E-02
   8.0541992187500000       -1.88938379E-02
   8.0590820312500000       -1.89906359E-02
   8.0639648437500000       -1.90881193E-02
   8.0688476562500000       -1.91863179E-02
   8.0737304687500000       -1.92852318E-02
   8.0786132812500000       -1.93848610E-02
   8.0834960937500000       -1.94851756E-02
   8.0883789062500000       -1.95862353E-02
   8.0932617187500000       -1.96880400E-02
   8.0981445312500000       -1.97905600E-02
   8.1030273437500000       -1.98938549E-02
   8.1079101562500000       -1.99978948E-02
   8.1127929687500000       -2.01026797E-02
   8.1176757812500000       -2.02082396E-02
   8.1225585937500000       -2.03145742E-02
   8.1274414062500000       -2.04216838E-02
   8.1323242187500000       -2.05295682E-02
   8.1372070312500000       -2.06382573E-02
   8.1420898437500000       -2.07477510E-02
   8.1469726562500000       -2.08580494E-02
   8.1518554687500000       -2.09691525E-02
   8.1567382812500000       -2.10811198E-02
   8.1616210937500000       -2.11938620E-02
   8.1665039062500000       -2.13074684E-02
   8.1713867187500000       -2.14219391E-02
   8.1762695312500000       -2.15372443E-02
   8.1811523437500000       -2.16534138E-02
   8.1860351562500000       -2.17704475E-02
   8.1909179687500000       -2.18883455E-02
   8.1958007812500000       -2.20071375E-02
   8.2006835937500000       -2.21268237E-02
   8.2055664062500000       -2.22474337E-02
   8.2104492187500000       -2.23689377E-02
   8.2153320312500000       -2.24913359E-02
   8.2202148437500000       -2.26146877E-02
   8.2250976562500000       -2.27389634E-02
   8.2299804687500000       -2.28641927E-02
   8.2348632812500000       -2.29903758E-02
   8.2397460937500000       -2.31175125E-02
   8.2446289062500000       -2.32456326E-02
   8.2495117187500000       -2.33747065E-02
   8.2543945312500000       -2.35047936E-02
   8.2592773437500000       -2.36358643E-02
   8.2641601562500000       -2.37679482E-02
   8.2690429687500000       -2.39010453E-02
   8.2739257812500000       -2.40351856E-02
   8.2788085937500000       -2.41703391E-02
   8.2836914062500000       -2.43065655E-02
   8.2885742187500000       -2.44438350E-02
   8.2934570312500000       -2.45821476E-02
   8.2983398437500000       -2.47215629E-02
   8.3032226562500000       -2.48620510E-02
   8.3081054687500000       -2.50036418E-02
   8.3129882812500000       -2.51463354E-02
   8.3178710937500000       -2.52901614E-02
   8.3227539062500000       -2.54351199E-02
   8.3276367187500000       -2.55812109E-02
   8.3325195312500000       -2.57284343E-02
   8.3374023437500000       -2.58768201E-02
   8.3422851562500000       -2.60263979E-02
   8.3471679687500000       -2.61771381E-02
   8.3520507812500000       -2.63291001E-02
   8.3569335937500000       -2.64822543E-02
   8.3618164062500000       -2.66366303E-02
   8.3666992187500000       -2.67922282E-02
   8.3715820312500000       -2.69490778E-02
   8.3764648437500000       -2.71071792E-02
   8.3813476562500000       -2.72665620E-02
   8.3862304687500000       -2.74272263E-02
   8.3911132812500000       -2.75891721E-02
   8.3959960937500000       -2.77523994E-02
   8.4008789062500000       -2.79169679E-02
   8.4057617187500000       -2.80828774E-02
   8.4106445312500000       -2.82500982E-02
   8.4155273437500000       -2.84187198E-02
   8.4204101562500000       -2.85886824E-02
   8.4252929687500000       -2.87600458E-02
   8.4301757812500000       -2.89327800E-02
   8.4350585937500000       -2.91069448E-02
   8.4399414062500000       -2.92825401E-02
   8.4448242187500000       -2.94595659E-02
   8.4497070312500000       -2.96380520E-02
   8.4545898437500000       -2.98180282E-02
   8.4594726562500000       -2.99994648E-02
   8.4643554687500000       -3.01823914E-02
   8.4692382812500000       -3.03668380E-02
   8.4741210937500000       -3.05528343E-02
   8.4790039062500000       -3.07403505E-02
   8.4838867187500000       -3.09294462E-02
   8.4887695312500000       -3.11201215E-02
   8.4936523437500000       -3.13123763E-02
   8.4985351562500000       -3.15062404E-02
   8.5034179687500000       -3.17017436E-02
   8.5083007812500000       -3.18988860E-02
   8.5131835937500000       -3.20976675E-02
   8.5180664062500000       -3.22981477E-02
   8.5229492187500000       -3.25003266E-02
   8.5278320312500000       -3.27042043E-02
   8.5327148437500000       -3.29098105E-02
   8.5375976562500000       -3.31171453E-02
   8.5424804687500000       -3.33262682E-02
   8.5473632812500000       -3.35371494E-02
   8.5522460937500000       -3.37498486E-02
   8.5571289062500000       -3.39643657E-02
   8.5620117187500000       -3.41807306E-02
   8.5668945312500000       -3.43989432E-02
   8.5717773437500000       -3.46190333E-02
   8.5766601562500000       -3.48410308E-02
   8.5815429687500000       -3.50649357E-02
   8.5864257812500000       -3.52907777E-02
   8.5913085937500000       -3.55185866E-02
   8.5961914062500000       -3.57483625E-02
   8.6010742187500000       -3.59801352E-02
   8.6059570312500000       -3.62139344E-02
   8.6108398437500000       -3.64497900E-02
   8.6157226562500000       -3.66877019E-02
   8.6206054687500000       -3.69277000E-02
   8.6254882812500000       -3.71697843E-02
   8.6303710937500000       -3.74140143E-02
   8.6352539062500000       -3.76603901E-02
   8.6401367187500000       -3.79089415E-02
   8.6450195312500000       -3.81596982E-02
   8.6499023437500000       -3.84126902E-02
   8.6547851562500000       -3.86679173E-02
   8.6596679687500000       -3.89254093E-02
   8.6645507812500000       -3.91851962E-02
   8.6694335937500000       -3.94473076E-02
   8.6743164062500000       -3.97117734E-02
   8.6791992187500000       -3.99785936E-02
   8.6840820312500000       -4.02477980E-02
   8.6889648437500000       -4.05194461E-02
   8.6938476562500000       -4.07935679E-02
   8.6987304687500000       -4.10701334E-02
   8.7036132812500000       -4.13492024E-02
   8.7084960937500000       -4.16308045E-02
   8.7133789062500000       -4.19149697E-02
   8.7182617187500000       -4.22017276E-02
   8.7231445312500000       -4.24910784E-02
   8.7280273437500000       -4.27830815E-02
   8.7329101562500000       -4.30777669E-02
   8.7377929687500000       -4.33751643E-02
   8.7426757812500000       -4.36752737E-02
   8.7475585937500000       -4.39781547E-02
   8.7524414062500000       -4.42838371E-02
   8.7573242187500000       -4.45923209E-02
   8.7622070312500000       -4.49036658E-02
   8.7670898437500000       -4.52179015E-02
   8.7719726562500000       -4.55350876E-02
   8.7768554687500000       -4.58551943E-02
   8.7817382812500000       -4.61782813E-02
   8.7866210937500000       -4.65044081E-02
   8.7915039062500000       -4.68335748E-02
   8.7963867187500000       -4.71658409E-02
   8.8012695312500000       -4.75012362E-02
   8.8061523437500000       -4.78397906E-02
   8.8110351562500000       -4.81815338E-02
   8.8159179687500000       -4.85264957E-02
   8.8208007812500000       -4.88747358E-02
   8.8256835937500000       -4.92262840E-02
   8.8305664062500000       -4.95811701E-02
   8.8354492187500000       -4.99394238E-02
   8.8403320312500000       -5.03011346E-02
   8.8452148437500000       -5.06662726E-02
   8.8500976562500000       -5.10349274E-02
   8.8549804687500000       -5.14070988E-02
   8.8598632812500000       -5.17828763E-02
   8.8647460937500000       -5.21622598E-02
   8.8696289062500000       -5.25453091E-02
   8.8745117187500000       -5.29320836E-02
   8.8793945312500000       -5.33225834E-02
   8.8842773437500000       -5.37168682E-02
   8.8891601562500000       -5.41150272E-02
   8.8940429687500000       -5.45170307E-02
   8.8989257812500000       -5.49229681E-02
   8.9038085937500000       -5.53328991E-02
   8.9086914062500000       -5.57468235E-02
   8.9135742187500000       -5.61648309E-02
   8.9184570312500000       -5.65869510E-02
   8.9233398437500000       -5.70132434E-02
   8.9282226562500000       -5.74437380E-02
   8.9331054687500000       -5.78784943E-02
   8.9379882812500000       -5.83175719E-02
   8.9428710937500000       -5.87610006E-02
   8.9477539062500000       -5.92088401E-02
   8.9526367187500000       -5.96611798E-02
   8.9575195312500000       -6.01180196E-02
   8.9624023437500000       -6.05794191E-02
   8.9672851562500000       -6.10454679E-02
   8.9721679687500000       -6.15161955E-02
   8.9770507812500000       -6.19916618E-02
   8.9819335937500000       -6.24719560E-02
   8.9868164062500000       -6.29570782E-02
   8.9916992187500000       -6.34471178E-02
   8.9965820312500000       -6.39421642E-02
   9.0014648437500000       -6.44422174E-02
   9.0063476562500000       -6.49473667E-02
   9.0112304687500000       -6.54576719E-02
   9.0161132812500000       -6.59732223E-02
   9.0209960937500000       -6.64940178E-02
   9.0258789062500000       -6.70201778E-02
   9.0307617187500000       -6.75517619E-02
   9.0356445312500000       -6.80888295E-02
   9.0405273437500000       -6.86314404E-02
   9.0454101562500000       -6.91796839E-02
   9.0502929687500000       -6.97335899E-02
   9.0551757812500000       -7.02932477E-02
   9.0600585937500000       -7.08587468E-02
   9.0649414062500000       -7.14301169E-02
   9.0698242187500000       -7.20075071E-02
   9.0747070312500000       -7.25908875E-02
   9.0795898437500000       -7.31804371E-02
   9.0844726562500000       -7.37761557E-02
   9.0893554687500000       -7.43781626E-02
   9.0942382812500000       -7.49864876E-02
   9.0991210937500000       -7.56012797E-02
   9.1040039062500000       -7.62225688E-02
   9.1088867187500000       -7.68504739E-02
   9.1137695312500000       -7.74850249E-02
   9.1186523437500000       -7.81263411E-02
   9.1235351562500000       -7.87745118E-02
   9.1284179687500000       -7.94296265E-02
   9.1333007812500000       -8.00917447E-02
   9.1381835937500000       -8.07609856E-02
   9.1430664062500000       -8.14374089E-02
   9.1479492187500000       -8.21211338E-02
   9.1528320312500000       -8.28122199E-02
   9.1577148437500000       -8.35108161E-02
   9.1625976562500000       -8.42169523E-02
   9.1674804687500000       -8.49307775E-02
   9.1723632812500000       -8.56523812E-02
   9.1772460937500000       -8.63818228E-02
   9.1821289062500000       -8.71192515E-02
   9.1870117187500000       -8.78647566E-02
   9.1918945312500000       -8.86184275E-02
   9.1967773437500000       -8.93803537E-02
   9.2016601562500000       -9.01507139E-02
   9.2065429687500000       -9.09295380E-02
   9.2114257812500000       -9.17169750E-02
   9.2163085937500000       -9.25131440E-02
   9.2211914062500000       -9.33181345E-02
   9.2260742187500000       -9.41320658E-02
   9.2309570312500000       -9.49550569E-02
   9.2358398437500000       -9.57872272E-02
   9.2407226562500000       -9.66287255E-02
   9.2456054687500000       -9.74796116E-02
   9.2504882812500000       -9.83400643E-02
   9.2553710937500000       -9.92102027E-02
   9.2602539062500000      -0.100090116    
   9.2651367187500000      -0.100979984    
   9.2700195312500000      -0.101879895    
   9.2749023437500000      -0.102789998    
   9.2797851562500000      -0.103710443    
   9.2846679687500000      -0.104641348    
   9.2895507812500000      -0.105582833    
   9.2944335937500000      -0.106535107    
   9.2993164062500000      -0.107498258    
   9.3041992187500000      -0.108472437    
   9.3090820312500000      -0.109457791    
   9.3139648437500000      -0.110454500    
   9.3188476562500000      -0.111462682    
   9.3237304687500000      -0.112482488    
   9.3286132812500000      -0.113514125    
   9.3334960937500000      -0.114557683    
   9.3383789062500000      -0.115613371    
   9.3432617187500000      -0.116681337    
   9.3481445312500000      -0.117761761    
   9.3530273437500000      -0.118854791    
   9.3579101562500000      -0.119960636    
   9.3627929687500000      -0.121079415    
   9.3676757812500000      -0.122211337    
   9.3725585937500000      -0.123356551    
   9.3774414062500000      -0.124515295    
   9.3823242187500000      -0.125687718    
   9.3872070312500000      -0.126874030    
   9.3920898437500000      -0.128074378    
   9.3969726562500000      -0.129288971    
   9.4018554687500000      -0.130518049    
   9.4067382812500000      -0.131761760    
   9.4116210937500000      -0.133020341    
   9.4165039062500000      -0.134293973    
   9.4213867187500000      -0.135582864    
   9.4262695312500000      -0.136887252    
   9.4311523437500000      -0.138207316    
   9.4360351562500000      -0.139543295    
   9.4409179687500000      -0.140895426    
   9.4458007812500000      -0.142263919    
   9.4506835937500000      -0.143648982    
   9.4555664062500000      -0.145050883    
   9.4604492187500000      -0.146469861    
   9.4653320312500000      -0.147906125    
   9.4702148437500000      -0.149359912    
   9.4750976562500000      -0.150831521    
   9.4799804687500000      -0.152321130    
   9.4848632812500000      -0.153829068    
   9.4897460937500000      -0.155355543    
   9.4946289062500000      -0.156900853    
   9.4995117187500000      -0.158465236    
   9.5043945312500000      -0.160048962    
   9.5092773437500000      -0.161652356    
   9.5141601562500000      -0.163275629    
   9.5190429687500000      -0.164919108    
   9.5239257812500000      -0.166583091    
   9.5288085937500000      -0.168267846    
   9.5336914062500000      -0.169973671    
   9.5385742187500000      -0.171700865    
   9.5434570312500000      -0.173449785    
   9.5483398437500000      -0.175220668    
   9.5532226562500000      -0.177013904    
   9.5581054687500000      -0.178829759    
   9.5629882812500000      -0.180668592    
   9.5678710937500000      -0.182530701    
   9.5727539062500000      -0.184416473    
   9.5776367187500000      -0.186326236    
   9.5825195312500000      -0.188260347    
   9.5874023437500000      -0.190219134    
   9.5922851562500000      -0.192202955    
   9.5971679687500000      -0.194212198    
   9.6020507812500000      -0.196247250    
   9.6069335937500000      -0.198308468    
   9.6118164062500000      -0.200396210    
   9.6166992187500000      -0.202510923    
   9.6215820312500000      -0.204652965    
   9.6264648437500000      -0.206822753    
   9.6313476562500000      -0.209020704    
   9.6362304687500000      -0.211247236    
   9.6411132812500000      -0.213502735    
   9.6459960937500000      -0.215787679    
   9.6508789062500000      -0.218102485    
   9.6557617187500000      -0.220447600    
   9.6606445312500000      -0.222823501    
   9.6655273437500000      -0.225230604    
   9.6704101562500000      -0.227669388    
   9.6752929687500000      -0.230140328    
   9.6801757812500000      -0.232643932    
   9.6850585937500000      -0.235180646    
   9.6899414062500000      -0.237751037    
   9.6948242187500000      -0.240355551    
   9.6997070312500000      -0.242994696    
   9.7045898437500000      -0.245669067    
   9.7094726562500000      -0.248379111    
   9.7143554687500000      -0.251125455    
   9.7192382812500000      -0.253908575    
   9.7241210937500000      -0.256729066    
   9.7290039062500000      -0.259587526    
   9.7338867187500000      -0.262484461    
   9.7387695312500000      -0.265420496    
   9.7436523437500000      -0.268396258    
   9.7485351562500000      -0.271412313    
   9.7534179687500000      -0.274469316    
   9.7583007812500000      -0.277567863    
   9.7631835937500000      -0.280708611    
   9.7680664062500000      -0.283892214    
   9.7729492187500000      -0.287119329    
   9.7778320312500000      -0.290390611    
   9.7827148437500000      -0.293706745    
   9.7875976562500000      -0.297068477    
   9.7924804687500000      -0.300476432    
   9.7973632812500000      -0.303931415    
   9.8022460937500000      -0.307434082    
   9.8071289062500000      -0.310985267    
   9.8120117187500000      -0.314585626    
   9.8168945312500000      -0.318235993    
   9.8217773437500000      -0.321937144    
   9.8266601562500000      -0.325689852    
   9.8315429687500000      -0.329494953    
   9.8364257812500000      -0.333353221    
   9.8413085937500000      -0.337265611    
   9.8461914062500000      -0.341232836    
   9.8510742187500000      -0.345255852    
   9.8559570312500000      -0.349335492    
   9.8608398437500000      -0.353472710    
   9.8657226562500000      -0.357668340    
   9.8706054687500000      -0.361923397    
   9.8754882812500000      -0.366238773    
   9.8803710937500000      -0.370615482    
   9.8852539062500000      -0.375054419    
   9.8901367187500000      -0.379556656    
   9.8950195312500000      -0.384123176    
   9.8999023437500000      -0.388755023    
   9.9047851562500000      -0.393453240    
   9.9096679687500000      -0.398218870    
   9.9145507812500000      -0.403053015    
   9.9194335937500000      -0.407956839    
   9.9243164062500000      -0.412931353    
   9.9291992187500000      -0.417977810    
   9.9340820312500000      -0.423097312    
   9.9389648437500000      -0.428291082    
   9.9438476562500000      -0.433560252    
   9.9487304687500000      -0.438906193    
   9.9536132812500000      -0.444330007    
   9.9584960937500000      -0.449833095    
   9.9633789062500000      -0.455416620    
   9.9682617187500000      -0.461082071    
   9.9731445312500000      -0.466830522    
   9.9780273437500000      -0.472663760    
   9.9829101562500000      -0.478582561    
   9.9877929687500000      -0.484589309    
   9.9926757812500000      -0.490683705    
   9.9975585937500000      -0.496871263    
