   2.4414062500000000E-003 -0.497656226    
   7.3242187500000000E-003 -0.493017137    
   1.2207031250000000E-002 -0.488443106    
   1.7089843750000000E-002 -0.483930290    
   2.1972656250000000E-002 -0.479478985    
   2.6855468750000000E-002 -0.475087553    
   3.1738281250000000E-002 -0.470755517    
   3.6621093750000000E-002 -0.466481656    
   4.1503906250000000E-002 -0.462265283    
   4.6386718750000000E-002 -0.458105385    
   5.1269531250000000E-002 -0.454001248    
   5.6152343750000000E-002 -0.449951857    
   6.1035156250000000E-002 -0.445956498    
   6.5917968750000000E-002 -0.442014277    
   7.0800781250000000E-002 -0.438124448    
   7.5683593750000000E-002 -0.434286147    
   8.0566406250000000E-002 -0.430498689    
   8.5449218750000000E-002 -0.426761210    
   9.0332031250000000E-002 -0.423073024    
   9.5214843750000000E-002 -0.419433355    
  0.10009765625000000      -0.415841490    
  0.10498046875000000      -0.412296712    
  0.10986328125000000      -0.408798277    
  0.11474609375000000      -0.405345559    
  0.11962890625000000      -0.401937813    
  0.12451171875000000      -0.398574412    
  0.12939453125000000      -0.395254642    
  0.13427734375000000      -0.391977906    
  0.13916015625000000      -0.388743550    
  0.14404296875000000      -0.385550916    
  0.14892578125000000      -0.382399440    
  0.15380859375000000      -0.379288495    
  0.15869140625000000      -0.376217425    
  0.16357421875000000      -0.373185724    
  0.16845703125000000      -0.370192766    
  0.17333984375000000      -0.367237985    
  0.17822265625000000      -0.364320844    
  0.18310546875000000      -0.361440778    
  0.18798828125000000      -0.358597219    
  0.19287109375000000      -0.355789661    
  0.19775390625000000      -0.353017569    
  0.20263671875000000      -0.350280434    
  0.20751953125000000      -0.347577751    
  0.21240234375000000      -0.344909012    
  0.21728515625000000      -0.342273712    
  0.22216796875000000      -0.339671373    
  0.22705078125000000      -0.337101519    
  0.23193359375000000      -0.334563732    
  0.23681640625000000      -0.332057476    
  0.24169921875000000      -0.329582274    
  0.24658203125000000      -0.327137798    
  0.25146484375000000      -0.324723482    
  0.25634765625000000      -0.322338998    
  0.26123046875000000      -0.319983840    
  0.26611328125000000      -0.317657650    
  0.27099609375000000      -0.315359950    
  0.27587890625000000      -0.313090384    
  0.28076171875000000      -0.310848504    
  0.28564453125000000      -0.308633983    
  0.29052734375000000      -0.306446373    
  0.29541015625000000      -0.304285318    
  0.30029296875000000      -0.302150428    
  0.30517578125000000      -0.300041378    
  0.31005859375000000      -0.297957748    
  0.31494140625000000      -0.295899212    
  0.31982421875000000      -0.293865383    
  0.32470703125000000      -0.291855991    
  0.32958984375000000      -0.289870590    
  0.33447265625000000      -0.287908912    
  0.33935546875000000      -0.285970628    
  0.34423828125000000      -0.284055352    
  0.34912109375000000      -0.282162815    
  0.35400390625000000      -0.280292690    
  0.35888671875000000      -0.278444678    
  0.36376953125000000      -0.276618421    
  0.36865234375000000      -0.274813712    
  0.37353515625000000      -0.273030132    
  0.37841796875000000      -0.271267474    
  0.38330078125000000      -0.269525439    
  0.38818359375000000      -0.267803729    
  0.39306640625000000      -0.266102016    
  0.39794921875000000      -0.264420152    
  0.40283203125000000      -0.262757719    
  0.40771484375000000      -0.261114538    
  0.41259765625000000      -0.259490341    
  0.41748046875000000      -0.257884860    
  0.42236328125000000      -0.256297827    
  0.42724609375000000      -0.254728973    
  0.43212890625000000      -0.253178120    
  0.43701171875000000      -0.251644909    
  0.44189453125000000      -0.250129223    
  0.44677734375000000      -0.248630762    
  0.45166015625000000      -0.247149318    
  0.45654296875000000      -0.245684624    
  0.46142578125000000      -0.244236499    
  0.46630859375000000      -0.242804676    
  0.47119140625000000      -0.241388977    
  0.47607421875000000      -0.239989132    
  0.48095703125000000      -0.238604993    
  0.48583984375000000      -0.237236321    
  0.49072265625000000      -0.235882908    
  0.49560546875000000      -0.234544516    
  0.50048828125000000      -0.233221024    
  0.50537109375000000      -0.231912166    
  0.51025390625000000      -0.230617791    
  0.51513671875000000      -0.229337662    
  0.52001953125000000      -0.228071630    
  0.52490234375000000      -0.226819485    
  0.52978515625000000      -0.225581050    
  0.53466796875000000      -0.224356174    
  0.53955078125000000      -0.223144621    
  0.54443359375000000      -0.221946269    
  0.54931640625000000      -0.220760912    
  0.55419921875000000      -0.219588399    
  0.55908203125000000      -0.218428552    
  0.56396484375000000      -0.217281193    
  0.56884765625000000      -0.216146171    
  0.57373046875000000      -0.215023339    
  0.57861328125000000      -0.213912547    
  0.58349609375000000      -0.212813586    
  0.58837890625000000      -0.211726338    
  0.59326171875000000      -0.210650653    
  0.59814453125000000      -0.209586382    
  0.60302734375000000      -0.208533376    
  0.60791015625000000      -0.207491487    
  0.61279296875000000      -0.206460565    
  0.61767578125000000      -0.205440491    
  0.62255859375000000      -0.204431117    
  0.62744140625000000      -0.203432262    
  0.63232421875000000      -0.202443868    
  0.63720703125000000      -0.201465726    
  0.64208984375000000      -0.200497776    
  0.64697265625000000      -0.199539840    
  0.65185546875000000      -0.198591799    
  0.65673828125000000      -0.197653562    
  0.66162109375000000      -0.196724951    
  0.66650390625000000      -0.195805877    
  0.67138671875000000      -0.194896221    
  0.67626953125000000      -0.193995833    
  0.68115234375000000      -0.193104655    
  0.68603515625000000      -0.192222506    
  0.69091796875000000      -0.191349298    
  0.69580078125000000      -0.190484941    
  0.70068359375000000      -0.189629316    
  0.70556640625000000      -0.188782275    
  0.71044921875000000      -0.187943757    
  0.71533203125000000      -0.187113643    
  0.72021484375000000      -0.186291814    
  0.72509765625000000      -0.185478181    
  0.72998046875000000      -0.184672654    
  0.73486328125000000      -0.183875114    
  0.73974609375000000      -0.183085471    
  0.74462890625000000      -0.182303607    
  0.74951171875000000      -0.181529433    
  0.75439453125000000      -0.180762887    
  0.75927734375000000      -0.180003852    
  0.76416015625000000      -0.179252237    
  0.76904296875000000      -0.178507924    
  0.77392578125000000      -0.177770883    
  0.77880859375000000      -0.177040964    
  0.78369140625000000      -0.176318139    
  0.78857421875000000      -0.175602287    
  0.79345703125000000      -0.174893320    
  0.79833984375000000      -0.174191147    
  0.80322265625000000      -0.173495740    
  0.80810546875000000      -0.172806948    
  0.81298828125000000      -0.172124714    
  0.81787109375000000      -0.171449006    
  0.82275390625000000      -0.170779675    
  0.82763671875000000      -0.170116693    
  0.83251953125000000      -0.169459939    
  0.83740234375000000      -0.168809384    
  0.84228515625000000      -0.168164968    
  0.84716796875000000      -0.167526543    
  0.85205078125000000      -0.166894108    
  0.85693359375000000      -0.166267544    
  0.86181640625000000      -0.165646821    
  0.86669921875000000      -0.165031850    
  0.87158203125000000      -0.164422542    
  0.87646484375000000      -0.163818866    
  0.88134765625000000      -0.163220763    
  0.88623046875000000      -0.162628114    
  0.89111328125000000      -0.162040919    
  0.89599609375000000      -0.161459059    
  0.90087890625000000      -0.160882503    
  0.90576171875000000      -0.160311162    
  0.91064453125000000      -0.159745038    
  0.91552734375000000      -0.159183979    
  0.92041015625000000      -0.158628017    
  0.92529296875000000      -0.158077031    
  0.93017578125000000      -0.157530963    
  0.93505859375000000      -0.156989783    
  0.93994140625000000      -0.156453460    
  0.94482421875000000      -0.155921876    
  0.94970703125000000      -0.155395001    
  0.95458984375000000      -0.154872805    
  0.95947265625000000      -0.154355198    
  0.96435546875000000      -0.153842151    
  0.96923828125000000      -0.153333604    
  0.97412109375000000      -0.152829498    
  0.97900390625000000      -0.152329803    
  0.98388671875000000      -0.151834428    
  0.98876953125000000      -0.151343405    
  0.99365234375000000      -0.150856584    
  0.99853515625000000      -0.150373995    
   1.0034179687500000      -0.149895549    
   1.0083007812500000      -0.149421215    
   1.0131835937500000      -0.148950934    
   1.0180664062500000      -0.148484677    
   1.0229492187500000      -0.148022383    
   1.0278320312500000      -0.147564024    
   1.0327148437500000      -0.147109568    
   1.0375976562500000      -0.146658927    
   1.0424804687500000      -0.146212071    
   1.0473632812500000      -0.145769000    
   1.0522460937500000      -0.145329624    
   1.0571289062500000      -0.144893944    
   1.0620117187500000      -0.144461870    
   1.0668945312500000      -0.144033372    
   1.0717773437500000      -0.143608451    
   1.0766601562500000      -0.143187046    
   1.0815429687500000      -0.142769128    
   1.0864257812500000      -0.142354608    
   1.0913085937500000      -0.141943514    
   1.0961914062500000      -0.141535759    
   1.1010742187500000      -0.141131341    
   1.1059570312500000      -0.140730232    
   1.1108398437500000      -0.140332341    
   1.1157226562500000      -0.139937699    
   1.1206054687500000      -0.139546216    
   1.1254882812500000      -0.139157891    
   1.1303710937500000      -0.138772696    
   1.1352539062500000      -0.138390541    
   1.1401367187500000      -0.138011485    
   1.1450195312500000      -0.137635410    
   1.1499023437500000      -0.137262315    
   1.1547851562500000      -0.136892200    
   1.1596679687500000      -0.136524975    
   1.1645507812500000      -0.136160642    
   1.1694335937500000      -0.135799199    
   1.1743164062500000      -0.135440558    
   1.1791992187500000      -0.135084718    
   1.1840820312500000      -0.134731650    
   1.1889648437500000      -0.134381294    
   1.1938476562500000      -0.134033680    
   1.1987304687500000      -0.133688748    
   1.2036132812500000      -0.133346468    
   1.2084960937500000      -0.133006811    
   1.2133789062500000      -0.132669747    
   1.2182617187500000      -0.132335246    
   1.2231445312500000      -0.132003307    
   1.2280273437500000      -0.131673872    
   1.2329101562500000      -0.131346941    
   1.2377929687500000      -0.131022483    
   1.2426757812500000      -0.130700439    
   1.2475585937500000      -0.130380839    
   1.2524414062500000      -0.130063623    
   1.2573242187500000      -0.129748762    
   1.2622070312500000      -0.129436255    
   1.2670898437500000      -0.129126042    
   1.2719726562500000      -0.128818154    
   1.2768554687500000      -0.128512532    
   1.2817382812500000      -0.128209144    
   1.2866210937500000      -0.127907991    
   1.2915039062500000      -0.127609044    
   1.2963867187500000      -0.127312273    
   1.3012695312500000      -0.127017647    
   1.3061523437500000      -0.126725167    
   1.3110351562500000      -0.126434803    
   1.3159179687500000      -0.126146555    
   1.3208007812500000      -0.125860363    
   1.3256835937500000      -0.125576228    
   1.3305664062500000      -0.125294119    
   1.3354492187500000      -0.125014007    
   1.3403320312500000      -0.124735922    
   1.3452148437500000      -0.124459773    
   1.3500976562500000      -0.124185592    
   1.3549804687500000      -0.123913348    
   1.3598632812500000      -0.123643041    
   1.3647460937500000      -0.123374581    
   1.3696289062500000      -0.123108029    
   1.3745117187500000      -0.122843325    
   1.3793945312500000      -0.122580469    
   1.3842773437500000      -0.122319430    
   1.3891601562500000      -0.122060210    
   1.3940429687500000      -0.121802777    
   1.3989257812500000      -0.121547103    
   1.4038085937500000      -0.121293187    
   1.4086914062500000      -0.121041000    
   1.4135742187500000      -0.120790541    
   1.4184570312500000      -0.120541781    
   1.4233398437500000      -0.120294690    
   1.4282226562500000      -0.120049298    
   1.4331054687500000      -0.119805545    
   1.4379882812500000      -0.119563431    
   1.4428710937500000      -0.119322926    
   1.4477539062500000      -0.119084060    
   1.4526367187500000      -0.118846774    
   1.4575195312500000      -0.118611068    
   1.4624023437500000      -0.118376911    
   1.4672851562500000      -0.118144304    
   1.4721679687500000      -0.117913246    
   1.4770507812500000      -0.117683709    
   1.4819335937500000      -0.117455661    
   1.4868164062500000      -0.117229104    
   1.4916992187500000      -0.117004037    
   1.4965820312500000      -0.116780430    
   1.5014648437500000      -0.116558254    
   1.5063476562500000      -0.116337538    
   1.5112304687500000      -0.116118222    
   1.5161132812500000      -0.115900338    
   1.5209960937500000      -0.115683854    
   1.5258789062500000      -0.115468740    
   1.5307617187500000      -0.115254998    
   1.5356445312500000      -0.115042627    
   1.5405273437500000      -0.114831597    
   1.5454101562500000      -0.114621907    
   1.5502929687500000      -0.114413530    
   1.5551757812500000      -0.114206463    
   1.5600585937500000      -0.114000678    
   1.5649414062500000      -0.113796204    
   1.5698242187500000      -0.113593012    
   1.5747070312500000      -0.113391072    
   1.5795898437500000      -0.113190383    
   1.5844726562500000      -0.112990916    
   1.5893554687500000      -0.112792701    
   1.5942382812500000      -0.112595707    
   1.5991210937500000      -0.112399936    
   1.6040039062500000      -0.112205356    
   1.6088867187500000      -0.112011939    
   1.6137695312500000      -0.111819714    
   1.6186523437500000      -0.111628652    
   1.6235351562500000      -0.111438751    
   1.6284179687500000      -0.111250013    
   1.6333007812500000      -0.111062378    
   1.6381835937500000      -0.110875875    
   1.6430664062500000      -0.110690504    
   1.6479492187500000      -0.110506237    
   1.6528320312500000      -0.110323071    
   1.6577148437500000      -0.110140979    
   1.6625976562500000      -0.109959990    
   1.6674804687500000      -0.109780043    
   1.6723632812500000      -0.109601170    
   1.6772460937500000      -0.109423339    
   1.6821289062500000      -0.109246552    
   1.6870117187500000      -0.109070808    
   1.6918945312500000      -0.108896106    
   1.6967773437500000      -0.108722389    
   1.7016601562500000      -0.108549684    
   1.7065429687500000      -0.108377993    
   1.7114257812500000      -0.108207256    
   1.7163085937500000      -0.108037531    
   1.7211914062500000      -0.107868791    
   1.7260742187500000      -0.107701004    
   1.7309570312500000      -0.107534170    
   1.7358398437500000      -0.107368290    
   1.7407226562500000      -0.107203335    
   1.7456054687500000      -0.107039332    
   1.7504882812500000      -0.106876254    
   1.7553710937500000      -0.106714100    
   1.7602539062500000      -0.106552839    
   1.7651367187500000      -0.106392503    
   1.7700195312500000      -0.106233060    
   1.7749023437500000      -0.106074482    
   1.7797851562500000      -0.105916798    
   1.7846679687500000      -0.105760008    
   1.7895507812500000      -0.105604082    
   1.7944335937500000      -0.105448991    
   1.7993164062500000      -0.105294764    
   1.8041992187500000      -0.105141401    
   1.8090820312500000      -0.104988873    
   1.8139648437500000      -0.104837149    
   1.8188476562500000      -0.104686290    
   1.8237304687500000      -0.104536235    
   1.8286132812500000      -0.104386985    
   1.8334960937500000      -0.104238570    
   1.8383789062500000      -0.104090929    
   1.8432617187500000      -0.103944093    
   1.8481445312500000      -0.103798032    
   1.8530273437500000      -0.103652775    
   1.8579101562500000      -0.103508294    
   1.8627929687500000      -0.103364557    
   1.8676757812500000      -0.103221595    
   1.8725585937500000      -0.103079408    
   1.8774414062500000      -0.102937967    
   1.8823242187500000      -0.102797270    
   1.8872070312500000      -0.102657318    
   1.8920898437500000      -0.102518082    
   1.8969726562500000      -0.102379590    
   1.9018554687500000      -0.102241814    
   1.9067382812500000      -0.102104753    
   1.9116210937500000      -0.101968437    
   1.9165039062500000      -0.101832807    
   1.9213867187500000      -0.101697862    
   1.9262695312500000      -0.101563632    
   1.9311523437500000      -0.101430088    
   1.9360351562500000      -0.101297230    
   1.9409179687500000      -0.101165056    
   1.9458007812500000      -0.101033568    
   1.9506835937500000      -0.100902736    
   1.9555664062500000      -0.100772589    
   1.9604492187500000      -0.100643069    
   1.9653320312500000      -0.100514233    
   1.9702148437500000      -0.100386053    
   1.9750976562500000      -0.100258499    
   1.9799804687500000      -0.100131601    
   1.9848632812500000      -0.100005329    
   1.9897460937500000       -9.98797119E-02
   1.9946289062500000       -9.97546911E-02
   1.9995117187500000       -9.96303260E-02
   2.0043945312500000       -9.95065570E-02
   2.0092773437500000       -9.93834138E-02
   2.0141601562500000       -9.92608666E-02
   2.0190429687500000       -9.91389453E-02
   2.0239257812500000       -9.90176201E-02
   2.0288085937500000       -9.88968909E-02
   2.0336914062500000       -9.87767577E-02
   2.0385742187500000       -9.86571908E-02
   2.0434570312500000       -9.85382199E-02
   2.0483398437500000       -9.84198451E-02
   2.0532226562500000       -9.83020365E-02
   2.0581054687500000       -9.81847942E-02
   2.0629882812500000       -9.80681181E-02
   2.0678710937500000       -9.79520082E-02
   2.0727539062500000       -9.78364646E-02
   2.0776367187500000       -9.77214873E-02
   2.0825195312500000       -9.76070464E-02
   2.0874023437500000       -9.74931717E-02
   2.0922851562500000       -9.73798335E-02
   2.0971679687500000       -9.72670317E-02
   2.1020507812500000       -9.71547663E-02
   2.1069335937500000       -9.70430374E-02
   2.1118164062500000       -9.69318449E-02
   2.1166992187500000       -9.68211591E-02
   2.1215820312500000       -9.67110097E-02
   2.1264648437500000       -9.66013968E-02
   2.1313476562500000       -9.64922607E-02
   2.1362304687500000       -9.63836610E-02
   2.1411132812500000       -9.62755978E-02
   2.1459960937500000       -9.61680114E-02
   2.1508789062500000       -9.60609019E-02
   2.1557617187500000       -9.59543288E-02
   2.1606445312500000       -9.58482325E-02
   2.1655273437500000       -9.57426429E-02
   2.1704101562500000       -9.56375301E-02
   2.1752929687500000       -9.55329239E-02
   2.1801757812500000       -9.54287946E-02
   2.1850585937500000       -9.53251123E-02
   2.1899414062500000       -9.52219367E-02
   2.1948242187500000       -9.51192379E-02
   2.1997070312500000       -9.50169861E-02
   2.2045898437500000       -9.49152112E-02
   2.2094726562500000       -9.48139131E-02
   2.2143554687500000       -9.47130620E-02
   2.2192382812500000       -9.46126878E-02
   2.2241210937500000       -9.45127606E-02
   2.2290039062500000       -9.44132805E-02
   2.2338867187500000       -9.43142474E-02
   2.2387695312500000       -9.42156613E-02
   2.2436523437500000       -9.41175222E-02
   2.2485351562500000       -9.40198302E-02
   2.2534179687500000       -9.39225852E-02
   2.2583007812500000       -9.38257575E-02
   2.2631835937500000       -9.37293470E-02
   2.2680664062500000       -9.36334133E-02
   2.2729492187500000       -9.35378671E-02
   2.2778320312500000       -9.34427679E-02
   2.2827148437500000       -9.33480859E-02
   2.2875976562500000       -9.32538211E-02
   2.2924804687500000       -9.31599736E-02
   2.2973632812500000       -9.30665135E-02
   2.3022460937500000       -9.29735005E-02
   2.3071289062500000       -9.28809047E-02
   2.3120117187500000       -9.27886963E-02
   2.3168945312500000       -9.26968753E-02
   2.3217773437500000       -9.26055014E-02
   2.3266601562500000       -9.25144851E-02
   2.3315429687500000       -9.24238861E-02
   2.3364257812500000       -9.23336744E-02
   2.3413085937500000       -9.22438800E-02
   2.3461914062500000       -9.21544433E-02
   2.3510742187500000       -9.20654237E-02
   2.3559570312500000       -9.19767618E-02
   2.3608398437500000       -9.18884873E-02
   2.3657226562500000       -9.18006003E-02
   2.3706054687500000       -9.17131007E-02
   2.3754882812500000       -9.16259885E-02
   2.3803710937500000       -9.15392339E-02
   2.3852539062500000       -9.14528370E-02
   2.3901367187500000       -9.13668275E-02
   2.3950195312500000       -9.12811756E-02
   2.3999023437500000       -9.11959112E-02
   2.4047851562500000       -9.11109746E-02
   2.4096679687500000       -9.10264254E-02
   2.4145507812500000       -9.09422338E-02
   2.4194335937500000       -9.08583999E-02
   2.4243164062500000       -9.07749236E-02
   2.4291992187500000       -9.06918049E-02
   2.4340820312500000       -9.06090140E-02
   2.4389648437500000       -9.05266106E-02
   2.4438476562500000       -9.04445350E-02
   2.4487304687500000       -9.03627872E-02
   2.4536132812500000       -9.02813971E-02
   2.4584960937500000       -9.02003646E-02
   2.4633789062500000       -9.01196599E-02
   2.4682617187500000       -9.00392830E-02
   2.4731445312500000       -8.99592340E-02
   2.4780273437500000       -8.98795426E-02
   2.4829101562500000       -8.98001790E-02
   2.4877929687500000       -8.97211432E-02
   2.4926757812500000       -8.96424353E-02
   2.4975585937500000       -8.95640552E-02
   2.5024414062500000       -8.94860029E-02
   2.5073242187500000       -8.94082785E-02
   2.5122070312500000       -8.93308818E-02
   2.5170898437500000       -8.92537832E-02
   2.5219726562500000       -8.91770124E-02
   2.5268554687500000       -8.91005695E-02
   2.5317382812500000       -8.90244246E-02
   2.5366210937500000       -8.89486074E-02
   2.5415039062500000       -8.88730884E-02
   2.5463867187500000       -8.87978971E-02
   2.5512695312500000       -8.87230039E-02
   2.5561523437500000       -8.86484087E-02
   2.5610351562500000       -8.85741413E-02
   2.5659179687500000       -8.85001719E-02
   2.5708007812500000       -8.84265006E-02
   2.5756835937500000       -8.83531272E-02
   2.5805664062500000       -8.82800519E-02
   2.5854492187500000       -8.82072747E-02
   2.5903320312500000       -8.81347954E-02
   2.5952148437500000       -8.80625844E-02
   2.6000976562500000       -8.79907012E-02
   2.6049804687500000       -8.79190862E-02
   2.6098632812500000       -8.78477991E-02
   2.6147460937500000       -8.77767503E-02
   2.6196289062500000       -8.77060294E-02
   2.6245117187500000       -8.76355767E-02
   2.6293945312500000       -8.75654221E-02
   2.6342773437500000       -8.74955356E-02
   2.6391601562500000       -8.74259174E-02
   2.6440429687500000       -8.73565972E-02
   2.6489257812500000       -8.72875452E-02
   2.6538085937500000       -8.72187912E-02
   2.6586914062500000       -8.71503055E-02
   2.6635742187500000       -8.70820880E-02
   2.6684570312500000       -8.70141387E-02
   2.6733398437500000       -8.69464874E-02
   2.6782226562500000       -8.68790746E-02
   2.6831054687500000       -8.68119299E-02
   2.6879882812500000       -8.67450833E-02
   2.6928710937500000       -8.66784751E-02
   2.6977539062500000       -8.66121650E-02
   2.7026367187500000       -8.65460932E-02
   2.7075195312500000       -8.64802897E-02
   2.7124023437500000       -8.64147544E-02
   2.7172851562500000       -8.63494575E-02
   2.7221679687500000       -8.62844288E-02
   2.7270507812500000       -8.62196684E-02
   2.7319335937500000       -8.61551762E-02
   2.7368164062500000       -8.60909224E-02
   2.7416992187500000       -8.60269368E-02
   2.7465820312500000       -8.59631896E-02
   2.7514648437500000       -8.58996809E-02
   2.7563476562500000       -8.58364403E-02
   2.7612304687500000       -8.57734680E-02
   2.7661132812500000       -8.57107341E-02
   2.7709960937500000       -8.56482387E-02
   2.7758789062500000       -8.55859816E-02
   2.7807617187500000       -8.55239630E-02
   2.7856445312500000       -8.54622126E-02
   2.7905273437500000       -8.54007006E-02
   2.7954101562500000       -8.53394270E-02
   2.8002929687500000       -8.52783918E-02
   2.8051757812500000       -8.52175951E-02
   2.8100585937500000       -8.51570666E-02
   2.8149414062500000       -8.50967467E-02
   2.8198242187500000       -8.50366652E-02
   2.8247070312500000       -8.49768221E-02
   2.8295898437500000       -8.49172175E-02
   2.8344726562500000       -8.48578215E-02
   2.8393554687500000       -8.47986937E-02
   2.8442382812500000       -8.47397745E-02
   2.8491210937500000       -8.46810937E-02
   2.8540039062500000       -8.46226513E-02
   2.8588867187500000       -8.45644176E-02
   2.8637695312500000       -8.45064521E-02
   2.8686523437500000       -8.44486654E-02
   2.8735351562500000       -8.43911171E-02
   2.8784179687500000       -8.43338072E-02
   2.8833007812500000       -8.42767060E-02
   2.8881835937500000       -8.42198431E-02
   2.8930664062500000       -8.41631889E-02
   2.8979492187500000       -8.41067731E-02
   2.9028320312500000       -8.40505660E-02
   2.9077148437500000       -8.39945674E-02
   2.9125976562500000       -8.39388072E-02
   2.9174804687500000       -8.38832557E-02
   2.9223632812500000       -8.38279128E-02
   2.9272460937500000       -8.37728083E-02
   2.9321289062500000       -8.37178826E-02
   2.9370117187500000       -8.36631954E-02
   2.9418945312500000       -8.36087167E-02
   2.9467773437500000       -8.35544467E-02
   2.9516601562500000       -8.35004151E-02
   2.9565429687500000       -8.34465623E-02
   2.9614257812500000       -8.33929181E-02
   2.9663085937500000       -8.33395123E-02
   2.9711914062500000       -8.32862854E-02
   2.9760742187500000       -8.32332671E-02
   2.9809570312500000       -8.31804574E-02
   2.9858398437500000       -8.31278563E-02
   2.9907226562500000       -8.30754638E-02
   2.9956054687500000       -8.30232799E-02
   3.0004882812500000       -8.29713047E-02
   3.0053710937500000       -8.29195082E-02
   3.0102539062500000       -8.28679204E-02
   3.0151367187500000       -8.28165412E-02
   3.0200195312500000       -8.27653408E-02
   3.0249023437500000       -8.27143788E-02
   3.0297851562500000       -8.26635957E-02
   3.0346679687500000       -8.26129913E-02
   3.0395507812500000       -8.25625956E-02
   3.0444335937500000       -8.25124085E-02
   3.0493164062500000       -8.24624002E-02
   3.0541992187500000       -8.24126005E-02
   3.0590820312500000       -8.23629797E-02
   3.0639648437500000       -8.23135674E-02
   3.0688476562500000       -8.22643638E-02
   3.0737304687500000       -8.22153091E-02
   3.0786132812500000       -8.21664631E-02
   3.0834960937500000       -8.21178257E-02
   3.0883789062500000       -8.20693672E-02
   3.0932617187500000       -8.20210874E-02
   3.0981445312500000       -8.19730163E-02
   3.1030273437500000       -8.19250941E-02
   3.1079101562500000       -8.18773806E-02
   3.1127929687500000       -8.18298757E-02
   3.1176757812500000       -8.17825198E-02
   3.1225585937500000       -8.17353725E-02
   3.1274414062500000       -8.16884041E-02
   3.1323242187500000       -8.16416144E-02
   3.1372070312500000       -8.15950334E-02
   3.1420898437500000       -8.15486014E-02
   3.1469726562500000       -8.15023780E-02
   3.1518554687500000       -8.14563036E-02
   3.1567382812500000       -8.14104378E-02
   3.1616210937500000       -8.13647211E-02
   3.1665039062500000       -8.13192129E-02
   3.1713867187500000       -8.12738836E-02
   3.1762695312500000       -8.12287033E-02
   3.1811523437500000       -8.11837316E-02
   3.1860351562500000       -8.11389387E-02
   3.1909179687500000       -8.10942948E-02
   3.1958007812500000       -8.10498297E-02
   3.2006835937500000       -8.10055733E-02
   3.2055664062500000       -8.09614658E-02
   3.2104492187500000       -8.09175074E-02
   3.2153320312500000       -8.08737576E-02
   3.2202148437500000       -8.08301866E-02
   3.2250976562500000       -8.07867646E-02
   3.2299804687500000       -8.07435215E-02
   3.2348632812500000       -8.07004571E-02
   3.2397460937500000       -8.06575418E-02
   3.2446289062500000       -8.06148052E-02
   3.2495117187500000       -8.05722475E-02
   3.2543945312500000       -8.05298686E-02
   3.2592773437500000       -8.04876387E-02
   3.2641601562500000       -8.04455876E-02
   3.2690429687500000       -8.04036856E-02
   3.2739257812500000       -8.03619623E-02
   3.2788085937500000       -8.03204179E-02
   3.2836914062500000       -8.02790225E-02
   3.2885742187500000       -8.02377760E-02
   3.2934570312500000       -8.01967084E-02
   3.2983398437500000       -8.01558197E-02
   3.3032226562500000       -8.01150799E-02
   3.3081054687500000       -8.00745189E-02
   3.3129882812500000       -8.00341070E-02
   3.3178710937500000       -7.99938440E-02
   3.3227539062500000       -7.99537599E-02
   3.3276367187500000       -7.99138546E-02
   3.3325195312500000       -7.98740685E-02
   3.3374023437500000       -7.98344612E-02
   3.3422851562500000       -7.97950327E-02
   3.3471679687500000       -7.97557235E-02
   3.3520507812500000       -7.97166228E-02
   3.3569335937500000       -7.96776414E-02
   3.3618164062500000       -7.96388388E-02
   3.3666992187500000       -7.96001554E-02
   3.3715820312500000       -7.95616806E-02
   3.3764648437500000       -7.95233250E-02
   3.3813476562500000       -7.94851482E-02
   3.3862304687500000       -7.94470906E-02
   3.3911132812500000       -7.94092417E-02
   3.3959960937500000       -7.93715119E-02
   3.4008789062500000       -7.93339312E-02
   3.4057617187500000       -7.92965293E-02
   3.4106445312500000       -7.92592466E-02
   3.4155273437500000       -7.92221427E-02
   3.4204101562500000       -7.91851878E-02
   3.4252929687500000       -7.91483819E-02
   3.4301757812500000       -7.91117251E-02
   3.4350585937500000       -7.90752172E-02
   3.4399414062500000       -7.90388584E-02
   3.4448242187500000       -7.90026486E-02
   3.4497070312500000       -7.89666176E-02
   3.4545898437500000       -7.89307058E-02
   3.4594726562500000       -7.88949430E-02
   3.4643554687500000       -7.88593292E-02
   3.4692382812500000       -7.88238645E-02
   3.4741210937500000       -7.87885487E-02
   3.4790039062500000       -7.87533820E-02
   3.4838867187500000       -7.87183642E-02
   3.4887695312500000       -7.86834955E-02
   3.4936523437500000       -7.86487758E-02
   3.4985351562500000       -7.86141753E-02
   3.5034179687500000       -7.85797536E-02
   3.5083007812500000       -7.85454512E-02
   3.5131835937500000       -7.85112977E-02
   3.5180664062500000       -7.84772933E-02
   3.5229492187500000       -7.84434378E-02
   3.5278320312500000       -7.84097314E-02
   3.5327148437500000       -7.83761442E-02
   3.5375976562500000       -7.83427060E-02
   3.5424804687500000       -7.83094168E-02
   3.5473632812500000       -7.82762766E-02
   3.5522460937500000       -7.82432854E-02
   3.5571289062500000       -7.82104135E-02
   3.5620117187500000       -7.81776905E-02
   3.5668945312500000       -7.81450868E-02
   3.5717773437500000       -7.81126618E-02
   3.5766601562500000       -7.80803561E-02
   3.5815429687500000       -7.80481696E-02
   3.5864257812500000       -7.80161619E-02
   3.5913085937500000       -7.79842734E-02
   3.5961914062500000       -7.79525042E-02
   3.6010742187500000       -7.79209137E-02
   3.6059570312500000       -7.78894126E-02
   3.6108398437500000       -7.78580904E-02
   3.6157226562500000       -7.78268874E-02
   3.6206054687500000       -7.77958333E-02
   3.6254882812500000       -7.77648985E-02
   3.6303710937500000       -7.77341127E-02
   3.6352539062500000       -7.77034461E-02
   3.6401367187500000       -7.76729286E-02
   3.6450195312500000       -7.76425302E-02
   3.6499023437500000       -7.76122808E-02
   3.6547851562500000       -7.75821507E-02
   3.6596679687500000       -7.75521696E-02
   3.6645507812500000       -7.75223076E-02
   3.6694335937500000       -7.74925947E-02
   3.6743164062500000       -7.74630308E-02
   3.6791992187500000       -7.74335563E-02
   3.6840820312500000       -7.74042308E-02
   3.6889648437500000       -7.73750544E-02
   3.6938476562500000       -7.73459971E-02
   3.6987304687500000       -7.73170888E-02
   3.7036132812500000       -7.72882700E-02
   3.7084960937500000       -7.72596300E-02
   3.7133789062500000       -7.72310793E-02
   3.7182617187500000       -7.72026777E-02
   3.7231445312500000       -7.71744251E-02
   3.7280273437500000       -7.71462619E-02
   3.7329101562500000       -7.71182477E-02
   3.7377929687500000       -7.70903826E-02
   3.7426757812500000       -7.70626068E-02
   3.7475585937500000       -7.70349801E-02
   3.7524414062500000       -7.70075023E-02
   3.7573242187500000       -7.69801140E-02
   3.7622070312500000       -7.69528747E-02
   3.7670898437500000       -7.69257545E-02
   3.7719726562500000       -7.68987834E-02
   3.7768554687500000       -7.68719018E-02
   3.7817382812500000       -7.68451691E-02
   3.7866210937500000       -7.68185854E-02
   3.7915039062500000       -7.67920911E-02
   3.7963867187500000       -7.67657459E-02
   3.8012695312500000       -7.67394900E-02
   3.8061523437500000       -7.67133832E-02
   3.8110351562500000       -7.66874254E-02
   3.8159179687500000       -7.66615570E-02
   3.8208007812500000       -7.66358376E-02
   3.8256835937500000       -7.66102374E-02
   3.8305664062500000       -7.65847564E-02
   3.8354492187500000       -7.65593946E-02
   3.8403320312500000       -7.65341520E-02
   3.8452148437500000       -7.65090287E-02
   3.8500976562500000       -7.64840543E-02
   3.8549804687500000       -7.64591694E-02
   3.8598632812500000       -7.64344335E-02
   3.8647460937500000       -7.64098167E-02
   3.8696289062500000       -7.63853192E-02
   3.8745117187500000       -7.63609409E-02
   3.8793945312500000       -7.63366818E-02
   3.8842773437500000       -7.63125420E-02
   3.8891601562500000       -7.62885511E-02
   3.8940429687500000       -7.62646496E-02
   3.8989257812500000       -7.62408674E-02
   3.9038085937500000       -7.62172341E-02
   3.9086914062500000       -7.61936903E-02
   3.9135742187500000       -7.61702955E-02
   3.9184570312500000       -7.61469901E-02
   3.9233398437500000       -7.61238337E-02
   3.9282226562500000       -7.61007667E-02
   3.9331054687500000       -7.60778487E-02
   3.9379882812500000       -7.60550201E-02
   3.9428710937500000       -7.60323405E-02
   3.9477539062500000       -7.60097504E-02
   3.9526367187500000       -7.59873092E-02
   3.9575195312500000       -7.59649575E-02
   3.9624023437500000       -7.59427249E-02
   3.9672851562500000       -7.59206414E-02
   3.9721679687500000       -7.58986473E-02
   3.9770507812500000       -7.58767724E-02
   3.9819335937500000       -7.58550167E-02
   3.9868164062500000       -7.58333802E-02
   3.9916992187500000       -7.58118629E-02
   3.9965820312500000       -7.57904649E-02
   4.0014648437500000       -7.57691860E-02
   4.0063476562500000       -7.57479966E-02
   4.0112304687500000       -7.57269561E-02
   4.0161132812500000       -7.57060051E-02
   4.0209960937500000       -7.56852031E-02
   4.0258789062500000       -7.56644905E-02
   4.0307617187500000       -7.56438971E-02
   4.0356445312500000       -7.56234229E-02
   4.0405273437500000       -7.56030679E-02
   4.0454101562500000       -7.55828023E-02
   4.0502929687500000       -7.55626857E-02
   4.0551757812500000       -7.55426586E-02
   4.0600585937500000       -7.55227506E-02
   4.0649414062500000       -7.55029619E-02
   4.0698242187500000       -7.54832625E-02
   4.0747070312500000       -7.54637122E-02
   4.0795898437500000       -7.54442513E-02
   4.0844726562500000       -7.54249096E-02
   4.0893554687500000       -7.54056871E-02
   4.0942382812500000       -7.53865838E-02
   4.0991210937500000       -7.53675699E-02
   4.1040039062500000       -7.53487051E-02
   4.1088867187500000       -7.53299296E-02
   4.1137695312500000       -7.53112435E-02
   4.1186523437500000       -7.52927065E-02
   4.1235351562500000       -7.52742589E-02
   4.1284179687500000       -7.52559304E-02
   4.1333007812500000       -7.52377212E-02
   4.1381835937500000       -7.52196014E-02
   4.1430664062500000       -7.52016306E-02
   4.1479492187500000       -7.51837492E-02
   4.1528320312500000       -7.51659572E-02
   4.1577148437500000       -7.51483142E-02
   4.1625976562500000       -7.51307607E-02
   4.1674804687500000       -7.51132965E-02
   4.1723632812500000       -7.50959814E-02
   4.1772460937500000       -7.50787556E-02
   4.1821289062500000       -7.50616491E-02
   4.1870117187500000       -7.50446618E-02
   4.1918945312500000       -7.50277638E-02
   4.1967773437500000       -7.50109851E-02
   4.2016601562500000       -7.49942958E-02
   4.2065429687500000       -7.49777257E-02
   4.2114257812500000       -7.49612749E-02
   4.2163085937500000       -7.49449432E-02
   4.2211914062500000       -7.49287009E-02
   4.2260742187500000       -7.49125779E-02
   4.2309570312500000       -7.48965442E-02
   4.2358398437500000       -7.48806298E-02
   4.2407226562500000       -7.48648345E-02
   4.2456054687500000       -7.48491287E-02
   4.2504882812500000       -7.48335421E-02
   4.2553710937500000       -7.48180747E-02
   4.2602539062500000       -7.48026967E-02
   4.2651367187500000       -7.47874379E-02
   4.2700195312500000       -7.47722685E-02
   4.2749023437500000       -7.47572184E-02
   4.2797851562500000       -7.47422874E-02
   4.2846679687500000       -7.47274458E-02
   4.2895507812500000       -7.47127235E-02
   4.2944335937500000       -7.46980906E-02
   4.2993164062500000       -7.46835768E-02
   4.3041992187500000       -7.46691525E-02
   4.3090820312500000       -7.46548474E-02
   4.3139648437500000       -7.46406615E-02
   4.3188476562500000       -7.46265650E-02
   4.3237304687500000       -7.46125877E-02
   4.3286132812500000       -7.45986998E-02
   4.3334960937500000       -7.45849311E-02
   4.3383789062500000       -7.45712519E-02
   4.3432617187500000       -7.45576918E-02
   4.3481445312500000       -7.45442510E-02
   4.3530273437500000       -7.45308995E-02
   4.3579101562500000       -7.45176375E-02
   4.3627929687500000       -7.45044947E-02
   4.3676757812500000       -7.44914711E-02
   4.3725585937500000       -7.44785368E-02
   4.3774414062500000       -7.44656920E-02
   4.3823242187500000       -7.44529963E-02
   4.3872070312500000       -7.44403601E-02
   4.3920898437500000       -7.44278431E-02
   4.3969726562500000       -7.44154453E-02
   4.4018554687500000       -7.44031370E-02
   4.4067382812500000       -7.43909478E-02
   4.4116210937500000       -7.43788481E-02
   4.4165039062500000       -7.43668377E-02
   4.4213867187500000       -7.43549466E-02
   4.4262695312500000       -7.43431747E-02
   4.4311523437500000       -7.43314922E-02
   4.4360351562500000       -7.43198991E-02
   4.4409179687500000       -7.43084252E-02
   4.4458007812500000       -7.42970705E-02
   4.4506835937500000       -7.42857754E-02
   4.4555664062500000       -7.42746294E-02
   4.4604492187500000       -7.42635727E-02
   4.4653320312500000       -7.42526054E-02
   4.4702148437500000       -7.42417574E-02
   4.4750976562500000       -7.42309988E-02
   4.4799804687500000       -7.42203295E-02
   4.4848632812500000       -7.42097795E-02
   4.4897460937500000       -7.41993487E-02
   4.4946289062500000       -7.41890073E-02
   4.4995117187500000       -7.41787553E-02
   4.5043945312500000       -7.41686225E-02
   4.5092773437500000       -7.41585791E-02
   4.5141601562500000       -7.41486549E-02
   4.5190429687500000       -7.41388202E-02
   4.5239257812500000       -7.41290748E-02
   4.5288085937500000       -7.41194487E-02
   4.5336914062500000       -7.41099119E-02
   4.5385742187500000       -7.41004944E-02
   4.5434570312500000       -7.40911663E-02
   4.5483398437500000       -7.40819573E-02
   4.5532226562500000       -7.40728080E-02
   4.5581054687500000       -7.40638077E-02
   4.5629882812500000       -7.40548968E-02
   4.5678710937500000       -7.40460753E-02
   4.5727539062500000       -7.40373433E-02
   4.5776367187500000       -7.40287304E-02
   4.5825195312500000       -7.40202069E-02
   4.5874023437500000       -7.40118027E-02
   4.5922851562500000       -7.40034878E-02
   4.5971679687500000       -7.39952922E-02
   4.6020507812500000       -7.39871562E-02
   4.6069335937500000       -7.39791691E-02
   4.6118164062500000       -7.39712417E-02
   4.6166992187500000       -7.39634335E-02
   4.6215820312500000       -7.39557147E-02
   4.6264648437500000       -7.39481151E-02
   4.6313476562500000       -7.39406049E-02
   4.6362304687500000       -7.39332139E-02
   4.6411132812500000       -7.39258826E-02
   4.6459960937500000       -7.39186704E-02
   4.6508789062500000       -7.39115775E-02
   4.6557617187500000       -7.39045739E-02
   4.6606445312500000       -7.38976598E-02
   4.6655273437500000       -7.38908648E-02
   4.6704101562500000       -7.38841593E-02
   4.6752929687500000       -7.38775432E-02
   4.6801757812500000       -7.38710165E-02
   4.6850585937500000       -7.38646090E-02
   4.6899414062500000       -7.38583207E-02
   4.6948242187500000       -7.38520920E-02
   4.6997070312500000       -7.38459826E-02
   4.7045898437500000       -7.38399923E-02
   4.7094726562500000       -7.38340616E-02
   4.7143554687500000       -7.38282502E-02
   4.7192382812500000       -7.38225579E-02
   4.7241210937500000       -7.38169253E-02
   4.7290039062500000       -7.38114119E-02
   4.7338867187500000       -7.38060176E-02
   4.7387695312500000       -7.38006830E-02
   4.7436523437500000       -7.37954676E-02
   4.7485351562500000       -7.37903714E-02
   4.7534179687500000       -7.37853348E-02
   4.7583007812500000       -7.37804174E-02
   4.7631835937500000       -7.37756193E-02
   4.7680664062500000       -7.37708807E-02
   4.7729492187500000       -7.37662613E-02
   4.7778320312500000       -7.37617314E-02
   4.7827148437500000       -7.37573206E-02
   4.7875976562500000       -7.37529993E-02
   4.7924804687500000       -7.37487674E-02
   4.7973632812500000       -7.37446547E-02
   4.8022460937500000       -7.37406015E-02
   4.8071289062500000       -7.37366974E-02
   4.8120117187500000       -7.37328529E-02
   4.8168945312500000       -7.37291276E-02
   4.8217773437500000       -7.37254918E-02
   4.8266601562500000       -7.37219453E-02
   4.8315429687500000       -7.37185180E-02
   4.8364257812500000       -7.37151802E-02
   4.8413085937500000       -7.37119317E-02
   4.8461914062500000       -7.37088025E-02
   4.8510742187500000       -7.37057626E-02
   4.8559570312500000       -7.37028122E-02
   4.8608398437500000       -7.36999512E-02
   4.8657226562500000       -7.36972094E-02
   4.8706054687500000       -7.36945570E-02
   4.8754882812500000       -7.36920238E-02
   4.8803710937500000       -7.36895502E-02
   4.8852539062500000       -7.36871958E-02
   4.8901367187500000       -7.36849308E-02
   4.8950195312500000       -7.36827850E-02
   4.8999023437500000       -7.36807287E-02
   4.9047851562500000       -7.36787617E-02
   4.9096679687500000       -7.36769140E-02
   4.9145507812500000       -7.36751258E-02
   4.9194335937500000       -7.36734569E-02
   4.9243164062500000       -7.36719072E-02
   4.9291992187500000       -7.36704171E-02
   4.9340820312500000       -7.36690462E-02
   4.9389648437500000       -7.36677945E-02
   4.9438476562500000       -7.36666024E-02
   4.9487304687500000       -7.36655295E-02
   4.9536132812500000       -7.36645460E-02
   4.9584960937500000       -7.36636519E-02
   4.9633789062500000       -7.36628771E-02
   4.9682617187500000       -7.36621916E-02
   4.9731445312500000       -7.36615956E-02
   4.9780273437500000       -7.36611187E-02
   4.9829101562500000       -7.36607313E-02
   4.9877929687500000       -7.36604333E-02
   4.9926757812500000       -7.36602247E-02
   4.9975585937500000       -7.36601353E-02
   5.0024414062500000       -7.36601353E-02
   5.0073242187500000       -7.36602247E-02
   5.0122070312500000       -7.36604333E-02
   5.0170898437500000       -7.36607313E-02
   5.0219726562500000       -7.36611187E-02
   5.0268554687500000       -7.36615956E-02
   5.0317382812500000       -7.36621916E-02
   5.0366210937500000       -7.36628771E-02
   5.0415039062500000       -7.36636519E-02
   5.0463867187500000       -7.36645460E-02
   5.0512695312500000       -7.36655295E-02
   5.0561523437500000       -7.36666024E-02
   5.0610351562500000       -7.36677945E-02
   5.0659179687500000       -7.36690462E-02
   5.0708007812500000       -7.36704171E-02
   5.0756835937500000       -7.36719072E-02
   5.0805664062500000       -7.36734569E-02
   5.0854492187500000       -7.36751258E-02
   5.0903320312500000       -7.36769140E-02
   5.0952148437500000       -7.36787617E-02
   5.1000976562500000       -7.36807287E-02
   5.1049804687500000       -7.36827850E-02
   5.1098632812500000       -7.36849308E-02
   5.1147460937500000       -7.36871958E-02
   5.1196289062500000       -7.36895502E-02
   5.1245117187500000       -7.36920238E-02
   5.1293945312500000       -7.36945570E-02
   5.1342773437500000       -7.36972094E-02
   5.1391601562500000       -7.36999512E-02
   5.1440429687500000       -7.37028122E-02
   5.1489257812500000       -7.37057626E-02
   5.1538085937500000       -7.37088025E-02
   5.1586914062500000       -7.37119317E-02
   5.1635742187500000       -7.37151802E-02
   5.1684570312500000       -7.37185180E-02
   5.1733398437500000       -7.37219453E-02
   5.1782226562500000       -7.37254918E-02
   5.1831054687500000       -7.37291276E-02
   5.1879882812500000       -7.37328529E-02
   5.1928710937500000       -7.37366974E-02
   5.1977539062500000       -7.37406015E-02
   5.2026367187500000       -7.37446547E-02
   5.2075195312500000       -7.37487674E-02
   5.2124023437500000       -7.37529993E-02
   5.2172851562500000       -7.37573206E-02
   5.2221679687500000       -7.37617314E-02
   5.2270507812500000       -7.37662613E-02
   5.2319335937500000       -7.37708807E-02
   5.2368164062500000       -7.37756193E-02
   5.2416992187500000       -7.37804174E-02
   5.2465820312500000       -7.37853348E-02
   5.2514648437500000       -7.37903714E-02
   5.2563476562500000       -7.37954676E-02
   5.2612304687500000       -7.38006830E-02
   5.2661132812500000       -7.38060176E-02
   5.2709960937500000       -7.38114119E-02
   5.2758789062500000       -7.38169253E-02
   5.2807617187500000       -7.38225579E-02
   5.2856445312500000       -7.38282502E-02
   5.2905273437500000       -7.38340616E-02
   5.2954101562500000       -7.38399923E-02
   5.3002929687500000       -7.38459826E-02
   5.3051757812500000       -7.38520920E-02
   5.3100585937500000       -7.38583207E-02
   5.3149414062500000       -7.38646090E-02
   5.3198242187500000       -7.38710165E-02
   5.3247070312500000       -7.38775432E-02
   5.3295898437500000       -7.38841593E-02
   5.3344726562500000       -7.38908648E-02
   5.3393554687500000       -7.38976598E-02
   5.3442382812500000       -7.39045739E-02
   5.3491210937500000       -7.39115775E-02
   5.3540039062500000       -7.39186704E-02
   5.3588867187500000       -7.39258826E-02
   5.3637695312500000       -7.39332139E-02
   5.3686523437500000       -7.39406049E-02
   5.3735351562500000       -7.39481151E-02
   5.3784179687500000       -7.39557147E-02
   5.3833007812500000       -7.39634335E-02
   5.3881835937500000       -7.39712417E-02
   5.3930664062500000       -7.39791691E-02
   5.3979492187500000       -7.39871562E-02
   5.4028320312500000       -7.39952922E-02
   5.4077148437500000       -7.40034878E-02
   5.4125976562500000       -7.40118027E-02
   5.4174804687500000       -7.40202069E-02
   5.4223632812500000       -7.40287304E-02
   5.4272460937500000       -7.40373433E-02
   5.4321289062500000       -7.40460753E-02
   5.4370117187500000       -7.40548968E-02
   5.4418945312500000       -7.40638077E-02
   5.4467773437500000       -7.40728080E-02
   5.4516601562500000       -7.40819573E-02
   5.4565429687500000       -7.40911663E-02
   5.4614257812500000       -7.41004944E-02
   5.4663085937500000       -7.41099119E-02
   5.4711914062500000       -7.41194487E-02
   5.4760742187500000       -7.41290748E-02
   5.4809570312500000       -7.41388202E-02
   5.4858398437500000       -7.41486549E-02
   5.4907226562500000       -7.41585791E-02
   5.4956054687500000       -7.41686225E-02
   5.5004882812500000       -7.41787553E-02
   5.5053710937500000       -7.41890073E-02
   5.5102539062500000       -7.41993487E-02
   5.5151367187500000       -7.42097795E-02
   5.5200195312500000       -7.42203295E-02
   5.5249023437500000       -7.42309988E-02
   5.5297851562500000       -7.42417574E-02
   5.5346679687500000       -7.42526054E-02
   5.5395507812500000       -7.42635727E-02
   5.5444335937500000       -7.42746294E-02
   5.5493164062500000       -7.42857754E-02
   5.5541992187500000       -7.42970705E-02
   5.5590820312500000       -7.43084252E-02
   5.5639648437500000       -7.43198991E-02
   5.5688476562500000       -7.43314922E-02
   5.5737304687500000       -7.43431747E-02
   5.5786132812500000       -7.43549466E-02
   5.5834960937500000       -7.43668377E-02
   5.5883789062500000       -7.43788481E-02
   5.5932617187500000       -7.43909478E-02
   5.5981445312500000       -7.44031370E-02
   5.6030273437500000       -7.44154453E-02
   5.6079101562500000       -7.44278431E-02
   5.6127929687500000       -7.44403601E-02
   5.6176757812500000       -7.44529963E-02
   5.6225585937500000       -7.44656920E-02
   5.6274414062500000       -7.44785368E-02
   5.6323242187500000       -7.44914711E-02
   5.6372070312500000       -7.45044947E-02
   5.6420898437500000       -7.45176375E-02
   5.6469726562500000       -7.45308995E-02
   5.6518554687500000       -7.45442510E-02
   5.6567382812500000       -7.45576918E-02
   5.6616210937500000       -7.45712519E-02
   5.6665039062500000       -7.45849311E-02
   5.6713867187500000       -7.45986998E-02
   5.6762695312500000       -7.46125877E-02
   5.6811523437500000       -7.46265650E-02
   5.6860351562500000       -7.46406615E-02
   5.6909179687500000       -7.46548474E-02
   5.6958007812500000       -7.46691525E-02
   5.7006835937500000       -7.46835768E-02
   5.7055664062500000       -7.46980906E-02
   5.7104492187500000       -7.47127235E-02
   5.7153320312500000       -7.47274458E-02
   5.7202148437500000       -7.47422874E-02
   5.7250976562500000       -7.47572184E-02
   5.7299804687500000       -7.47722685E-02
   5.7348632812500000       -7.47874379E-02
   5.7397460937500000       -7.48026967E-02
   5.7446289062500000       -7.48180747E-02
   5.7495117187500000       -7.48335421E-02
   5.7543945312500000       -7.48491287E-02
   5.7592773437500000       -7.48648345E-02
   5.7641601562500000       -7.48806298E-02
   5.7690429687500000       -7.48965442E-02
   5.7739257812500000       -7.49125779E-02
   5.7788085937500000       -7.49287009E-02
   5.7836914062500000       -7.49449432E-02
   5.7885742187500000       -7.49612749E-02
   5.7934570312500000       -7.49777257E-02
   5.7983398437500000       -7.49942958E-02
   5.8032226562500000       -7.50109851E-02
   5.8081054687500000       -7.50277638E-02
   5.8129882812500000       -7.50446618E-02
   5.8178710937500000       -7.50616491E-02
   5.8227539062500000       -7.50787556E-02
   5.8276367187500000       -7.50959814E-02
   5.8325195312500000       -7.51132965E-02
   5.8374023437500000       -7.51307607E-02
   5.8422851562500000       -7.51483142E-02
   5.8471679687500000       -7.51659572E-02
   5.8520507812500000       -7.51837492E-02
   5.8569335937500000       -7.52016306E-02
   5.8618164062500000       -7.52196014E-02
   5.8666992187500000       -7.52377212E-02
   5.8715820312500000       -7.52559304E-02
   5.8764648437500000       -7.52742589E-02
   5.8813476562500000       -7.52927065E-02
   5.8862304687500000       -7.53112435E-02
   5.8911132812500000       -7.53299296E-02
   5.8959960937500000       -7.53487051E-02
   5.9008789062500000       -7.53675699E-02
   5.9057617187500000       -7.53865838E-02
   5.9106445312500000       -7.54056871E-02
   5.9155273437500000       -7.54249096E-02
   5.9204101562500000       -7.54442513E-02
   5.9252929687500000       -7.54637122E-02
   5.9301757812500000       -7.54832625E-02
   5.9350585937500000       -7.55029619E-02
   5.9399414062500000       -7.55227506E-02
   5.9448242187500000       -7.55426586E-02
   5.9497070312500000       -7.55626857E-02
   5.9545898437500000       -7.55828023E-02
   5.9594726562500000       -7.56030679E-02
   5.9643554687500000       -7.56234229E-02
   5.9692382812500000       -7.56438971E-02
   5.9741210937500000       -7.56644905E-02
   5.9790039062500000       -7.56852031E-02
   5.9838867187500000       -7.57060051E-02
   5.9887695312500000       -7.57269561E-02
   5.9936523437500000       -7.57479966E-02
   5.9985351562500000       -7.57691860E-02
   6.0034179687500000       -7.57904649E-02
   6.0083007812500000       -7.58118629E-02
   6.0131835937500000       -7.58333802E-02
   6.0180664062500000       -7.58550167E-02
   6.0229492187500000       -7.58767724E-02
   6.0278320312500000       -7.58986473E-02
   6.0327148437500000       -7.59206414E-02
   6.0375976562500000       -7.59427249E-02
   6.0424804687500000       -7.59649575E-02
   6.0473632812500000       -7.59873092E-02
   6.0522460937500000       -7.60097504E-02
   6.0571289062500000       -7.60323405E-02
   6.0620117187500000       -7.60550201E-02
   6.0668945312500000       -7.60778487E-02
   6.0717773437500000       -7.61007667E-02
   6.0766601562500000       -7.61238337E-02
   6.0815429687500000       -7.61469901E-02
   6.0864257812500000       -7.61702955E-02
   6.0913085937500000       -7.61936903E-02
   6.0961914062500000       -7.62172341E-02
   6.1010742187500000       -7.62408674E-02
   6.1059570312500000       -7.62646496E-02
   6.1108398437500000       -7.62885511E-02
   6.1157226562500000       -7.63125420E-02
   6.1206054687500000       -7.63366818E-02
   6.1254882812500000       -7.63609409E-02
   6.1303710937500000       -7.63853192E-02
   6.1352539062500000       -7.64098167E-02
   6.1401367187500000       -7.64344335E-02
   6.1450195312500000       -7.64591694E-02
   6.1499023437500000       -7.64840543E-02
   6.1547851562500000       -7.65090287E-02
   6.1596679687500000       -7.65341520E-02
   6.1645507812500000       -7.65593946E-02
   6.1694335937500000       -7.65847564E-02
   6.1743164062500000       -7.66102374E-02
   6.1791992187500000       -7.66358376E-02
   6.1840820312500000       -7.66615570E-02
   6.1889648437500000       -7.66874254E-02
   6.1938476562500000       -7.67133832E-02
   6.1987304687500000       -7.67394900E-02
   6.2036132812500000       -7.67657459E-02
   6.2084960937500000       -7.67920911E-02
   6.2133789062500000       -7.68185854E-02
   6.2182617187500000       -7.68451691E-02
   6.2231445312500000       -7.68719018E-02
   6.2280273437500000       -7.68987834E-02
   6.2329101562500000       -7.69257545E-02
   6.2377929687500000       -7.69528747E-02
   6.2426757812500000       -7.69801140E-02
   6.2475585937500000       -7.70075023E-02
   6.2524414062500000       -7.70349801E-02
   6.2573242187500000       -7.70626068E-02
   6.2622070312500000       -7.70903826E-02
   6.2670898437500000       -7.71182477E-02
   6.2719726562500000       -7.71462619E-02
   6.2768554687500000       -7.71744251E-02
   6.2817382812500000       -7.72026777E-02
   6.2866210937500000       -7.72310793E-02
   6.2915039062500000       -7.72596300E-02
   6.2963867187500000       -7.72882700E-02
   6.3012695312500000       -7.73170888E-02
   6.3061523437500000       -7.73459971E-02
   6.3110351562500000       -7.73750544E-02
   6.3159179687500000       -7.74042308E-02
   6.3208007812500000       -7.74335563E-02
   6.3256835937500000       -7.74630308E-02
   6.3305664062500000       -7.74925947E-02
   6.3354492187500000       -7.75223076E-02
   6.3403320312500000       -7.75521696E-02
   6.3452148437500000       -7.75821507E-02
   6.3500976562500000       -7.76122808E-02
   6.3549804687500000       -7.76425302E-02
   6.3598632812500000       -7.76729286E-02
   6.3647460937500000       -7.77034461E-02
   6.3696289062500000       -7.77341127E-02
   6.3745117187500000       -7.77648985E-02
   6.3793945312500000       -7.77958333E-02
   6.3842773437500000       -7.78268874E-02
   6.3891601562500000       -7.78580904E-02
   6.3940429687500000       -7.78894126E-02
   6.3989257812500000       -7.79209137E-02
   6.4038085937500000       -7.79525042E-02
   6.4086914062500000       -7.79842734E-02
   6.4135742187500000       -7.80161619E-02
   6.4184570312500000       -7.80481696E-02
   6.4233398437500000       -7.80803561E-02
   6.4282226562500000       -7.81126618E-02
   6.4331054687500000       -7.81450868E-02
   6.4379882812500000       -7.81776905E-02
   6.4428710937500000       -7.82104135E-02
   6.4477539062500000       -7.82432854E-02
   6.4526367187500000       -7.82762766E-02
   6.4575195312500000       -7.83094168E-02
   6.4624023437500000       -7.83427060E-02
   6.4672851562500000       -7.83761442E-02
   6.4721679687500000       -7.84097314E-02
   6.4770507812500000       -7.84434378E-02
   6.4819335937500000       -7.84772933E-02
   6.4868164062500000       -7.85112977E-02
   6.4916992187500000       -7.85454512E-02
   6.4965820312500000       -7.85797536E-02
   6.5014648437500000       -7.86141753E-02
   6.5063476562500000       -7.86487758E-02
   6.5112304687500000       -7.86834955E-02
   6.5161132812500000       -7.87183642E-02
   6.5209960937500000       -7.87533820E-02
   6.5258789062500000       -7.87885487E-02
   6.5307617187500000       -7.88238645E-02
   6.5356445312500000       -7.88593292E-02
   6.5405273437500000       -7.88949430E-02
   6.5454101562500000       -7.89307058E-02
   6.5502929687500000       -7.89666176E-02
   6.5551757812500000       -7.90026486E-02
   6.5600585937500000       -7.90388584E-02
   6.5649414062500000       -7.90752172E-02
   6.5698242187500000       -7.91117251E-02
   6.5747070312500000       -7.91483819E-02
   6.5795898437500000       -7.91851878E-02
   6.5844726562500000       -7.92221427E-02
   6.5893554687500000       -7.92592466E-02
   6.5942382812500000       -7.92965293E-02
   6.5991210937500000       -7.93339312E-02
   6.6040039062500000       -7.93715119E-02
   6.6088867187500000       -7.94092417E-02
   6.6137695312500000       -7.94470906E-02
   6.6186523437500000       -7.94851482E-02
   6.6235351562500000       -7.95233250E-02
   6.6284179687500000       -7.95616806E-02
   6.6333007812500000       -7.96001554E-02
   6.6381835937500000       -7.96388388E-02
   6.6430664062500000       -7.96776414E-02
   6.6479492187500000       -7.97166228E-02
   6.6528320312500000       -7.97557235E-02
   6.6577148437500000       -7.97950327E-02
   6.6625976562500000       -7.98344612E-02
   6.6674804687500000       -7.98740685E-02
   6.6723632812500000       -7.99138546E-02
   6.6772460937500000       -7.99537599E-02
   6.6821289062500000       -7.99938440E-02
   6.6870117187500000       -8.00341070E-02
   6.6918945312500000       -8.00745189E-02
   6.6967773437500000       -8.01150799E-02
   6.7016601562500000       -8.01558197E-02
   6.7065429687500000       -8.01967084E-02
   6.7114257812500000       -8.02377760E-02
   6.7163085937500000       -8.02790225E-02
   6.7211914062500000       -8.03204179E-02
   6.7260742187500000       -8.03619623E-02
   6.7309570312500000       -8.04036856E-02
   6.7358398437500000       -8.04455876E-02
   6.7407226562500000       -8.04876387E-02
   6.7456054687500000       -8.05298686E-02
   6.7504882812500000       -8.05722475E-02
   6.7553710937500000       -8.06148052E-02
   6.7602539062500000       -8.06575418E-02
   6.7651367187500000       -8.07004571E-02
   6.7700195312500000       -8.07435215E-02
   6.7749023437500000       -8.07867646E-02
   6.7797851562500000       -8.08301866E-02
   6.7846679687500000       -8.08737576E-02
   6.7895507812500000       -8.09175074E-02
   6.7944335937500000       -8.09614658E-02
   6.7993164062500000       -8.10055733E-02
   6.8041992187500000       -8.10498297E-02
   6.8090820312500000       -8.10942948E-02
   6.8139648437500000       -8.11389387E-02
   6.8188476562500000       -8.11837316E-02
   6.8237304687500000       -8.12287033E-02
   6.8286132812500000       -8.12738836E-02
   6.8334960937500000       -8.13192129E-02
   6.8383789062500000       -8.13647211E-02
   6.8432617187500000       -8.14104378E-02
   6.8481445312500000       -8.14563036E-02
   6.8530273437500000       -8.15023780E-02
   6.8579101562500000       -8.15486014E-02
   6.8627929687500000       -8.15950334E-02
   6.8676757812500000       -8.16416144E-02
   6.8725585937500000       -8.16884041E-02
   6.8774414062500000       -8.17353725E-02
   6.8823242187500000       -8.17825198E-02
   6.8872070312500000       -8.18298757E-02
   6.8920898437500000       -8.18773806E-02
   6.8969726562500000       -8.19250941E-02
   6.9018554687500000       -8.19730163E-02
   6.9067382812500000       -8.20210874E-02
   6.9116210937500000       -8.20693672E-02
   6.9165039062500000       -8.21178257E-02
   6.9213867187500000       -8.21664631E-02
   6.9262695312500000       -8.22153091E-02
   6.9311523437500000       -8.22643638E-02
   6.9360351562500000       -8.23135674E-02
   6.9409179687500000       -8.23629797E-02
   6.9458007812500000       -8.24126005E-02
   6.9506835937500000       -8.24624002E-02
   6.9555664062500000       -8.25124085E-02
   6.9604492187500000       -8.25625956E-02
   6.9653320312500000       -8.26129913E-02
   6.9702148437500000       -8.26635957E-02
   6.9750976562500000       -8.27143788E-02
   6.9799804687500000       -8.27653408E-02
   6.9848632812500000       -8.28165412E-02
   6.9897460937500000       -8.28679204E-02
   6.9946289062500000       -8.29195082E-02
   6.9995117187500000       -8.29713047E-02
   7.0043945312500000       -8.30232799E-02
   7.0092773437500000       -8.30754638E-02
   7.0141601562500000       -8.31278563E-02
   7.0190429687500000       -8.31804574E-02
   7.0239257812500000       -8.32332671E-02
   7.0288085937500000       -8.32862854E-02
   7.0336914062500000       -8.33395123E-02
   7.0385742187500000       -8.33929181E-02
   7.0434570312500000       -8.34465623E-02
   7.0483398437500000       -8.35004151E-02
   7.0532226562500000       -8.35544467E-02
   7.0581054687500000       -8.36087167E-02
   7.0629882812500000       -8.36631954E-02
   7.0678710937500000       -8.37178826E-02
   7.0727539062500000       -8.37728083E-02
   7.0776367187500000       -8.38279128E-02
   7.0825195312500000       -8.38832557E-02
   7.0874023437500000       -8.39388072E-02
   7.0922851562500000       -8.39945674E-02
   7.0971679687500000       -8.40505660E-02
   7.1020507812500000       -8.41067731E-02
   7.1069335937500000       -8.41631889E-02
   7.1118164062500000       -8.42198431E-02
   7.1166992187500000       -8.42767060E-02
   7.1215820312500000       -8.43338072E-02
   7.1264648437500000       -8.43911171E-02
   7.1313476562500000       -8.44486654E-02
   7.1362304687500000       -8.45064521E-02
   7.1411132812500000       -8.45644176E-02
   7.1459960937500000       -8.46226513E-02
   7.1508789062500000       -8.46810937E-02
   7.1557617187500000       -8.47397745E-02
   7.1606445312500000       -8.47986937E-02
   7.1655273437500000       -8.48578215E-02
   7.1704101562500000       -8.49172175E-02
   7.1752929687500000       -8.49768221E-02
   7.1801757812500000       -8.50366652E-02
   7.1850585937500000       -8.50967467E-02
   7.1899414062500000       -8.51570666E-02
   7.1948242187500000       -8.52175951E-02
   7.1997070312500000       -8.52783918E-02
   7.2045898437500000       -8.53394270E-02
   7.2094726562500000       -8.54007006E-02
   7.2143554687500000       -8.54622126E-02
   7.2192382812500000       -8.55239630E-02
   7.2241210937500000       -8.55859816E-02
   7.2290039062500000       -8.56482387E-02
   7.2338867187500000       -8.57107341E-02
   7.2387695312500000       -8.57734680E-02
   7.2436523437500000       -8.58364403E-02
   7.2485351562500000       -8.58996809E-02
   7.2534179687500000       -8.59631896E-02
   7.2583007812500000       -8.60269368E-02
   7.2631835937500000       -8.60909224E-02
   7.2680664062500000       -8.61551762E-02
   7.2729492187500000       -8.62196684E-02
   7.2778320312500000       -8.62844288E-02
   7.2827148437500000       -8.63494575E-02
   7.2875976562500000       -8.64147544E-02
   7.2924804687500000       -8.64802897E-02
   7.2973632812500000       -8.65460932E-02
   7.3022460937500000       -8.66121650E-02
   7.3071289062500000       -8.66784751E-02
   7.3120117187500000       -8.67450833E-02
   7.3168945312500000       -8.68119299E-02
   7.3217773437500000       -8.68790746E-02
   7.3266601562500000       -8.69464874E-02
   7.3315429687500000       -8.70141387E-02
   7.3364257812500000       -8.70820880E-02
   7.3413085937500000       -8.71503055E-02
   7.3461914062500000       -8.72187912E-02
   7.3510742187500000       -8.72875452E-02
   7.3559570312500000       -8.73565972E-02
   7.3608398437500000       -8.74259174E-02
   7.3657226562500000       -8.74955356E-02
   7.3706054687500000       -8.75654221E-02
   7.3754882812500000       -8.76355767E-02
   7.3803710937500000       -8.77060294E-02
   7.3852539062500000       -8.77767503E-02
   7.3901367187500000       -8.78477991E-02
   7.3950195312500000       -8.79190862E-02
   7.3999023437500000       -8.79907012E-02
   7.4047851562500000       -8.80625844E-02
   7.4096679687500000       -8.81347954E-02
   7.4145507812500000       -8.82072747E-02
   7.4194335937500000       -8.82800519E-02
   7.4243164062500000       -8.83531272E-02
   7.4291992187500000       -8.84265006E-02
   7.4340820312500000       -8.85001719E-02
   7.4389648437500000       -8.85741413E-02
   7.4438476562500000       -8.86484087E-02
   7.4487304687500000       -8.87230039E-02
   7.4536132812500000       -8.87978971E-02
   7.4584960937500000       -8.88730884E-02
   7.4633789062500000       -8.89486074E-02
   7.4682617187500000       -8.90244246E-02
   7.4731445312500000       -8.91005695E-02
   7.4780273437500000       -8.91770124E-02
   7.4829101562500000       -8.92537832E-02
   7.4877929687500000       -8.93308818E-02
   7.4926757812500000       -8.94082785E-02
   7.4975585937500000       -8.94860029E-02
   7.5024414062500000       -8.95640552E-02
   7.5073242187500000       -8.96424353E-02
   7.5122070312500000       -8.97211432E-02
   7.5170898437500000       -8.98001790E-02
   7.5219726562500000       -8.98795426E-02
   7.5268554687500000       -8.99592340E-02
   7.5317382812500000       -9.00392830E-02
   7.5366210937500000       -9.01196599E-02
   7.5415039062500000       -9.02003646E-02
   7.5463867187500000       -9.02813971E-02
   7.5512695312500000       -9.03627872E-02
   7.5561523437500000       -9.04445350E-02
   7.5610351562500000       -9.05266106E-02
   7.5659179687500000       -9.06090140E-02
   7.5708007812500000       -9.06918049E-02
   7.5756835937500000       -9.07749236E-02
   7.5805664062500000       -9.08583999E-02
   7.5854492187500000       -9.09422338E-02
   7.5903320312500000       -9.10264254E-02
   7.5952148437500000       -9.11109746E-02
   7.6000976562500000       -9.11959112E-02
   7.6049804687500000       -9.12811756E-02
   7.6098632812500000       -9.13668275E-02
   7.6147460937500000       -9.14528370E-02
   7.6196289062500000       -9.15392339E-02
   7.6245117187500000       -9.16259885E-02
   7.6293945312500000       -9.17131007E-02
   7.6342773437500000       -9.18006003E-02
   7.6391601562500000       -9.18884873E-02
   7.6440429687500000       -9.19767618E-02
   7.6489257812500000       -9.20654237E-02
   7.6538085937500000       -9.21544433E-02
   7.6586914062500000       -9.22438800E-02
   7.6635742187500000       -9.23336744E-02
   7.6684570312500000       -9.24238861E-02
   7.6733398437500000       -9.25144851E-02
   7.6782226562500000       -9.26055014E-02
   7.6831054687500000       -9.26968753E-02
   7.6879882812500000       -9.27886963E-02
   7.6928710937500000       -9.28809047E-02
   7.6977539062500000       -9.29735005E-02
   7.7026367187500000       -9.30665135E-02
   7.7075195312500000       -9.31599736E-02
   7.7124023437500000       -9.32538211E-02
   7.7172851562500000       -9.33480859E-02
   7.7221679687500000       -9.34427679E-02
   7.7270507812500000       -9.35378671E-02
   7.7319335937500000       -9.36334133E-02
   7.7368164062500000       -9.37293470E-02
   7.7416992187500000       -9.38257575E-02
   7.7465820312500000       -9.39225852E-02
   7.7514648437500000       -9.40198302E-02
   7.7563476562500000       -9.41175222E-02
   7.7612304687500000       -9.42156613E-02
   7.7661132812500000       -9.43142474E-02
   7.7709960937500000       -9.44132805E-02
   7.7758789062500000       -9.45127606E-02
   7.7807617187500000       -9.46126878E-02
   7.7856445312500000       -9.47130620E-02
   7.7905273437500000       -9.48139131E-02
   7.7954101562500000       -9.49152112E-02
   7.8002929687500000       -9.50169861E-02
   7.8051757812500000       -9.51192379E-02
   7.8100585937500000       -9.52219367E-02
   7.8149414062500000       -9.53251123E-02
   7.8198242187500000       -9.54287946E-02
   7.8247070312500000       -9.55329239E-02
   7.8295898437500000       -9.56375301E-02
   7.8344726562500000       -9.57426429E-02
   7.8393554687500000       -9.58482325E-02
   7.8442382812500000       -9.59543288E-02
   7.8491210937500000       -9.60609019E-02
   7.8540039062500000       -9.61680114E-02
   7.8588867187500000       -9.62755978E-02
   7.8637695312500000       -9.63836610E-02
   7.8686523437500000       -9.64922607E-02
   7.8735351562500000       -9.66013968E-02
   7.8784179687500000       -9.67110097E-02
   7.8833007812500000       -9.68211591E-02
   7.8881835937500000       -9.69318449E-02
   7.8930664062500000       -9.70430374E-02
   7.8979492187500000       -9.71547663E-02
   7.9028320312500000       -9.72670317E-02
   7.9077148437500000       -9.73798335E-02
   7.9125976562500000       -9.74931717E-02
   7.9174804687500000       -9.76070464E-02
   7.9223632812500000       -9.77214873E-02
   7.9272460937500000       -9.78364646E-02
   7.9321289062500000       -9.79520082E-02
   7.9370117187500000       -9.80681181E-02
   7.9418945312500000       -9.81847942E-02
   7.9467773437500000       -9.83020365E-02
   7.9516601562500000       -9.84198451E-02
   7.9565429687500000       -9.85382199E-02
   7.9614257812500000       -9.86571908E-02
   7.9663085937500000       -9.87767577E-02
   7.9711914062500000       -9.88968909E-02
   7.9760742187500000       -9.90176201E-02
   7.9809570312500000       -9.91389453E-02
   7.9858398437500000       -9.92608666E-02
   7.9907226562500000       -9.93834138E-02
   7.9956054687500000       -9.95065570E-02
   8.0004882812500000       -9.96303260E-02
   8.0053710937500000       -9.97546911E-02
   8.0102539062500000       -9.98797119E-02
   8.0151367187500000      -0.100005329    
   8.0200195312500000      -0.100131601    
   8.0249023437500000      -0.100258499    
   8.0297851562500000      -0.100386053    
   8.0346679687500000      -0.100514233    
   8.0395507812500000      -0.100643069    
   8.0444335937500000      -0.100772589    
   8.0493164062500000      -0.100902736    
   8.0541992187500000      -0.101033568    
   8.0590820312500000      -0.101165056    
   8.0639648437500000      -0.101297230    
   8.0688476562500000      -0.101430088    
   8.0737304687500000      -0.101563632    
   8.0786132812500000      -0.101697862    
   8.0834960937500000      -0.101832807    
   8.0883789062500000      -0.101968437    
   8.0932617187500000      -0.102104753    
   8.0981445312500000      -0.102241814    
   8.1030273437500000      -0.102379590    
   8.1079101562500000      -0.102518082    
   8.1127929687500000      -0.102657318    
   8.1176757812500000      -0.102797270    
   8.1225585937500000      -0.102937967    
   8.1274414062500000      -0.103079408    
   8.1323242187500000      -0.103221595    
   8.1372070312500000      -0.103364557    
   8.1420898437500000      -0.103508294    
   8.1469726562500000      -0.103652775    
   8.1518554687500000      -0.103798032    
   8.1567382812500000      -0.103944093    
   8.1616210937500000      -0.104090929    
   8.1665039062500000      -0.104238570    
   8.1713867187500000      -0.104386985    
   8.1762695312500000      -0.104536235    
   8.1811523437500000      -0.104686290    
   8.1860351562500000      -0.104837149    
   8.1909179687500000      -0.104988873    
   8.1958007812500000      -0.105141401    
   8.2006835937500000      -0.105294764    
   8.2055664062500000      -0.105448991    
   8.2104492187500000      -0.105604082    
   8.2153320312500000      -0.105760008    
   8.2202148437500000      -0.105916798    
   8.2250976562500000      -0.106074482    
   8.2299804687500000      -0.106233060    
   8.2348632812500000      -0.106392503    
   8.2397460937500000      -0.106552839    
   8.2446289062500000      -0.106714100    
   8.2495117187500000      -0.106876254    
   8.2543945312500000      -0.107039332    
   8.2592773437500000      -0.107203335    
   8.2641601562500000      -0.107368290    
   8.2690429687500000      -0.107534170    
   8.2739257812500000      -0.107701004    
   8.2788085937500000      -0.107868791    
   8.2836914062500000      -0.108037531    
   8.2885742187500000      -0.108207256    
   8.2934570312500000      -0.108377993    
   8.2983398437500000      -0.108549684    
   8.3032226562500000      -0.108722389    
   8.3081054687500000      -0.108896106    
   8.3129882812500000      -0.109070808    
   8.3178710937500000      -0.109246552    
   8.3227539062500000      -0.109423339    
   8.3276367187500000      -0.109601170    
   8.3325195312500000      -0.109780043    
   8.3374023437500000      -0.109959990    
   8.3422851562500000      -0.110140979    
   8.3471679687500000      -0.110323071    
   8.3520507812500000      -0.110506237    
   8.3569335937500000      -0.110690504    
   8.3618164062500000      -0.110875875    
   8.3666992187500000      -0.111062378    
   8.3715820312500000      -0.111250013    
   8.3764648437500000      -0.111438751    
   8.3813476562500000      -0.111628652    
   8.3862304687500000      -0.111819714    
   8.3911132812500000      -0.112011939    
   8.3959960937500000      -0.112205356    
   8.4008789062500000      -0.112399936    
   8.4057617187500000      -0.112595707    
   8.4106445312500000      -0.112792701    
   8.4155273437500000      -0.112990916    
   8.4204101562500000      -0.113190383    
   8.4252929687500000      -0.113391072    
   8.4301757812500000      -0.113593012    
   8.4350585937500000      -0.113796204    
   8.4399414062500000      -0.114000678    
   8.4448242187500000      -0.114206463    
   8.4497070312500000      -0.114413530    
   8.4545898437500000      -0.114621907    
   8.4594726562500000      -0.114831597    
   8.4643554687500000      -0.115042627    
   8.4692382812500000      -0.115254998    
   8.4741210937500000      -0.115468740    
   8.4790039062500000      -0.115683854    
   8.4838867187500000      -0.115900338    
   8.4887695312500000      -0.116118222    
   8.4936523437500000      -0.116337538    
   8.4985351562500000      -0.116558254    
   8.5034179687500000      -0.116780430    
   8.5083007812500000      -0.117004037    
   8.5131835937500000      -0.117229104    
   8.5180664062500000      -0.117455661    
   8.5229492187500000      -0.117683709    
   8.5278320312500000      -0.117913246    
   8.5327148437500000      -0.118144304    
   8.5375976562500000      -0.118376911    
   8.5424804687500000      -0.118611068    
   8.5473632812500000      -0.118846774    
   8.5522460937500000      -0.119084060    
   8.5571289062500000      -0.119322926    
   8.5620117187500000      -0.119563431    
   8.5668945312500000      -0.119805545    
   8.5717773437500000      -0.120049298    
   8.5766601562500000      -0.120294690    
   8.5815429687500000      -0.120541781    
   8.5864257812500000      -0.120790541    
   8.5913085937500000      -0.121041000    
   8.5961914062500000      -0.121293187    
   8.6010742187500000      -0.121547103    
   8.6059570312500000      -0.121802777    
   8.6108398437500000      -0.122060210    
   8.6157226562500000      -0.122319430    
   8.6206054687500000      -0.122580469    
   8.6254882812500000      -0.122843325    
   8.6303710937500000      -0.123108029    
   8.6352539062500000      -0.123374581    
   8.6401367187500000      -0.123643041    
   8.6450195312500000      -0.123913348    
   8.6499023437500000      -0.124185592    
   8.6547851562500000      -0.124459773    
   8.6596679687500000      -0.124735922    
   8.6645507812500000      -0.125014007    
   8.6694335937500000      -0.125294119    
   8.6743164062500000      -0.125576228    
   8.6791992187500000      -0.125860363    
   8.6840820312500000      -0.126146555    
   8.6889648437500000      -0.126434803    
   8.6938476562500000      -0.126725167    
   8.6987304687500000      -0.127017647    
   8.7036132812500000      -0.127312273    
   8.7084960937500000      -0.127609044    
   8.7133789062500000      -0.127907991    
   8.7182617187500000      -0.128209144    
   8.7231445312500000      -0.128512532    
   8.7280273437500000      -0.128818154    
   8.7329101562500000      -0.129126042    
   8.7377929687500000      -0.129436255    
   8.7426757812500000      -0.129748762    
   8.7475585937500000      -0.130063623    
   8.7524414062500000      -0.130380839    
   8.7573242187500000      -0.130700439    
   8.7622070312500000      -0.131022483    
   8.7670898437500000      -0.131346941    
   8.7719726562500000      -0.131673872    
   8.7768554687500000      -0.132003307    
   8.7817382812500000      -0.132335246    
   8.7866210937500000      -0.132669747    
   8.7915039062500000      -0.133006811    
   8.7963867187500000      -0.133346468    
   8.8012695312500000      -0.133688748    
   8.8061523437500000      -0.134033680    
   8.8110351562500000      -0.134381294    
   8.8159179687500000      -0.134731650    
   8.8208007812500000      -0.135084718    
   8.8256835937500000      -0.135440558    
   8.8305664062500000      -0.135799199    
   8.8354492187500000      -0.136160642    
   8.8403320312500000      -0.136524975    
   8.8452148437500000      -0.136892200    
   8.8500976562500000      -0.137262315    
   8.8549804687500000      -0.137635410    
   8.8598632812500000      -0.138011485    
   8.8647460937500000      -0.138390541    
   8.8696289062500000      -0.138772696    
   8.8745117187500000      -0.139157891    
   8.8793945312500000      -0.139546216    
   8.8842773437500000      -0.139937699    
   8.8891601562500000      -0.140332341    
   8.8940429687500000      -0.140730232    
   8.8989257812500000      -0.141131341    
   8.9038085937500000      -0.141535759    
   8.9086914062500000      -0.141943514    
   8.9135742187500000      -0.142354608    
   8.9184570312500000      -0.142769128    
   8.9233398437500000      -0.143187046    
   8.9282226562500000      -0.143608451    
   8.9331054687500000      -0.144033372    
   8.9379882812500000      -0.144461870    
   8.9428710937500000      -0.144893944    
   8.9477539062500000      -0.145329624    
   8.9526367187500000      -0.145769000    
   8.9575195312500000      -0.146212071    
   8.9624023437500000      -0.146658927    
   8.9672851562500000      -0.147109568    
   8.9721679687500000      -0.147564024    
   8.9770507812500000      -0.148022383    
   8.9819335937500000      -0.148484677    
   8.9868164062500000      -0.148950934    
   8.9916992187500000      -0.149421215    
   8.9965820312500000      -0.149895549    
   9.0014648437500000      -0.150373995    
   9.0063476562500000      -0.150856584    
   9.0112304687500000      -0.151343405    
   9.0161132812500000      -0.151834428    
   9.0209960937500000      -0.152329803    
   9.0258789062500000      -0.152829498    
   9.0307617187500000      -0.153333604    
   9.0356445312500000      -0.153842151    
   9.0405273437500000      -0.154355198    
   9.0454101562500000      -0.154872805    
   9.0502929687500000      -0.155395001    
   9.0551757812500000      -0.155921876    
   9.0600585937500000      -0.156453460    
   9.0649414062500000      -0.156989783    
   9.0698242187500000      -0.157530963    
   9.0747070312500000      -0.158077031    
   9.0795898437500000      -0.158628017    
   9.0844726562500000      -0.159183979    
   9.0893554687500000      -0.159745038    
   9.0942382812500000      -0.160311162    
   9.0991210937500000      -0.160882503    
   9.1040039062500000      -0.161459059    
   9.1088867187500000      -0.162040919    
   9.1137695312500000      -0.162628114    
   9.1186523437500000      -0.163220763    
   9.1235351562500000      -0.163818866    
   9.1284179687500000      -0.164422542    
   9.1333007812500000      -0.165031850    
   9.1381835937500000      -0.165646821    
   9.1430664062500000      -0.166267544    
   9.1479492187500000      -0.166894108    
   9.1528320312500000      -0.167526543    
   9.1577148437500000      -0.168164968    
   9.1625976562500000      -0.168809384    
   9.1674804687500000      -0.169459939    
   9.1723632812500000      -0.170116693    
   9.1772460937500000      -0.170779675    
   9.1821289062500000      -0.171449006    
   9.1870117187500000      -0.172124714    
   9.1918945312500000      -0.172806948    
   9.1967773437500000      -0.173495740    
   9.2016601562500000      -0.174191147    
   9.2065429687500000      -0.174893320    
   9.2114257812500000      -0.175602287    
   9.2163085937500000      -0.176318139    
   9.2211914062500000      -0.177040964    
   9.2260742187500000      -0.177770883    
   9.2309570312500000      -0.178507924    
   9.2358398437500000      -0.179252237    
   9.2407226562500000      -0.180003852    
   9.2456054687500000      -0.180762887    
   9.2504882812500000      -0.181529433    
   9.2553710937500000      -0.182303607    
   9.2602539062500000      -0.183085471    
   9.2651367187500000      -0.183875114    
   9.2700195312500000      -0.184672654    
   9.2749023437500000      -0.185478181    
   9.2797851562500000      -0.186291814    
   9.2846679687500000      -0.187113643    
   9.2895507812500000      -0.187943757    
   9.2944335937500000      -0.188782275    
   9.2993164062500000      -0.189629316    
   9.3041992187500000      -0.190484941    
   9.3090820312500000      -0.191349298    
   9.3139648437500000      -0.192222506    
   9.3188476562500000      -0.193104655    
   9.3237304687500000      -0.193995833    
   9.3286132812500000      -0.194896221    
   9.3334960937500000      -0.195805877    
   9.3383789062500000      -0.196724951    
   9.3432617187500000      -0.197653562    
   9.3481445312500000      -0.198591799    
   9.3530273437500000      -0.199539840    
   9.3579101562500000      -0.200497776    
   9.3627929687500000      -0.201465726    
   9.3676757812500000      -0.202443868    
   9.3725585937500000      -0.203432262    
   9.3774414062500000      -0.204431117    
   9.3823242187500000      -0.205440491    
   9.3872070312500000      -0.206460565    
   9.3920898437500000      -0.207491487    
   9.3969726562500000      -0.208533376    
   9.4018554687500000      -0.209586382    
   9.4067382812500000      -0.210650653    
   9.4116210937500000      -0.211726338    
   9.4165039062500000      -0.212813586    
   9.4213867187500000      -0.213912547    
   9.4262695312500000      -0.215023339    
   9.4311523437500000      -0.216146171    
   9.4360351562500000      -0.217281193    
   9.4409179687500000      -0.218428552    
   9.4458007812500000      -0.219588399    
   9.4506835937500000      -0.220760912    
   9.4555664062500000      -0.221946269    
   9.4604492187500000      -0.223144621    
   9.4653320312500000      -0.224356174    
   9.4702148437500000      -0.225581050    
   9.4750976562500000      -0.226819485    
   9.4799804687500000      -0.228071630    
   9.4848632812500000      -0.229337662    
   9.4897460937500000      -0.230617791    
   9.4946289062500000      -0.231912166    
   9.4995117187500000      -0.233221024    
   9.5043945312500000      -0.234544516    
   9.5092773437500000      -0.235882908    
   9.5141601562500000      -0.237236321    
   9.5190429687500000      -0.238604993    
   9.5239257812500000      -0.239989132    
   9.5288085937500000      -0.241388977    
   9.5336914062500000      -0.242804676    
   9.5385742187500000      -0.244236499    
   9.5434570312500000      -0.245684624    
   9.5483398437500000      -0.247149318    
   9.5532226562500000      -0.248630762    
   9.5581054687500000      -0.250129223    
   9.5629882812500000      -0.251644909    
   9.5678710937500000      -0.253178120    
   9.5727539062500000      -0.254728973    
   9.5776367187500000      -0.256297827    
   9.5825195312500000      -0.257884860    
   9.5874023437500000      -0.259490341    
   9.5922851562500000      -0.261114538    
   9.5971679687500000      -0.262757719    
   9.6020507812500000      -0.264420152    
   9.6069335937500000      -0.266102016    
   9.6118164062500000      -0.267803729    
   9.6166992187500000      -0.269525439    
   9.6215820312500000      -0.271267474    
   9.6264648437500000      -0.273030132    
   9.6313476562500000      -0.274813712    
   9.6362304687500000      -0.276618421    
   9.6411132812500000      -0.278444678    
   9.6459960937500000      -0.280292690    
   9.6508789062500000      -0.282162815    
   9.6557617187500000      -0.284055352    
   9.6606445312500000      -0.285970628    
   9.6655273437500000      -0.287908912    
   9.6704101562500000      -0.289870590    
   9.6752929687500000      -0.291855991    
   9.6801757812500000      -0.293865383    
   9.6850585937500000      -0.295899212    
   9.6899414062500000      -0.297957748    
   9.6948242187500000      -0.300041378    
   9.6997070312500000      -0.302150428    
   9.7045898437500000      -0.304285318    
   9.7094726562500000      -0.306446373    
   9.7143554687500000      -0.308633983    
   9.7192382812500000      -0.310848504    
   9.7241210937500000      -0.313090384    
   9.7290039062500000      -0.315359950    
   9.7338867187500000      -0.317657650    
   9.7387695312500000      -0.319983840    
   9.7436523437500000      -0.322338998    
   9.7485351562500000      -0.324723482    
   9.7534179687500000      -0.327137798    
   9.7583007812500000      -0.329582274    
   9.7631835937500000      -0.332057476    
   9.7680664062500000      -0.334563732    
   9.7729492187500000      -0.337101519    
   9.7778320312500000      -0.339671373    
   9.7827148437500000      -0.342273712    
   9.7875976562500000      -0.344909012    
   9.7924804687500000      -0.347577751    
   9.7973632812500000      -0.350280434    
   9.8022460937500000      -0.353017569    
   9.8071289062500000      -0.355789661    
   9.8120117187500000      -0.358597219    
   9.8168945312500000      -0.361440778    
   9.8217773437500000      -0.364320844    
   9.8266601562500000      -0.367237985    
   9.8315429687500000      -0.370192766    
   9.8364257812500000      -0.373185724    
   9.8413085937500000      -0.376217425    
   9.8461914062500000      -0.379288495    
   9.8510742187500000      -0.382399440    
   9.8559570312500000      -0.385550916    
   9.8608398437500000      -0.388743550    
   9.8657226562500000      -0.391977906    
   9.8706054687500000      -0.395254642    
   9.8754882812500000      -0.398574412    
   9.8803710937500000      -0.401937813    
   9.8852539062500000      -0.405345559    
   9.8901367187500000      -0.408798277    
   9.8950195312500000      -0.412296712    
   9.8999023437500000      -0.415841490    
   9.9047851562500000      -0.419433355    
   9.9096679687500000      -0.423073024    
   9.9145507812500000      -0.426761210    
   9.9194335937500000      -0.430498689    
   9.9243164062500000      -0.434286147    
   9.9291992187500000      -0.438124448    
   9.9340820312500000      -0.442014277    
   9.9389648437500000      -0.445956498    
   9.9438476562500000      -0.449951857    
   9.9487304687500000      -0.454001248    
   9.9536132812500000      -0.458105385    
   9.9584960937500000      -0.462265283    
   9.9633789062500000      -0.466481656    
   9.9682617187500000      -0.470755517    
   9.9731445312500000      -0.475087553    
   9.9780273437500000      -0.479478985    
   9.9829101562500000      -0.483930290    
   9.9877929687500000      -0.488443106    
   9.9926757812500000      -0.493017137    
   9.9975585937500000      -0.497656226    
