   2.4414062500000000E-003 -0.498463035    
   7.3242187500000000E-003 -0.495412767    
   1.2207031250000000E-002 -0.492394984    
   1.7089843750000000E-002 -0.489407837    
   2.1972656250000000E-002 -0.486451566    
   2.6855468750000000E-002 -0.483525425    
   3.1738281250000000E-002 -0.480629265    
   3.6621093750000000E-002 -0.477762550    
   4.1503906250000000E-002 -0.474925011    
   4.6386718750000000E-002 -0.472116232    
   5.1269531250000000E-002 -0.469335854    
   5.6152343750000000E-002 -0.466583520    
   6.1035156250000000E-002 -0.463858902    
   6.5917968750000000E-002 -0.461161613    
   7.0800781250000000E-002 -0.458491355    
   7.5683593750000000E-002 -0.455847740    
   8.0566406250000000E-002 -0.453230500    
   8.5449218750000000E-002 -0.450639248    
   9.0332031250000000E-002 -0.448073685    
   9.5214843750000000E-002 -0.445533514    
  0.10009765625000000      -0.443018377    
  0.10498046875000000      -0.440528005    
  0.10986328125000000      -0.438062072    
  0.11474609375000000      -0.435620278    
  0.11962890625000000      -0.433202356    
  0.12451171875000000      -0.430807948    
  0.12939453125000000      -0.428436846    
  0.13427734375000000      -0.426088721    
  0.13916015625000000      -0.423763275    
  0.14404296875000000      -0.421460271    
  0.14892578125000000      -0.419179440    
  0.15380859375000000      -0.416920483    
  0.15869140625000000      -0.414683163    
  0.16357421875000000      -0.412467182    
  0.16845703125000000      -0.410272300    
  0.17333984375000000      -0.408098280    
  0.17822265625000000      -0.405944854    
  0.18310546875000000      -0.403811783    
  0.18798828125000000      -0.401698828    
  0.19287109375000000      -0.399605751    
  0.19775390625000000      -0.397532284    
  0.20263671875000000      -0.395478219    
  0.20751953125000000      -0.393443316    
  0.21240234375000000      -0.391427368    
  0.21728515625000000      -0.389430135    
  0.22216796875000000      -0.387451410    
  0.22705078125000000      -0.385490954    
  0.23193359375000000      -0.383548558    
  0.23681640625000000      -0.381624013    
  0.24169921875000000      -0.379717112    
  0.24658203125000000      -0.377827644    
  0.25146484375000000      -0.375955403    
  0.25634765625000000      -0.374100178    
  0.26123046875000000      -0.372261822    
  0.26611328125000000      -0.370440066    
  0.27099609375000000      -0.368634760    
  0.27587890625000000      -0.366845727    
  0.28076171875000000      -0.365072757    
  0.28564453125000000      -0.363315642    
  0.29052734375000000      -0.361574262    
  0.29541015625000000      -0.359848380    
  0.30029296875000000      -0.358137846    
  0.30517578125000000      -0.356442451    
  0.31005859375000000      -0.354762077    
  0.31494140625000000      -0.353096515    
  0.31982421875000000      -0.351445615    
  0.32470703125000000      -0.349809170    
  0.32958984375000000      -0.348187059    
  0.33447265625000000      -0.346579105    
  0.33935546875000000      -0.344985157    
  0.34423828125000000      -0.343405068    
  0.34912109375000000      -0.341838628    
  0.35400390625000000      -0.340285718    
  0.35888671875000000      -0.338746190    
  0.36376953125000000      -0.337219924    
  0.36865234375000000      -0.335706711    
  0.37353515625000000      -0.334206462    
  0.37841796875000000      -0.332718968    
  0.38330078125000000      -0.331244171    
  0.38818359375000000      -0.329781830    
  0.39306640625000000      -0.328331888    
  0.39794921875000000      -0.326894164    
  0.40283203125000000      -0.325468570    
  0.40771484375000000      -0.324054927    
  0.41259765625000000      -0.322653115    
  0.41748046875000000      -0.321263015    
  0.42236328125000000      -0.319884509    
  0.42724609375000000      -0.318517447    
  0.43212890625000000      -0.317161679    
  0.43701171875000000      -0.315817147    
  0.44189453125000000      -0.314483702    
  0.44677734375000000      -0.313161194    
  0.45166015625000000      -0.311849535    
  0.45654296875000000      -0.310548604    
  0.46142578125000000      -0.309258312    
  0.46630859375000000      -0.307978481    
  0.47119140625000000      -0.306709051    
  0.47607421875000000      -0.305449903    
  0.48095703125000000      -0.304200888    
  0.48583984375000000      -0.302961946    
  0.49072265625000000      -0.301732957    
  0.49560546875000000      -0.300513804    
  0.50048828125000000      -0.299304396    
  0.50537109375000000      -0.298104614    
  0.51025390625000000      -0.296914339    
  0.51513671875000000      -0.295733541    
  0.52001953125000000      -0.294562042    
  0.52490234375000000      -0.293399811    
  0.52978515625000000      -0.292246699    
  0.53466796875000000      -0.291102648    
  0.53955078125000000      -0.289967537    
  0.54443359375000000      -0.288841248    
  0.54931640625000000      -0.287723780    
  0.55419921875000000      -0.286614925    
  0.55908203125000000      -0.285514683    
  0.56396484375000000      -0.284422934    
  0.56884765625000000      -0.283339590    
  0.57373046875000000      -0.282264560    
  0.57861328125000000      -0.281197786    
  0.58349609375000000      -0.280139148    
  0.58837890625000000      -0.279088557    
  0.59326171875000000      -0.278045952    
  0.59814453125000000      -0.277011275    
  0.60302734375000000      -0.275984406    
  0.60791015625000000      -0.274965286    
  0.61279296875000000      -0.273953795    
  0.61767578125000000      -0.272949934    
  0.62255859375000000      -0.271953553    
  0.62744140625000000      -0.270964622    
  0.63232421875000000      -0.269983053    
  0.63720703125000000      -0.269008756    
  0.64208984375000000      -0.268041670    
  0.64697265625000000      -0.267081738    
  0.65185546875000000      -0.266128898    
  0.65673828125000000      -0.265183032    
  0.66162109375000000      -0.264244080    
  0.66650390625000000      -0.263312012    
  0.67138671875000000      -0.262386739    
  0.67626953125000000      -0.261468172    
  0.68115234375000000      -0.260556281    
  0.68603515625000000      -0.259650975    
  0.69091796875000000      -0.258752197    
  0.69580078125000000      -0.257859886    
  0.70068359375000000      -0.256973982    
  0.70556640625000000      -0.256094426    
  0.71044921875000000      -0.255221128    
  0.71533203125000000      -0.254354060    
  0.72021484375000000      -0.253493160    
  0.72509765625000000      -0.252638340    
  0.72998046875000000      -0.251789570    
  0.73486328125000000      -0.250946760    
  0.73974609375000000      -0.250109911    
  0.74462890625000000      -0.249278903    
  0.74951171875000000      -0.248453707    
  0.75439453125000000      -0.247634262    
  0.75927734375000000      -0.246820509    
  0.76416015625000000      -0.246012419    
  0.76904296875000000      -0.245209903    
  0.77392578125000000      -0.244412959    
  0.77880859375000000      -0.243621469    
  0.78369140625000000      -0.242835432    
  0.78857421875000000      -0.242054760    
  0.79345703125000000      -0.241279423    
  0.79833984375000000      -0.240509391    
  0.80322265625000000      -0.239744574    
  0.80810546875000000      -0.238984942    
  0.81298828125000000      -0.238230467    
  0.81787109375000000      -0.237481058    
  0.82275390625000000      -0.236736715    
  0.82763671875000000      -0.235997349    
  0.83251953125000000      -0.235262930    
  0.83740234375000000      -0.234533399    
  0.84228515625000000      -0.233808756    
  0.84716796875000000      -0.233088911    
  0.85205078125000000      -0.232373834    
  0.85693359375000000      -0.231663495    
  0.86181640625000000      -0.230957836    
  0.86669921875000000      -0.230256796    
  0.87158203125000000      -0.229560375    
  0.87646484375000000      -0.228868514    
  0.88134765625000000      -0.228181154    
  0.88623046875000000      -0.227498263    
  0.89111328125000000      -0.226819813    
  0.89599609375000000      -0.226145774    
  0.90087890625000000      -0.225476056    
  0.90576171875000000      -0.224810690    
  0.91064453125000000      -0.224149585    
  0.91552734375000000      -0.223492712    
  0.92041015625000000      -0.222840041    
  0.92529296875000000      -0.222191542    
  0.93017578125000000      -0.221547157    
  0.93505859375000000      -0.220906883    
  0.93994140625000000      -0.220270663    
  0.94482421875000000      -0.219638437    
  0.94970703125000000      -0.219010204    
  0.95458984375000000      -0.218385935    
  0.95947265625000000      -0.217765570    
  0.96435546875000000      -0.217149079    
  0.96923828125000000      -0.216536433    
  0.97412109375000000      -0.215927631    
  0.97900390625000000      -0.215322584    
  0.98388671875000000      -0.214721262    
  0.98876953125000000      -0.214123696    
  0.99365234375000000      -0.213529795    
  0.99853515625000000      -0.212939531    
   1.0034179687500000      -0.212352902    
   1.0083007812500000      -0.211769879    
   1.0131835937500000      -0.211190403    
   1.0180664062500000      -0.210614443    
   1.0229492187500000      -0.210041970    
   1.0278320312500000      -0.209472984    
   1.0327148437500000      -0.208907455    
   1.0375976562500000      -0.208345294    
   1.0424804687500000      -0.207786560    
   1.0473632812500000      -0.207231134    
   1.0522460937500000      -0.206679076    
   1.0571289062500000      -0.206130296    
   1.0620117187500000      -0.205584764    
   1.0668945312500000      -0.205042511    
   1.0717773437500000      -0.204503447    
   1.0766601562500000      -0.203967571    
   1.0815429687500000      -0.203434885    
   1.0864257812500000      -0.202905297    
   1.0913085937500000      -0.202378839    
   1.0961914062500000      -0.201855481    
   1.1010742187500000      -0.201335162    
   1.1059570312500000      -0.200817883    
   1.1108398437500000      -0.200303614    
   1.1157226562500000      -0.199792325    
   1.1206054687500000      -0.199283987    
   1.1254882812500000      -0.198778600    
   1.1303710937500000      -0.198276132    
   1.1352539062500000      -0.197776556    
   1.1401367187500000      -0.197279841    
   1.1450195312500000      -0.196785957    
   1.1499023437500000      -0.196294904    
   1.1547851562500000      -0.195806623    
   1.1596679687500000      -0.195321143    
   1.1645507812500000      -0.194838434    
   1.1694335937500000      -0.194358438    
   1.1743164062500000      -0.193881124    
   1.1791992187500000      -0.193406522    
   1.1840820312500000      -0.192934602    
   1.1889648437500000      -0.192465305    
   1.1938476562500000      -0.191998661    
   1.1987304687500000      -0.191534579    
   1.2036132812500000      -0.191073120    
   1.2084960937500000      -0.190614194    
   1.2133789062500000      -0.190157831    
   1.2182617187500000      -0.189704001    
   1.2231445312500000      -0.189252645    
   1.2280273437500000      -0.188803822    
   1.2329101562500000      -0.188357413    
   1.2377929687500000      -0.187913477    
   1.2426757812500000      -0.187471956    
   1.2475585937500000      -0.187032878    
   1.2524414062500000      -0.186596155    
   1.2573242187500000      -0.186161816    
   1.2622070312500000      -0.185729831    
   1.2670898437500000      -0.185300201    
   1.2719726562500000      -0.184872866    
   1.2768554687500000      -0.184447825    
   1.2817382812500000      -0.184025109    
   1.2866210937500000      -0.183604628    
   1.2915039062500000      -0.183186412    
   1.2963867187500000      -0.182770401    
   1.3012695312500000      -0.182356626    
   1.3061523437500000      -0.181945056    
   1.3110351562500000      -0.181535661    
   1.3159179687500000      -0.181128442    
   1.3208007812500000      -0.180723369    
   1.3256835937500000      -0.180320442    
   1.3305664062500000      -0.179919600    
   1.3354492187500000      -0.179520905    
   1.3403320312500000      -0.179124266    
   1.3452148437500000      -0.178729713    
   1.3500976562500000      -0.178337216    
   1.3549804687500000      -0.177946776    
   1.3598632812500000      -0.177558333    
   1.3647460937500000      -0.177171916    
   1.3696289062500000      -0.176787525    
   1.3745117187500000      -0.176405072    
   1.3793945312500000      -0.176024616    
   1.3842773437500000      -0.175646126    
   1.3891601562500000      -0.175269544    
   1.3940429687500000      -0.174894929    
   1.3989257812500000      -0.174522191    
   1.4038085937500000      -0.174151391    
   1.4086914062500000      -0.173782438    
   1.4135742187500000      -0.173415393    
   1.4184570312500000      -0.173050195    
   1.4233398437500000      -0.172686845    
   1.4282226562500000      -0.172325313    
   1.4331054687500000      -0.171965599    
   1.4379882812500000      -0.171607733    
   1.4428710937500000      -0.171251625    
   1.4477539062500000      -0.170897305    
   1.4526367187500000      -0.170544773    
   1.4575195312500000      -0.170194000    
   1.4624023437500000      -0.169844955    
   1.4672851562500000      -0.169497639    
   1.4721679687500000      -0.169152051    
   1.4770507812500000      -0.168808192    
   1.4819335937500000      -0.168466002    
   1.4868164062500000      -0.168125510    
   1.4916992187500000      -0.167786717    
   1.4965820312500000      -0.167449564    
   1.5014648437500000      -0.167114079    
   1.5063476562500000      -0.166780204    
   1.5112304687500000      -0.166447967    
   1.5161132812500000      -0.166117370    
   1.5209960937500000      -0.165788382    
   1.5258789062500000      -0.165460974    
   1.5307617187500000      -0.165135145    
   1.5356445312500000      -0.164810926    
   1.5405273437500000      -0.164488226    
   1.5454101562500000      -0.164167106    
   1.5502929687500000      -0.163847536    
   1.5551757812500000      -0.163529485    
   1.5600585937500000      -0.163212985    
   1.5649414062500000      -0.162897974    
   1.5698242187500000      -0.162584454    
   1.5747070312500000      -0.162272453    
   1.5795898437500000      -0.161961943    
   1.5844726562500000      -0.161652893    
   1.5893554687500000      -0.161345303    
   1.5942382812500000      -0.161039174    
   1.5991210937500000      -0.160734475    
   1.6040039062500000      -0.160431236    
   1.6088867187500000      -0.160129428    
   1.6137695312500000      -0.159829021    
   1.6186523437500000      -0.159530014    
   1.6235351562500000      -0.159232408    
   1.6284179687500000      -0.158936203    
   1.6333007812500000      -0.158641398    
   1.6381835937500000      -0.158347934    
   1.6430664062500000      -0.158055842    
   1.6479492187500000      -0.157765120    
   1.6528320312500000      -0.157475740    
   1.6577148437500000      -0.157187670    
   1.6625976562500000      -0.156900972    
   1.6674804687500000      -0.156615555    
   1.6723632812500000      -0.156331480    
   1.6772460937500000      -0.156048715    
   1.6821289062500000      -0.155767202    
   1.6870117187500000      -0.155487031    
   1.6918945312500000      -0.155208111    
   1.6967773437500000      -0.154930472    
   1.7016601562500000      -0.154654086    
   1.7065429687500000      -0.154378980    
   1.7114257812500000      -0.154105097    
   1.7163085937500000      -0.153832465    
   1.7211914062500000      -0.153561056    
   1.7260742187500000      -0.153290898    
   1.7309570312500000      -0.153021932    
   1.7358398437500000      -0.152754188    
   1.7407226562500000      -0.152487665    
   1.7456054687500000      -0.152222306    
   1.7504882812500000      -0.151958168    
   1.7553710937500000      -0.151695192    
   1.7602539062500000      -0.151433408    
   1.7651367187500000      -0.151172757    
   1.7700195312500000      -0.150913298    
   1.7749023437500000      -0.150654972    
   1.7797851562500000      -0.150397807    
   1.7846679687500000      -0.150141776    
   1.7895507812500000      -0.149886906    
   1.7944335937500000      -0.149633139    
   1.7993164062500000      -0.149380475    
   1.8041992187500000      -0.149128944    
   1.8090820312500000      -0.148878515    
   1.8139648437500000      -0.148629189    
   1.8188476562500000      -0.148380935    
   1.8237304687500000      -0.148133785    
   1.8286132812500000      -0.147887737    
   1.8334960937500000      -0.147642732    
   1.8383789062500000      -0.147398800    
   1.8432617187500000      -0.147155941    
   1.8481445312500000      -0.146914124    
   1.8530273437500000      -0.146673381    
   1.8579101562500000      -0.146433651    
   1.8627929687500000      -0.146194994    
   1.8676757812500000      -0.145957351    
   1.8725585937500000      -0.145720720    
   1.8774414062500000      -0.145485133    
   1.8823242187500000      -0.145250529    
   1.8872070312500000      -0.145016968    
   1.8920898437500000      -0.144784391    
   1.8969726562500000      -0.144552797    
   1.9018554687500000      -0.144322217    
   1.9067382812500000      -0.144092619    
   1.9116210937500000      -0.143864006    
   1.9165039062500000      -0.143636346    
   1.9213867187500000      -0.143409669    
   1.9262695312500000      -0.143183947    
   1.9311523437500000      -0.142959207    
   1.9360351562500000      -0.142735392    
   1.9409179687500000      -0.142512530    
   1.9458007812500000      -0.142290622    
   1.9506835937500000      -0.142069638    
   1.9555664062500000      -0.141849607    
   1.9604492187500000      -0.141630501    
   1.9653320312500000      -0.141412288    
   1.9702148437500000      -0.141194999    
   1.9750976562500000      -0.140978634    
   1.9799804687500000      -0.140763193    
   1.9848632812500000      -0.140548617    
   1.9897460937500000      -0.140334964    
   1.9946289062500000      -0.140122205    
   1.9995117187500000      -0.139910311    
   2.0043945312500000      -0.139699310    
   2.0092773437500000      -0.139489204    
   2.0141601562500000      -0.139279962    
   2.0190429687500000      -0.139071554    
   2.0239257812500000      -0.138864040    
   2.0288085937500000      -0.138657391    
   2.0336914062500000      -0.138451606    
   2.0385742187500000      -0.138246626    
   2.0434570312500000      -0.138042539    
   2.0483398437500000      -0.137839258    
   2.0532226562500000      -0.137636840    
   2.0581054687500000      -0.137435228    
   2.0629882812500000      -0.137234479    
   2.0678710937500000      -0.137034535    
   2.0727539062500000      -0.136835396    
   2.0776367187500000      -0.136637092    
   2.0825195312500000      -0.136439592    
   2.0874023437500000      -0.136242896    
   2.0922851562500000      -0.136047006    
   2.0971679687500000      -0.135851890    
   2.1020507812500000      -0.135657609    
   2.1069335937500000      -0.135464072    
   2.1118164062500000      -0.135271370    
   2.1166992187500000      -0.135079414    
   2.1215820312500000      -0.134888262    
   2.1264648437500000      -0.134697855    
   2.1313476562500000      -0.134508252    
   2.1362304687500000      -0.134319395    
   2.1411132812500000      -0.134131283    
   2.1459960937500000      -0.133943945    
   2.1508789062500000      -0.133757383    
   2.1557617187500000      -0.133571535    
   2.1606445312500000      -0.133386463    
   2.1655273437500000      -0.133202136    
   2.1704101562500000      -0.133018523    
   2.1752929687500000      -0.132835656    
   2.1801757812500000      -0.132653534    
   2.1850585937500000      -0.132472128    
   2.1899414062500000      -0.132291436    
   2.1948242187500000      -0.132111490    
   2.1997070312500000      -0.131932259    
   2.2045898437500000      -0.131753713    
   2.2094726562500000      -0.131575912    
   2.2143554687500000      -0.131398797    
   2.2192382812500000      -0.131222397    
   2.2241210937500000      -0.131046683    
   2.2290039062500000      -0.130871683    
   2.2338867187500000      -0.130697370    
   2.2387695312500000      -0.130523741    
   2.2436523437500000      -0.130350798    
   2.2485351562500000      -0.130178571    
   2.2534179687500000      -0.130006999    
   2.2583007812500000      -0.129836082    
   2.2631835937500000      -0.129665881    
   2.2680664062500000      -0.129496306    
   2.2729492187500000      -0.129327446    
   2.2778320312500000      -0.129159212    
   2.2827148437500000      -0.128991663    
   2.2875976562500000      -0.128824741    
   2.2924804687500000      -0.128658503    
   2.2973632812500000      -0.128492922    
   2.3022460937500000      -0.128327966    
   2.3071289062500000      -0.128163666    
   2.3120117187500000      -0.128000021    
   2.3168945312500000      -0.127837002    
   2.3217773437500000      -0.127674609    
   2.3266601562500000      -0.127512872    
   2.3315429687500000      -0.127351761    
   2.3364257812500000      -0.127191275    
   2.3413085937500000      -0.127031386    
   2.3461914062500000      -0.126872152    
   2.3510742187500000      -0.126713544    
   2.3559570312500000      -0.126555532    
   2.3608398437500000      -0.126398116    
   2.3657226562500000      -0.126241356    
   2.3706054687500000      -0.126085162    
   2.3754882812500000      -0.125929594    
   2.3803710937500000      -0.125774622    
   2.3852539062500000      -0.125620276    
   2.3901367187500000      -0.125466496    
   2.3950195312500000      -0.125313312    
   2.3999023437500000      -0.125160724    
   2.4047851562500000      -0.125008732    
   2.4096679687500000      -0.124857336    
   2.4145507812500000      -0.124706507    
   2.4194335937500000      -0.124556243    
   2.4243164062500000      -0.124406606    
   2.4291992187500000      -0.124257505    
   2.4340820312500000      -0.124108970    
   2.4389648437500000      -0.123961031    
   2.4438476562500000      -0.123813659    
   2.4487304687500000      -0.123666853    
   2.4536132812500000      -0.123520583    
   2.4584960937500000      -0.123374909    
   2.4633789062500000      -0.123229772    
   2.4682617187500000      -0.123085201    
   2.4731445312500000      -0.122941196    
   2.4780273437500000      -0.122797728    
   2.4829101562500000      -0.122654796    
   2.4877929687500000      -0.122512430    
   2.4926757812500000      -0.122370601    
   2.4975585937500000      -0.122229308    
   2.5024414062500000      -0.122088552    
   2.5073242187500000      -0.121948332    
   2.5122070312500000      -0.121808648    
   2.5170898437500000      -0.121669501    
   2.5219726562500000      -0.121530890    
   2.5268554687500000      -0.121392816    
   2.5317382812500000      -0.121255249    
   2.5366210937500000      -0.121118218    
   2.5415039062500000      -0.120981693    
   2.5463867187500000      -0.120845705    
   2.5512695312500000      -0.120710224    
   2.5561523437500000      -0.120575249    
   2.5610351562500000      -0.120440811    
   2.5659179687500000      -0.120306849    
   2.5708007812500000      -0.120173424    
   2.5756835937500000      -0.120040506    
   2.5805664062500000      -0.119908065    
   2.5854492187500000      -0.119776160    
   2.5903320312500000      -0.119644731    
   2.5952148437500000      -0.119513810    
   2.6000976562500000      -0.119383395    
   2.6049804687500000      -0.119253457    
   2.6098632812500000      -0.119123995    
   2.6147460937500000      -0.118995041    
   2.6196289062500000      -0.118866593    
   2.6245117187500000      -0.118738621    
   2.6293945312500000      -0.118611127    
   2.6342773437500000      -0.118484110    
   2.6391601562500000      -0.118357569    
   2.6440429687500000      -0.118231535    
   2.6489257812500000      -0.118105948    
   2.6538085937500000      -0.117980838    
   2.6586914062500000      -0.117856205    
   2.6635742187500000      -0.117732048    
   2.6684570312500000      -0.117608368    
   2.6733398437500000      -0.117485136    
   2.6782226562500000      -0.117362380    
   2.6831054687500000      -0.117240071    
   2.6879882812500000      -0.117118239    
   2.6928710937500000      -0.116996855    
   2.6977539062500000      -0.116875947    
   2.7026367187500000      -0.116755486    
   2.7075195312500000      -0.116635472    
   2.7124023437500000      -0.116515905    
   2.7172851562500000      -0.116396815    
   2.7221679687500000      -0.116278142    
   2.7270507812500000      -0.116159946    
   2.7319335937500000      -0.116042167    
   2.7368164062500000      -0.115924835    
   2.7416992187500000      -0.115807980    
   2.7465820312500000      -0.115691543    
   2.7514648437500000      -0.115575522    
   2.7563476562500000      -0.115459979    
   2.7612304687500000      -0.115344852    
   2.7661132812500000      -0.115230143    
   2.7709960937500000      -0.115115881    
   2.7758789062500000      -0.115002036    
   2.7807617187500000      -0.114888638    
   2.7856445312500000      -0.114775658    
   2.7905273437500000      -0.114663124    
   2.7954101562500000      -0.114550978    
   2.8002929687500000      -0.114439279    
   2.8051757812500000      -0.114327997    
   2.8100585937500000      -0.114217132    
   2.8149414062500000      -0.114106685    
   2.8198242187500000      -0.113996655    
   2.8247070312500000      -0.113887042    
   2.8295898437500000      -0.113777816    
   2.8344726562500000      -0.113669038    
   2.8393554687500000      -0.113560647    
   2.8442382812500000      -0.113452673    
   2.8491210937500000      -0.113345116    
   2.8540039062500000      -0.113237947    
   2.8588867187500000      -0.113131195    
   2.8637695312500000      -0.113024831    
   2.8686523437500000      -0.112918884    
   2.8735351562500000      -0.112813324    
   2.8784179687500000      -0.112708181    
   2.8833007812500000      -0.112603426    
   2.8881835937500000      -0.112499058    
   2.8930664062500000      -0.112395078    
   2.8979492187500000      -0.112291485    
   2.9028320312500000      -0.112188309    
   2.9077148437500000      -0.112085521    
   2.9125976562500000      -0.111983120    
   2.9174804687500000      -0.111881077    
   2.9223632812500000      -0.111779451    
   2.9272460937500000      -0.111678183    
   2.9321289062500000      -0.111577332    
   2.9370117187500000      -0.111476839    
   2.9418945312500000      -0.111376733    
   2.9467773437500000      -0.111277014    
   2.9516601562500000      -0.111177653    
   2.9565429687500000      -0.111078680    
   2.9614257812500000      -0.110980093    
   2.9663085937500000      -0.110881865    
   2.9711914062500000      -0.110783994    
   2.9760742187500000      -0.110686511    
   2.9809570312500000      -0.110589415    
   2.9858398437500000      -0.110492676    
   2.9907226562500000      -0.110396296    
   2.9956054687500000      -0.110300273    
   3.0004882812500000      -0.110204637    
   3.0053710937500000      -0.110109359    
   3.0102539062500000      -0.110014439    
   3.0151367187500000      -0.109919876    
   3.0200195312500000      -0.109825671    
   3.0249023437500000      -0.109731853    
   3.0297851562500000      -0.109638363    
   3.0346679687500000      -0.109545231    
   3.0395507812500000      -0.109452456    
   3.0444335937500000      -0.109360069    
   3.0493164062500000      -0.109267980    
   3.0541992187500000      -0.109176278    
   3.0590820312500000      -0.109084934    
   3.0639648437500000      -0.108993918    
   3.0688476562500000      -0.108903259    
   3.0737304687500000      -0.108812928    
   3.0786132812500000      -0.108722955    
   3.0834960937500000      -0.108633339    
   3.0883789062500000      -0.108544052    
   3.0932617187500000      -0.108455122    
   3.0981445312500000      -0.108366519    
   3.1030273437500000      -0.108278275    
   3.1079101562500000      -0.108190358    
   3.1127929687500000      -0.108102769    
   3.1176757812500000      -0.108015537    
   3.1225585937500000      -0.107928634    
   3.1274414062500000      -0.107842058    
   3.1323242187500000      -0.107755810    
   3.1372070312500000      -0.107669920    
   3.1420898437500000      -0.107584357    
   3.1469726562500000      -0.107499093    
   3.1518554687500000      -0.107414186    
   3.1567382812500000      -0.107329607    
   3.1616210937500000      -0.107245356    
   3.1665039062500000      -0.107161433    
   3.1713867187500000      -0.107077837    
   3.1762695312500000      -0.106994539    
   3.1811523437500000      -0.106911600    
   3.1860351562500000      -0.106828958    
   3.1909179687500000      -0.106746644    
   3.1958007812500000      -0.106664658    
   3.2006835937500000      -0.106582999    
   3.2055664062500000      -0.106501639    
   3.2104492187500000      -0.106420606    
   3.2153320312500000      -0.106339902    
   3.2202148437500000      -0.106259495    
   3.2250976562500000      -0.106179416    
   3.2299804687500000      -0.106099635    
   3.2348632812500000      -0.106020182    
   3.2397460937500000      -0.105941027    
   3.2446289062500000      -0.105862200    
   3.2495117187500000      -0.105783671    
   3.2543945312500000      -0.105705470    
   3.2592773437500000      -0.105627567    
   3.2641601562500000      -0.105549961    
   3.2690429687500000      -0.105472654    
   3.2739257812500000      -0.105395675    
   3.2788085937500000      -0.105318993    
   3.2836914062500000      -0.105242610    
   3.2885742187500000      -0.105166525    
   3.2934570312500000      -0.105090767    
   3.2983398437500000      -0.105015278    
   3.3032226562500000      -0.104940116    
   3.3081054687500000      -0.104865253    
   3.3129882812500000      -0.104790658    
   3.3178710937500000      -0.104716390    
   3.3227539062500000      -0.104642421    
   3.3276367187500000      -0.104568720    
   3.3325195312500000      -0.104495347    
   3.3374023437500000      -0.104422241    
   3.3422851562500000      -0.104349464    
   3.3471679687500000      -0.104276955    
   3.3520507812500000      -0.104204714    
   3.3569335937500000      -0.104132801    
   3.3618164062500000      -0.104061157    
   3.3666992187500000      -0.103989840    
   3.3715820312500000      -0.103918761    
   3.3764648437500000      -0.103848010    
   3.3813476562500000      -0.103777528    
   3.3862304687500000      -0.103707314    
   3.3911132812500000      -0.103637427    
   3.3959960937500000      -0.103567809    
   3.4008789062500000      -0.103498459    
   3.4057617187500000      -0.103429407    
   3.4106445312500000      -0.103360623    
   3.4155273437500000      -0.103292137    
   3.4204101562500000      -0.103223920    
   3.4252929687500000      -0.103155971    
   3.4301757812500000      -0.103088319    
   3.4350585937500000      -0.103020966    
   3.4399414062500000      -0.102953851    
   3.4448242187500000      -0.102887034    
   3.4497070312500000      -0.102820486    
   3.4545898437500000      -0.102754235    
   3.4594726562500000      -0.102688253    
   3.4643554687500000      -0.102622509    
   3.4692382812500000      -0.102557093    
   3.4741210937500000      -0.102491915    
   3.4790039062500000      -0.102427006    
   3.4838867187500000      -0.102362365    
   3.4887695312500000      -0.102298021    
   3.4936523437500000      -0.102233946    
   3.4985351562500000      -0.102170110    
   3.5034179687500000      -0.102106571    
   3.5083007812500000      -0.102043271    
   3.5131835937500000      -0.101980269    
   3.5180664062500000      -0.101917535    
   3.5229492187500000      -0.101855040    
   3.5278320312500000      -0.101792812    
   3.5327148437500000      -0.101730883    
   3.5375976562500000      -0.101669192    
   3.5424804687500000      -0.101607740    
   3.5473632812500000      -0.101546586    
   3.5522460937500000      -0.101485699    
   3.5571289062500000      -0.101425052    
   3.5620117187500000      -0.101364672    
   3.5668945312500000      -0.101304561    
   3.5717773437500000      -0.101244688    
   3.5766601562500000      -0.101185083    
   3.5815429687500000      -0.101125747    
   3.5864257812500000      -0.101066649    
   3.5913085937500000      -0.101007819    
   3.5961914062500000      -0.100949258    
   3.6010742187500000      -0.100890934    
   3.6059570312500000      -0.100832880    
   3.6108398437500000      -0.100775063    
   3.6157226562500000      -0.100717515    
   3.6206054687500000      -0.100660205    
   3.6254882812500000      -0.100603163    
   3.6303710937500000      -0.100546360    
   3.6352539062500000      -0.100489825    
   3.6401367187500000      -0.100433528    
   3.6450195312500000      -0.100377470    
   3.6499023437500000      -0.100321680    
   3.6547851562500000      -0.100266129    
   3.6596679687500000      -0.100210845    
   3.6645507812500000      -0.100155801    
   3.6694335937500000      -0.100100994    
   3.6743164062500000      -0.100046426    
   3.6791992187500000       -9.99921262E-02
   3.6840820312500000       -9.99380648E-02
   3.6889648437500000       -9.98842418E-02
   3.6938476562500000       -9.98306572E-02
   3.6987304687500000       -9.97773409E-02
   3.7036132812500000       -9.97242332E-02
   3.7084960937500000       -9.96713936E-02
   3.7133789062500000       -9.96187925E-02
   3.7182617187500000       -9.95664299E-02
   3.7231445312500000       -9.95143056E-02
   3.7280273437500000       -9.94624197E-02
   3.7329101562500000       -9.94108021E-02
   3.7377929687500000       -9.93593931E-02
   3.7426757812500000       -9.93082225E-02
   3.7475585937500000       -9.92573202E-02
   3.7524414062500000       -9.92066264E-02
   3.7573242187500000       -9.91561711E-02
   3.7622070312500000       -9.91059840E-02
   3.7670898437500000       -9.90560055E-02
   3.7719726562500000       -9.90062654E-02
   3.7768554687500000       -9.89567637E-02
   3.7817382812500000       -9.89075005E-02
   3.7866210937500000       -9.88584757E-02
   3.7915039062500000       -9.88096595E-02
   3.7963867187500000       -9.87611115E-02
   3.8012695312500000       -9.87127721E-02
   3.8061523437500000       -9.86646712E-02
   3.8110351562500000       -9.86168087E-02
   3.8159179687500000       -9.85691845E-02
   3.8208007812500000       -9.85217690E-02
   3.8256835937500000       -9.84745920E-02
   3.8305664062500000       -9.84276533E-02
   3.8354492187500000       -9.83809531E-02
   3.8403320312500000       -9.83344615E-02
   3.8452148437500000       -9.82882082E-02
   3.8500976562500000       -9.82421637E-02
   3.8549804687500000       -9.81963873E-02
   3.8598632812500000       -9.81507897E-02
   3.8647460937500000       -9.81054604E-02
   3.8696289062500000       -9.80603397E-02
   3.8745117187500000       -9.80154574E-02
   3.8793945312500000       -9.79707837E-02
   3.8842773437500000       -9.79263484E-02
   3.8891601562500000       -9.78821218E-02
   3.8940429687500000       -9.78381336E-02
   3.8989257812500000       -9.77943540E-02
   3.9038085937500000       -9.77508128E-02
   3.9086914062500000       -9.77075100E-02
   3.9135742187500000       -9.76644158E-02
   3.9184570312500000       -9.76215303E-02
   3.9233398437500000       -9.75788832E-02
   3.9282226562500000       -9.75364447E-02
   3.9331054687500000       -9.74942148E-02
   3.9379882812500000       -9.74522233E-02
   3.9428710937500000       -9.74104702E-02
   3.9477539062500000       -9.73688960E-02
   3.9526367187500000       -9.73275900E-02
   3.9575195312500000       -9.72864628E-02
   3.9624023437500000       -9.72455740E-02
   3.9672851562500000       -9.72048938E-02
   3.9721679687500000       -9.71644223E-02
   3.9770507812500000       -9.71241891E-02
   3.9819335937500000       -9.70841646E-02
   3.9868164062500000       -9.70443487E-02
   3.9916992187500000       -9.70047712E-02
   3.9965820312500000       -9.69653726E-02
   4.0014648437500000       -9.69262123E-02
   4.0063476562500000       -9.68872905E-02
   4.0112304687500000       -9.68485475E-02
   4.0161132812500000       -9.68100131E-02
   4.0209960937500000       -9.67717171E-02
   4.0258789062500000       -9.67336297E-02
   4.0307617187500000       -9.66957510E-02
   4.0356445312500000       -9.66580808E-02
   4.0405273437500000       -9.66206491E-02
   4.0454101562500000       -9.65833962E-02
   4.0502929687500000       -9.65463817E-02
   4.0551757812500000       -9.65095758E-02
   4.0600585937500000       -9.64729488E-02
   4.0649414062500000       -9.64365602E-02
   4.0698242187500000       -9.64003801E-02
   4.0747070312500000       -9.63644087E-02
   4.0795898437500000       -9.63286459E-02
   4.0844726562500000       -9.62930918E-02
   4.0893554687500000       -9.62577462E-02
   4.0942382812500000       -9.62226093E-02
   4.0991210937500000       -9.61876810E-02
   4.1040039062500000       -9.61529613E-02
   4.1088867187500000       -9.61184502E-02
   4.1137695312500000       -9.60841477E-02
   4.1186523437500000       -9.60500240E-02
   4.1235351562500000       -9.60161388E-02
   4.1284179687500000       -9.59824622E-02
   4.1333007812500000       -9.59489644E-02
   4.1381835937500000       -9.59157050E-02
   4.1430664062500000       -9.58826244E-02
   4.1479492187500000       -9.58497822E-02
   4.1528320312500000       -9.58171189E-02
   4.1577148437500000       -9.57846642E-02
   4.1625976562500000       -9.57524180E-02
   4.1674804687500000       -9.57203805E-02
   4.1723632812500000       -9.56885219E-02
   4.1772460937500000       -9.56568718E-02
   4.1821289062500000       -9.56254601E-02
   4.1870117187500000       -9.55942273E-02
   4.1918945312500000       -9.55631733E-02
   4.1967773437500000       -9.55323577E-02
   4.2016601562500000       -9.55017209E-02
   4.2065429687500000       -9.54712927E-02
   4.2114257812500000       -9.54410732E-02
   4.2163085937500000       -9.54110622E-02
   4.2211914062500000       -9.53812301E-02
   4.2260742187500000       -9.53516066E-02
   4.2309570312500000       -9.53221917E-02
   4.2358398437500000       -9.52929854E-02
   4.2407226562500000       -9.52639580E-02
   4.2456054687500000       -9.52351391E-02
   4.2504882812500000       -9.52064991E-02
   4.2553710937500000       -9.51780677E-02
   4.2602539062500000       -9.51498449E-02
   4.2651367187500000       -9.51218307E-02
   4.2700195312500000       -9.50939953E-02
   4.2749023437500000       -9.50663686E-02
   4.2797851562500000       -9.50389206E-02
   4.2846679687500000       -9.50117111E-02
   4.2895507812500000       -9.49846506E-02
   4.2944335937500000       -9.49578285E-02
   4.2993164062500000       -9.49311554E-02
   4.3041992187500000       -9.49047208E-02
   4.3090820312500000       -9.48784649E-02
   4.3139648437500000       -9.48524177E-02
   4.3188476562500000       -9.48265493E-02
   4.3237304687500000       -9.48008895E-02
   4.3286132812500000       -9.47754085E-02
   4.3334960937500000       -9.47501361E-02
   4.3383789062500000       -9.47250426E-02
   4.3432617187500000       -9.47001576E-02
   4.3481445312500000       -9.46754515E-02
   4.3530273437500000       -9.46509540E-02
   4.3579101562500000       -9.46266651E-02
   4.3627929687500000       -9.46025550E-02
   4.3676757812500000       -9.45786238E-02
   4.3725585937500000       -9.45549011E-02
   4.3774414062500000       -9.45313573E-02
   4.3823242187500000       -9.45080221E-02
   4.3872070312500000       -9.44848657E-02
   4.3920898437500000       -9.44619179E-02
   4.3969726562500000       -9.44391489E-02
   4.4018554687500000       -9.44165885E-02
   4.4067382812500000       -9.43942070E-02
   4.4116210937500000       -9.43720043E-02
   4.4165039062500000       -9.43500102E-02
   4.4213867187500000       -9.43281949E-02
   4.4262695312500000       -9.43065882E-02
   4.4311523437500000       -9.42851603E-02
   4.4360351562500000       -9.42639410E-02
   4.4409179687500000       -9.42429006E-02
   4.4458007812500000       -9.42220390E-02
   4.4506835937500000       -9.42013562E-02
   4.4555664062500000       -9.41808820E-02
   4.4604492187500000       -9.41606164E-02
   4.4653320312500000       -9.41404998E-02
   4.4702148437500000       -9.41205919E-02
   4.4750976562500000       -9.41008925E-02
   4.4799804687500000       -9.40813422E-02
   4.4848632812500000       -9.40620005E-02
   4.4897460937500000       -9.40428674E-02
   4.4946289062500000       -9.40238833E-02
   4.4995117187500000       -9.40051079E-02
   4.5043945312500000       -9.39865410E-02
   4.5092773437500000       -9.39681232E-02
   4.5141601562500000       -9.39499140E-02
   4.5190429687500000       -9.39318836E-02
   4.5239257812500000       -9.39140618E-02
   4.5288085937500000       -9.38964188E-02
   4.5336914062500000       -9.38789546E-02
   4.5385742187500000       -9.38616693E-02
   4.5434570312500000       -9.38445628E-02
   4.5483398437500000       -9.38276649E-02
   4.5532226562500000       -9.38109457E-02
   4.5581054687500000       -9.37944055E-02
   4.5629882812500000       -9.37780738E-02
   4.5678710937500000       -9.37619209E-02
   4.5727539062500000       -9.37459469E-02
   4.5776367187500000       -9.37301517E-02
   4.5825195312500000       -9.37145352E-02
   4.5874023437500000       -9.36991274E-02
   4.5922851562500000       -9.36838984E-02
   4.5971679687500000       -9.36688483E-02
   4.6020507812500000       -9.36539769E-02
   4.6069335937500000       -9.36393142E-02
   4.6118164062500000       -9.36248004E-02
   4.6166992187500000       -9.36104953E-02
   4.6215820312500000       -9.35963690E-02
   4.6264648437500000       -9.35824513E-02
   4.6313476562500000       -9.35686827E-02
   4.6362304687500000       -9.35551226E-02
   4.6411132812500000       -9.35417116E-02
   4.6459960937500000       -9.35285091E-02
   4.6508789062500000       -9.35154855E-02
   4.6557617187500000       -9.35026705E-02
   4.6606445312500000       -9.34900045E-02
   4.6655273437500000       -9.34775472E-02
   4.6704101562500000       -9.34652388E-02
   4.6752929687500000       -9.34531391E-02
   4.6801757812500000       -9.34412181E-02
   4.6850585937500000       -9.34294760E-02
   4.6899414062500000       -9.34179127E-02
   4.6948242187500000       -9.34065580E-02
   4.6997070312500000       -9.33953524E-02
   4.7045898437500000       -9.33843553E-02
   4.7094726562500000       -9.33735371E-02
   4.7143554687500000       -9.33628976E-02
   4.7192382812500000       -9.33524370E-02
   4.7241210937500000       -9.33421552E-02
   4.7290039062500000       -9.33320522E-02
   4.7338867187500000       -9.33221281E-02
   4.7387695312500000       -9.33124125E-02
   4.7436523437500000       -9.33028460E-02
   4.7485351562500000       -9.32934880E-02
   4.7534179687500000       -9.32842791E-02
   4.7583007812500000       -9.32752788E-02
   4.7631835937500000       -9.32664573E-02
   4.7680664062500000       -9.32578146E-02
   4.7729492187500000       -9.32493508E-02
   4.7778320312500000       -9.32410657E-02
   4.7827148437500000       -9.32329595E-02
   4.7875976562500000       -9.32250619E-02
   4.7924804687500000       -9.32173133E-02
   4.7973632812500000       -9.32097435E-02
   4.8022460937500000       -9.32023823E-02
   4.8071289062500000       -9.31951702E-02
   4.8120117187500000       -9.31881666E-02
   4.8168945312500000       -9.31813419E-02
   4.8217773437500000       -9.31746662E-02
   4.8266601562500000       -9.31681991E-02
   4.8315429687500000       -9.31619108E-02
   4.8364257812500000       -9.31558013E-02
   4.8413085937500000       -9.31498706E-02
   4.8461914062500000       -9.31441188E-02
   4.8510742187500000       -9.31385458E-02
   4.8559570312500000       -9.31331515E-02
   4.8608398437500000       -9.31279361E-02
   4.8657226562500000       -9.31228995E-02
   4.8706054687500000       -9.31180716E-02
   4.8754882812500000       -9.31133926E-02
   4.8803710937500000       -9.31088924E-02
   4.8852539062500000       -9.31046009E-02
   4.8901367187500000       -9.31004584E-02
   4.8950195312500000       -9.30964947E-02
   4.8999023437500000       -9.30927396E-02
   4.9047851562500000       -9.30891335E-02
   4.9096679687500000       -9.30857360E-02
   4.9145507812500000       -9.30824876E-02
   4.9194335937500000       -9.30794477E-02
   4.9243164062500000       -9.30765867E-02
   4.9291992187500000       -9.30738747E-02
   4.9340820312500000       -9.30713713E-02
   4.9389648437500000       -9.30690467E-02
   4.9438476562500000       -9.30668712E-02
   4.9487304687500000       -9.30649042E-02
   4.9536132812500000       -9.30631161E-02
   4.9584960937500000       -9.30615067E-02
   4.9633789062500000       -9.30600464E-02
   4.9682617187500000       -9.30587947E-02
   4.9731445312500000       -9.30577219E-02
   4.9780273437500000       -9.30568278E-02
   4.9829101562500000       -9.30561125E-02
   4.9877929687500000       -9.30555761E-02
   4.9926757812500000       -9.30552185E-02
   4.9975585937500000       -9.30550396E-02
   5.0024414062500000       -9.30550396E-02
   5.0073242187500000       -9.30552185E-02
   5.0122070312500000       -9.30555761E-02
   5.0170898437500000       -9.30561125E-02
   5.0219726562500000       -9.30568278E-02
   5.0268554687500000       -9.30577219E-02
   5.0317382812500000       -9.30587947E-02
   5.0366210937500000       -9.30600464E-02
   5.0415039062500000       -9.30615067E-02
   5.0463867187500000       -9.30631161E-02
   5.0512695312500000       -9.30649042E-02
   5.0561523437500000       -9.30668712E-02
   5.0610351562500000       -9.30690467E-02
   5.0659179687500000       -9.30713713E-02
   5.0708007812500000       -9.30738747E-02
   5.0756835937500000       -9.30765867E-02
   5.0805664062500000       -9.30794477E-02
   5.0854492187500000       -9.30824876E-02
   5.0903320312500000       -9.30857360E-02
   5.0952148437500000       -9.30891335E-02
   5.1000976562500000       -9.30927396E-02
   5.1049804687500000       -9.30964947E-02
   5.1098632812500000       -9.31004584E-02
   5.1147460937500000       -9.31046009E-02
   5.1196289062500000       -9.31088924E-02
   5.1245117187500000       -9.31133926E-02
   5.1293945312500000       -9.31180716E-02
   5.1342773437500000       -9.31228995E-02
   5.1391601562500000       -9.31279361E-02
   5.1440429687500000       -9.31331515E-02
   5.1489257812500000       -9.31385458E-02
   5.1538085937500000       -9.31441188E-02
   5.1586914062500000       -9.31498706E-02
   5.1635742187500000       -9.31558013E-02
   5.1684570312500000       -9.31619108E-02
   5.1733398437500000       -9.31681991E-02
   5.1782226562500000       -9.31746662E-02
   5.1831054687500000       -9.31813419E-02
   5.1879882812500000       -9.31881666E-02
   5.1928710937500000       -9.31951702E-02
   5.1977539062500000       -9.32023823E-02
   5.2026367187500000       -9.32097435E-02
   5.2075195312500000       -9.32173133E-02
   5.2124023437500000       -9.32250619E-02
   5.2172851562500000       -9.32329595E-02
   5.2221679687500000       -9.32410657E-02
   5.2270507812500000       -9.32493508E-02
   5.2319335937500000       -9.32578146E-02
   5.2368164062500000       -9.32664573E-02
   5.2416992187500000       -9.32752788E-02
   5.2465820312500000       -9.32842791E-02
   5.2514648437500000       -9.32934880E-02
   5.2563476562500000       -9.33028460E-02
   5.2612304687500000       -9.33124125E-02
   5.2661132812500000       -9.33221281E-02
   5.2709960937500000       -9.33320522E-02
   5.2758789062500000       -9.33421552E-02
   5.2807617187500000       -9.33524370E-02
   5.2856445312500000       -9.33628976E-02
   5.2905273437500000       -9.33735371E-02
   5.2954101562500000       -9.33843553E-02
   5.3002929687500000       -9.33953524E-02
   5.3051757812500000       -9.34065580E-02
   5.3100585937500000       -9.34179127E-02
   5.3149414062500000       -9.34294760E-02
   5.3198242187500000       -9.34412181E-02
   5.3247070312500000       -9.34531391E-02
   5.3295898437500000       -9.34652388E-02
   5.3344726562500000       -9.34775472E-02
   5.3393554687500000       -9.34900045E-02
   5.3442382812500000       -9.35026705E-02
   5.3491210937500000       -9.35154855E-02
   5.3540039062500000       -9.35285091E-02
   5.3588867187500000       -9.35417116E-02
   5.3637695312500000       -9.35551226E-02
   5.3686523437500000       -9.35686827E-02
   5.3735351562500000       -9.35824513E-02
   5.3784179687500000       -9.35963690E-02
   5.3833007812500000       -9.36104953E-02
   5.3881835937500000       -9.36248004E-02
   5.3930664062500000       -9.36393142E-02
   5.3979492187500000       -9.36539769E-02
   5.4028320312500000       -9.36688483E-02
   5.4077148437500000       -9.36838984E-02
   5.4125976562500000       -9.36991274E-02
   5.4174804687500000       -9.37145352E-02
   5.4223632812500000       -9.37301517E-02
   5.4272460937500000       -9.37459469E-02
   5.4321289062500000       -9.37619209E-02
   5.4370117187500000       -9.37780738E-02
   5.4418945312500000       -9.37944055E-02
   5.4467773437500000       -9.38109457E-02
   5.4516601562500000       -9.38276649E-02
   5.4565429687500000       -9.38445628E-02
   5.4614257812500000       -9.38616693E-02
   5.4663085937500000       -9.38789546E-02
   5.4711914062500000       -9.38964188E-02
   5.4760742187500000       -9.39140618E-02
   5.4809570312500000       -9.39318836E-02
   5.4858398437500000       -9.39499140E-02
   5.4907226562500000       -9.39681232E-02
   5.4956054687500000       -9.39865410E-02
   5.5004882812500000       -9.40051079E-02
   5.5053710937500000       -9.40238833E-02
   5.5102539062500000       -9.40428674E-02
   5.5151367187500000       -9.40620005E-02
   5.5200195312500000       -9.40813422E-02
   5.5249023437500000       -9.41008925E-02
   5.5297851562500000       -9.41205919E-02
   5.5346679687500000       -9.41404998E-02
   5.5395507812500000       -9.41606164E-02
   5.5444335937500000       -9.41808820E-02
   5.5493164062500000       -9.42013562E-02
   5.5541992187500000       -9.42220390E-02
   5.5590820312500000       -9.42429006E-02
   5.5639648437500000       -9.42639410E-02
   5.5688476562500000       -9.42851603E-02
   5.5737304687500000       -9.43065882E-02
   5.5786132812500000       -9.43281949E-02
   5.5834960937500000       -9.43500102E-02
   5.5883789062500000       -9.43720043E-02
   5.5932617187500000       -9.43942070E-02
   5.5981445312500000       -9.44165885E-02
   5.6030273437500000       -9.44391489E-02
   5.6079101562500000       -9.44619179E-02
   5.6127929687500000       -9.44848657E-02
   5.6176757812500000       -9.45080221E-02
   5.6225585937500000       -9.45313573E-02
   5.6274414062500000       -9.45549011E-02
   5.6323242187500000       -9.45786238E-02
   5.6372070312500000       -9.46025550E-02
   5.6420898437500000       -9.46266651E-02
   5.6469726562500000       -9.46509540E-02
   5.6518554687500000       -9.46754515E-02
   5.6567382812500000       -9.47001576E-02
   5.6616210937500000       -9.47250426E-02
   5.6665039062500000       -9.47501361E-02
   5.6713867187500000       -9.47754085E-02
   5.6762695312500000       -9.48008895E-02
   5.6811523437500000       -9.48265493E-02
   5.6860351562500000       -9.48524177E-02
   5.6909179687500000       -9.48784649E-02
   5.6958007812500000       -9.49047208E-02
   5.7006835937500000       -9.49311554E-02
   5.7055664062500000       -9.49578285E-02
   5.7104492187500000       -9.49846506E-02
   5.7153320312500000       -9.50117111E-02
   5.7202148437500000       -9.50389206E-02
   5.7250976562500000       -9.50663686E-02
   5.7299804687500000       -9.50939953E-02
   5.7348632812500000       -9.51218307E-02
   5.7397460937500000       -9.51498449E-02
   5.7446289062500000       -9.51780677E-02
   5.7495117187500000       -9.52064991E-02
   5.7543945312500000       -9.52351391E-02
   5.7592773437500000       -9.52639580E-02
   5.7641601562500000       -9.52929854E-02
   5.7690429687500000       -9.53221917E-02
   5.7739257812500000       -9.53516066E-02
   5.7788085937500000       -9.53812301E-02
   5.7836914062500000       -9.54110622E-02
   5.7885742187500000       -9.54410732E-02
   5.7934570312500000       -9.54712927E-02
   5.7983398437500000       -9.55017209E-02
   5.8032226562500000       -9.55323577E-02
   5.8081054687500000       -9.55631733E-02
   5.8129882812500000       -9.55942273E-02
   5.8178710937500000       -9.56254601E-02
   5.8227539062500000       -9.56568718E-02
   5.8276367187500000       -9.56885219E-02
   5.8325195312500000       -9.57203805E-02
   5.8374023437500000       -9.57524180E-02
   5.8422851562500000       -9.57846642E-02
   5.8471679687500000       -9.58171189E-02
   5.8520507812500000       -9.58497822E-02
   5.8569335937500000       -9.58826244E-02
   5.8618164062500000       -9.59157050E-02
   5.8666992187500000       -9.59489644E-02
   5.8715820312500000       -9.59824622E-02
   5.8764648437500000       -9.60161388E-02
   5.8813476562500000       -9.60500240E-02
   5.8862304687500000       -9.60841477E-02
   5.8911132812500000       -9.61184502E-02
   5.8959960937500000       -9.61529613E-02
   5.9008789062500000       -9.61876810E-02
   5.9057617187500000       -9.62226093E-02
   5.9106445312500000       -9.62577462E-02
   5.9155273437500000       -9.62930918E-02
   5.9204101562500000       -9.63286459E-02
   5.9252929687500000       -9.63644087E-02
   5.9301757812500000       -9.64003801E-02
   5.9350585937500000       -9.64365602E-02
   5.9399414062500000       -9.64729488E-02
   5.9448242187500000       -9.65095758E-02
   5.9497070312500000       -9.65463817E-02
   5.9545898437500000       -9.65833962E-02
   5.9594726562500000       -9.66206491E-02
   5.9643554687500000       -9.66580808E-02
   5.9692382812500000       -9.66957510E-02
   5.9741210937500000       -9.67336297E-02
   5.9790039062500000       -9.67717171E-02
   5.9838867187500000       -9.68100131E-02
   5.9887695312500000       -9.68485475E-02
   5.9936523437500000       -9.68872905E-02
   5.9985351562500000       -9.69262123E-02
   6.0034179687500000       -9.69653726E-02
   6.0083007812500000       -9.70047712E-02
   6.0131835937500000       -9.70443487E-02
   6.0180664062500000       -9.70841646E-02
   6.0229492187500000       -9.71241891E-02
   6.0278320312500000       -9.71644223E-02
   6.0327148437500000       -9.72048938E-02
   6.0375976562500000       -9.72455740E-02
   6.0424804687500000       -9.72864628E-02
   6.0473632812500000       -9.73275900E-02
   6.0522460937500000       -9.73688960E-02
   6.0571289062500000       -9.74104702E-02
   6.0620117187500000       -9.74522233E-02
   6.0668945312500000       -9.74942148E-02
   6.0717773437500000       -9.75364447E-02
   6.0766601562500000       -9.75788832E-02
   6.0815429687500000       -9.76215303E-02
   6.0864257812500000       -9.76644158E-02
   6.0913085937500000       -9.77075100E-02
   6.0961914062500000       -9.77508128E-02
   6.1010742187500000       -9.77943540E-02
   6.1059570312500000       -9.78381336E-02
   6.1108398437500000       -9.78821218E-02
   6.1157226562500000       -9.79263484E-02
   6.1206054687500000       -9.79707837E-02
   6.1254882812500000       -9.80154574E-02
   6.1303710937500000       -9.80603397E-02
   6.1352539062500000       -9.81054604E-02
   6.1401367187500000       -9.81507897E-02
   6.1450195312500000       -9.81963873E-02
   6.1499023437500000       -9.82421637E-02
   6.1547851562500000       -9.82882082E-02
   6.1596679687500000       -9.83344615E-02
   6.1645507812500000       -9.83809531E-02
   6.1694335937500000       -9.84276533E-02
   6.1743164062500000       -9.84745920E-02
   6.1791992187500000       -9.85217690E-02
   6.1840820312500000       -9.85691845E-02
   6.1889648437500000       -9.86168087E-02
   6.1938476562500000       -9.86646712E-02
   6.1987304687500000       -9.87127721E-02
   6.2036132812500000       -9.87611115E-02
   6.2084960937500000       -9.88096595E-02
   6.2133789062500000       -9.88584757E-02
   6.2182617187500000       -9.89075005E-02
   6.2231445312500000       -9.89567637E-02
   6.2280273437500000       -9.90062654E-02
   6.2329101562500000       -9.90560055E-02
   6.2377929687500000       -9.91059840E-02
   6.2426757812500000       -9.91561711E-02
   6.2475585937500000       -9.92066264E-02
   6.2524414062500000       -9.92573202E-02
   6.2573242187500000       -9.93082225E-02
   6.2622070312500000       -9.93593931E-02
   6.2670898437500000       -9.94108021E-02
   6.2719726562500000       -9.94624197E-02
   6.2768554687500000       -9.95143056E-02
   6.2817382812500000       -9.95664299E-02
   6.2866210937500000       -9.96187925E-02
   6.2915039062500000       -9.96713936E-02
   6.2963867187500000       -9.97242332E-02
   6.3012695312500000       -9.97773409E-02
   6.3061523437500000       -9.98306572E-02
   6.3110351562500000       -9.98842418E-02
   6.3159179687500000       -9.99380648E-02
   6.3208007812500000       -9.99921262E-02
   6.3256835937500000      -0.100046426    
   6.3305664062500000      -0.100100994    
   6.3354492187500000      -0.100155801    
   6.3403320312500000      -0.100210845    
   6.3452148437500000      -0.100266129    
   6.3500976562500000      -0.100321680    
   6.3549804687500000      -0.100377470    
   6.3598632812500000      -0.100433528    
   6.3647460937500000      -0.100489825    
   6.3696289062500000      -0.100546360    
   6.3745117187500000      -0.100603163    
   6.3793945312500000      -0.100660205    
   6.3842773437500000      -0.100717515    
   6.3891601562500000      -0.100775063    
   6.3940429687500000      -0.100832880    
   6.3989257812500000      -0.100890934    
   6.4038085937500000      -0.100949258    
   6.4086914062500000      -0.101007819    
   6.4135742187500000      -0.101066649    
   6.4184570312500000      -0.101125747    
   6.4233398437500000      -0.101185083    
   6.4282226562500000      -0.101244688    
   6.4331054687500000      -0.101304561    
   6.4379882812500000      -0.101364672    
   6.4428710937500000      -0.101425052    
   6.4477539062500000      -0.101485699    
   6.4526367187500000      -0.101546586    
   6.4575195312500000      -0.101607740    
   6.4624023437500000      -0.101669192    
   6.4672851562500000      -0.101730883    
   6.4721679687500000      -0.101792812    
   6.4770507812500000      -0.101855040    
   6.4819335937500000      -0.101917535    
   6.4868164062500000      -0.101980269    
   6.4916992187500000      -0.102043271    
   6.4965820312500000      -0.102106571    
   6.5014648437500000      -0.102170110    
   6.5063476562500000      -0.102233946    
   6.5112304687500000      -0.102298021    
   6.5161132812500000      -0.102362365    
   6.5209960937500000      -0.102427006    
   6.5258789062500000      -0.102491915    
   6.5307617187500000      -0.102557093    
   6.5356445312500000      -0.102622509    
   6.5405273437500000      -0.102688253    
   6.5454101562500000      -0.102754235    
   6.5502929687500000      -0.102820486    
   6.5551757812500000      -0.102887034    
   6.5600585937500000      -0.102953851    
   6.5649414062500000      -0.103020966    
   6.5698242187500000      -0.103088319    
   6.5747070312500000      -0.103155971    
   6.5795898437500000      -0.103223920    
   6.5844726562500000      -0.103292137    
   6.5893554687500000      -0.103360623    
   6.5942382812500000      -0.103429407    
   6.5991210937500000      -0.103498459    
   6.6040039062500000      -0.103567809    
   6.6088867187500000      -0.103637427    
   6.6137695312500000      -0.103707314    
   6.6186523437500000      -0.103777528    
   6.6235351562500000      -0.103848010    
   6.6284179687500000      -0.103918761    
   6.6333007812500000      -0.103989840    
   6.6381835937500000      -0.104061157    
   6.6430664062500000      -0.104132801    
   6.6479492187500000      -0.104204714    
   6.6528320312500000      -0.104276955    
   6.6577148437500000      -0.104349464    
   6.6625976562500000      -0.104422241    
   6.6674804687500000      -0.104495347    
   6.6723632812500000      -0.104568720    
   6.6772460937500000      -0.104642421    
   6.6821289062500000      -0.104716390    
   6.6870117187500000      -0.104790658    
   6.6918945312500000      -0.104865253    
   6.6967773437500000      -0.104940116    
   6.7016601562500000      -0.105015278    
   6.7065429687500000      -0.105090767    
   6.7114257812500000      -0.105166525    
   6.7163085937500000      -0.105242610    
   6.7211914062500000      -0.105318993    
   6.7260742187500000      -0.105395675    
   6.7309570312500000      -0.105472654    
   6.7358398437500000      -0.105549961    
   6.7407226562500000      -0.105627567    
   6.7456054687500000      -0.105705470    
   6.7504882812500000      -0.105783671    
   6.7553710937500000      -0.105862200    
   6.7602539062500000      -0.105941027    
   6.7651367187500000      -0.106020182    
   6.7700195312500000      -0.106099635    
   6.7749023437500000      -0.106179416    
   6.7797851562500000      -0.106259495    
   6.7846679687500000      -0.106339902    
   6.7895507812500000      -0.106420606    
   6.7944335937500000      -0.106501639    
   6.7993164062500000      -0.106582999    
   6.8041992187500000      -0.106664658    
   6.8090820312500000      -0.106746644    
   6.8139648437500000      -0.106828958    
   6.8188476562500000      -0.106911600    
   6.8237304687500000      -0.106994539    
   6.8286132812500000      -0.107077837    
   6.8334960937500000      -0.107161433    
   6.8383789062500000      -0.107245356    
   6.8432617187500000      -0.107329607    
   6.8481445312500000      -0.107414186    
   6.8530273437500000      -0.107499093    
   6.8579101562500000      -0.107584357    
   6.8627929687500000      -0.107669920    
   6.8676757812500000      -0.107755810    
   6.8725585937500000      -0.107842058    
   6.8774414062500000      -0.107928634    
   6.8823242187500000      -0.108015537    
   6.8872070312500000      -0.108102769    
   6.8920898437500000      -0.108190358    
   6.8969726562500000      -0.108278275    
   6.9018554687500000      -0.108366519    
   6.9067382812500000      -0.108455122    
   6.9116210937500000      -0.108544052    
   6.9165039062500000      -0.108633339    
   6.9213867187500000      -0.108722955    
   6.9262695312500000      -0.108812928    
   6.9311523437500000      -0.108903259    
   6.9360351562500000      -0.108993918    
   6.9409179687500000      -0.109084934    
   6.9458007812500000      -0.109176278    
   6.9506835937500000      -0.109267980    
   6.9555664062500000      -0.109360069    
   6.9604492187500000      -0.109452456    
   6.9653320312500000      -0.109545231    
   6.9702148437500000      -0.109638363    
   6.9750976562500000      -0.109731853    
   6.9799804687500000      -0.109825671    
   6.9848632812500000      -0.109919876    
   6.9897460937500000      -0.110014439    
   6.9946289062500000      -0.110109359    
   6.9995117187500000      -0.110204637    
   7.0043945312500000      -0.110300273    
   7.0092773437500000      -0.110396296    
   7.0141601562500000      -0.110492676    
   7.0190429687500000      -0.110589415    
   7.0239257812500000      -0.110686511    
   7.0288085937500000      -0.110783994    
   7.0336914062500000      -0.110881865    
   7.0385742187500000      -0.110980093    
   7.0434570312500000      -0.111078680    
   7.0483398437500000      -0.111177653    
   7.0532226562500000      -0.111277014    
   7.0581054687500000      -0.111376733    
   7.0629882812500000      -0.111476839    
   7.0678710937500000      -0.111577332    
   7.0727539062500000      -0.111678183    
   7.0776367187500000      -0.111779451    
   7.0825195312500000      -0.111881077    
   7.0874023437500000      -0.111983120    
   7.0922851562500000      -0.112085521    
   7.0971679687500000      -0.112188309    
   7.1020507812500000      -0.112291485    
   7.1069335937500000      -0.112395078    
   7.1118164062500000      -0.112499058    
   7.1166992187500000      -0.112603426    
   7.1215820312500000      -0.112708181    
   7.1264648437500000      -0.112813324    
   7.1313476562500000      -0.112918884    
   7.1362304687500000      -0.113024831    
   7.1411132812500000      -0.113131195    
   7.1459960937500000      -0.113237947    
   7.1508789062500000      -0.113345116    
   7.1557617187500000      -0.113452673    
   7.1606445312500000      -0.113560647    
   7.1655273437500000      -0.113669038    
   7.1704101562500000      -0.113777816    
   7.1752929687500000      -0.113887042    
   7.1801757812500000      -0.113996655    
   7.1850585937500000      -0.114106685    
   7.1899414062500000      -0.114217132    
   7.1948242187500000      -0.114327997    
   7.1997070312500000      -0.114439279    
   7.2045898437500000      -0.114550978    
   7.2094726562500000      -0.114663124    
   7.2143554687500000      -0.114775658    
   7.2192382812500000      -0.114888638    
   7.2241210937500000      -0.115002036    
   7.2290039062500000      -0.115115881    
   7.2338867187500000      -0.115230143    
   7.2387695312500000      -0.115344852    
   7.2436523437500000      -0.115459979    
   7.2485351562500000      -0.115575522    
   7.2534179687500000      -0.115691543    
   7.2583007812500000      -0.115807980    
   7.2631835937500000      -0.115924835    
   7.2680664062500000      -0.116042167    
   7.2729492187500000      -0.116159946    
   7.2778320312500000      -0.116278142    
   7.2827148437500000      -0.116396815    
   7.2875976562500000      -0.116515905    
   7.2924804687500000      -0.116635472    
   7.2973632812500000      -0.116755486    
   7.3022460937500000      -0.116875947    
   7.3071289062500000      -0.116996855    
   7.3120117187500000      -0.117118239    
   7.3168945312500000      -0.117240071    
   7.3217773437500000      -0.117362380    
   7.3266601562500000      -0.117485136    
   7.3315429687500000      -0.117608368    
   7.3364257812500000      -0.117732048    
   7.3413085937500000      -0.117856205    
   7.3461914062500000      -0.117980838    
   7.3510742187500000      -0.118105948    
   7.3559570312500000      -0.118231535    
   7.3608398437500000      -0.118357569    
   7.3657226562500000      -0.118484110    
   7.3706054687500000      -0.118611127    
   7.3754882812500000      -0.118738621    
   7.3803710937500000      -0.118866593    
   7.3852539062500000      -0.118995041    
   7.3901367187500000      -0.119123995    
   7.3950195312500000      -0.119253457    
   7.3999023437500000      -0.119383395    
   7.4047851562500000      -0.119513810    
   7.4096679687500000      -0.119644731    
   7.4145507812500000      -0.119776160    
   7.4194335937500000      -0.119908065    
   7.4243164062500000      -0.120040506    
   7.4291992187500000      -0.120173424    
   7.4340820312500000      -0.120306849    
   7.4389648437500000      -0.120440811    
   7.4438476562500000      -0.120575249    
   7.4487304687500000      -0.120710224    
   7.4536132812500000      -0.120845705    
   7.4584960937500000      -0.120981693    
   7.4633789062500000      -0.121118218    
   7.4682617187500000      -0.121255249    
   7.4731445312500000      -0.121392816    
   7.4780273437500000      -0.121530890    
   7.4829101562500000      -0.121669501    
   7.4877929687500000      -0.121808648    
   7.4926757812500000      -0.121948332    
   7.4975585937500000      -0.122088552    
   7.5024414062500000      -0.122229308    
   7.5073242187500000      -0.122370601    
   7.5122070312500000      -0.122512430    
   7.5170898437500000      -0.122654796    
   7.5219726562500000      -0.122797728    
   7.5268554687500000      -0.122941196    
   7.5317382812500000      -0.123085201    
   7.5366210937500000      -0.123229772    
   7.5415039062500000      -0.123374909    
   7.5463867187500000      -0.123520583    
   7.5512695312500000      -0.123666853    
   7.5561523437500000      -0.123813659    
   7.5610351562500000      -0.123961031    
   7.5659179687500000      -0.124108970    
   7.5708007812500000      -0.124257505    
   7.5756835937500000      -0.124406606    
   7.5805664062500000      -0.124556243    
   7.5854492187500000      -0.124706507    
   7.5903320312500000      -0.124857336    
   7.5952148437500000      -0.125008732    
   7.6000976562500000      -0.125160724    
   7.6049804687500000      -0.125313312    
   7.6098632812500000      -0.125466496    
   7.6147460937500000      -0.125620276    
   7.6196289062500000      -0.125774622    
   7.6245117187500000      -0.125929594    
   7.6293945312500000      -0.126085162    
   7.6342773437500000      -0.126241356    
   7.6391601562500000      -0.126398116    
   7.6440429687500000      -0.126555532    
   7.6489257812500000      -0.126713544    
   7.6538085937500000      -0.126872152    
   7.6586914062500000      -0.127031386    
   7.6635742187500000      -0.127191275    
   7.6684570312500000      -0.127351761    
   7.6733398437500000      -0.127512872    
   7.6782226562500000      -0.127674609    
   7.6831054687500000      -0.127837002    
   7.6879882812500000      -0.128000021    
   7.6928710937500000      -0.128163666    
   7.6977539062500000      -0.128327966    
   7.7026367187500000      -0.128492922    
   7.7075195312500000      -0.128658503    
   7.7124023437500000      -0.128824741    
   7.7172851562500000      -0.128991663    
   7.7221679687500000      -0.129159212    
   7.7270507812500000      -0.129327446    
   7.7319335937500000      -0.129496306    
   7.7368164062500000      -0.129665881    
   7.7416992187500000      -0.129836082    
   7.7465820312500000      -0.130006999    
   7.7514648437500000      -0.130178571    
   7.7563476562500000      -0.130350798    
   7.7612304687500000      -0.130523741    
   7.7661132812500000      -0.130697370    
   7.7709960937500000      -0.130871683    
   7.7758789062500000      -0.131046683    
   7.7807617187500000      -0.131222397    
   7.7856445312500000      -0.131398797    
   7.7905273437500000      -0.131575912    
   7.7954101562500000      -0.131753713    
   7.8002929687500000      -0.131932259    
   7.8051757812500000      -0.132111490    
   7.8100585937500000      -0.132291436    
   7.8149414062500000      -0.132472128    
   7.8198242187500000      -0.132653534    
   7.8247070312500000      -0.132835656    
   7.8295898437500000      -0.133018523    
   7.8344726562500000      -0.133202136    
   7.8393554687500000      -0.133386463    
   7.8442382812500000      -0.133571535    
   7.8491210937500000      -0.133757383    
   7.8540039062500000      -0.133943945    
   7.8588867187500000      -0.134131283    
   7.8637695312500000      -0.134319395    
   7.8686523437500000      -0.134508252    
   7.8735351562500000      -0.134697855    
   7.8784179687500000      -0.134888262    
   7.8833007812500000      -0.135079414    
   7.8881835937500000      -0.135271370    
   7.8930664062500000      -0.135464072    
   7.8979492187500000      -0.135657609    
   7.9028320312500000      -0.135851890    
   7.9077148437500000      -0.136047006    
   7.9125976562500000      -0.136242896    
   7.9174804687500000      -0.136439592    
   7.9223632812500000      -0.136637092    
   7.9272460937500000      -0.136835396    
   7.9321289062500000      -0.137034535    
   7.9370117187500000      -0.137234479    
   7.9418945312500000      -0.137435228    
   7.9467773437500000      -0.137636840    
   7.9516601562500000      -0.137839258    
   7.9565429687500000      -0.138042539    
   7.9614257812500000      -0.138246626    
   7.9663085937500000      -0.138451606    
   7.9711914062500000      -0.138657391    
   7.9760742187500000      -0.138864040    
   7.9809570312500000      -0.139071554    
   7.9858398437500000      -0.139279962    
   7.9907226562500000      -0.139489204    
   7.9956054687500000      -0.139699310    
   8.0004882812500000      -0.139910311    
   8.0053710937500000      -0.140122205    
   8.0102539062500000      -0.140334964    
   8.0151367187500000      -0.140548617    
   8.0200195312500000      -0.140763193    
   8.0249023437500000      -0.140978634    
   8.0297851562500000      -0.141194999    
   8.0346679687500000      -0.141412288    
   8.0395507812500000      -0.141630501    
   8.0444335937500000      -0.141849607    
   8.0493164062500000      -0.142069638    
   8.0541992187500000      -0.142290622    
   8.0590820312500000      -0.142512530    
   8.0639648437500000      -0.142735392    
   8.0688476562500000      -0.142959207    
   8.0737304687500000      -0.143183947    
   8.0786132812500000      -0.143409669    
   8.0834960937500000      -0.143636346    
   8.0883789062500000      -0.143864006    
   8.0932617187500000      -0.144092619    
   8.0981445312500000      -0.144322217    
   8.1030273437500000      -0.144552797    
   8.1079101562500000      -0.144784391    
   8.1127929687500000      -0.145016968    
   8.1176757812500000      -0.145250529    
   8.1225585937500000      -0.145485133    
   8.1274414062500000      -0.145720720    
   8.1323242187500000      -0.145957351    
   8.1372070312500000      -0.146194994    
   8.1420898437500000      -0.146433651    
   8.1469726562500000      -0.146673381    
   8.1518554687500000      -0.146914124    
   8.1567382812500000      -0.147155941    
   8.1616210937500000      -0.147398800    
   8.1665039062500000      -0.147642732    
   8.1713867187500000      -0.147887737    
   8.1762695312500000      -0.148133785    
   8.1811523437500000      -0.148380935    
   8.1860351562500000      -0.148629189    
   8.1909179687500000      -0.148878515    
   8.1958007812500000      -0.149128944    
   8.2006835937500000      -0.149380475    
   8.2055664062500000      -0.149633139    
   8.2104492187500000      -0.149886906    
   8.2153320312500000      -0.150141776    
   8.2202148437500000      -0.150397807    
   8.2250976562500000      -0.150654972    
   8.2299804687500000      -0.150913298    
   8.2348632812500000      -0.151172757    
   8.2397460937500000      -0.151433408    
   8.2446289062500000      -0.151695192    
   8.2495117187500000      -0.151958168    
   8.2543945312500000      -0.152222306    
   8.2592773437500000      -0.152487665    
   8.2641601562500000      -0.152754188    
   8.2690429687500000      -0.153021932    
   8.2739257812500000      -0.153290898    
   8.2788085937500000      -0.153561056    
   8.2836914062500000      -0.153832465    
   8.2885742187500000      -0.154105097    
   8.2934570312500000      -0.154378980    
   8.2983398437500000      -0.154654086    
   8.3032226562500000      -0.154930472    
   8.3081054687500000      -0.155208111    
   8.3129882812500000      -0.155487031    
   8.3178710937500000      -0.155767202    
   8.3227539062500000      -0.156048715    
   8.3276367187500000      -0.156331480    
   8.3325195312500000      -0.156615555    
   8.3374023437500000      -0.156900972    
   8.3422851562500000      -0.157187670    
   8.3471679687500000      -0.157475740    
   8.3520507812500000      -0.157765120    
   8.3569335937500000      -0.158055842    
   8.3618164062500000      -0.158347934    
   8.3666992187500000      -0.158641398    
   8.3715820312500000      -0.158936203    
   8.3764648437500000      -0.159232408    
   8.3813476562500000      -0.159530014    
   8.3862304687500000      -0.159829021    
   8.3911132812500000      -0.160129428    
   8.3959960937500000      -0.160431236    
   8.4008789062500000      -0.160734475    
   8.4057617187500000      -0.161039174    
   8.4106445312500000      -0.161345303    
   8.4155273437500000      -0.161652893    
   8.4204101562500000      -0.161961943    
   8.4252929687500000      -0.162272453    
   8.4301757812500000      -0.162584454    
   8.4350585937500000      -0.162897974    
   8.4399414062500000      -0.163212985    
   8.4448242187500000      -0.163529485    
   8.4497070312500000      -0.163847536    
   8.4545898437500000      -0.164167106    
   8.4594726562500000      -0.164488226    
   8.4643554687500000      -0.164810926    
   8.4692382812500000      -0.165135145    
   8.4741210937500000      -0.165460974    
   8.4790039062500000      -0.165788382    
   8.4838867187500000      -0.166117370    
   8.4887695312500000      -0.166447967    
   8.4936523437500000      -0.166780204    
   8.4985351562500000      -0.167114079    
   8.5034179687500000      -0.167449564    
   8.5083007812500000      -0.167786717    
   8.5131835937500000      -0.168125510    
   8.5180664062500000      -0.168466002    
   8.5229492187500000      -0.168808192    
   8.5278320312500000      -0.169152051    
   8.5327148437500000      -0.169497639    
   8.5375976562500000      -0.169844955    
   8.5424804687500000      -0.170194000    
   8.5473632812500000      -0.170544773    
   8.5522460937500000      -0.170897305    
   8.5571289062500000      -0.171251625    
   8.5620117187500000      -0.171607733    
   8.5668945312500000      -0.171965599    
   8.5717773437500000      -0.172325313    
   8.5766601562500000      -0.172686845    
   8.5815429687500000      -0.173050195    
   8.5864257812500000      -0.173415393    
   8.5913085937500000      -0.173782438    
   8.5961914062500000      -0.174151391    
   8.6010742187500000      -0.174522191    
   8.6059570312500000      -0.174894929    
   8.6108398437500000      -0.175269544    
   8.6157226562500000      -0.175646126    
   8.6206054687500000      -0.176024616    
   8.6254882812500000      -0.176405072    
   8.6303710937500000      -0.176787525    
   8.6352539062500000      -0.177171916    
   8.6401367187500000      -0.177558333    
   8.6450195312500000      -0.177946776    
   8.6499023437500000      -0.178337216    
   8.6547851562500000      -0.178729713    
   8.6596679687500000      -0.179124266    
   8.6645507812500000      -0.179520905    
   8.6694335937500000      -0.179919600    
   8.6743164062500000      -0.180320442    
   8.6791992187500000      -0.180723369    
   8.6840820312500000      -0.181128442    
   8.6889648437500000      -0.181535661    
   8.6938476562500000      -0.181945056    
   8.6987304687500000      -0.182356626    
   8.7036132812500000      -0.182770401    
   8.7084960937500000      -0.183186412    
   8.7133789062500000      -0.183604628    
   8.7182617187500000      -0.184025109    
   8.7231445312500000      -0.184447825    
   8.7280273437500000      -0.184872866    
   8.7329101562500000      -0.185300201    
   8.7377929687500000      -0.185729831    
   8.7426757812500000      -0.186161816    
   8.7475585937500000      -0.186596155    
   8.7524414062500000      -0.187032878    
   8.7573242187500000      -0.187471956    
   8.7622070312500000      -0.187913477    
   8.7670898437500000      -0.188357413    
   8.7719726562500000      -0.188803822    
   8.7768554687500000      -0.189252645    
   8.7817382812500000      -0.189704001    
   8.7866210937500000      -0.190157831    
   8.7915039062500000      -0.190614194    
   8.7963867187500000      -0.191073120    
   8.8012695312500000      -0.191534579    
   8.8061523437500000      -0.191998661    
   8.8110351562500000      -0.192465305    
   8.8159179687500000      -0.192934602    
   8.8208007812500000      -0.193406522    
   8.8256835937500000      -0.193881124    
   8.8305664062500000      -0.194358438    
   8.8354492187500000      -0.194838434    
   8.8403320312500000      -0.195321143    
   8.8452148437500000      -0.195806623    
   8.8500976562500000      -0.196294904    
   8.8549804687500000      -0.196785957    
   8.8598632812500000      -0.197279841    
   8.8647460937500000      -0.197776556    
   8.8696289062500000      -0.198276132    
   8.8745117187500000      -0.198778600    
   8.8793945312500000      -0.199283987    
   8.8842773437500000      -0.199792325    
   8.8891601562500000      -0.200303614    
   8.8940429687500000      -0.200817883    
   8.8989257812500000      -0.201335162    
   8.9038085937500000      -0.201855481    
   8.9086914062500000      -0.202378839    
   8.9135742187500000      -0.202905297    
   8.9184570312500000      -0.203434885    
   8.9233398437500000      -0.203967571    
   8.9282226562500000      -0.204503447    
   8.9331054687500000      -0.205042511    
   8.9379882812500000      -0.205584764    
   8.9428710937500000      -0.206130296    
   8.9477539062500000      -0.206679076    
   8.9526367187500000      -0.207231134    
   8.9575195312500000      -0.207786560    
   8.9624023437500000      -0.208345294    
   8.9672851562500000      -0.208907455    
   8.9721679687500000      -0.209472984    
   8.9770507812500000      -0.210041970    
   8.9819335937500000      -0.210614443    
   8.9868164062500000      -0.211190403    
   8.9916992187500000      -0.211769879    
   8.9965820312500000      -0.212352902    
   9.0014648437500000      -0.212939531    
   9.0063476562500000      -0.213529795    
   9.0112304687500000      -0.214123696    
   9.0161132812500000      -0.214721262    
   9.0209960937500000      -0.215322584    
   9.0258789062500000      -0.215927631    
   9.0307617187500000      -0.216536433    
   9.0356445312500000      -0.217149079    
   9.0405273437500000      -0.217765570    
   9.0454101562500000      -0.218385935    
   9.0502929687500000      -0.219010204    
   9.0551757812500000      -0.219638437    
   9.0600585937500000      -0.220270663    
   9.0649414062500000      -0.220906883    
   9.0698242187500000      -0.221547157    
   9.0747070312500000      -0.222191542    
   9.0795898437500000      -0.222840041    
   9.0844726562500000      -0.223492712    
   9.0893554687500000      -0.224149585    
   9.0942382812500000      -0.224810690    
   9.0991210937500000      -0.225476056    
   9.1040039062500000      -0.226145774    
   9.1088867187500000      -0.226819813    
   9.1137695312500000      -0.227498263    
   9.1186523437500000      -0.228181154    
   9.1235351562500000      -0.228868514    
   9.1284179687500000      -0.229560375    
   9.1333007812500000      -0.230256796    
   9.1381835937500000      -0.230957836    
   9.1430664062500000      -0.231663495    
   9.1479492187500000      -0.232373834    
   9.1528320312500000      -0.233088911    
   9.1577148437500000      -0.233808756    
   9.1625976562500000      -0.234533399    
   9.1674804687500000      -0.235262930    
   9.1723632812500000      -0.235997349    
   9.1772460937500000      -0.236736715    
   9.1821289062500000      -0.237481058    
   9.1870117187500000      -0.238230467    
   9.1918945312500000      -0.238984942    
   9.1967773437500000      -0.239744574    
   9.2016601562500000      -0.240509391    
   9.2065429687500000      -0.241279423    
   9.2114257812500000      -0.242054760    
   9.2163085937500000      -0.242835432    
   9.2211914062500000      -0.243621469    
   9.2260742187500000      -0.244412959    
   9.2309570312500000      -0.245209903    
   9.2358398437500000      -0.246012419    
   9.2407226562500000      -0.246820509    
   9.2456054687500000      -0.247634262    
   9.2504882812500000      -0.248453707    
   9.2553710937500000      -0.249278903    
   9.2602539062500000      -0.250109911    
   9.2651367187500000      -0.250946760    
   9.2700195312500000      -0.251789570    
   9.2749023437500000      -0.252638340    
   9.2797851562500000      -0.253493160    
   9.2846679687500000      -0.254354060    
   9.2895507812500000      -0.255221128    
   9.2944335937500000      -0.256094426    
   9.2993164062500000      -0.256973982    
   9.3041992187500000      -0.257859886    
   9.3090820312500000      -0.258752197    
   9.3139648437500000      -0.259650975    
   9.3188476562500000      -0.260556281    
   9.3237304687500000      -0.261468172    
   9.3286132812500000      -0.262386739    
   9.3334960937500000      -0.263312012    
   9.3383789062500000      -0.264244080    
   9.3432617187500000      -0.265183032    
   9.3481445312500000      -0.266128898    
   9.3530273437500000      -0.267081738    
   9.3579101562500000      -0.268041670    
   9.3627929687500000      -0.269008756    
   9.3676757812500000      -0.269983053    
   9.3725585937500000      -0.270964622    
   9.3774414062500000      -0.271953553    
   9.3823242187500000      -0.272949934    
   9.3872070312500000      -0.273953795    
   9.3920898437500000      -0.274965286    
   9.3969726562500000      -0.275984406    
   9.4018554687500000      -0.277011275    
   9.4067382812500000      -0.278045952    
   9.4116210937500000      -0.279088557    
   9.4165039062500000      -0.280139148    
   9.4213867187500000      -0.281197786    
   9.4262695312500000      -0.282264560    
   9.4311523437500000      -0.283339590    
   9.4360351562500000      -0.284422934    
   9.4409179687500000      -0.285514683    
   9.4458007812500000      -0.286614925    
   9.4506835937500000      -0.287723780    
   9.4555664062500000      -0.288841248    
   9.4604492187500000      -0.289967537    
   9.4653320312500000      -0.291102648    
   9.4702148437500000      -0.292246699    
   9.4750976562500000      -0.293399811    
   9.4799804687500000      -0.294562042    
   9.4848632812500000      -0.295733541    
   9.4897460937500000      -0.296914339    
   9.4946289062500000      -0.298104614    
   9.4995117187500000      -0.299304396    
   9.5043945312500000      -0.300513804    
   9.5092773437500000      -0.301732957    
   9.5141601562500000      -0.302961946    
   9.5190429687500000      -0.304200888    
   9.5239257812500000      -0.305449903    
   9.5288085937500000      -0.306709051    
   9.5336914062500000      -0.307978481    
   9.5385742187500000      -0.309258312    
   9.5434570312500000      -0.310548604    
   9.5483398437500000      -0.311849535    
   9.5532226562500000      -0.313161194    
   9.5581054687500000      -0.314483702    
   9.5629882812500000      -0.315817147    
   9.5678710937500000      -0.317161679    
   9.5727539062500000      -0.318517447    
   9.5776367187500000      -0.319884509    
   9.5825195312500000      -0.321263015    
   9.5874023437500000      -0.322653115    
   9.5922851562500000      -0.324054927    
   9.5971679687500000      -0.325468570    
   9.6020507812500000      -0.326894164    
   9.6069335937500000      -0.328331888    
   9.6118164062500000      -0.329781830    
   9.6166992187500000      -0.331244171    
   9.6215820312500000      -0.332718968    
   9.6264648437500000      -0.334206462    
   9.6313476562500000      -0.335706711    
   9.6362304687500000      -0.337219924    
   9.6411132812500000      -0.338746190    
   9.6459960937500000      -0.340285718    
   9.6508789062500000      -0.341838628    
   9.6557617187500000      -0.343405068    
   9.6606445312500000      -0.344985157    
   9.6655273437500000      -0.346579105    
   9.6704101562500000      -0.348187059    
   9.6752929687500000      -0.349809170    
   9.6801757812500000      -0.351445615    
   9.6850585937500000      -0.353096515    
   9.6899414062500000      -0.354762077    
   9.6948242187500000      -0.356442451    
   9.6997070312500000      -0.358137846    
   9.7045898437500000      -0.359848380    
   9.7094726562500000      -0.361574262    
   9.7143554687500000      -0.363315642    
   9.7192382812500000      -0.365072757    
   9.7241210937500000      -0.366845727    
   9.7290039062500000      -0.368634760    
   9.7338867187500000      -0.370440066    
   9.7387695312500000      -0.372261822    
   9.7436523437500000      -0.374100178    
   9.7485351562500000      -0.375955403    
   9.7534179687500000      -0.377827644    
   9.7583007812500000      -0.379717112    
   9.7631835937500000      -0.381624013    
   9.7680664062500000      -0.383548558    
   9.7729492187500000      -0.385490954    
   9.7778320312500000      -0.387451410    
   9.7827148437500000      -0.389430135    
   9.7875976562500000      -0.391427368    
   9.7924804687500000      -0.393443316    
   9.7973632812500000      -0.395478219    
   9.8022460937500000      -0.397532284    
   9.8071289062500000      -0.399605751    
   9.8120117187500000      -0.401698828    
   9.8168945312500000      -0.403811783    
   9.8217773437500000      -0.405944854    
   9.8266601562500000      -0.408098280    
   9.8315429687500000      -0.410272300    
   9.8364257812500000      -0.412467182    
   9.8413085937500000      -0.414683163    
   9.8461914062500000      -0.416920483    
   9.8510742187500000      -0.419179440    
   9.8559570312500000      -0.421460271    
   9.8608398437500000      -0.423763275    
   9.8657226562500000      -0.426088721    
   9.8706054687500000      -0.428436846    
   9.8754882812500000      -0.430807948    
   9.8803710937500000      -0.433202356    
   9.8852539062500000      -0.435620278    
   9.8901367187500000      -0.438062072    
   9.8950195312500000      -0.440528005    
   9.8999023437500000      -0.443018377    
   9.9047851562500000      -0.445533514    
   9.9096679687500000      -0.448073685    
   9.9145507812500000      -0.450639248    
   9.9194335937500000      -0.453230500    
   9.9243164062500000      -0.455847740    
   9.9291992187500000      -0.458491355    
   9.9340820312500000      -0.461161613    
   9.9389648437500000      -0.463858902    
   9.9438476562500000      -0.466583520    
   9.9487304687500000      -0.469335854    
   9.9536132812500000      -0.472116232    
   9.9584960937500000      -0.474925011    
   9.9633789062500000      -0.477762550    
   9.9682617187500000      -0.480629265    
   9.9731445312500000      -0.483525425    
   9.9780273437500000      -0.486451566    
   9.9829101562500000      -0.489407837    
   9.9877929687500000      -0.492394984    
   9.9926757812500000      -0.495412767    
   9.9975585937500000      -0.498463035    
