   2.4414062500000000E-003 -0.243525490    
   7.3242187500000000E-003 -0.240606219    
   1.2207031250000000E-002 -0.237727866    
   1.7089843750000000E-002 -0.234889105    
   2.1972656250000000E-002 -0.232089624    
   2.6855468750000000E-002 -0.229328647    
   3.1738281250000000E-002 -0.226605698    
   3.6621093750000000E-002 -0.223920122    
   4.1503906250000000E-002 -0.221271396    
   4.6386718750000000E-002 -0.218658909    
   5.1269531250000000E-002 -0.216082156    
   5.6152343750000000E-002 -0.213540554    
   6.1035156250000000E-002 -0.211033598    
   6.5917968750000000E-002 -0.208560735    
   7.0800781250000000E-002 -0.206121475    
   7.5683593750000000E-002 -0.203715280    
   8.0566406250000000E-002 -0.201341689    
   8.5449218750000000E-002 -0.199000165    
   9.0332031250000000E-002 -0.196690261    
   9.5214843750000000E-002 -0.194411471    
  0.10009765625000000      -0.192163348    
  0.10498046875000000      -0.189945430    
  0.10986328125000000      -0.187757269    
  0.11474609375000000      -0.185598388    
  0.11962890625000000      -0.183468387    
  0.12451171875000000      -0.181366816    
  0.12939453125000000      -0.179293245    
  0.13427734375000000      -0.177247286    
  0.13916015625000000      -0.175228491    
  0.14404296875000000      -0.173236489    
  0.14892578125000000      -0.171270862    
  0.15380859375000000      -0.169331223    
  0.15869140625000000      -0.167417198    
  0.16357421875000000      -0.165528402    
  0.16845703125000000      -0.163664460    
  0.17333984375000000      -0.161825016    
  0.17822265625000000      -0.160009697    
  0.18310546875000000      -0.158218175    
  0.18798828125000000      -0.156450063    
  0.19287109375000000      -0.154705048    
  0.19775390625000000      -0.152982771    
  0.20263671875000000      -0.151282921    
  0.20751953125000000      -0.149605155    
  0.21240234375000000      -0.147949174    
  0.21728515625000000      -0.146314636    
  0.22216796875000000      -0.144701242    
  0.22705078125000000      -0.143108666    
  0.23193359375000000      -0.141536653    
  0.23681640625000000      -0.139984861    
  0.24169921875000000      -0.138453022    
  0.24658203125000000      -0.136940837    
  0.25146484375000000      -0.135448024    
  0.25634765625000000      -0.133974314    
  0.26123046875000000      -0.132519439    
  0.26611328125000000      -0.131083101    
  0.27099609375000000      -0.129665062    
  0.27587890625000000      -0.128265038    
  0.28076171875000000      -0.126882792    
  0.28564453125000000      -0.125518069    
  0.29052734375000000      -0.124170609    
  0.29541015625000000      -0.122840166    
  0.30029296875000000      -0.121526510    
  0.30517578125000000      -0.120229401    
  0.31005859375000000      -0.118948594    
  0.31494140625000000      -0.117683873    
  0.31982421875000000      -0.116434999    
  0.32470703125000000      -0.115201764    
  0.32958984375000000      -0.113983929    
  0.33447265625000000      -0.112781294    
  0.33935546875000000      -0.111593634    
  0.34423828125000000      -0.110420749    
  0.34912109375000000      -0.109262414    
  0.35400390625000000      -0.108118452    
  0.35888671875000000      -0.106988654    
  0.36376953125000000      -0.105872810    
  0.36865234375000000      -0.104770742    
  0.37353515625000000      -0.103682250    
  0.37841796875000000      -0.102607138    
  0.38330078125000000      -0.101545244    
  0.38818359375000000      -0.100496367    
  0.39306640625000000       -9.94603261E-02
  0.39794921875000000       -9.84369591E-02
  0.40283203125000000       -9.74260643E-02
  0.40771484375000000       -9.64275077E-02
  0.41259765625000000       -9.54410881E-02
  0.41748046875000000       -9.44666564E-02
  0.42236328125000000       -9.35040563E-02
  0.42724609375000000       -9.25530940E-02
  0.43212890625000000       -9.16136354E-02
  0.43701171875000000       -9.06855166E-02
  0.44189453125000000       -8.97685960E-02
  0.44677734375000000       -8.88626873E-02
  0.45166015625000000       -8.79676864E-02
  0.45654296875000000       -8.70834142E-02
  0.46142578125000000       -8.62097293E-02
  0.46630859375000000       -8.53464976E-02
  0.47119140625000000       -8.44935700E-02
  0.47607421875000000       -8.36508125E-02
  0.48095703125000000       -8.28180909E-02
  0.48583984375000000       -8.19952637E-02
  0.49072265625000000       -8.11821967E-02
  0.49560546875000000       -8.03787634E-02
  0.50048828125000000       -7.95848370E-02
  0.50537109375000000       -7.88002908E-02
  0.51025390625000000       -7.80249983E-02
  0.51513671875000000       -7.72588179E-02
  0.52001953125000000       -7.65016600E-02
  0.52490234375000000       -7.57533833E-02
  0.52978515625000000       -7.50138760E-02
  0.53466796875000000       -7.42830262E-02
  0.53955078125000000       -7.35607073E-02
  0.54443359375000000       -7.28468150E-02
  0.54931640625000000       -7.21412376E-02
  0.55419921875000000       -7.14438632E-02
  0.55908203125000000       -7.07545951E-02
  0.56396484375000000       -7.00733140E-02
  0.56884765625000000       -6.93999156E-02
  0.57373046875000000       -6.87342882E-02
  0.57861328125000000       -6.80763572E-02
  0.58349609375000000       -6.74259886E-02
  0.58837890625000000       -6.67831153E-02
  0.59326171875000000       -6.61476180E-02
  0.59814453125000000       -6.55194148E-02
  0.60302734375000000       -6.48983940E-02
  0.60791015625000000       -6.42844737E-02
  0.61279296875000000       -6.36775568E-02
  0.61767578125000000       -6.30775616E-02
  0.62255859375000000       -6.24843873E-02
  0.62744140625000000       -6.18979558E-02
  0.63232421875000000       -6.13181815E-02
  0.63720703125000000       -6.07449599E-02
  0.64208984375000000       -6.01782240E-02
  0.64697265625000000       -5.96178956E-02
  0.65185546875000000       -5.90638705E-02
  0.65673828125000000       -5.85160814E-02
  0.66162109375000000       -5.79744540E-02
  0.66650390625000000       -5.74389026E-02
  0.67138671875000000       -5.69093414E-02
  0.67626953125000000       -5.63857108E-02
  0.68115234375000000       -5.58679253E-02
  0.68603515625000000       -5.53559139E-02
  0.69091796875000000       -5.48495986E-02
  0.69580078125000000       -5.43489158E-02
  0.70068359375000000       -5.38537875E-02
  0.70556640625000000       -5.33641502E-02
  0.71044921875000000       -5.28799258E-02
  0.71533203125000000       -5.24010435E-02
  0.72021484375000000       -5.19274510E-02
  0.72509765625000000       -5.14590740E-02
  0.72998046875000000       -5.09958453E-02
  0.73486328125000000       -5.05377017E-02
  0.73974609375000000       -5.00845797E-02
  0.74462890625000000       -4.96364124E-02
  0.74951171875000000       -4.91931476E-02
  0.75439453125000000       -4.87547107E-02
  0.75927734375000000       -4.83210646E-02
  0.76416015625000000       -4.78921197E-02
  0.76904296875000000       -4.74678390E-02
  0.77392578125000000       -4.70481589E-02
  0.77880859375000000       -4.66330238E-02
  0.78369140625000000       -4.62223701E-02
  0.78857421875000000       -4.58161570E-02
  0.79345703125000000       -4.54143137E-02
  0.79833984375000000       -4.50167991E-02
  0.80322265625000000       -4.46235500E-02
  0.80810546875000000       -4.42345142E-02
  0.81298828125000000       -4.38496545E-02
  0.81787109375000000       -4.34689112E-02
  0.82275390625000000       -4.30922210E-02
  0.82763671875000000       -4.27195579E-02
  0.83251953125000000       -4.23508547E-02
  0.83740234375000000       -4.19860706E-02
  0.84228515625000000       -4.16251570E-02
  0.84716796875000000       -4.12680656E-02
  0.85205078125000000       -4.09147479E-02
  0.85693359375000000       -4.05651741E-02
  0.86181640625000000       -4.02192734E-02
  0.86669921875000000       -3.98770198E-02
  0.87158203125000000       -3.95383611E-02
  0.87646484375000000       -3.92032601E-02
  0.88134765625000000       -3.88716720E-02
  0.88623046875000000       -3.85435522E-02
  0.89111328125000000       -3.82188559E-02
  0.89599609375000000       -3.78975570E-02
  0.90087890625000000       -3.75795923E-02
  0.90576171875000000       -3.72649394E-02
  0.91064453125000000       -3.69535573E-02
  0.91552734375000000       -3.66453975E-02
  0.92041015625000000       -3.63404341E-02
  0.92529296875000000       -3.60386111E-02
  0.93017578125000000       -3.57399136E-02
  0.93505859375000000       -3.54442932E-02
  0.93994140625000000       -3.51517126E-02
  0.94482421875000000       -3.48621309E-02
  0.94970703125000000       -3.45755257E-02
  0.95458984375000000       -3.42918485E-02
  0.95947265625000000       -3.40110809E-02
  0.96435546875000000       -3.37331742E-02
  0.96923828125000000       -3.34581025E-02
  0.97412109375000000       -3.31858285E-02
  0.97900390625000000       -3.29163261E-02
  0.98388671875000000       -3.26495469E-02
  0.98876953125000000       -3.23854797E-02
  0.99365234375000000       -3.21240798E-02
  0.99853515625000000       -3.18653248E-02
   1.0034179687500000       -3.16091776E-02
   1.0083007812500000       -3.13556045E-02
   1.0131835937500000       -3.11045833E-02
   1.0180664062500000       -3.08560822E-02
   1.0229492187500000       -3.06100752E-02
   1.0278320312500000       -3.03665213E-02
   1.0327148437500000       -3.01254001E-02
   1.0375976562500000       -2.98866928E-02
   1.0424804687500000       -2.96503622E-02
   1.0473632812500000       -2.94163786E-02
   1.0522460937500000       -2.91847233E-02
   1.0571289062500000       -2.89553627E-02
   1.0620117187500000       -2.87282672E-02
   1.0668945312500000       -2.85034273E-02
   1.0717773437500000       -2.82807909E-02
   1.0766601562500000       -2.80603617E-02
   1.0815429687500000       -2.78420970E-02
   1.0864257812500000       -2.76259799E-02
   1.0913085937500000       -2.74119806E-02
   1.0961914062500000       -2.72000730E-02
   1.1010742187500000       -2.69902442E-02
   1.1059570312500000       -2.67824605E-02
   1.1108398437500000       -2.65767016E-02
   1.1157226562500000       -2.63729524E-02
   1.1206054687500000       -2.61711720E-02
   1.1254882812500000       -2.59713568E-02
   1.1303710937500000       -2.57734805E-02
   1.1352539062500000       -2.55775135E-02
   1.1401367187500000       -2.53834408E-02
   1.1450195312500000       -2.51912475E-02
   1.1499023437500000       -2.50008963E-02
   1.1547851562500000       -2.48123836E-02
   1.1596679687500000       -2.46256720E-02
   1.1645507812500000       -2.44407561E-02
   1.1694335937500000       -2.42576040E-02
   1.1743164062500000       -2.40762085E-02
   1.1791992187500000       -2.38965470E-02
   1.1840820312500000       -2.37185936E-02
   1.1889648437500000       -2.35423334E-02
   1.1938476562500000       -2.33677458E-02
   1.1987304687500000       -2.31948141E-02
   1.2036132812500000       -2.30235253E-02
   1.2084960937500000       -2.28538588E-02
   1.2133789062500000       -2.26857886E-02
   1.2182617187500000       -2.25193016E-02
   1.2231445312500000       -2.23543793E-02
   1.2280273437500000       -2.21910141E-02
   1.2329101562500000       -2.20291857E-02
   1.2377929687500000       -2.18688622E-02
   1.2426757812500000       -2.17100512E-02
   1.2475585937500000       -2.15527117E-02
   1.2524414062500000       -2.13968512E-02
   1.2573242187500000       -2.12424304E-02
   1.2622070312500000       -2.10894551E-02
   1.2670898437500000       -2.09379029E-02
   1.2719726562500000       -2.07877476E-02
   1.2768554687500000       -2.06389856E-02
   1.2817382812500000       -2.04915963E-02
   1.2866210937500000       -2.03455705E-02
   1.2915039062500000       -2.02008951E-02
   1.2963867187500000       -2.00575422E-02
   1.3012695312500000       -1.99155118E-02
   1.3061523437500000       -1.97747909E-02
   1.3110351562500000       -1.96353439E-02
   1.3159179687500000       -1.94971878E-02
   1.3208007812500000       -1.93602871E-02
   1.3256835937500000       -1.92246288E-02
   1.3305664062500000       -1.90902147E-02
   1.3354492187500000       -1.89570170E-02
   1.3403320312500000       -1.88250337E-02
   1.3452148437500000       -1.86942406E-02
   1.3500976562500000       -1.85646340E-02
   1.3549804687500000       -1.84361972E-02
   1.3598632812500000       -1.83089245E-02
   1.3647460937500000       -1.81828011E-02
   1.3696289062500000       -1.80578064E-02
   1.3745117187500000       -1.79339368E-02
   1.3793945312500000       -1.78111773E-02
   1.3842773437500000       -1.76895112E-02
   1.3891601562500000       -1.75689440E-02
   1.3940429687500000       -1.74494460E-02
   1.3989257812500000       -1.73310153E-02
   1.4038085937500000       -1.72136445E-02
   1.4086914062500000       -1.70973092E-02
   1.4135742187500000       -1.69820096E-02
   1.4184570312500000       -1.68677364E-02
   1.4233398437500000       -1.67544689E-02
   1.4282226562500000       -1.66422054E-02
   1.4331054687500000       -1.65309310E-02
   1.4379882812500000       -1.64206382E-02
   1.4428710937500000       -1.63113121E-02
   1.4477539062500000       -1.62029509E-02
   1.4526367187500000       -1.60955358E-02
   1.4575195312500000       -1.59890652E-02
   1.4624023437500000       -1.58835240E-02
   1.4672851562500000       -1.57789048E-02
   1.4721679687500000       -1.56752039E-02
   1.4770507812500000       -1.55723961E-02
   1.4819335937500000       -1.54704908E-02
   1.4868164062500000       -1.53694600E-02
   1.4916992187500000       -1.52693111E-02
   1.4965820312500000       -1.51700294E-02
   1.5014648437500000       -1.50716100E-02
   1.5063476562500000       -1.49740316E-02
   1.5112304687500000       -1.48772942E-02
   1.5161132812500000       -1.47813931E-02
   1.5209960937500000       -1.46863135E-02
   1.5258789062500000       -1.45920571E-02
   1.5307617187500000       -1.44985979E-02
   1.5356445312500000       -1.44059416E-02
   1.5405273437500000       -1.43140778E-02
   1.5454101562500000       -1.42229991E-02
   1.5502929687500000       -1.41326934E-02
   1.5551757812500000       -1.40431542E-02
   1.5600585937500000       -1.39543777E-02
   1.5649414062500000       -1.38663566E-02
   1.5698242187500000       -1.37790730E-02
   1.5747070312500000       -1.36925345E-02
   1.5795898437500000       -1.36067234E-02
   1.5844726562500000       -1.35216322E-02
   1.5893554687500000       -1.34372637E-02
   1.5942382812500000       -1.33536002E-02
   1.5991210937500000       -1.32706407E-02
   1.6040039062500000       -1.31883770E-02
   1.6088867187500000       -1.31067950E-02
   1.6137695312500000       -1.30259031E-02
   1.6186523437500000       -1.29456781E-02
   1.6235351562500000       -1.28661273E-02
   1.6284179687500000       -1.27872396E-02
   1.6333007812500000       -1.27090039E-02
   1.6381835937500000       -1.26314163E-02
   1.6430664062500000       -1.25544704E-02
   1.6479492187500000       -1.24781635E-02
   1.6528320312500000       -1.24024842E-02
   1.6577148437500000       -1.23274336E-02
   1.6625976562500000       -1.22529957E-02
   1.6674804687500000       -1.21791717E-02
   1.6723632812500000       -1.21059576E-02
   1.6772460937500000       -1.20333377E-02
   1.6821289062500000       -1.19613186E-02
   1.6870117187500000       -1.18898842E-02
   1.6918945312500000       -1.18190311E-02
   1.6967773437500000       -1.17487554E-02
   1.7016601562500000       -1.16790580E-02
   1.7065429687500000       -1.16099240E-02
   1.7114257812500000       -1.15413489E-02
   1.7163085937500000       -1.14733288E-02
   1.7211914062500000       -1.14058601E-02
   1.7260742187500000       -1.13389380E-02
   1.7309570312500000       -1.12725543E-02
   1.7358398437500000       -1.12067051E-02
   1.7407226562500000       -1.11413924E-02
   1.7456054687500000       -1.10765938E-02
   1.7504882812500000       -1.10123251E-02
   1.7553710937500000       -1.09485639E-02
   1.7602539062500000       -1.08853141E-02
   1.7651367187500000       -1.08225700E-02
   1.7700195312500000       -1.07603297E-02
   1.7749023437500000       -1.06985839E-02
   1.7797851562500000       -1.06373299E-02
   1.7846679687500000       -1.05765574E-02
   1.7895507812500000       -1.05162691E-02
   1.7944335937500000       -1.04564615E-02
   1.7993164062500000       -1.03971269E-02
   1.8041992187500000       -1.03382561E-02
   1.8090820312500000       -1.02798510E-02
   1.8139648437500000       -1.02219088E-02
   1.8188476562500000       -1.01644211E-02
   1.8237304687500000       -1.01073841E-02
   1.8286132812500000       -1.00507960E-02
   1.8334960937500000       -9.99464747E-03
   1.8383789062500000       -9.93894134E-03
   1.8432617187500000       -9.88367014E-03
   1.8481445312500000       -9.82882921E-03
   1.8530273437500000       -9.77441203E-03
   1.8579101562500000       -9.72041953E-03
   1.8627929687500000       -9.66685079E-03
   1.8676757812500000       -9.61369090E-03
   1.8725585937500000       -9.56094824E-03
   1.8774414062500000       -9.50860977E-03
   1.8823242187500000       -9.45667736E-03
   1.8872070312500000       -9.40514449E-03
   1.8920898437500000       -9.35400743E-03
   1.8969726562500000       -9.30326805E-03
   1.9018554687500000       -9.25291609E-03
   1.9067382812500000       -9.20294691E-03
   1.9116210937500000       -9.15336329E-03
   1.9165039062500000       -9.10415873E-03
   1.9213867187500000       -9.05533042E-03
   1.9262695312500000       -9.00686998E-03
   1.9311523437500000       -8.95878114E-03
   1.9360351562500000       -8.91106017E-03
   1.9409179687500000       -8.86370149E-03
   1.9458007812500000       -8.81670136E-03
   1.9506835937500000       -8.77005327E-03
   1.9555664062500000       -8.72376002E-03
   1.9604492187500000       -8.67781881E-03
   1.9653320312500000       -8.63222312E-03
   1.9702148437500000       -8.58697016E-03
   1.9750976562500000       -8.54205806E-03
   1.9799804687500000       -8.49748403E-03
   1.9848632812500000       -8.45324248E-03
   1.9897460937500000       -8.40932969E-03
   1.9946289062500000       -8.36575031E-03
   1.9995117187500000       -8.32249504E-03
   2.0043945312500000       -8.27955920E-03
   2.0092773437500000       -8.23694933E-03
   2.0141601562500000       -8.19464959E-03
   2.0190429687500000       -8.15266743E-03
   2.0239257812500000       -8.11100006E-03
   2.0288085937500000       -8.06963723E-03
   2.0336914062500000       -8.02858081E-03
   2.0385742187500000       -7.98782986E-03
   2.0434570312500000       -7.94737693E-03
   2.0483398437500000       -7.90722109E-03
   2.0532226562500000       -7.86736514E-03
   2.0581054687500000       -7.82779697E-03
   2.0629882812500000       -7.78852403E-03
   2.0678710937500000       -7.74953654E-03
   2.0727539062500000       -7.71083171E-03
   2.0776367187500000       -7.67241325E-03
   2.0825195312500000       -7.63427420E-03
   2.0874023437500000       -7.59641733E-03
   2.0922851562500000       -7.55883241E-03
   2.0971679687500000       -7.52151757E-03
   2.1020507812500000       -7.48447608E-03
   2.1069335937500000       -7.44770514E-03
   2.1118164062500000       -7.41119962E-03
   2.1166992187500000       -7.37495814E-03
   2.1215820312500000       -7.33897835E-03
   2.1264648437500000       -7.30325468E-03
   2.1313476562500000       -7.26779411E-03
   2.1362304687500000       -7.23258639E-03
   2.1411132812500000       -7.19763059E-03
   2.1459960937500000       -7.16292439E-03
   2.1508789062500000       -7.12846732E-03
   2.1557617187500000       -7.09426077E-03
   2.1606445312500000       -7.06029590E-03
   2.1655273437500000       -7.02657085E-03
   2.1704101562500000       -6.99308841E-03
   2.1752929687500000       -6.95984717E-03
   2.1801757812500000       -6.92683738E-03
   2.1850585937500000       -6.89406600E-03
   2.1899414062500000       -6.86152326E-03
   2.1948242187500000       -6.82921242E-03
   2.1997070312500000       -6.79713115E-03
   2.2045898437500000       -6.76527480E-03
   2.2094726562500000       -6.73364569E-03
   2.2143554687500000       -6.70223869E-03
   2.2192382812500000       -6.67105196E-03
   2.2241210937500000       -6.64008548E-03
   2.2290039062500000       -6.60933275E-03
   2.2338867187500000       -6.57880073E-03
   2.2387695312500000       -6.54847641E-03
   2.2436523437500000       -6.51837094E-03
   2.2485351562500000       -6.48847036E-03
   2.2534179687500000       -6.45878166E-03
   2.2583007812500000       -6.42929552E-03
   2.2631835937500000       -6.40001940E-03
   2.2680664062500000       -6.37094351E-03
   2.2729492187500000       -6.34207064E-03
   2.2778320312500000       -6.31339615E-03
   2.2827148437500000       -6.28492283E-03
   2.2875976562500000       -6.25664508E-03
   2.2924804687500000       -6.22856244E-03
   2.2973632812500000       -6.20067306E-03
   2.3022460937500000       -6.17297646E-03
   2.3071289062500000       -6.14546752E-03
   2.3120117187500000       -6.11814903E-03
   2.3168945312500000       -6.09102007E-03
   2.3217773437500000       -6.06407505E-03
   2.3266601562500000       -6.03731768E-03
   2.3315429687500000       -6.01073867E-03
   2.3364257812500000       -5.98434499E-03
   2.3413085937500000       -5.95812779E-03
   2.3461914062500000       -5.93208987E-03
   2.3510742187500000       -5.90623077E-03
   2.3559570312500000       -5.88054862E-03
   2.3608398437500000       -5.85503550E-03
   2.3657226562500000       -5.82969794E-03
   2.3706054687500000       -5.80453454E-03
   2.3754882812500000       -5.77953737E-03
   2.3803710937500000       -5.75471297E-03
   2.3852539062500000       -5.73005248E-03
   2.3901367187500000       -5.70555963E-03
   2.3950195312500000       -5.68123208E-03
   2.3999023437500000       -5.65706659E-03
   2.4047851562500000       -5.63306175E-03
   2.4096679687500000       -5.60922036E-03
   2.4145507812500000       -5.58553776E-03
   2.4194335937500000       -5.56201348E-03
   2.4243164062500000       -5.53864986E-03
   2.4291992187500000       -5.51543897E-03
   2.4340820312500000       -5.49238035E-03
   2.4389648437500000       -5.46947960E-03
   2.4438476562500000       -5.44672925E-03
   2.4487304687500000       -5.42412838E-03
   2.4536132812500000       -5.40167931E-03
   2.4584960937500000       -5.37937880E-03
   2.4633789062500000       -5.35722496E-03
   2.4682617187500000       -5.33521781E-03
   2.4731445312500000       -5.31335920E-03
   2.4780273437500000       -5.29164216E-03
   2.4829101562500000       -5.27006574E-03
   2.4877929687500000       -5.24863554E-03
   2.4926757812500000       -5.22734132E-03
   2.4975585937500000       -5.20619238E-03
   2.5024414062500000       -5.18517755E-03
   2.5073242187500000       -5.16430242E-03
   2.5122070312500000       -5.14356419E-03
   2.5170898437500000       -5.12296055E-03
   2.5219726562500000       -5.10249194E-03
   2.5268554687500000       -5.08215744E-03
   2.5317382812500000       -5.06195612E-03
   2.5366210937500000       -5.04188426E-03
   2.5415039062500000       -5.02194418E-03
   2.5463867187500000       -5.00213169E-03
   2.5512695312500000       -4.98245005E-03
   2.5561523437500000       -4.96289134E-03
   2.5610351562500000       -4.94346209E-03
   2.5659179687500000       -4.92416136E-03
   2.5708007812500000       -4.90498217E-03
   2.5756835937500000       -4.88592684E-03
   2.5805664062500000       -4.86699445E-03
   2.5854492187500000       -4.84818220E-03
   2.5903320312500000       -4.82949475E-03
   2.5952148437500000       -4.81092557E-03
   2.6000976562500000       -4.79247421E-03
   2.6049804687500000       -4.77414252E-03
   2.6098632812500000       -4.75592446E-03
   2.6147460937500000       -4.73782886E-03
   2.6196289062500000       -4.71984502E-03
   2.6245117187500000       -4.70197573E-03
   2.6293945312500000       -4.68422053E-03
   2.6342773437500000       -4.66657896E-03
   2.6391601562500000       -4.64905053E-03
   2.6440429687500000       -4.63163434E-03
   2.6489257812500000       -4.61432664E-03
   2.6538085937500000       -4.59713023E-03
   2.6586914062500000       -4.58004139E-03
   2.6635742187500000       -4.56305966E-03
   2.6684570312500000       -4.54618735E-03
   2.6733398437500000       -4.52942075E-03
   2.6782226562500000       -4.51276032E-03
   2.6831054687500000       -4.49620420E-03
   2.6879882812500000       -4.47975285E-03
   2.6928710937500000       -4.46340209E-03
   2.6977539062500000       -4.44715796E-03
   2.7026367187500000       -4.43101348E-03
   2.7075195312500000       -4.41497145E-03
   2.7124023437500000       -4.39903094E-03
   2.7172851562500000       -4.38318914E-03
   2.7221679687500000       -4.36744513E-03
   2.7270507812500000       -4.35180170E-03
   2.7319335937500000       -4.33625188E-03
   2.7368164062500000       -4.32080170E-03
   2.7416992187500000       -4.30545025E-03
   2.7465820312500000       -4.29019146E-03
   2.7514648437500000       -4.27502766E-03
   2.7563476562500000       -4.25995840E-03
   2.7612304687500000       -4.24498040E-03
   2.7661132812500000       -4.23009926E-03
   2.7709960937500000       -4.21530800E-03
   2.7758789062500000       -4.20060661E-03
   2.7807617187500000       -4.18600067E-03
   2.7856445312500000       -4.17148089E-03
   2.7905273437500000       -4.15705238E-03
   2.7954101562500000       -4.14271187E-03
   2.8002929687500000       -4.12845938E-03
   2.8051757812500000       -4.11429722E-03
   2.8100585937500000       -4.10021888E-03
   2.8149414062500000       -4.08622995E-03
   2.8198242187500000       -4.07232391E-03
   2.8247070312500000       -4.05850681E-03
   2.8295898437500000       -4.04477166E-03
   2.8344726562500000       -4.03111894E-03
   2.8393554687500000       -4.01755329E-03
   2.8442382812500000       -4.00406914E-03
   2.8491210937500000       -3.99066601E-03
   2.8540039062500000       -3.97734577E-03
   2.8588867187500000       -3.96410888E-03
   2.8637695312500000       -3.95094836E-03
   2.8686523437500000       -3.93787026E-03
   2.8735351562500000       -3.92487133E-03
   2.8784179687500000       -3.91195109E-03
   2.8833007812500000       -3.89911165E-03
   2.8881835937500000       -3.88634740E-03
   2.8930664062500000       -3.87366069E-03
   2.8979492187500000       -3.86105129E-03
   2.9028320312500000       -3.84851871E-03
   2.9077148437500000       -3.83605994E-03
   2.9125976562500000       -3.82367731E-03
   2.9174804687500000       -3.81137058E-03
   2.9223632812500000       -3.79913650E-03
   2.9272460937500000       -3.78697738E-03
   2.9321289062500000       -3.77489068E-03
   2.9370117187500000       -3.76287545E-03
   2.9418945312500000       -3.75093450E-03
   2.9467773437500000       -3.73906479E-03
   2.9516601562500000       -3.72726563E-03
   2.9565429687500000       -3.71553982E-03
   2.9614257812500000       -3.70388129E-03
   2.9663085937500000       -3.69229284E-03
   2.9711914062500000       -3.68077634E-03
   2.9760742187500000       -3.66932666E-03
   2.9809570312500000       -3.65794590E-03
   2.9858398437500000       -3.64663079E-03
   2.9907226562500000       -3.63538694E-03
   2.9956054687500000       -3.62420850E-03
   3.0004882812500000       -3.61309503E-03
   3.0053710937500000       -3.60204908E-03
   3.0102539062500000       -3.59107018E-03
   3.0151367187500000       -3.58015555E-03
   3.0200195312500000       -3.56930471E-03
   3.0249023437500000       -3.55852046E-03
   3.0297851562500000       -3.54779931E-03
   3.0346679687500000       -3.53714149E-03
   3.0395507812500000       -3.52654629E-03
   3.0444335937500000       -3.51601397E-03
   3.0493164062500000       -3.50554381E-03
   3.0541992187500000       -3.49513558E-03
   3.0590820312500000       -3.48478928E-03
   3.0639648437500000       -3.47450422E-03
   3.0688476562500000       -3.46428063E-03
   3.0737304687500000       -3.45411804E-03
   3.0786132812500000       -3.44401365E-03
   3.0834960937500000       -3.43396957E-03
   3.0883789062500000       -3.42398323E-03
   3.0932617187500000       -3.41405696E-03
   3.0981445312500000       -3.40419030E-03
   3.1030273437500000       -3.39438044E-03
   3.1079101562500000       -3.38462740E-03
   3.1127929687500000       -3.37493350E-03
   3.1176757812500000       -3.36529571E-03
   3.1225585937500000       -3.35571379E-03
   3.1274414062500000       -3.34618776E-03
   3.1323242187500000       -3.33671970E-03
   3.1372070312500000       -3.32730450E-03
   3.1420898437500000       -3.31794680E-03
   3.1469726562500000       -3.30864382E-03
   3.1518554687500000       -3.29939299E-03
   3.1567382812500000       -3.29019665E-03
   3.1616210937500000       -3.28105688E-03
   3.1665039062500000       -3.27196857E-03
   3.1713867187500000       -3.26293404E-03
   3.1762695312500000       -3.25395050E-03
   3.1811523437500000       -3.24502029E-03
   3.1860351562500000       -3.23614315E-03
   3.1909179687500000       -3.22731654E-03
   3.1958007812500000       -3.21854232E-03
   3.2006835937500000       -3.20981839E-03
   3.2055664062500000       -3.20114638E-03
   3.2104492187500000       -3.19252419E-03
   3.2153320312500000       -3.18395137E-03
   3.2202148437500000       -3.17543000E-03
   3.2250976562500000       -3.16695799E-03
   3.2299804687500000       -3.15853441E-03
   3.2348632812500000       -3.15015973E-03
   3.2397460937500000       -3.14183556E-03
   3.2446289062500000       -3.13355750E-03
   3.2495117187500000       -3.12532741E-03
   3.2543945312500000       -3.11714737E-03
   3.2592773437500000       -3.10901273E-03
   3.2641601562500000       -3.10092559E-03
   3.2690429687500000       -3.09288572E-03
   3.2739257812500000       -3.08489311E-03
   3.2788085937500000       -3.07694473E-03
   3.2836914062500000       -3.06904572E-03
   3.2885742187500000       -3.06119071E-03
   3.2934570312500000       -3.05337994E-03
   3.2983398437500000       -3.04561527E-03
   3.3032226562500000       -3.03789671E-03
   3.3081054687500000       -3.03022144E-03
   3.3129882812500000       -3.02259205E-03
   3.3178710937500000       -3.01500573E-03
   3.3227539062500000       -3.00746248E-03
   3.3276367187500000       -2.99996440E-03
   3.3325195312500000       -2.99250917E-03
   3.3374023437500000       -2.98509607E-03
   3.3422851562500000       -2.97772791E-03
   3.3471679687500000       -2.97039957E-03
   3.3520507812500000       -2.96311569E-03
   3.3569335937500000       -2.95587350E-03
   3.3618164062500000       -2.94867321E-03
   3.3666992187500000       -2.94151437E-03
   3.3715820312500000       -2.93439697E-03
   3.3764648437500000       -2.92732078E-03
   3.3813476562500000       -2.92028580E-03
   3.3862304687500000       -2.91329157E-03
   3.3911132812500000       -2.90633598E-03
   3.3959960937500000       -2.89942347E-03
   3.4008789062500000       -2.89254892E-03
   3.4057617187500000       -2.88571278E-03
   3.4106445312500000       -2.87891878E-03
   3.4155273437500000       -2.87216273E-03
   3.4204101562500000       -2.86544673E-03
   3.4252929687500000       -2.85876798E-03
   3.4301757812500000       -2.85212905E-03
   3.4350585937500000       -2.84552737E-03
   3.4399414062500000       -2.83896504E-03
   3.4448242187500000       -2.83243973E-03
   3.4497070312500000       -2.82595330E-03
   3.4545898437500000       -2.81950366E-03
   3.4594726562500000       -2.81309080E-03
   3.4643554687500000       -2.80671637E-03
   3.4692382812500000       -2.80037825E-03
   3.4741210937500000       -2.79407646E-03
   3.4790039062500000       -2.78781075E-03
   3.4838867187500000       -2.78158300E-03
   3.4887695312500000       -2.77538900E-03
   3.4936523437500000       -2.76923273E-03
   3.4985351562500000       -2.76310998E-03
   3.5034179687500000       -2.75702472E-03
   3.5083007812500000       -2.75097485E-03
   3.5131835937500000       -2.74495804E-03
   3.5180664062500000       -2.73897848E-03
   3.5229492187500000       -2.73303152E-03
   3.5278320312500000       -2.72711948E-03
   3.5327148437500000       -2.72124191E-03
   3.5375976562500000       -2.71539926E-03
   3.5424804687500000       -2.70959083E-03
   3.5473632812500000       -2.70381477E-03
   3.5522460937500000       -2.69807293E-03
   3.5571289062500000       -2.69236509E-03
   3.5620117187500000       -2.68668914E-03
   3.5668945312500000       -2.68104696E-03
   3.5717773437500000       -2.67543877E-03
   3.5766601562500000       -2.66986201E-03
   3.5815429687500000       -2.66431668E-03
   3.5864257812500000       -2.65880465E-03
   3.5913085937500000       -2.65332405E-03
   3.5961914062500000       -2.64787651E-03
   3.6010742187500000       -2.64245993E-03
   3.6059570312500000       -2.63707666E-03
   3.6108398437500000       -2.63172388E-03
   3.6157226562500000       -2.62640184E-03
   3.6206054687500000       -2.62111262E-03
   3.6254882812500000       -2.61585158E-03
   3.6303710937500000       -2.61062314E-03
   3.6352539062500000       -2.60542496E-03
   3.6401367187500000       -2.60025705E-03
   3.6450195312500000       -2.59512104E-03
   3.6499023437500000       -2.59001320E-03
   3.6547851562500000       -2.58493726E-03
   3.6596679687500000       -2.57988903E-03
   3.6645507812500000       -2.57487246E-03
   3.6694335937500000       -2.56988360E-03
   3.6743164062500000       -2.56492617E-03
   3.6791992187500000       -2.55999621E-03
   3.6840820312500000       -2.55509559E-03
   3.6889648437500000       -2.55022617E-03
   3.6938476562500000       -2.54538376E-03
   3.6987304687500000       -2.54056836E-03
   3.7036132812500000       -2.53578415E-03
   3.7084960937500000       -2.53102649E-03
   3.7133789062500000       -2.52629980E-03
   3.7182617187500000       -2.52159778E-03
   3.7231445312500000       -2.51692627E-03
   3.7280273437500000       -2.51228129E-03
   3.7329101562500000       -2.50766473E-03
   3.7377929687500000       -2.50307447E-03
   3.7426757812500000       -2.49851239E-03
   3.7475585937500000       -2.49397848E-03
   3.7524414062500000       -2.48947064E-03
   3.7573242187500000       -2.48499098E-03
   3.7622070312500000       -2.48053716E-03
   3.7670898437500000       -2.47610896E-03
   3.7719726562500000       -2.47170869E-03
   3.7768554687500000       -2.46733404E-03
   3.7817382812500000       -2.46298686E-03
   3.7866210937500000       -2.45866529E-03
   3.7915039062500000       -2.45437119E-03
   3.7963867187500000       -2.45010247E-03
   3.8012695312500000       -2.44585890E-03
   3.8061523437500000       -2.44164071E-03
   3.8110351562500000       -2.43744743E-03
   3.8159179687500000       -2.43328116E-03
   3.8208007812500000       -2.42914003E-03
   3.8256835937500000       -2.42502382E-03
   3.8305664062500000       -2.42093438E-03
   3.8354492187500000       -2.41686776E-03
   3.8403320312500000       -2.41282559E-03
   3.8452148437500000       -2.40881043E-03
   3.8500976562500000       -2.40481948E-03
   3.8549804687500000       -2.40085111E-03
   3.8598632812500000       -2.39690905E-03
   3.8647460937500000       -2.39299145E-03
   3.8696289062500000       -2.38909619E-03
   3.8745117187500000       -2.38522701E-03
   3.8793945312500000       -2.38137995E-03
   3.8842773437500000       -2.37755897E-03
   3.8891601562500000       -2.37376010E-03
   3.8940429687500000       -2.36998498E-03
   3.8989257812500000       -2.36623385E-03
   3.9038085937500000       -2.36250670E-03
   3.9086914062500000       -2.35880306E-03
   3.9135742187500000       -2.35512108E-03
   3.9184570312500000       -2.35146284E-03
   3.9233398437500000       -2.34782812E-03
   3.9282226562500000       -2.34421692E-03
   3.9331054687500000       -2.34062714E-03
   3.9379882812500000       -2.33706064E-03
   3.9428710937500000       -2.33351579E-03
   3.9477539062500000       -2.32999586E-03
   3.9526367187500000       -2.32649734E-03
   3.9575195312500000       -2.32301978E-03
   3.9624023437500000       -2.31956551E-03
   3.9672851562500000       -2.31613405E-03
   3.9721679687500000       -2.31272378E-03
   3.9770507812500000       -2.30933423E-03
   3.9819335937500000       -2.30596773E-03
   3.9868164062500000       -2.30262382E-03
   3.9916992187500000       -2.29930086E-03
   3.9965820312500000       -2.29600049E-03
   4.0014648437500000       -2.29272083E-03
   4.0063476562500000       -2.28946190E-03
   4.0112304687500000       -2.28622532E-03
   4.0161132812500000       -2.28300923E-03
   4.0209960937500000       -2.27981363E-03
   4.0258789062500000       -2.27664039E-03
   4.0307617187500000       -2.27348763E-03
   4.0356445312500000       -2.27035489E-03
   4.0405273437500000       -2.26724450E-03
   4.0454101562500000       -2.26415438E-03
   4.0502929687500000       -2.26108427E-03
   4.0551757812500000       -2.25803442E-03
   4.0600585937500000       -2.25500646E-03
   4.0649414062500000       -2.25199852E-03
   4.0698242187500000       -2.24901061E-03
   4.0747070312500000       -2.24604271E-03
   4.0795898437500000       -2.24309438E-03
   4.0844726562500000       -2.24016607E-03
   4.0893554687500000       -2.23725941E-03
   4.0942382812500000       -2.23437254E-03
   4.0991210937500000       -2.23150337E-03
   4.1040039062500000       -2.22865585E-03
   4.1088867187500000       -2.22582766E-03
   4.1137695312500000       -2.22301739E-03
   4.1186523437500000       -2.22022831E-03
   4.1235351562500000       -2.21745879E-03
   4.1284179687500000       -2.21470883E-03
   4.1333007812500000       -2.21197610E-03
   4.1381835937500000       -2.20926479E-03
   4.1430664062500000       -2.20657256E-03
   4.1479492187500000       -2.20389781E-03
   4.1528320312500000       -2.20124424E-03
   4.1577148437500000       -2.19860766E-03
   4.1625976562500000       -2.19599041E-03
   4.1674804687500000       -2.19339225E-03
   4.1723632812500000       -2.19081296E-03
   4.1772460937500000       -2.18825298E-03
   4.1821289062500000       -2.18570977E-03
   4.1870117187500000       -2.18318566E-03
   4.1918945312500000       -2.18068017E-03
   4.1967773437500000       -2.17819377E-03
   4.2016601562500000       -2.17572600E-03
   4.2065429687500000       -2.17327522E-03
   4.2114257812500000       -2.17084331E-03
   4.2163085937500000       -2.16842978E-03
   4.2211914062500000       -2.16603512E-03
   4.2260742187500000       -2.16365722E-03
   4.2309570312500000       -2.16129771E-03
   4.2358398437500000       -2.15895497E-03
   4.2407226562500000       -2.15663062E-03
   4.2456054687500000       -2.15432490E-03
   4.2504882812500000       -2.15203571E-03
   4.2553710937500000       -2.14976491E-03
   4.2602539062500000       -2.14751228E-03
   4.2651367187500000       -2.14527640E-03
   4.2700195312500000       -2.14305869E-03
   4.2749023437500000       -2.14085728E-03
   4.2797851562500000       -2.13867426E-03
   4.2846679687500000       -2.13650754E-03
   4.2895507812500000       -2.13435898E-03
   4.2944335937500000       -2.13222834E-03
   4.2993164062500000       -2.13011424E-03
   4.3041992187500000       -2.12801620E-03
   4.3090820312500000       -2.12593609E-03
   4.3139648437500000       -2.12387228E-03
   4.3188476562500000       -2.12182640E-03
   4.3237304687500000       -2.11979658E-03
   4.3286132812500000       -2.11778469E-03
   4.3334960937500000       -2.11578887E-03
   4.3383789062500000       -2.11380888E-03
   4.3432617187500000       -2.11184681E-03
   4.3481445312500000       -2.10990058E-03
   4.3530273437500000       -2.10797042E-03
   4.3579101562500000       -2.10605795E-03
   4.3627929687500000       -2.10416317E-03
   4.3676757812500000       -2.10228236E-03
   4.3725585937500000       -2.10041902E-03
   4.3774414062500000       -2.09857174E-03
   4.3823242187500000       -2.09674193E-03
   4.3872070312500000       -2.09492771E-03
   4.3920898437500000       -2.09312933E-03
   4.3969726562500000       -2.09134654E-03
   4.4018554687500000       -2.08958145E-03
   4.4067382812500000       -2.08782987E-03
   4.4116210937500000       -2.08609761E-03
   4.4165039062500000       -2.08437908E-03
   4.4213867187500000       -2.08267616E-03
   4.4262695312500000       -2.08099047E-03
   4.4311523437500000       -2.07932037E-03
   4.4360351562500000       -2.07766565E-03
   4.4409179687500000       -2.07602838E-03
   4.4458007812500000       -2.07440462E-03
   4.4506835937500000       -2.07279809E-03
   4.4555664062500000       -2.07120506E-03
   4.4604492187500000       -2.06962903E-03
   4.4653320312500000       -2.06807046E-03
   4.4702148437500000       -2.06652516E-03
   4.4750976562500000       -2.06499523E-03
   4.4799804687500000       -2.06348253E-03
   4.4848632812500000       -2.06198310E-03
   4.4897460937500000       -2.06050067E-03
   4.4946289062500000       -2.05903151E-03
   4.4995117187500000       -2.05757958E-03
   4.5043945312500000       -2.05614278E-03
   4.5092773437500000       -2.05472112E-03
   4.5141601562500000       -2.05331435E-03
   4.5190429687500000       -2.05192296E-03
   4.5239257812500000       -2.05054646E-03
   4.5288085937500000       -2.04918510E-03
   4.5336914062500000       -2.04783864E-03
   4.5385742187500000       -2.04650732E-03
   4.5434570312500000       -2.04519113E-03
   4.5483398437500000       -2.04388984E-03
   4.5532226562500000       -2.04260345E-03
   4.5581054687500000       -2.04133196E-03
   4.5629882812500000       -2.04007723E-03
   4.5678710937500000       -2.03883555E-03
   4.5727539062500000       -2.03760713E-03
   4.5776367187500000       -2.03639525E-03
   4.5825195312500000       -2.03519827E-03
   4.5874023437500000       -2.03401619E-03
   4.5922851562500000       -2.03284877E-03
   4.5971679687500000       -2.03169463E-03
   4.6020507812500000       -2.03055679E-03
   4.6069335937500000       -2.02943198E-03
   4.6118164062500000       -2.02832394E-03
   4.6166992187500000       -2.02722871E-03
   4.6215820312500000       -2.02614814E-03
   4.6264648437500000       -2.02508224E-03
   4.6313476562500000       -2.02403124E-03
   4.6362304687500000       -2.02299468E-03
   4.6411132812500000       -2.02197302E-03
   4.6459960937500000       -2.02096417E-03
   4.6508789062500000       -2.01997161E-03
   4.6557617187500000       -2.01899209E-03
   4.6606445312500000       -2.01802701E-03
   4.6655273437500000       -2.01707659E-03
   4.6704101562500000       -2.01614061E-03
   4.6752929687500000       -2.01521767E-03
   4.6801757812500000       -2.01431103E-03
   4.6850585937500000       -2.01341696E-03
   4.6899414062500000       -2.01253756E-03
   4.6948242187500000       -2.01167259E-03
   4.6997070312500000       -2.01082043E-03
   4.7045898437500000       -2.00998457E-03
   4.7094726562500000       -2.00916152E-03
   4.7143554687500000       -2.00835266E-03
   4.7192382812500000       -2.00755848E-03
   4.7241210937500000       -2.00677686E-03
   4.7290039062500000       -2.00601155E-03
   4.7338867187500000       -2.00525881E-03
   4.7387695312500000       -2.00452050E-03
   4.7436523437500000       -2.00379477E-03
   4.7485351562500000       -2.00308533E-03
   4.7534179687500000       -2.00238847E-03
   4.7583007812500000       -2.00170605E-03
   4.7631835937500000       -2.00103782E-03
   4.7680664062500000       -2.00038217E-03
   4.7729492187500000       -1.99974095E-03
   4.7778320312500000       -1.99911417E-03
   4.7827148437500000       -1.99850160E-03
   4.7875976562500000       -1.99790159E-03
   4.7924804687500000       -1.99731602E-03
   4.7973632812500000       -1.99674466E-03
   4.8022460937500000       -1.99618586E-03
   4.8071289062500000       -1.99564127E-03
   4.8120117187500000       -1.99511112E-03
   4.8168945312500000       -1.99459516E-03
   4.8217773437500000       -1.99409155E-03
   4.8266601562500000       -1.99360237E-03
   4.8315429687500000       -1.99312740E-03
   4.8364257812500000       -1.99266500E-03
   4.8413085937500000       -1.99221866E-03
   4.8461914062500000       -1.99178280E-03
   4.8510742187500000       -1.99136301E-03
   4.8559570312500000       -1.99095579E-03
   4.8608398437500000       -1.99056254E-03
   4.8657226562500000       -1.99018209E-03
   4.8706054687500000       -1.98981725E-03
   4.8754882812500000       -1.98946521E-03
   4.8803710937500000       -1.98912527E-03
   4.8852539062500000       -1.98879978E-03
   4.8901367187500000       -1.98848825E-03
   4.8950195312500000       -1.98819092E-03
   4.8999023437500000       -1.98790617E-03
   4.9047851562500000       -1.98763562E-03
   4.9096679687500000       -1.98737904E-03
   4.9145507812500000       -1.98713504E-03
   4.9194335937500000       -1.98690523E-03
   4.9243164062500000       -1.98668754E-03
   4.9291992187500000       -1.98648428E-03
   4.9340820312500000       -1.98629522E-03
   4.9389648437500000       -1.98612013E-03
   4.9438476562500000       -1.98595738E-03
   4.9487304687500000       -1.98580907E-03
   4.9536132812500000       -1.98567286E-03
   4.9584960937500000       -1.98555272E-03
   4.9633789062500000       -1.98544306E-03
   4.9682617187500000       -1.98534946E-03
   4.9731445312500000       -1.98526820E-03
   4.9780273437500000       -1.98520091E-03
   4.9829101562500000       -1.98514620E-03
   4.9877929687500000       -1.98510545E-03
   4.9926757812500000       -1.98507891E-03
   4.9975585937500000       -1.98506494E-03
   5.0024414062500000       -1.98506494E-03
   5.0073242187500000       -1.98507891E-03
   5.0122070312500000       -1.98510545E-03
   5.0170898437500000       -1.98514620E-03
   5.0219726562500000       -1.98520091E-03
   5.0268554687500000       -1.98526820E-03
   5.0317382812500000       -1.98534946E-03
   5.0366210937500000       -1.98544306E-03
   5.0415039062500000       -1.98555272E-03
   5.0463867187500000       -1.98567286E-03
   5.0512695312500000       -1.98580907E-03
   5.0561523437500000       -1.98595738E-03
   5.0610351562500000       -1.98612013E-03
   5.0659179687500000       -1.98629522E-03
   5.0708007812500000       -1.98648428E-03
   5.0756835937500000       -1.98668754E-03
   5.0805664062500000       -1.98690523E-03
   5.0854492187500000       -1.98713504E-03
   5.0903320312500000       -1.98737904E-03
   5.0952148437500000       -1.98763562E-03
   5.1000976562500000       -1.98790617E-03
   5.1049804687500000       -1.98819092E-03
   5.1098632812500000       -1.98848825E-03
   5.1147460937500000       -1.98879978E-03
   5.1196289062500000       -1.98912527E-03
   5.1245117187500000       -1.98946521E-03
   5.1293945312500000       -1.98981725E-03
   5.1342773437500000       -1.99018209E-03
   5.1391601562500000       -1.99056254E-03
   5.1440429687500000       -1.99095579E-03
   5.1489257812500000       -1.99136301E-03
   5.1538085937500000       -1.99178280E-03
   5.1586914062500000       -1.99221866E-03
   5.1635742187500000       -1.99266500E-03
   5.1684570312500000       -1.99312740E-03
   5.1733398437500000       -1.99360237E-03
   5.1782226562500000       -1.99409155E-03
   5.1831054687500000       -1.99459516E-03
   5.1879882812500000       -1.99511112E-03
   5.1928710937500000       -1.99564127E-03
   5.1977539062500000       -1.99618586E-03
   5.2026367187500000       -1.99674466E-03
   5.2075195312500000       -1.99731602E-03
   5.2124023437500000       -1.99790159E-03
   5.2172851562500000       -1.99850160E-03
   5.2221679687500000       -1.99911417E-03
   5.2270507812500000       -1.99974095E-03
   5.2319335937500000       -2.00038217E-03
   5.2368164062500000       -2.00103782E-03
   5.2416992187500000       -2.00170605E-03
   5.2465820312500000       -2.00238847E-03
   5.2514648437500000       -2.00308533E-03
   5.2563476562500000       -2.00379477E-03
   5.2612304687500000       -2.00452050E-03
   5.2661132812500000       -2.00525881E-03
   5.2709960937500000       -2.00601155E-03
   5.2758789062500000       -2.00677686E-03
   5.2807617187500000       -2.00755848E-03
   5.2856445312500000       -2.00835266E-03
   5.2905273437500000       -2.00916152E-03
   5.2954101562500000       -2.00998457E-03
   5.3002929687500000       -2.01082043E-03
   5.3051757812500000       -2.01167259E-03
   5.3100585937500000       -2.01253756E-03
   5.3149414062500000       -2.01341696E-03
   5.3198242187500000       -2.01431103E-03
   5.3247070312500000       -2.01521767E-03
   5.3295898437500000       -2.01614061E-03
   5.3344726562500000       -2.01707659E-03
   5.3393554687500000       -2.01802701E-03
   5.3442382812500000       -2.01899209E-03
   5.3491210937500000       -2.01997161E-03
   5.3540039062500000       -2.02096417E-03
   5.3588867187500000       -2.02197302E-03
   5.3637695312500000       -2.02299468E-03
   5.3686523437500000       -2.02403124E-03
   5.3735351562500000       -2.02508224E-03
   5.3784179687500000       -2.02614814E-03
   5.3833007812500000       -2.02722871E-03
   5.3881835937500000       -2.02832394E-03
   5.3930664062500000       -2.02943198E-03
   5.3979492187500000       -2.03055679E-03
   5.4028320312500000       -2.03169463E-03
   5.4077148437500000       -2.03284877E-03
   5.4125976562500000       -2.03401619E-03
   5.4174804687500000       -2.03519827E-03
   5.4223632812500000       -2.03639525E-03
   5.4272460937500000       -2.03760713E-03
   5.4321289062500000       -2.03883555E-03
   5.4370117187500000       -2.04007723E-03
   5.4418945312500000       -2.04133196E-03
   5.4467773437500000       -2.04260345E-03
   5.4516601562500000       -2.04388984E-03
   5.4565429687500000       -2.04519113E-03
   5.4614257812500000       -2.04650732E-03
   5.4663085937500000       -2.04783864E-03
   5.4711914062500000       -2.04918510E-03
   5.4760742187500000       -2.05054646E-03
   5.4809570312500000       -2.05192296E-03
   5.4858398437500000       -2.05331435E-03
   5.4907226562500000       -2.05472112E-03
   5.4956054687500000       -2.05614278E-03
   5.5004882812500000       -2.05757958E-03
   5.5053710937500000       -2.05903151E-03
   5.5102539062500000       -2.06050067E-03
   5.5151367187500000       -2.06198310E-03
   5.5200195312500000       -2.06348253E-03
   5.5249023437500000       -2.06499523E-03
   5.5297851562500000       -2.06652516E-03
   5.5346679687500000       -2.06807046E-03
   5.5395507812500000       -2.06962903E-03
   5.5444335937500000       -2.07120506E-03
   5.5493164062500000       -2.07279809E-03
   5.5541992187500000       -2.07440462E-03
   5.5590820312500000       -2.07602838E-03
   5.5639648437500000       -2.07766565E-03
   5.5688476562500000       -2.07932037E-03
   5.5737304687500000       -2.08099047E-03
   5.5786132812500000       -2.08267616E-03
   5.5834960937500000       -2.08437908E-03
   5.5883789062500000       -2.08609761E-03
   5.5932617187500000       -2.08782987E-03
   5.5981445312500000       -2.08958145E-03
   5.6030273437500000       -2.09134654E-03
   5.6079101562500000       -2.09312933E-03
   5.6127929687500000       -2.09492771E-03
   5.6176757812500000       -2.09674193E-03
   5.6225585937500000       -2.09857174E-03
   5.6274414062500000       -2.10041902E-03
   5.6323242187500000       -2.10228236E-03
   5.6372070312500000       -2.10416317E-03
   5.6420898437500000       -2.10605795E-03
   5.6469726562500000       -2.10797042E-03
   5.6518554687500000       -2.10990058E-03
   5.6567382812500000       -2.11184681E-03
   5.6616210937500000       -2.11380888E-03
   5.6665039062500000       -2.11578887E-03
   5.6713867187500000       -2.11778469E-03
   5.6762695312500000       -2.11979658E-03
   5.6811523437500000       -2.12182640E-03
   5.6860351562500000       -2.12387228E-03
   5.6909179687500000       -2.12593609E-03
   5.6958007812500000       -2.12801620E-03
   5.7006835937500000       -2.13011424E-03
   5.7055664062500000       -2.13222834E-03
   5.7104492187500000       -2.13435898E-03
   5.7153320312500000       -2.13650754E-03
   5.7202148437500000       -2.13867426E-03
   5.7250976562500000       -2.14085728E-03
   5.7299804687500000       -2.14305869E-03
   5.7348632812500000       -2.14527640E-03
   5.7397460937500000       -2.14751228E-03
   5.7446289062500000       -2.14976491E-03
   5.7495117187500000       -2.15203571E-03
   5.7543945312500000       -2.15432490E-03
   5.7592773437500000       -2.15663062E-03
   5.7641601562500000       -2.15895497E-03
   5.7690429687500000       -2.16129771E-03
   5.7739257812500000       -2.16365722E-03
   5.7788085937500000       -2.16603512E-03
   5.7836914062500000       -2.16842978E-03
   5.7885742187500000       -2.17084331E-03
   5.7934570312500000       -2.17327522E-03
   5.7983398437500000       -2.17572600E-03
   5.8032226562500000       -2.17819377E-03
   5.8081054687500000       -2.18068017E-03
   5.8129882812500000       -2.18318566E-03
   5.8178710937500000       -2.18570977E-03
   5.8227539062500000       -2.18825298E-03
   5.8276367187500000       -2.19081296E-03
   5.8325195312500000       -2.19339225E-03
   5.8374023437500000       -2.19599041E-03
   5.8422851562500000       -2.19860766E-03
   5.8471679687500000       -2.20124424E-03
   5.8520507812500000       -2.20389781E-03
   5.8569335937500000       -2.20657256E-03
   5.8618164062500000       -2.20926479E-03
   5.8666992187500000       -2.21197610E-03
   5.8715820312500000       -2.21470883E-03
   5.8764648437500000       -2.21745879E-03
   5.8813476562500000       -2.22022831E-03
   5.8862304687500000       -2.22301739E-03
   5.8911132812500000       -2.22582766E-03
   5.8959960937500000       -2.22865585E-03
   5.9008789062500000       -2.23150337E-03
   5.9057617187500000       -2.23437254E-03
   5.9106445312500000       -2.23725941E-03
   5.9155273437500000       -2.24016607E-03
   5.9204101562500000       -2.24309438E-03
   5.9252929687500000       -2.24604271E-03
   5.9301757812500000       -2.24901061E-03
   5.9350585937500000       -2.25199852E-03
   5.9399414062500000       -2.25500646E-03
   5.9448242187500000       -2.25803442E-03
   5.9497070312500000       -2.26108427E-03
   5.9545898437500000       -2.26415438E-03
   5.9594726562500000       -2.26724450E-03
   5.9643554687500000       -2.27035489E-03
   5.9692382812500000       -2.27348763E-03
   5.9741210937500000       -2.27664039E-03
   5.9790039062500000       -2.27981363E-03
   5.9838867187500000       -2.28300923E-03
   5.9887695312500000       -2.28622532E-03
   5.9936523437500000       -2.28946190E-03
   5.9985351562500000       -2.29272083E-03
   6.0034179687500000       -2.29600049E-03
   6.0083007812500000       -2.29930086E-03
   6.0131835937500000       -2.30262382E-03
   6.0180664062500000       -2.30596773E-03
   6.0229492187500000       -2.30933423E-03
   6.0278320312500000       -2.31272378E-03
   6.0327148437500000       -2.31613405E-03
   6.0375976562500000       -2.31956551E-03
   6.0424804687500000       -2.32301978E-03
   6.0473632812500000       -2.32649734E-03
   6.0522460937500000       -2.32999586E-03
   6.0571289062500000       -2.33351579E-03
   6.0620117187500000       -2.33706064E-03
   6.0668945312500000       -2.34062714E-03
   6.0717773437500000       -2.34421692E-03
   6.0766601562500000       -2.34782812E-03
   6.0815429687500000       -2.35146284E-03
   6.0864257812500000       -2.35512108E-03
   6.0913085937500000       -2.35880306E-03
   6.0961914062500000       -2.36250670E-03
   6.1010742187500000       -2.36623385E-03
   6.1059570312500000       -2.36998498E-03
   6.1108398437500000       -2.37376010E-03
   6.1157226562500000       -2.37755897E-03
   6.1206054687500000       -2.38137995E-03
   6.1254882812500000       -2.38522701E-03
   6.1303710937500000       -2.38909619E-03
   6.1352539062500000       -2.39299145E-03
   6.1401367187500000       -2.39690905E-03
   6.1450195312500000       -2.40085111E-03
   6.1499023437500000       -2.40481948E-03
   6.1547851562500000       -2.40881043E-03
   6.1596679687500000       -2.41282559E-03
   6.1645507812500000       -2.41686776E-03
   6.1694335937500000       -2.42093438E-03
   6.1743164062500000       -2.42502382E-03
   6.1791992187500000       -2.42914003E-03
   6.1840820312500000       -2.43328116E-03
   6.1889648437500000       -2.43744743E-03
   6.1938476562500000       -2.44164071E-03
   6.1987304687500000       -2.44585890E-03
   6.2036132812500000       -2.45010247E-03
   6.2084960937500000       -2.45437119E-03
   6.2133789062500000       -2.45866529E-03
   6.2182617187500000       -2.46298686E-03
   6.2231445312500000       -2.46733404E-03
   6.2280273437500000       -2.47170869E-03
   6.2329101562500000       -2.47610896E-03
   6.2377929687500000       -2.48053716E-03
   6.2426757812500000       -2.48499098E-03
   6.2475585937500000       -2.48947064E-03
   6.2524414062500000       -2.49397848E-03
   6.2573242187500000       -2.49851239E-03
   6.2622070312500000       -2.50307447E-03
   6.2670898437500000       -2.50766473E-03
   6.2719726562500000       -2.51228129E-03
   6.2768554687500000       -2.51692627E-03
   6.2817382812500000       -2.52159778E-03
   6.2866210937500000       -2.52629980E-03
   6.2915039062500000       -2.53102649E-03
   6.2963867187500000       -2.53578415E-03
   6.3012695312500000       -2.54056836E-03
   6.3061523437500000       -2.54538376E-03
   6.3110351562500000       -2.55022617E-03
   6.3159179687500000       -2.55509559E-03
   6.3208007812500000       -2.55999621E-03
   6.3256835937500000       -2.56492617E-03
   6.3305664062500000       -2.56988360E-03
   6.3354492187500000       -2.57487246E-03
   6.3403320312500000       -2.57988903E-03
   6.3452148437500000       -2.58493726E-03
   6.3500976562500000       -2.59001320E-03
   6.3549804687500000       -2.59512104E-03
   6.3598632812500000       -2.60025705E-03
   6.3647460937500000       -2.60542496E-03
   6.3696289062500000       -2.61062314E-03
   6.3745117187500000       -2.61585158E-03
   6.3793945312500000       -2.62111262E-03
   6.3842773437500000       -2.62640184E-03
   6.3891601562500000       -2.63172388E-03
   6.3940429687500000       -2.63707666E-03
   6.3989257812500000       -2.64245993E-03
   6.4038085937500000       -2.64787651E-03
   6.4086914062500000       -2.65332405E-03
   6.4135742187500000       -2.65880465E-03
   6.4184570312500000       -2.66431668E-03
   6.4233398437500000       -2.66986201E-03
   6.4282226562500000       -2.67543877E-03
   6.4331054687500000       -2.68104696E-03
   6.4379882812500000       -2.68668914E-03
   6.4428710937500000       -2.69236509E-03
   6.4477539062500000       -2.69807293E-03
   6.4526367187500000       -2.70381477E-03
   6.4575195312500000       -2.70959083E-03
   6.4624023437500000       -2.71539926E-03
   6.4672851562500000       -2.72124191E-03
   6.4721679687500000       -2.72711948E-03
   6.4770507812500000       -2.73303152E-03
   6.4819335937500000       -2.73897848E-03
   6.4868164062500000       -2.74495804E-03
   6.4916992187500000       -2.75097485E-03
   6.4965820312500000       -2.75702472E-03
   6.5014648437500000       -2.76310998E-03
   6.5063476562500000       -2.76923273E-03
   6.5112304687500000       -2.77538900E-03
   6.5161132812500000       -2.78158300E-03
   6.5209960937500000       -2.78781075E-03
   6.5258789062500000       -2.79407646E-03
   6.5307617187500000       -2.80037825E-03
   6.5356445312500000       -2.80671637E-03
   6.5405273437500000       -2.81309080E-03
   6.5454101562500000       -2.81950366E-03
   6.5502929687500000       -2.82595330E-03
   6.5551757812500000       -2.83243973E-03
   6.5600585937500000       -2.83896504E-03
   6.5649414062500000       -2.84552737E-03
   6.5698242187500000       -2.85212905E-03
   6.5747070312500000       -2.85876798E-03
   6.5795898437500000       -2.86544673E-03
   6.5844726562500000       -2.87216273E-03
   6.5893554687500000       -2.87891878E-03
   6.5942382812500000       -2.88571278E-03
   6.5991210937500000       -2.89254892E-03
   6.6040039062500000       -2.89942347E-03
   6.6088867187500000       -2.90633598E-03
   6.6137695312500000       -2.91329157E-03
   6.6186523437500000       -2.92028580E-03
   6.6235351562500000       -2.92732078E-03
   6.6284179687500000       -2.93439697E-03
   6.6333007812500000       -2.94151437E-03
   6.6381835937500000       -2.94867321E-03
   6.6430664062500000       -2.95587350E-03
   6.6479492187500000       -2.96311569E-03
   6.6528320312500000       -2.97039957E-03
   6.6577148437500000       -2.97772791E-03
   6.6625976562500000       -2.98509607E-03
   6.6674804687500000       -2.99250917E-03
   6.6723632812500000       -2.99996440E-03
   6.6772460937500000       -3.00746248E-03
   6.6821289062500000       -3.01500573E-03
   6.6870117187500000       -3.02259205E-03
   6.6918945312500000       -3.03022144E-03
   6.6967773437500000       -3.03789671E-03
   6.7016601562500000       -3.04561527E-03
   6.7065429687500000       -3.05337994E-03
   6.7114257812500000       -3.06119071E-03
   6.7163085937500000       -3.06904572E-03
   6.7211914062500000       -3.07694473E-03
   6.7260742187500000       -3.08489311E-03
   6.7309570312500000       -3.09288572E-03
   6.7358398437500000       -3.10092559E-03
   6.7407226562500000       -3.10901273E-03
   6.7456054687500000       -3.11714737E-03
   6.7504882812500000       -3.12532741E-03
   6.7553710937500000       -3.13355750E-03
   6.7602539062500000       -3.14183556E-03
   6.7651367187500000       -3.15015973E-03
   6.7700195312500000       -3.15853441E-03
   6.7749023437500000       -3.16695799E-03
   6.7797851562500000       -3.17543000E-03
   6.7846679687500000       -3.18395137E-03
   6.7895507812500000       -3.19252419E-03
   6.7944335937500000       -3.20114638E-03
   6.7993164062500000       -3.20981839E-03
   6.8041992187500000       -3.21854232E-03
   6.8090820312500000       -3.22731654E-03
   6.8139648437500000       -3.23614315E-03
   6.8188476562500000       -3.24502029E-03
   6.8237304687500000       -3.25395050E-03
   6.8286132812500000       -3.26293404E-03
   6.8334960937500000       -3.27196857E-03
   6.8383789062500000       -3.28105688E-03
   6.8432617187500000       -3.29019665E-03
   6.8481445312500000       -3.29939299E-03
   6.8530273437500000       -3.30864382E-03
   6.8579101562500000       -3.31794680E-03
   6.8627929687500000       -3.32730450E-03
   6.8676757812500000       -3.33671970E-03
   6.8725585937500000       -3.34618776E-03
   6.8774414062500000       -3.35571379E-03
   6.8823242187500000       -3.36529571E-03
   6.8872070312500000       -3.37493350E-03
   6.8920898437500000       -3.38462740E-03
   6.8969726562500000       -3.39438044E-03
   6.9018554687500000       -3.40419030E-03
   6.9067382812500000       -3.41405696E-03
   6.9116210937500000       -3.42398323E-03
   6.9165039062500000       -3.43396957E-03
   6.9213867187500000       -3.44401365E-03
   6.9262695312500000       -3.45411804E-03
   6.9311523437500000       -3.46428063E-03
   6.9360351562500000       -3.47450422E-03
   6.9409179687500000       -3.48478928E-03
   6.9458007812500000       -3.49513558E-03
   6.9506835937500000       -3.50554381E-03
   6.9555664062500000       -3.51601397E-03
   6.9604492187500000       -3.52654629E-03
   6.9653320312500000       -3.53714149E-03
   6.9702148437500000       -3.54779931E-03
   6.9750976562500000       -3.55852046E-03
   6.9799804687500000       -3.56930471E-03
   6.9848632812500000       -3.58015555E-03
   6.9897460937500000       -3.59107018E-03
   6.9946289062500000       -3.60204908E-03
   6.9995117187500000       -3.61309503E-03
   7.0043945312500000       -3.62420850E-03
   7.0092773437500000       -3.63538694E-03
   7.0141601562500000       -3.64663079E-03
   7.0190429687500000       -3.65794590E-03
   7.0239257812500000       -3.66932666E-03
   7.0288085937500000       -3.68077634E-03
   7.0336914062500000       -3.69229284E-03
   7.0385742187500000       -3.70388129E-03
   7.0434570312500000       -3.71553982E-03
   7.0483398437500000       -3.72726563E-03
   7.0532226562500000       -3.73906479E-03
   7.0581054687500000       -3.75093450E-03
   7.0629882812500000       -3.76287545E-03
   7.0678710937500000       -3.77489068E-03
   7.0727539062500000       -3.78697738E-03
   7.0776367187500000       -3.79913650E-03
   7.0825195312500000       -3.81137058E-03
   7.0874023437500000       -3.82367731E-03
   7.0922851562500000       -3.83605994E-03
   7.0971679687500000       -3.84851871E-03
   7.1020507812500000       -3.86105129E-03
   7.1069335937500000       -3.87366069E-03
   7.1118164062500000       -3.88634740E-03
   7.1166992187500000       -3.89911165E-03
   7.1215820312500000       -3.91195109E-03
   7.1264648437500000       -3.92487133E-03
   7.1313476562500000       -3.93787026E-03
   7.1362304687500000       -3.95094836E-03
   7.1411132812500000       -3.96410888E-03
   7.1459960937500000       -3.97734577E-03
   7.1508789062500000       -3.99066601E-03
   7.1557617187500000       -4.00406914E-03
   7.1606445312500000       -4.01755329E-03
   7.1655273437500000       -4.03111894E-03
   7.1704101562500000       -4.04477166E-03
   7.1752929687500000       -4.05850681E-03
   7.1801757812500000       -4.07232391E-03
   7.1850585937500000       -4.08622995E-03
   7.1899414062500000       -4.10021888E-03
   7.1948242187500000       -4.11429722E-03
   7.1997070312500000       -4.12845938E-03
   7.2045898437500000       -4.14271187E-03
   7.2094726562500000       -4.15705238E-03
   7.2143554687500000       -4.17148089E-03
   7.2192382812500000       -4.18600067E-03
   7.2241210937500000       -4.20060661E-03
   7.2290039062500000       -4.21530800E-03
   7.2338867187500000       -4.23009926E-03
   7.2387695312500000       -4.24498040E-03
   7.2436523437500000       -4.25995840E-03
   7.2485351562500000       -4.27502766E-03
   7.2534179687500000       -4.29019146E-03
   7.2583007812500000       -4.30545025E-03
   7.2631835937500000       -4.32080170E-03
   7.2680664062500000       -4.33625188E-03
   7.2729492187500000       -4.35180170E-03
   7.2778320312500000       -4.36744513E-03
   7.2827148437500000       -4.38318914E-03
   7.2875976562500000       -4.39903094E-03
   7.2924804687500000       -4.41497145E-03
   7.2973632812500000       -4.43101348E-03
   7.3022460937500000       -4.44715796E-03
   7.3071289062500000       -4.46340209E-03
   7.3120117187500000       -4.47975285E-03
   7.3168945312500000       -4.49620420E-03
   7.3217773437500000       -4.51276032E-03
   7.3266601562500000       -4.52942075E-03
   7.3315429687500000       -4.54618735E-03
   7.3364257812500000       -4.56305966E-03
   7.3413085937500000       -4.58004139E-03
   7.3461914062500000       -4.59713023E-03
   7.3510742187500000       -4.61432664E-03
   7.3559570312500000       -4.63163434E-03
   7.3608398437500000       -4.64905053E-03
   7.3657226562500000       -4.66657896E-03
   7.3706054687500000       -4.68422053E-03
   7.3754882812500000       -4.70197573E-03
   7.3803710937500000       -4.71984502E-03
   7.3852539062500000       -4.73782886E-03
   7.3901367187500000       -4.75592446E-03
   7.3950195312500000       -4.77414252E-03
   7.3999023437500000       -4.79247421E-03
   7.4047851562500000       -4.81092557E-03
   7.4096679687500000       -4.82949475E-03
   7.4145507812500000       -4.84818220E-03
   7.4194335937500000       -4.86699445E-03
   7.4243164062500000       -4.88592684E-03
   7.4291992187500000       -4.90498217E-03
   7.4340820312500000       -4.92416136E-03
   7.4389648437500000       -4.94346209E-03
   7.4438476562500000       -4.96289134E-03
   7.4487304687500000       -4.98245005E-03
   7.4536132812500000       -5.00213169E-03
   7.4584960937500000       -5.02194418E-03
   7.4633789062500000       -5.04188426E-03
   7.4682617187500000       -5.06195612E-03
   7.4731445312500000       -5.08215744E-03
   7.4780273437500000       -5.10249194E-03
   7.4829101562500000       -5.12296055E-03
   7.4877929687500000       -5.14356419E-03
   7.4926757812500000       -5.16430242E-03
   7.4975585937500000       -5.18517755E-03
   7.5024414062500000       -5.20619238E-03
   7.5073242187500000       -5.22734132E-03
   7.5122070312500000       -5.24863554E-03
   7.5170898437500000       -5.27006574E-03
   7.5219726562500000       -5.29164216E-03
   7.5268554687500000       -5.31335920E-03
   7.5317382812500000       -5.33521781E-03
   7.5366210937500000       -5.35722496E-03
   7.5415039062500000       -5.37937880E-03
   7.5463867187500000       -5.40167931E-03
   7.5512695312500000       -5.42412838E-03
   7.5561523437500000       -5.44672925E-03
   7.5610351562500000       -5.46947960E-03
   7.5659179687500000       -5.49238035E-03
   7.5708007812500000       -5.51543897E-03
   7.5756835937500000       -5.53864986E-03
   7.5805664062500000       -5.56201348E-03
   7.5854492187500000       -5.58553776E-03
   7.5903320312500000       -5.60922036E-03
   7.5952148437500000       -5.63306175E-03
   7.6000976562500000       -5.65706659E-03
   7.6049804687500000       -5.68123208E-03
   7.6098632812500000       -5.70555963E-03
   7.6147460937500000       -5.73005248E-03
   7.6196289062500000       -5.75471297E-03
   7.6245117187500000       -5.77953737E-03
   7.6293945312500000       -5.80453454E-03
   7.6342773437500000       -5.82969794E-03
   7.6391601562500000       -5.85503550E-03
   7.6440429687500000       -5.88054862E-03
   7.6489257812500000       -5.90623077E-03
   7.6538085937500000       -5.93208987E-03
   7.6586914062500000       -5.95812779E-03
   7.6635742187500000       -5.98434499E-03
   7.6684570312500000       -6.01073867E-03
   7.6733398437500000       -6.03731768E-03
   7.6782226562500000       -6.06407505E-03
   7.6831054687500000       -6.09102007E-03
   7.6879882812500000       -6.11814903E-03
   7.6928710937500000       -6.14546752E-03
   7.6977539062500000       -6.17297646E-03
   7.7026367187500000       -6.20067306E-03
   7.7075195312500000       -6.22856244E-03
   7.7124023437500000       -6.25664508E-03
   7.7172851562500000       -6.28492283E-03
   7.7221679687500000       -6.31339615E-03
   7.7270507812500000       -6.34207064E-03
   7.7319335937500000       -6.37094351E-03
   7.7368164062500000       -6.40001940E-03
   7.7416992187500000       -6.42929552E-03
   7.7465820312500000       -6.45878166E-03
   7.7514648437500000       -6.48847036E-03
   7.7563476562500000       -6.51837094E-03
   7.7612304687500000       -6.54847641E-03
   7.7661132812500000       -6.57880073E-03
   7.7709960937500000       -6.60933275E-03
   7.7758789062500000       -6.64008548E-03
   7.7807617187500000       -6.67105196E-03
   7.7856445312500000       -6.70223869E-03
   7.7905273437500000       -6.73364569E-03
   7.7954101562500000       -6.76527480E-03
   7.8002929687500000       -6.79713115E-03
   7.8051757812500000       -6.82921242E-03
   7.8100585937500000       -6.86152326E-03
   7.8149414062500000       -6.89406600E-03
   7.8198242187500000       -6.92683738E-03
   7.8247070312500000       -6.95984717E-03
   7.8295898437500000       -6.99308841E-03
   7.8344726562500000       -7.02657085E-03
   7.8393554687500000       -7.06029590E-03
   7.8442382812500000       -7.09426077E-03
   7.8491210937500000       -7.12846732E-03
   7.8540039062500000       -7.16292439E-03
   7.8588867187500000       -7.19763059E-03
   7.8637695312500000       -7.23258639E-03
   7.8686523437500000       -7.26779411E-03
   7.8735351562500000       -7.30325468E-03
   7.8784179687500000       -7.33897835E-03
   7.8833007812500000       -7.37495814E-03
   7.8881835937500000       -7.41119962E-03
   7.8930664062500000       -7.44770514E-03
   7.8979492187500000       -7.48447608E-03
   7.9028320312500000       -7.52151757E-03
   7.9077148437500000       -7.55883241E-03
   7.9125976562500000       -7.59641733E-03
   7.9174804687500000       -7.63427420E-03
   7.9223632812500000       -7.67241325E-03
   7.9272460937500000       -7.71083171E-03
   7.9321289062500000       -7.74953654E-03
   7.9370117187500000       -7.78852403E-03
   7.9418945312500000       -7.82779697E-03
   7.9467773437500000       -7.86736514E-03
   7.9516601562500000       -7.90722109E-03
   7.9565429687500000       -7.94737693E-03
   7.9614257812500000       -7.98782986E-03
   7.9663085937500000       -8.02858081E-03
   7.9711914062500000       -8.06963723E-03
   7.9760742187500000       -8.11100006E-03
   7.9809570312500000       -8.15266743E-03
   7.9858398437500000       -8.19464959E-03
   7.9907226562500000       -8.23694933E-03
   7.9956054687500000       -8.27955920E-03
   8.0004882812500000       -8.32249504E-03
   8.0053710937500000       -8.36575031E-03
   8.0102539062500000       -8.40932969E-03
   8.0151367187500000       -8.45324248E-03
   8.0200195312500000       -8.49748403E-03
   8.0249023437500000       -8.54205806E-03
   8.0297851562500000       -8.58697016E-03
   8.0346679687500000       -8.63222312E-03
   8.0395507812500000       -8.67781881E-03
   8.0444335937500000       -8.72376002E-03
   8.0493164062500000       -8.77005327E-03
   8.0541992187500000       -8.81670136E-03
   8.0590820312500000       -8.86370149E-03
   8.0639648437500000       -8.91106017E-03
   8.0688476562500000       -8.95878114E-03
   8.0737304687500000       -9.00686998E-03
   8.0786132812500000       -9.05533042E-03
   8.0834960937500000       -9.10415873E-03
   8.0883789062500000       -9.15336329E-03
   8.0932617187500000       -9.20294691E-03
   8.0981445312500000       -9.25291609E-03
   8.1030273437500000       -9.30326805E-03
   8.1079101562500000       -9.35400743E-03
   8.1127929687500000       -9.40514449E-03
   8.1176757812500000       -9.45667736E-03
   8.1225585937500000       -9.50860977E-03
   8.1274414062500000       -9.56094824E-03
   8.1323242187500000       -9.61369090E-03
   8.1372070312500000       -9.66685079E-03
   8.1420898437500000       -9.72041953E-03
   8.1469726562500000       -9.77441203E-03
   8.1518554687500000       -9.82882921E-03
   8.1567382812500000       -9.88367014E-03
   8.1616210937500000       -9.93894134E-03
   8.1665039062500000       -9.99464747E-03
   8.1713867187500000       -1.00507960E-02
   8.1762695312500000       -1.01073841E-02
   8.1811523437500000       -1.01644211E-02
   8.1860351562500000       -1.02219088E-02
   8.1909179687500000       -1.02798510E-02
   8.1958007812500000       -1.03382561E-02
   8.2006835937500000       -1.03971269E-02
   8.2055664062500000       -1.04564615E-02
   8.2104492187500000       -1.05162691E-02
   8.2153320312500000       -1.05765574E-02
   8.2202148437500000       -1.06373299E-02
   8.2250976562500000       -1.06985839E-02
   8.2299804687500000       -1.07603297E-02
   8.2348632812500000       -1.08225700E-02
   8.2397460937500000       -1.08853141E-02
   8.2446289062500000       -1.09485639E-02
   8.2495117187500000       -1.10123251E-02
   8.2543945312500000       -1.10765938E-02
   8.2592773437500000       -1.11413924E-02
   8.2641601562500000       -1.12067051E-02
   8.2690429687500000       -1.12725543E-02
   8.2739257812500000       -1.13389380E-02
   8.2788085937500000       -1.14058601E-02
   8.2836914062500000       -1.14733288E-02
   8.2885742187500000       -1.15413489E-02
   8.2934570312500000       -1.16099240E-02
   8.2983398437500000       -1.16790580E-02
   8.3032226562500000       -1.17487554E-02
   8.3081054687500000       -1.18190311E-02
   8.3129882812500000       -1.18898842E-02
   8.3178710937500000       -1.19613186E-02
   8.3227539062500000       -1.20333377E-02
   8.3276367187500000       -1.21059576E-02
   8.3325195312500000       -1.21791717E-02
   8.3374023437500000       -1.22529957E-02
   8.3422851562500000       -1.23274336E-02
   8.3471679687500000       -1.24024842E-02
   8.3520507812500000       -1.24781635E-02
   8.3569335937500000       -1.25544704E-02
   8.3618164062500000       -1.26314163E-02
   8.3666992187500000       -1.27090039E-02
   8.3715820312500000       -1.27872396E-02
   8.3764648437500000       -1.28661273E-02
   8.3813476562500000       -1.29456781E-02
   8.3862304687500000       -1.30259031E-02
   8.3911132812500000       -1.31067950E-02
   8.3959960937500000       -1.31883770E-02
   8.4008789062500000       -1.32706407E-02
   8.4057617187500000       -1.33536002E-02
   8.4106445312500000       -1.34372637E-02
   8.4155273437500000       -1.35216322E-02
   8.4204101562500000       -1.36067234E-02
   8.4252929687500000       -1.36925345E-02
   8.4301757812500000       -1.37790730E-02
   8.4350585937500000       -1.38663566E-02
   8.4399414062500000       -1.39543777E-02
   8.4448242187500000       -1.40431542E-02
   8.4497070312500000       -1.41326934E-02
   8.4545898437500000       -1.42229991E-02
   8.4594726562500000       -1.43140778E-02
   8.4643554687500000       -1.44059416E-02
   8.4692382812500000       -1.44985979E-02
   8.4741210937500000       -1.45920571E-02
   8.4790039062500000       -1.46863135E-02
   8.4838867187500000       -1.47813931E-02
   8.4887695312500000       -1.48772942E-02
   8.4936523437500000       -1.49740316E-02
   8.4985351562500000       -1.50716100E-02
   8.5034179687500000       -1.51700294E-02
   8.5083007812500000       -1.52693111E-02
   8.5131835937500000       -1.53694600E-02
   8.5180664062500000       -1.54704908E-02
   8.5229492187500000       -1.55723961E-02
   8.5278320312500000       -1.56752039E-02
   8.5327148437500000       -1.57789048E-02
   8.5375976562500000       -1.58835240E-02
   8.5424804687500000       -1.59890652E-02
   8.5473632812500000       -1.60955358E-02
   8.5522460937500000       -1.62029509E-02
   8.5571289062500000       -1.63113121E-02
   8.5620117187500000       -1.64206382E-02
   8.5668945312500000       -1.65309310E-02
   8.5717773437500000       -1.66422054E-02
   8.5766601562500000       -1.67544689E-02
   8.5815429687500000       -1.68677364E-02
   8.5864257812500000       -1.69820096E-02
   8.5913085937500000       -1.70973092E-02
   8.5961914062500000       -1.72136445E-02
   8.6010742187500000       -1.73310153E-02
   8.6059570312500000       -1.74494460E-02
   8.6108398437500000       -1.75689440E-02
   8.6157226562500000       -1.76895112E-02
   8.6206054687500000       -1.78111773E-02
   8.6254882812500000       -1.79339368E-02
   8.6303710937500000       -1.80578064E-02
   8.6352539062500000       -1.81828011E-02
   8.6401367187500000       -1.83089245E-02
   8.6450195312500000       -1.84361972E-02
   8.6499023437500000       -1.85646340E-02
   8.6547851562500000       -1.86942406E-02
   8.6596679687500000       -1.88250337E-02
   8.6645507812500000       -1.89570170E-02
   8.6694335937500000       -1.90902147E-02
   8.6743164062500000       -1.92246288E-02
   8.6791992187500000       -1.93602871E-02
   8.6840820312500000       -1.94971878E-02
   8.6889648437500000       -1.96353439E-02
   8.6938476562500000       -1.97747909E-02
   8.6987304687500000       -1.99155118E-02
   8.7036132812500000       -2.00575422E-02
   8.7084960937500000       -2.02008951E-02
   8.7133789062500000       -2.03455705E-02
   8.7182617187500000       -2.04915963E-02
   8.7231445312500000       -2.06389856E-02
   8.7280273437500000       -2.07877476E-02
   8.7329101562500000       -2.09379029E-02
   8.7377929687500000       -2.10894551E-02
   8.7426757812500000       -2.12424304E-02
   8.7475585937500000       -2.13968512E-02
   8.7524414062500000       -2.15527117E-02
   8.7573242187500000       -2.17100512E-02
   8.7622070312500000       -2.18688622E-02
   8.7670898437500000       -2.20291857E-02
   8.7719726562500000       -2.21910141E-02
   8.7768554687500000       -2.23543793E-02
   8.7817382812500000       -2.25193016E-02
   8.7866210937500000       -2.26857886E-02
   8.7915039062500000       -2.28538588E-02
   8.7963867187500000       -2.30235253E-02
   8.8012695312500000       -2.31948141E-02
   8.8061523437500000       -2.33677458E-02
   8.8110351562500000       -2.35423334E-02
   8.8159179687500000       -2.37185936E-02
   8.8208007812500000       -2.38965470E-02
   8.8256835937500000       -2.40762085E-02
   8.8305664062500000       -2.42576040E-02
   8.8354492187500000       -2.44407561E-02
   8.8403320312500000       -2.46256720E-02
   8.8452148437500000       -2.48123836E-02
   8.8500976562500000       -2.50008963E-02
   8.8549804687500000       -2.51912475E-02
   8.8598632812500000       -2.53834408E-02
   8.8647460937500000       -2.55775135E-02
   8.8696289062500000       -2.57734805E-02
   8.8745117187500000       -2.59713568E-02
   8.8793945312500000       -2.61711720E-02
   8.8842773437500000       -2.63729524E-02
   8.8891601562500000       -2.65767016E-02
   8.8940429687500000       -2.67824605E-02
   8.8989257812500000       -2.69902442E-02
   8.9038085937500000       -2.72000730E-02
   8.9086914062500000       -2.74119806E-02
   8.9135742187500000       -2.76259799E-02
   8.9184570312500000       -2.78420970E-02
   8.9233398437500000       -2.80603617E-02
   8.9282226562500000       -2.82807909E-02
   8.9331054687500000       -2.85034273E-02
   8.9379882812500000       -2.87282672E-02
   8.9428710937500000       -2.89553627E-02
   8.9477539062500000       -2.91847233E-02
   8.9526367187500000       -2.94163786E-02
   8.9575195312500000       -2.96503622E-02
   8.9624023437500000       -2.98866928E-02
   8.9672851562500000       -3.01254001E-02
   8.9721679687500000       -3.03665213E-02
   8.9770507812500000       -3.06100752E-02
   8.9819335937500000       -3.08560822E-02
   8.9868164062500000       -3.11045833E-02
   8.9916992187500000       -3.13556045E-02
   8.9965820312500000       -3.16091776E-02
   9.0014648437500000       -3.18653248E-02
   9.0063476562500000       -3.21240798E-02
   9.0112304687500000       -3.23854797E-02
   9.0161132812500000       -3.26495469E-02
   9.0209960937500000       -3.29163261E-02
   9.0258789062500000       -3.31858285E-02
   9.0307617187500000       -3.34581025E-02
   9.0356445312500000       -3.37331742E-02
   9.0405273437500000       -3.40110809E-02
   9.0454101562500000       -3.42918485E-02
   9.0502929687500000       -3.45755257E-02
   9.0551757812500000       -3.48621309E-02
   9.0600585937500000       -3.51517126E-02
   9.0649414062500000       -3.54442932E-02
   9.0698242187500000       -3.57399136E-02
   9.0747070312500000       -3.60386111E-02
   9.0795898437500000       -3.63404341E-02
   9.0844726562500000       -3.66453975E-02
   9.0893554687500000       -3.69535573E-02
   9.0942382812500000       -3.72649394E-02
   9.0991210937500000       -3.75795923E-02
   9.1040039062500000       -3.78975570E-02
   9.1088867187500000       -3.82188559E-02
   9.1137695312500000       -3.85435522E-02
   9.1186523437500000       -3.88716720E-02
   9.1235351562500000       -3.92032601E-02
   9.1284179687500000       -3.95383611E-02
   9.1333007812500000       -3.98770198E-02
   9.1381835937500000       -4.02192734E-02
   9.1430664062500000       -4.05651741E-02
   9.1479492187500000       -4.09147479E-02
   9.1528320312500000       -4.12680656E-02
   9.1577148437500000       -4.16251570E-02
   9.1625976562500000       -4.19860706E-02
   9.1674804687500000       -4.23508547E-02
   9.1723632812500000       -4.27195579E-02
   9.1772460937500000       -4.30922210E-02
   9.1821289062500000       -4.34689112E-02
   9.1870117187500000       -4.38496545E-02
   9.1918945312500000       -4.42345142E-02
   9.1967773437500000       -4.46235500E-02
   9.2016601562500000       -4.50167991E-02
   9.2065429687500000       -4.54143137E-02
   9.2114257812500000       -4.58161570E-02
   9.2163085937500000       -4.62223701E-02
   9.2211914062500000       -4.66330238E-02
   9.2260742187500000       -4.70481589E-02
   9.2309570312500000       -4.74678390E-02
   9.2358398437500000       -4.78921197E-02
   9.2407226562500000       -4.83210646E-02
   9.2456054687500000       -4.87547107E-02
   9.2504882812500000       -4.91931476E-02
   9.2553710937500000       -4.96364124E-02
   9.2602539062500000       -5.00845797E-02
   9.2651367187500000       -5.05377017E-02
   9.2700195312500000       -5.09958453E-02
   9.2749023437500000       -5.14590740E-02
   9.2797851562500000       -5.19274510E-02
   9.2846679687500000       -5.24010435E-02
   9.2895507812500000       -5.28799258E-02
   9.2944335937500000       -5.33641502E-02
   9.2993164062500000       -5.38537875E-02
   9.3041992187500000       -5.43489158E-02
   9.3090820312500000       -5.48495986E-02
   9.3139648437500000       -5.53559139E-02
   9.3188476562500000       -5.58679253E-02
   9.3237304687500000       -5.63857108E-02
   9.3286132812500000       -5.69093414E-02
   9.3334960937500000       -5.74389026E-02
   9.3383789062500000       -5.79744540E-02
   9.3432617187500000       -5.85160814E-02
   9.3481445312500000       -5.90638705E-02
   9.3530273437500000       -5.96178956E-02
   9.3579101562500000       -6.01782240E-02
   9.3627929687500000       -6.07449599E-02
   9.3676757812500000       -6.13181815E-02
   9.3725585937500000       -6.18979558E-02
   9.3774414062500000       -6.24843873E-02
   9.3823242187500000       -6.30775616E-02
   9.3872070312500000       -6.36775568E-02
   9.3920898437500000       -6.42844737E-02
   9.3969726562500000       -6.48983940E-02
   9.4018554687500000       -6.55194148E-02
   9.4067382812500000       -6.61476180E-02
   9.4116210937500000       -6.67831153E-02
   9.4165039062500000       -6.74259886E-02
   9.4213867187500000       -6.80763572E-02
   9.4262695312500000       -6.87342882E-02
   9.4311523437500000       -6.93999156E-02
   9.4360351562500000       -7.00733140E-02
   9.4409179687500000       -7.07545951E-02
   9.4458007812500000       -7.14438632E-02
   9.4506835937500000       -7.21412376E-02
   9.4555664062500000       -7.28468150E-02
   9.4604492187500000       -7.35607073E-02
   9.4653320312500000       -7.42830262E-02
   9.4702148437500000       -7.50138760E-02
   9.4750976562500000       -7.57533833E-02
   9.4799804687500000       -7.65016600E-02
   9.4848632812500000       -7.72588179E-02
   9.4897460937500000       -7.80249983E-02
   9.4946289062500000       -7.88002908E-02
   9.4995117187500000       -7.95848370E-02
   9.5043945312500000       -8.03787634E-02
   9.5092773437500000       -8.11821967E-02
   9.5141601562500000       -8.19952637E-02
   9.5190429687500000       -8.28180909E-02
   9.5239257812500000       -8.36508125E-02
   9.5288085937500000       -8.44935700E-02
   9.5336914062500000       -8.53464976E-02
   9.5385742187500000       -8.62097293E-02
   9.5434570312500000       -8.70834142E-02
   9.5483398437500000       -8.79676864E-02
   9.5532226562500000       -8.88626873E-02
   9.5581054687500000       -8.97685960E-02
   9.5629882812500000       -9.06855166E-02
   9.5678710937500000       -9.16136354E-02
   9.5727539062500000       -9.25530940E-02
   9.5776367187500000       -9.35040563E-02
   9.5825195312500000       -9.44666564E-02
   9.5874023437500000       -9.54410881E-02
   9.5922851562500000       -9.64275077E-02
   9.5971679687500000       -9.74260643E-02
   9.6020507812500000       -9.84369591E-02
   9.6069335937500000       -9.94603261E-02
   9.6118164062500000      -0.100496367    
   9.6166992187500000      -0.101545244    
   9.6215820312500000      -0.102607138    
   9.6264648437500000      -0.103682250    
   9.6313476562500000      -0.104770742    
   9.6362304687500000      -0.105872810    
   9.6411132812500000      -0.106988654    
   9.6459960937500000      -0.108118452    
   9.6508789062500000      -0.109262414    
   9.6557617187500000      -0.110420749    
   9.6606445312500000      -0.111593634    
   9.6655273437500000      -0.112781294    
   9.6704101562500000      -0.113983929    
   9.6752929687500000      -0.115201764    
   9.6801757812500000      -0.116434999    
   9.6850585937500000      -0.117683873    
   9.6899414062500000      -0.118948594    
   9.6948242187500000      -0.120229401    
   9.6997070312500000      -0.121526510    
   9.7045898437500000      -0.122840166    
   9.7094726562500000      -0.124170609    
   9.7143554687500000      -0.125518069    
   9.7192382812500000      -0.126882792    
   9.7241210937500000      -0.128265038    
   9.7290039062500000      -0.129665062    
   9.7338867187500000      -0.131083101    
   9.7387695312500000      -0.132519439    
   9.7436523437500000      -0.133974314    
   9.7485351562500000      -0.135448024    
   9.7534179687500000      -0.136940837    
   9.7583007812500000      -0.138453022    
   9.7631835937500000      -0.139984861    
   9.7680664062500000      -0.141536653    
   9.7729492187500000      -0.143108666    
   9.7778320312500000      -0.144701242    
   9.7827148437500000      -0.146314636    
   9.7875976562500000      -0.147949174    
   9.7924804687500000      -0.149605155    
   9.7973632812500000      -0.151282921    
   9.8022460937500000      -0.152982771    
   9.8071289062500000      -0.154705048    
   9.8120117187500000      -0.156450063    
   9.8168945312500000      -0.158218175    
   9.8217773437500000      -0.160009697    
   9.8266601562500000      -0.161825016    
   9.8315429687500000      -0.163664460    
   9.8364257812500000      -0.165528402    
   9.8413085937500000      -0.167417198    
   9.8461914062500000      -0.169331223    
   9.8510742187500000      -0.171270862    
   9.8559570312500000      -0.173236489    
   9.8608398437500000      -0.175228491    
   9.8657226562500000      -0.177247286    
   9.8706054687500000      -0.179293245    
   9.8754882812500000      -0.181366816    
   9.8803710937500000      -0.183468387    
   9.8852539062500000      -0.185598388    
   9.8901367187500000      -0.187757269    
   9.8950195312500000      -0.189945430    
   9.8999023437500000      -0.192163348    
   9.9047851562500000      -0.194411471    
   9.9096679687500000      -0.196690261    
   9.9145507812500000      -0.199000165    
   9.9194335937500000      -0.201341689    
   9.9243164062500000      -0.203715280    
   9.9291992187500000      -0.206121475    
   9.9340820312500000      -0.208560735    
   9.9389648437500000      -0.211033598    
   9.9438476562500000      -0.213540554    
   9.9487304687500000      -0.216082156    
   9.9536132812500000      -0.218658909    
   9.9584960937500000      -0.221271396    
   9.9633789062500000      -0.223920122    
   9.9682617187500000      -0.226605698    
   9.9731445312500000      -0.229328647    
   9.9780273437500000      -0.232089624    
   9.9829101562500000      -0.234889105    
   9.9877929687500000      -0.237727866    
   9.9926757812500000      -0.240606219    
   9.9975585937500000      -0.243525490    
