   2.4414062500000000E-003  -2.74856210    
   7.3242187500000000E-003  -2.72343779    
   1.2207031250000000E-002  -2.69866395    
   1.7089843750000000E-002  -2.67422605    
   2.1972656250000000E-002  -2.65012145    
   2.6855468750000000E-002  -2.62634254    
   3.1738281250000000E-002  -2.60288429    
   3.6621093750000000E-002  -2.57974052    
   4.1503906250000000E-002  -2.55690622    
   4.6386718750000000E-002  -2.53437495    
   5.1269531250000000E-002  -2.51214242    
   5.6152343750000000E-002  -2.49020267    
   6.1035156250000000E-002  -2.46855092    
   6.5917968750000000E-002  -2.44718194    
   7.0800781250000000E-002  -2.42609096    
   7.5683593750000000E-002  -2.40527320    
   8.0566406250000000E-002  -2.38472366    
   8.5449218750000000E-002  -2.36443830    
   9.0332031250000000E-002  -2.34441209    
   9.5214843750000000E-002  -2.32464075    
  0.10009765625000000       -2.30511999    
  0.10498046875000000       -2.28584552    
  0.10986328125000000       -2.26681328    
  0.11474609375000000       -2.24801922    
  0.11962890625000000       -2.22945929    
  0.12451171875000000       -2.21112967    
  0.12939453125000000       -2.19302630    
  0.13427734375000000       -2.17514563    
  0.13916015625000000       -2.15748405    
  0.14404296875000000       -2.14003778    
  0.14892578125000000       -2.12280345    
  0.15380859375000000       -2.10577750    
  0.15869140625000000       -2.08895659    
  0.16357421875000000       -2.07233739    
  0.16845703125000000       -2.05591679    
  0.17333984375000000       -2.03969145    
  0.17822265625000000       -2.02365804    
  0.18310546875000000       -2.00781393    
  0.18798828125000000       -1.99215603    
  0.19287109375000000       -1.97668111    
  0.19775390625000000       -1.96138644    
  0.20263671875000000       -1.94626927    
  0.20751953125000000       -1.93132675    
  0.21240234375000000       -1.91655624    
  0.21728515625000000       -1.90195489    
  0.22216796875000000       -1.88752019    
  0.22705078125000000       -1.87324965    
  0.23193359375000000       -1.85914063    
  0.23681640625000000       -1.84519064    
  0.24169921875000000       -1.83139741    
  0.24658203125000000       -1.81775832    
  0.25146484375000000       -1.80427134    
  0.25634765625000000       -1.79093385    
  0.26123046875000000       -1.77774382    
  0.26611328125000000       -1.76469898    
  0.27099609375000000       -1.75179720    
  0.27587890625000000       -1.73903632    
  0.28076171875000000       -1.72641420    
  0.28564453125000000       -1.71392894    
  0.29052734375000000       -1.70157838    
  0.29541015625000000       -1.68936062    
  0.30029296875000000       -1.67727363    
  0.30517578125000000       -1.66531563    
  0.31005859375000000       -1.65348470    
  0.31494140625000000       -1.64177907    
  0.31982421875000000       -1.63019681    
  0.32470703125000000       -1.61873627    
  0.32958984375000000       -1.60739553    
  0.33447265625000000       -1.59617305    
  0.33935546875000000       -1.58506727    
  0.34423828125000000       -1.57407618    
  0.34912109375000000       -1.56319845    
  0.35400390625000000       -1.55243242    
  0.35888671875000000       -1.54177654    
  0.36376953125000000       -1.53122926    
  0.36865234375000000       -1.52078891    
  0.37353515625000000       -1.51045442    
  0.37841796875000000       -1.50022388    
  0.38330078125000000       -1.49009621    
  0.38818359375000000       -1.48006964    
  0.39306640625000000       -1.47014320    
  0.39794921875000000       -1.46031523    
  0.40283203125000000       -1.45058453    
  0.40771484375000000       -1.44094980    
  0.41259765625000000       -1.43140960    
  0.41748046875000000       -1.42196286    
  0.42236328125000000       -1.41260815    
  0.42724609375000000       -1.40334439    
  0.43212890625000000       -1.39417040    
  0.43701171875000000       -1.38508487    
  0.44189453125000000       -1.37608659    
  0.44677734375000000       -1.36717463    
  0.45166015625000000       -1.35834765    
  0.45654296875000000       -1.34960473    
  0.46142578125000000       -1.34094453    
  0.46630859375000000       -1.33236623    
  0.47119140625000000       -1.32386863    
  0.47607421875000000       -1.31545079    
  0.48095703125000000       -1.30711162    
  0.48583984375000000       -1.29885006    
  0.49072265625000000       -1.29066527    
  0.49560546875000000       -1.28255618    
  0.50048828125000000       -1.27452195    
  0.50537109375000000       -1.26656151    
  0.51025390625000000       -1.25867391    
  0.51513671875000000       -1.25085831    
  0.52001953125000000       -1.24311376    
  0.52490234375000000       -1.23543954    
  0.52978515625000000       -1.22783458    
  0.53466796875000000       -1.22029805    
  0.53955078125000000       -1.21282935    
  0.54443359375000000       -1.20542729    
  0.54931640625000000       -1.19809127    
  0.55419921875000000       -1.19082057    
  0.55908203125000000       -1.18361413    
  0.56396484375000000       -1.17647147    
  0.56884765625000000       -1.16939151    
  0.57373046875000000       -1.16237390    
  0.57861328125000000       -1.15541744    
  0.58349609375000000       -1.14852166    
  0.58837890625000000       -1.14168584    
  0.59326171875000000       -1.13490915    
  0.59814453125000000       -1.12819111    
  0.60302734375000000       -1.12153089    
  0.60791015625000000       -1.11492765    
  0.61279296875000000       -1.10838091    
  0.61767578125000000       -1.10189009    
  0.62255859375000000       -1.09545445    
  0.62744140625000000       -1.08907330    
  0.63232421875000000       -1.08274603    
  0.63720703125000000       -1.07647204    
  0.64208984375000000       -1.07025087    
  0.64697265625000000       -1.06408167    
  0.65185546875000000       -1.05796397    
  0.65673828125000000       -1.05189705    
  0.66162109375000000       -1.04588056    
  0.66650390625000000       -1.03991389    
  0.67138671875000000       -1.03399634    
  0.67626953125000000       -1.02812743    
  0.68115234375000000       -1.02230668    
  0.68603515625000000       -1.01653349    
  0.69091796875000000       -1.01080728    
  0.69580078125000000       -1.00512767    
  0.70068359375000000      -0.999494016    
  0.70556640625000000      -0.993905962    
  0.71044921875000000      -0.988362789    
  0.71533203125000000      -0.982864201    
  0.72021484375000000      -0.977409661    
  0.72509765625000000      -0.971998692    
  0.72998046875000000      -0.966630697    
  0.73486328125000000      -0.961305439    
  0.73974609375000000      -0.956022263    
  0.74462890625000000      -0.950780869    
  0.74951171875000000      -0.945580721    
  0.75439453125000000      -0.940421402    
  0.75927734375000000      -0.935302436    
  0.76416015625000000      -0.930223525    
  0.76904296875000000      -0.925184071    
  0.77392578125000000      -0.920183718    
  0.77880859375000000      -0.915222287    
  0.78369140625000000      -0.910298944    
  0.78857421875000000      -0.905413628    
  0.79345703125000000      -0.900565922    
  0.79833984375000000      -0.895755231    
  0.80322265625000000      -0.890981376    
  0.80810546875000000      -0.886243761    
  0.81298828125000000      -0.881542325    
  0.81787109375000000      -0.876876414    
  0.82275390625000000      -0.872245848    
  0.82763671875000000      -0.867650151    
  0.83251953125000000      -0.863089085    
  0.83740234375000000      -0.858562171    
  0.84228515625000000      -0.854069173    
  0.84716796875000000      -0.849609613    
  0.85205078125000000      -0.845183372    
  0.85693359375000000      -0.840789914    
  0.86181640625000000      -0.836429000    
  0.86669921875000000      -0.832100272    
  0.87158203125000000      -0.827803552    
  0.87646484375000000      -0.823538363    
  0.88134765625000000      -0.819304347    
  0.88623046875000000      -0.815101385    
  0.89111328125000000      -0.810929120    
  0.89599609375000000      -0.806787252    
  0.90087890625000000      -0.802675366    
  0.90576171875000000      -0.798593342    
  0.91064453125000000      -0.794540644    
  0.91552734375000000      -0.790517330    
  0.92041015625000000      -0.786522865    
  0.92529296875000000      -0.782557070    
  0.93017578125000000      -0.778619587    
  0.93505859375000000      -0.774710238    
  0.93994140625000000      -0.770828784    
  0.94482421875000000      -0.766974926    
  0.94970703125000000      -0.763148367    
  0.95458984375000000      -0.759348810    
  0.95947265625000000      -0.755576074    
  0.96435546875000000      -0.751829922    
  0.96923828125000000      -0.748110056    
  0.97412109375000000      -0.744416356    
  0.97900390625000000      -0.740748346    
  0.98388671875000000      -0.737106025    
  0.98876953125000000      -0.733488917    
  0.99365234375000000      -0.729897022    
  0.99853515625000000      -0.726329982    
   1.0034179687500000      -0.722787678    
   1.0083007812500000      -0.719269633    
   1.0131835937500000      -0.715775907    
   1.0180664062500000      -0.712306261    
   1.0229492187500000      -0.708860278    
   1.0278320312500000      -0.705437839    
   1.0327148437500000      -0.702038705    
   1.0375976562500000      -0.698662877    
   1.0424804687500000      -0.695309758    
   1.0473632812500000      -0.691979527    
   1.0522460937500000      -0.688671827    
   1.0571289062500000      -0.685386419    
   1.0620117187500000      -0.682123125    
   1.0668945312500000      -0.678881705    
   1.0717773437500000      -0.675661981    
   1.0766601562500000      -0.672463953    
   1.0815429687500000      -0.669287205    
   1.0864257812500000      -0.666131616    
   1.0913085937500000      -0.662997067    
   1.0961914062500000      -0.659883261    
   1.1010742187500000      -0.656790137    
   1.1059570312500000      -0.653717518    
   1.1108398437500000      -0.650665045    
   1.1157226562500000      -0.647632658    
   1.1206054687500000      -0.644620240    
   1.1254882812500000      -0.641627550    
   1.1303710937500000      -0.638654530    
   1.1352539062500000      -0.635700822    
   1.1401367187500000      -0.632766426    
   1.1450195312500000      -0.629851103    
   1.1499023437500000      -0.626954734    
   1.1547851562500000      -0.624077082    
   1.1596679687500000      -0.621218026    
   1.1645507812500000      -0.618377447    
   1.1694335937500000      -0.615555167    
   1.1743164062500000      -0.612751067    
   1.1791992187500000      -0.609964967    
   1.1840820312500000      -0.607196748    
   1.1889648437500000      -0.604446054    
   1.1938476562500000      -0.601713121    
   1.1987304687500000      -0.598997414    
   1.2036132812500000      -0.596299052    
   1.2084960937500000      -0.593617857    
   1.2133789062500000      -0.590953648    
   1.2182617187500000      -0.588306189    
   1.2231445312500000      -0.585675538    
   1.2280273437500000      -0.583061397    
   1.2329101562500000      -0.580463707    
   1.2377929687500000      -0.577882349    
   1.2426757812500000      -0.575317144    
   1.2475585937500000      -0.572767973    
   1.2524414062500000      -0.570234716    
   1.2573242187500000      -0.567717254    
   1.2622070312500000      -0.565215468    
   1.2670898437500000      -0.562729180    
   1.2719726562500000      -0.560258329    
   1.2768554687500000      -0.557802737    
   1.2817382812500000      -0.555362344    
   1.2866210937500000      -0.552937031    
   1.2915039062500000      -0.550526559    
   1.2963867187500000      -0.548130989    
   1.3012695312500000      -0.545750082    
   1.3061523437500000      -0.543383777    
   1.3110351562500000      -0.541031957    
   1.3159179687500000      -0.538694441    
   1.3208007812500000      -0.536371171    
   1.3256835937500000      -0.534062028    
   1.3305664062500000      -0.531766951    
   1.3354492187500000      -0.529485822    
   1.3403320312500000      -0.527218401    
   1.3452148437500000      -0.524964690    
   1.3500976562500000      -0.522724688    
   1.3549804687500000      -0.520498037    
   1.3598632812500000      -0.518284917    
   1.3647460937500000      -0.516084969    
   1.3696289062500000      -0.513898313    
   1.3745117187500000      -0.511724710    
   1.3793945312500000      -0.509564042    
   1.3842773437500000      -0.507416308    
   1.3891601562500000      -0.505281329    
   1.3940429687500000      -0.503159106    
   1.3989257812500000      -0.501049459    
   1.4038085937500000      -0.498952359    
   1.4086914062500000      -0.496867627    
   1.4135742187500000      -0.494795233    
   1.4184570312500000      -0.492735028    
   1.4233398437500000      -0.490687042    
   1.4282226562500000      -0.488651037    
   1.4331054687500000      -0.486627012    
   1.4379882812500000      -0.484614879    
   1.4428710937500000      -0.482614517    
   1.4477539062500000      -0.480625868    
   1.4526367187500000      -0.478648782    
   1.4575195312500000      -0.476683289    
   1.4624023437500000      -0.474729210    
   1.4672851562500000      -0.472786456    
   1.4721679687500000      -0.470855057    
   1.4770507812500000      -0.468934804    
   1.4819335937500000      -0.467025667    
   1.4868164062500000      -0.465127498    
   1.4916992187500000      -0.463240385    
   1.4965820312500000      -0.461364120    
   1.5014648437500000      -0.459498674    
   1.5063476562500000      -0.457643926    
   1.5112304687500000      -0.455799818    
   1.5161132812500000      -0.453966260    
   1.5209960937500000      -0.452143222    
   1.5258789062500000      -0.450330585    
   1.5307617187500000      -0.448528320    
   1.5356445312500000      -0.446736306    
   1.5405273437500000      -0.444954455    
   1.5454101562500000      -0.443182766    
   1.5502929687500000      -0.441421151    
   1.5551757812500000      -0.439669520    
   1.5600585937500000      -0.437927812    
   1.5649414062500000      -0.436195880    
   1.5698242187500000      -0.434473783    
   1.5747070312500000      -0.432761341    
   1.5795898437500000      -0.431058615    
   1.5844726562500000      -0.429365426    
   1.5893554687500000      -0.427681744    
   1.5942382812500000      -0.426007479    
   1.5991210937500000      -0.424342573    
   1.6040039062500000      -0.422687024    
   1.6088867187500000      -0.421040744    
   1.6137695312500000      -0.419403613    
   1.6186523437500000      -0.417775601    
   1.6235351562500000      -0.416156620    
   1.6284179687500000      -0.414546728    
   1.6333007812500000      -0.412945688    
   1.6381835937500000      -0.411353528    
   1.6430664062500000      -0.409770221    
   1.6479492187500000      -0.408195615    
   1.6528320312500000      -0.406629711    
   1.6577148437500000      -0.405072510    
   1.6625976562500000      -0.403523803    
   1.6674804687500000      -0.401983678    
   1.6723632812500000      -0.400451988    
   1.6772460937500000      -0.398928702    
   1.6821289062500000      -0.397413790    
   1.6870117187500000      -0.395907134    
   1.6918945312500000      -0.394408733    
   1.6967773437500000      -0.392918497    
   1.7016601562500000      -0.391436458    
   1.7065429687500000      -0.389962435    
   1.7114257812500000      -0.388496429    
   1.7163085937500000      -0.387038380    
   1.7211914062500000      -0.385588259    
   1.7260742187500000      -0.384146035    
   1.7309570312500000      -0.382711619    
   1.7358398437500000      -0.381284893    
   1.7407226562500000      -0.379865944    
   1.7456054687500000      -0.378454655    
   1.7504882812500000      -0.377050936    
   1.7553710937500000      -0.375654817    
   1.7602539062500000      -0.374266207    
   1.7651367187500000      -0.372885019    
   1.7700195312500000      -0.371511251    
   1.7749023437500000      -0.370144874    
   1.7797851562500000      -0.368785769    
   1.7846679687500000      -0.367433995    
   1.7895507812500000      -0.366089433    
   1.7944335937500000      -0.364751995    
   1.7993164062500000      -0.363421738    
   1.8041992187500000      -0.362098545    
   1.8090820312500000      -0.360782355    
   1.8139648437500000      -0.359473228    
   1.8188476562500000      -0.358171016    
   1.8237304687500000      -0.356875688    
   1.8286132812500000      -0.355587244    
   1.8334960937500000      -0.354305625    
   1.8383789062500000      -0.353030771    
   1.8432617187500000      -0.351762682    
   1.8481445312500000      -0.350501239    
   1.8530273437500000      -0.349246413    
   1.8579101562500000      -0.347998261    
   1.8627929687500000      -0.346756607    
   1.8676757812500000      -0.345521510    
   1.8725585937500000      -0.344292909    
   1.8774414062500000      -0.343070805    
   1.8823242187500000      -0.341854990    
   1.8872070312500000      -0.340645522    
   1.8920898437500000      -0.339442432    
   1.8969726562500000      -0.338245571    
   1.9018554687500000      -0.337055087    
   1.9067382812500000      -0.335870653    
   1.9116210937500000      -0.334692508    
   1.9165039062500000      -0.333520353    
   1.9213867187500000      -0.332354337    
   1.9262695312500000      -0.331194401    
   1.9311523437500000      -0.330040514    
   1.9360351562500000      -0.328892529    
   1.9409179687500000      -0.327750564    
   1.9458007812500000      -0.326614469    
   1.9506835937500000      -0.325484186    
   1.9555664062500000      -0.324359715    
   1.9604492187500000      -0.323241144    
   1.9653320312500000      -0.322128356    
   1.9702148437500000      -0.321021140    
   1.9750976562500000      -0.319919765    
   1.9799804687500000      -0.318823963    
   1.9848632812500000      -0.317733824    
   1.9897460937500000      -0.316649199    
   1.9946289062500000      -0.315570176    
   1.9995117187500000      -0.314496636    
   2.0043945312500000      -0.313428670    
   2.0092773437500000      -0.312366098    
   2.0141601562500000      -0.311308950    
   2.0190429687500000      -0.310257286    
   2.0239257812500000      -0.309210837    
   2.0288085937500000      -0.308169752    
   2.0336914062500000      -0.307134062    
   2.0385742187500000      -0.306103468    
   2.0434570312500000      -0.305078208    
   2.0483398437500000      -0.304058105    
   2.0532226562500000      -0.303043216    
   2.0581054687500000      -0.302033424    
   2.0629882812500000      -0.301028788    
   2.0678710937500000      -0.300029188    
   2.0727539062500000      -0.299034625    
   2.0776367187500000      -0.298045158    
   2.0825195312500000      -0.297060549    
   2.0874023437500000      -0.296081036    
   2.0922851562500000      -0.295106322    
   2.0971679687500000      -0.294136643    
   2.1020507812500000      -0.293171763    
   2.1069335937500000      -0.292211741    
   2.1118164062500000      -0.291256458    
   2.1166992187500000      -0.290306032    
   2.1215820312500000      -0.289360404    
   2.1264648437500000      -0.288419455    
   2.1313476562500000      -0.287483186    
   2.1362304687500000      -0.286551654    
   2.1411132812500000      -0.285624743    
   2.1459960937500000      -0.284702450    
   2.1508789062500000      -0.283784747    
   2.1557617187500000      -0.282871604    
   2.1606445312500000      -0.281963021    
   2.1655273437500000      -0.281058967    
   2.1704101562500000      -0.280159414    
   2.1752929687500000      -0.279264271    
   2.1801757812500000      -0.278373688    
   2.1850585937500000      -0.277487367    
   2.1899414062500000      -0.276605576    
   2.1948242187500000      -0.275727987    
   2.1997070312500000      -0.274854928    
   2.2045898437500000      -0.273986042    
   2.2094726562500000      -0.273121506    
   2.2143554687500000      -0.272261232    
   2.2192382812500000      -0.271405160    
   2.2241210937500000      -0.270553321    
   2.2290039062500000      -0.269705772    
   2.2338867187500000      -0.268862307    
   2.2387695312500000      -0.268022984    
   2.2436523437500000      -0.267187804    
   2.2485351562500000      -0.266356647    
   2.2534179687500000      -0.265529722    
   2.2583007812500000      -0.264706761    
   2.2631835937500000      -0.263887763    
   2.2680664062500000      -0.263072848    
   2.2729492187500000      -0.262261987    
   2.2778320312500000      -0.261455029    
   2.2827148437500000      -0.260651976    
   2.2875976562500000      -0.259852946    
   2.2924804687500000      -0.259057671    
   2.2973632812500000      -0.258266360    
   2.3022460937500000      -0.257478893    
   2.3071289062500000      -0.256695271    
   2.3120117187500000      -0.255915433    
   2.3168945312500000      -0.255139440    
   2.3217773437500000      -0.254367203    
   2.3266601562500000      -0.253598750    
   2.3315429687500000      -0.252833933    
   2.3364257812500000      -0.252072901    
   2.3413085937500000      -0.251315564    
   2.3461914062500000      -0.250561833    
   2.3510742187500000      -0.249811813    
   2.3559570312500000      -0.249065369    
   2.3608398437500000      -0.248322606    
   2.3657226562500000      -0.247583389    
   2.3706054687500000      -0.246847719    
   2.3754882812500000      -0.246115565    
   2.3803710937500000      -0.245387033    
   2.3852539062500000      -0.244662002    
   2.3901367187500000      -0.243940458    
   2.3950195312500000      -0.243222386    
   2.3999023437500000      -0.242507771    
   2.4047851562500000      -0.241796598    
   2.4096679687500000      -0.241088763    
   2.4145507812500000      -0.240384445    
   2.4194335937500000      -0.239683434    
   2.4243164062500000      -0.238985822    
   2.4291992187500000      -0.238291591    
   2.4340820312500000      -0.237600625    
   2.4389648437500000      -0.236913010    
   2.4438476562500000      -0.236228645    
   2.4487304687500000      -0.235547602    
   2.4536132812500000      -0.234869793    
   2.4584960937500000      -0.234195173    
   2.4633789062500000      -0.233523861    
   2.4682617187500000      -0.232855722    
   2.4731445312500000      -0.232190847    
   2.4780273437500000      -0.231529042    
   2.4829101562500000      -0.230870381    
   2.4877929687500000      -0.230214953    
   2.4926757812500000      -0.229562655    
   2.4975585937500000      -0.228913367    
   2.5024414062500000      -0.228267267    
   2.5073242187500000      -0.227624163    
   2.5122070312500000      -0.226984128    
   2.5170898437500000      -0.226347163    
   2.5219726562500000      -0.225713164    
   2.5268554687500000      -0.225082293    
   2.5317382812500000      -0.224454269    
   2.5366210937500000      -0.223829359    
   2.5415039062500000      -0.223207355    
   2.5463867187500000      -0.222588271    
   2.5512695312500000      -0.221972153    
   2.5561523437500000      -0.221358925    
   2.5610351562500000      -0.220748663    
   2.5659179687500000      -0.220141262    
   2.5708007812500000      -0.219536707    
   2.5756835937500000      -0.218934998    
   2.5805664062500000      -0.218336195    
   2.5854492187500000      -0.217740223    
   2.5903320312500000      -0.217146963    
   2.5952148437500000      -0.216556594    
   2.6000976562500000      -0.215968996    
   2.6049804687500000      -0.215384185    
   2.6098632812500000      -0.214802057    
   2.6147460937500000      -0.214222774    
   2.6196289062500000      -0.213646144    
   2.6245117187500000      -0.213072240    
   2.6293945312500000      -0.212501079    
   2.6342773437500000      -0.211932540    
   2.6391601562500000      -0.211366698    
   2.6440429687500000      -0.210803568    
   2.6489257812500000      -0.210243016    
   2.6538085937500000      -0.209685162    
   2.6586914062500000      -0.209129870    
   2.6635742187500000      -0.208577245    
   2.6684570312500000      -0.208027169    
   2.6733398437500000      -0.207479745    
   2.6782226562500000      -0.206934765    
   2.6831054687500000      -0.206392407    
   2.6879882812500000      -0.205852658    
   2.6928710937500000      -0.205315337    
   2.6977539062500000      -0.204780608    
   2.7026367187500000      -0.204248294    
   2.7075195312500000      -0.203718543    
   2.7124023437500000      -0.203191265    
   2.7172851562500000      -0.202666476    
   2.7221679687500000      -0.202144042    
   2.7270507812500000      -0.201624155    
   2.7319335937500000      -0.201106697    
   2.7368164062500000      -0.200591609    
   2.7416992187500000      -0.200078920    
   2.7465820312500000      -0.199568674    
   2.7514648437500000      -0.199060813    
   2.7563476562500000      -0.198555276    
   2.7612304687500000      -0.198052123    
   2.7661132812500000      -0.197551370    
   2.7709960937500000      -0.197052896    
   2.7758789062500000      -0.196556687    
   2.7807617187500000      -0.196062937    
   2.7856445312500000      -0.195571363    
   2.7905273437500000      -0.195082143    
   2.7954101562500000      -0.194595233    
   2.8002929687500000      -0.194110587    
   2.8051757812500000      -0.193628147    
   2.8100585937500000      -0.193147957    
   2.8149414062500000      -0.192670047    
   2.8198242187500000      -0.192194358    
   2.8247070312500000      -0.191720873    
   2.8295898437500000      -0.191249579    
   2.8344726562500000      -0.190780476    
   2.8393554687500000      -0.190313548    
   2.8442382812500000      -0.189848870    
   2.8491210937500000      -0.189386278    
   2.8540039062500000      -0.188925833    
   2.8588867187500000      -0.188467622    
   2.8637695312500000      -0.188011482    
   2.8686523437500000      -0.187557459    
   2.8735351562500000      -0.187105492    
   2.8784179687500000      -0.186655730    
   2.8833007812500000      -0.186207980    
   2.8881835937500000      -0.185762346    
   2.8930664062500000      -0.185318813    
   2.8979492187500000      -0.184877291    
   2.9028320312500000      -0.184437841    
   2.9077148437500000      -0.184000477    
   2.9125976562500000      -0.183565095    
   2.9174804687500000      -0.183131784    
   2.9223632812500000      -0.182700440    
   2.9272460937500000      -0.182271153    
   2.9321289062500000      -0.181843817    
   2.9370117187500000      -0.181418449    
   2.9418945312500000      -0.180995107    
   2.9467773437500000      -0.180573702    
   2.9516601562500000      -0.180154219    
   2.9565429687500000      -0.179736763    
   2.9614257812500000      -0.179321215    
   2.9663085937500000      -0.178907588    
   2.9711914062500000      -0.178495884    
   2.9760742187500000      -0.178086147    
   2.9809570312500000      -0.177678227    
   2.9858398437500000      -0.177272275    
   2.9907226562500000      -0.176868215    
   2.9956054687500000      -0.176465943    
   3.0004882812500000      -0.176065624    
   3.0053710937500000      -0.175667182    
   3.0102539062500000      -0.175270513    
   3.0151367187500000      -0.174875766    
   3.0200195312500000      -0.174482793    
   3.0249023437500000      -0.174091667    
   3.0297851562500000      -0.173702359    
   3.0346679687500000      -0.173314899    
   3.0395507812500000      -0.172929168    
   3.0444335937500000      -0.172545269    
   3.0493164062500000      -0.172163174    
   3.0541992187500000      -0.171782881    
   3.0590820312500000      -0.171404302    
   3.0639648437500000      -0.171027526    
   3.0688476562500000      -0.170652464    
   3.0737304687500000      -0.170279175    
   3.0786132812500000      -0.169907600    
   3.0834960937500000      -0.169537783    
   3.0883789062500000      -0.169169724    
   3.0932617187500000      -0.168803290    
   3.0981445312500000      -0.168438673    
   3.1030273437500000      -0.168075651    
   3.1079101562500000      -0.167714372    
   3.1127929687500000      -0.167354763    
   3.1176757812500000      -0.166996881    
   3.1225585937500000      -0.166640639    
   3.1274414062500000      -0.166286051    
   3.1323242187500000      -0.165933102    
   3.1372070312500000      -0.165581793    
   3.1420898437500000      -0.165232182    
   3.1469726562500000      -0.164884195    
   3.1518554687500000      -0.164537817    
   3.1567382812500000      -0.164192989    
   3.1616210937500000      -0.163849846    
   3.1665039062500000      -0.163508311    
   3.1713867187500000      -0.163168371    
   3.1762695312500000      -0.162830010    
   3.1811523437500000      -0.162493259    
   3.1860351562500000      -0.162158072    
   3.1909179687500000      -0.161824480    
   3.1958007812500000      -0.161492452    
   3.2006835937500000      -0.161161929    
   3.2055664062500000      -0.160832956    
   3.2104492187500000      -0.160505548    
   3.2153320312500000      -0.160179704    
   3.2202148437500000      -0.159855396    
   3.2250976562500000      -0.159532562    
   3.2299804687500000      -0.159211278    
   3.2348632812500000      -0.158891514    
   3.2397460937500000      -0.158573225    
   3.2446289062500000      -0.158256456    
   3.2495117187500000      -0.157941207    
   3.2543945312500000      -0.157627389    
   3.2592773437500000      -0.157315105    
   3.2641601562500000      -0.157004237    
   3.2690429687500000      -0.156694815    
   3.2739257812500000      -0.156386957    
   3.2788085937500000      -0.156080455    
   3.2836914062500000      -0.155775428    
   3.2885742187500000      -0.155471906    
   3.2934570312500000      -0.155169770    
   3.2983398437500000      -0.154869050    
   3.3032226562500000      -0.154569805    
   3.3081054687500000      -0.154271886    
   3.3129882812500000      -0.153975502    
   3.3178710937500000      -0.153680429    
   3.3227539062500000      -0.153386816    
   3.3276367187500000      -0.153094575    
   3.3325195312500000      -0.152803719    
   3.3374023437500000      -0.152514234    
   3.3422851562500000      -0.152226105    
   3.3471679687500000      -0.151939422    
   3.3520507812500000      -0.151654094    
   3.3569335937500000      -0.151370049    
   3.3618164062500000      -0.151087418    
   3.3666992187500000      -0.150806144    
   3.3715820312500000      -0.150526211    
   3.3764648437500000      -0.150247619    
   3.3813476562500000      -0.149970368    
   3.3862304687500000      -0.149694443    
   3.3911132812500000      -0.149419770    
   3.3959960937500000      -0.149146497    
   3.4008789062500000      -0.148874536    
   3.4057617187500000      -0.148603827    
   3.4106445312500000      -0.148334429    
   3.4155273437500000      -0.148066416    
   3.4204101562500000      -0.147799626    
   3.4252929687500000      -0.147534072    
   3.4301757812500000      -0.147269890    
   3.4350585937500000      -0.147006929    
   3.4399414062500000      -0.146745265    
   3.4448242187500000      -0.146484882    
   3.4497070312500000      -0.146225706    
   3.4545898437500000      -0.145967811    
   3.4594726562500000      -0.145711198    
   3.4643554687500000      -0.145455793    
   3.4692382812500000      -0.145201653    
   3.4741210937500000      -0.144948706    
   3.4790039062500000      -0.144697085    
   3.4838867187500000      -0.144446597    
   3.4887695312500000      -0.144197345    
   3.4936523437500000      -0.143949360    
   3.4985351562500000      -0.143702552    
   3.5034179687500000      -0.143456981    
   3.5083007812500000      -0.143212587    
   3.5131835937500000      -0.142969370    
   3.5180664062500000      -0.142727375    
   3.5229492187500000      -0.142486557    
   3.5278320312500000      -0.142246962    
   3.5327148437500000      -0.142008513    
   3.5375976562500000      -0.141771227    
   3.5424804687500000      -0.141535163    
   3.5473632812500000      -0.141300231    
   3.5522460937500000      -0.141066462    
   3.5571289062500000      -0.140833884    
   3.5620117187500000      -0.140602455    
   3.5668945312500000      -0.140372157    
   3.5717773437500000      -0.140142992    
   3.5766601562500000      -0.139914945    
   3.5815429687500000      -0.139688104    
   3.5864257812500000      -0.139462322    
   3.5913085937500000      -0.139237717    
   3.5961914062500000      -0.139014229    
   3.6010742187500000      -0.138791859    
   3.6059570312500000      -0.138570592    
   3.6108398437500000      -0.138350442    
   3.6157226562500000      -0.138131455    
   3.6206054687500000      -0.137913510    
   3.6254882812500000      -0.137696654    
   3.6303710937500000      -0.137480974    
   3.6352539062500000      -0.137266308    
   3.6401367187500000      -0.137052745    
   3.6450195312500000      -0.136840254    
   3.6499023437500000      -0.136628866    
   3.6547851562500000      -0.136418536    
   3.6596679687500000      -0.136209309    
   3.6645507812500000      -0.136001155    
   3.6694335937500000      -0.135794058    
   3.6743164062500000      -0.135587975    
   3.6791992187500000      -0.135382965    
   3.6840820312500000      -0.135179028    
   3.6889648437500000      -0.134976134    
   3.6938476562500000      -0.134774312    
   3.6987304687500000      -0.134573549    
   3.7036132812500000      -0.134373769    
   3.7084960937500000      -0.134175047    
   3.7133789062500000      -0.133977309    
   3.7182617187500000      -0.133780688    
   3.7231445312500000      -0.133585036    
   3.7280273437500000      -0.133390367    
   3.7329101562500000      -0.133196801    
   3.7377929687500000      -0.133004203    
   3.7426757812500000      -0.132812589    
   3.7475585937500000      -0.132622063    
   3.7524414062500000      -0.132432491    
   3.7573242187500000      -0.132243901    
   3.7622070312500000      -0.132056326    
   3.7670898437500000      -0.131869704    
   3.7719726562500000      -0.131684110    
   3.7768554687500000      -0.131499529    
   3.7817382812500000      -0.131315902    
   3.7866210937500000      -0.131133273    
   3.7915039062500000      -0.130951613    
   3.7963867187500000      -0.130770877    
   3.8012695312500000      -0.130591154    
   3.8061523437500000      -0.130412370    
   3.8110351562500000      -0.130234584    
   3.8159179687500000      -0.130057737    
   3.8208007812500000      -0.129881889    
   3.8256835937500000      -0.129706964    
   3.8305664062500000      -0.129532978    
   3.8354492187500000      -0.129359975    
   3.8403320312500000      -0.129187897    
   3.8452148437500000      -0.129016727    
   3.8500976562500000      -0.128846556    
   3.8549804687500000      -0.128677234    
   3.8598632812500000      -0.128508955    
   3.8647460937500000      -0.128341526    
   3.8696289062500000      -0.128175065    
   3.8745117187500000      -0.128009513    
   3.8793945312500000      -0.127844885    
   3.8842773437500000      -0.127681136    
   3.8891601562500000      -0.127518371    
   3.8940429687500000      -0.127356440    
   3.8989257812500000      -0.127195463    
   3.9038085937500000      -0.127035394    
   3.9086914062500000      -0.126876205    
   3.9135742187500000      -0.126717985    
   3.9184570312500000      -0.126560584    
   3.9233398437500000      -0.126404136    
   3.9282226562500000      -0.126248509    
   3.9331054687500000      -0.126093835    
   3.9379882812500000      -0.125940055    
   3.9428710937500000      -0.125787139    
   3.9477539062500000      -0.125635043    
   3.9526367187500000      -0.125483885    
   3.9575195312500000      -0.125333607    
   3.9624023437500000      -0.125184193    
   3.9672851562500000      -0.125035658    
   3.9721679687500000      -0.124887995    
   3.9770507812500000      -0.124741204    
   3.9819335937500000      -0.124595270    
   3.9868164062500000      -0.124450140    
   3.9916992187500000      -0.124305934    
   3.9965820312500000      -0.124162592    
   4.0014648437500000      -0.124020040    
   4.0063476562500000      -0.123878412    
   4.0112304687500000      -0.123737581    
   4.0161132812500000      -0.123597600    
   4.0209960937500000      -0.123458467    
   4.0258789062500000      -0.123320192    
   4.0307617187500000      -0.123182759    
   4.0356445312500000      -0.123046175    
   4.0405273437500000      -0.122910373    
   4.0454101562500000      -0.122775421    
   4.0502929687500000      -0.122641303    
   4.0551757812500000      -0.122508027    
   4.0600585937500000      -0.122375593    
   4.0649414062500000      -0.122243933    
   4.0698242187500000      -0.122113109    
   4.0747070312500000      -0.121983111    
   4.0795898437500000      -0.121853955    
   4.0844726562500000      -0.121725567    
   4.0893554687500000      -0.121598005    
   4.0942382812500000      -0.121471271    
   4.0991210937500000      -0.121345297    
   4.1040039062500000      -0.121220157    
   4.1088867187500000      -0.121095829    
   4.1137695312500000      -0.120972268    
   4.1186523437500000      -0.120849527    
   4.1235351562500000      -0.120727606    
   4.1284179687500000      -0.120606437    
   4.1333007812500000      -0.120486081    
   4.1381835937500000      -0.120366544    
   4.1430664062500000      -0.120247759    
   4.1479492187500000      -0.120129779    
   4.1528320312500000      -0.120012552    
   4.1577148437500000      -0.119896136    
   4.1625976562500000      -0.119780518    
   4.1674804687500000      -0.119665653    
   4.1723632812500000      -0.119551525    
   4.1772460937500000      -0.119438268    
   4.1821289062500000      -0.119325683    
   4.1870117187500000      -0.119213901    
   4.1918945312500000      -0.119102918    
   4.1967773437500000      -0.118992671    
   4.2016601562500000      -0.118883222    
   4.2065429687500000      -0.118774503    
   4.2114257812500000      -0.118666582    
   4.2163085937500000      -0.118559390    
   4.2211914062500000      -0.118452922    
   4.2260742187500000      -0.118347250    
   4.2309570312500000      -0.118242368    
   4.2358398437500000      -0.118138149    
   4.2407226562500000      -0.118034773    
   4.2456054687500000      -0.117932066    
   4.2504882812500000      -0.117830142    
   4.2553710937500000      -0.117728993    
   4.2602539062500000      -0.117628567    
   4.2651367187500000      -0.117528863    
   4.2700195312500000      -0.117429882    
   4.2749023437500000      -0.117331669    
   4.2797851562500000      -0.117234237    
   4.2846679687500000      -0.117137454    
   4.2895507812500000      -0.117041454    
   4.2944335937500000      -0.116946220    
   4.2993164062500000      -0.116851635    
   4.3041992187500000      -0.116757825    
   4.3090820312500000      -0.116664723    
   4.3139648437500000      -0.116572388    
   4.3188476562500000      -0.116480760    
   4.3237304687500000      -0.116389833    
   4.3286132812500000      -0.116299614    
   4.3334960937500000      -0.116210163    
   4.3383789062500000      -0.116121411    
   4.3432617187500000      -0.116033360    
   4.3481445312500000      -0.115946017    
   4.3530273437500000      -0.115859427    
   4.3579101562500000      -0.115773536    
   4.3627929687500000      -0.115688339    
   4.3676757812500000      -0.115603842    
   4.3725585937500000      -0.115520105    
   4.3774414062500000      -0.115437053    
   4.3823242187500000      -0.115354642    
   4.3872070312500000      -0.115273044    
   4.3920898437500000      -0.115192071    
   4.3969726562500000      -0.115111798    
   4.4018554687500000      -0.115032271    
   4.4067382812500000      -0.114953429    
   4.4116210937500000      -0.114875279    
   4.4165039062500000      -0.114797816    
   4.4213867187500000      -0.114721037    
   4.4262695312500000      -0.114644945    
   4.4311523437500000      -0.114569597    
   4.4360351562500000      -0.114494935    
   4.4409179687500000      -0.114420891    
   4.4458007812500000      -0.114347592    
   4.4506835937500000      -0.114274971    
   4.4555664062500000      -0.114203036    
   4.4604492187500000      -0.114131778    
   4.4653320312500000      -0.114061251    
   4.4702148437500000      -0.113991350    
   4.4750976562500000      -0.113922127    
   4.4799804687500000      -0.113853633    
   4.4848632812500000      -0.113785766    
   4.4897460937500000      -0.113718621    
   4.4946289062500000      -0.113652095    
   4.4995117187500000      -0.113586307    
   4.5043945312500000      -0.113521181    
   4.5092773437500000      -0.113456734    
   4.5141601562500000      -0.113392897    
   4.5190429687500000      -0.113329791    
   4.5239257812500000      -0.113267355    
   4.5288085937500000      -0.113205582    
   4.5336914062500000      -0.113144480    
   4.5385742187500000      -0.113084048    
   4.5434570312500000      -0.113024220    
   4.5483398437500000      -0.112965114    
   4.5532226562500000      -0.112906680    
   4.5581054687500000      -0.112848908    
   4.5629882812500000      -0.112791799    
   4.5678710937500000      -0.112735353    
   4.5727539062500000      -0.112679511    
   4.5776367187500000      -0.112624392    
   4.5825195312500000      -0.112569936    
   4.5874023437500000      -0.112516075    
   4.5922851562500000      -0.112462938    
   4.5971679687500000      -0.112410456    
   4.6020507812500000      -0.112358578    
   4.6069335937500000      -0.112307362    
   4.6118164062500000      -0.112256855    
   4.6166992187500000      -0.112206951    
   4.6215820312500000      -0.112157702    
   4.6264648437500000      -0.112109110    
   4.6313476562500000      -0.112061232    
   4.6362304687500000      -0.112013951    
   4.6411132812500000      -0.111967266    
   4.6459960937500000      -0.111921288    
   4.6508789062500000      -0.111875966    
   4.6557617187500000      -0.111831240    
   4.6606445312500000      -0.111787222    
   4.6655273437500000      -0.111743800    
   4.6704101562500000      -0.111701086    
   4.6752929687500000      -0.111658968    
   4.6801757812500000      -0.111617498    
   4.6850585937500000      -0.111576676    
   4.6899414062500000      -0.111536451    
   4.6948242187500000      -0.111496925    
   4.6997070312500000      -0.111458056    
   4.7045898437500000      -0.111419767    
   4.7094726562500000      -0.111382134    
   4.7143554687500000      -0.111345142    
   4.7192382812500000      -0.111308806    
   4.7241210937500000      -0.111273110    
   4.7290039062500000      -0.111238055    
   4.7338867187500000      -0.111203596    
   4.7387695312500000      -0.111169837    
   4.7436523437500000      -0.111136660    
   4.7485351562500000      -0.111104131    
   4.7534179687500000      -0.111072250    
   4.7583007812500000      -0.111040950    
   4.7631835937500000      -0.111010350    
   4.7680664062500000      -0.110980339    
   4.7729492187500000      -0.110950969    
   4.7778320312500000      -0.110922240    
   4.7827148437500000      -0.110894158    
   4.7875976562500000      -0.110866711    
   4.7924804687500000      -0.110839851    
   4.7973632812500000      -0.110813633    
   4.8022460937500000      -0.110788055    
   4.8071289062500000      -0.110763118    
   4.8120117187500000      -0.110738814    
   4.8168945312500000      -0.110715099    
   4.8217773437500000      -0.110692076    
   4.8266601562500000      -0.110669643    
   4.8315429687500000      -0.110647842    
   4.8364257812500000      -0.110626623    
   4.8413085937500000      -0.110606104    
   4.8461914062500000      -0.110586159    
   4.8510742187500000      -0.110566862    
   4.8559570312500000      -0.110548191    
   4.8608398437500000      -0.110530108    
   4.8657226562500000      -0.110512719    
   4.8706054687500000      -0.110495910    
   4.8754882812500000      -0.110479735    
   4.8803710937500000      -0.110464200    
   4.8852539062500000      -0.110449240    
   4.8901367187500000      -0.110434979    
   4.8950195312500000      -0.110421292    
   4.8999023437500000      -0.110408187    
   4.9047851562500000      -0.110395774    
   4.9096679687500000      -0.110383995    
   4.9145507812500000      -0.110372797    
   4.9194335937500000      -0.110362232    
   4.9243164062500000      -0.110352248    
   4.9291992187500000      -0.110342957    
   4.9340820312500000      -0.110334247    
   4.9389648437500000      -0.110326163    
   4.9438476562500000      -0.110318720    
   4.9487304687500000      -0.110311911    
   4.9536132812500000      -0.110305682    
   4.9584960937500000      -0.110300086    
   4.9633789062500000      -0.110295124    
   4.9682617187500000      -0.110290796    
   4.9731445312500000      -0.110287048    
   4.9780273437500000      -0.110283926    
   4.9829101562500000      -0.110281445    
   4.9877929687500000      -0.110279605    
   4.9926757812500000      -0.110278331    
   4.9975585937500000      -0.110277757    
   5.0024414062500000      -0.110277757    
   5.0073242187500000      -0.110278331    
   5.0122070312500000      -0.110279605    
   5.0170898437500000      -0.110281445    
   5.0219726562500000      -0.110283926    
   5.0268554687500000      -0.110287048    
   5.0317382812500000      -0.110290796    
   5.0366210937500000      -0.110295124    
   5.0415039062500000      -0.110300086    
   5.0463867187500000      -0.110305682    
   5.0512695312500000      -0.110311911    
   5.0561523437500000      -0.110318720    
   5.0610351562500000      -0.110326163    
   5.0659179687500000      -0.110334247    
   5.0708007812500000      -0.110342957    
   5.0756835937500000      -0.110352248    
   5.0805664062500000      -0.110362232    
   5.0854492187500000      -0.110372797    
   5.0903320312500000      -0.110383995    
   5.0952148437500000      -0.110395774    
   5.1000976562500000      -0.110408187    
   5.1049804687500000      -0.110421292    
   5.1098632812500000      -0.110434979    
   5.1147460937500000      -0.110449240    
   5.1196289062500000      -0.110464200    
   5.1245117187500000      -0.110479735    
   5.1293945312500000      -0.110495910    
   5.1342773437500000      -0.110512719    
   5.1391601562500000      -0.110530108    
   5.1440429687500000      -0.110548191    
   5.1489257812500000      -0.110566862    
   5.1538085937500000      -0.110586159    
   5.1586914062500000      -0.110606104    
   5.1635742187500000      -0.110626623    
   5.1684570312500000      -0.110647842    
   5.1733398437500000      -0.110669643    
   5.1782226562500000      -0.110692076    
   5.1831054687500000      -0.110715099    
   5.1879882812500000      -0.110738814    
   5.1928710937500000      -0.110763118    
   5.1977539062500000      -0.110788055    
   5.2026367187500000      -0.110813633    
   5.2075195312500000      -0.110839851    
   5.2124023437500000      -0.110866711    
   5.2172851562500000      -0.110894158    
   5.2221679687500000      -0.110922240    
   5.2270507812500000      -0.110950969    
   5.2319335937500000      -0.110980339    
   5.2368164062500000      -0.111010350    
   5.2416992187500000      -0.111040950    
   5.2465820312500000      -0.111072250    
   5.2514648437500000      -0.111104131    
   5.2563476562500000      -0.111136660    
   5.2612304687500000      -0.111169837    
   5.2661132812500000      -0.111203596    
   5.2709960937500000      -0.111238055    
   5.2758789062500000      -0.111273110    
   5.2807617187500000      -0.111308806    
   5.2856445312500000      -0.111345142    
   5.2905273437500000      -0.111382134    
   5.2954101562500000      -0.111419767    
   5.3002929687500000      -0.111458056    
   5.3051757812500000      -0.111496925    
   5.3100585937500000      -0.111536451    
   5.3149414062500000      -0.111576676    
   5.3198242187500000      -0.111617498    
   5.3247070312500000      -0.111658968    
   5.3295898437500000      -0.111701086    
   5.3344726562500000      -0.111743800    
   5.3393554687500000      -0.111787222    
   5.3442382812500000      -0.111831240    
   5.3491210937500000      -0.111875966    
   5.3540039062500000      -0.111921288    
   5.3588867187500000      -0.111967266    
   5.3637695312500000      -0.112013951    
   5.3686523437500000      -0.112061232    
   5.3735351562500000      -0.112109110    
   5.3784179687500000      -0.112157702    
   5.3833007812500000      -0.112206951    
   5.3881835937500000      -0.112256855    
   5.3930664062500000      -0.112307362    
   5.3979492187500000      -0.112358578    
   5.4028320312500000      -0.112410456    
   5.4077148437500000      -0.112462938    
   5.4125976562500000      -0.112516075    
   5.4174804687500000      -0.112569936    
   5.4223632812500000      -0.112624392    
   5.4272460937500000      -0.112679511    
   5.4321289062500000      -0.112735353    
   5.4370117187500000      -0.112791799    
   5.4418945312500000      -0.112848908    
   5.4467773437500000      -0.112906680    
   5.4516601562500000      -0.112965114    
   5.4565429687500000      -0.113024220    
   5.4614257812500000      -0.113084048    
   5.4663085937500000      -0.113144480    
   5.4711914062500000      -0.113205582    
   5.4760742187500000      -0.113267355    
   5.4809570312500000      -0.113329791    
   5.4858398437500000      -0.113392897    
   5.4907226562500000      -0.113456734    
   5.4956054687500000      -0.113521181    
   5.5004882812500000      -0.113586307    
   5.5053710937500000      -0.113652095    
   5.5102539062500000      -0.113718621    
   5.5151367187500000      -0.113785766    
   5.5200195312500000      -0.113853633    
   5.5249023437500000      -0.113922127    
   5.5297851562500000      -0.113991350    
   5.5346679687500000      -0.114061251    
   5.5395507812500000      -0.114131778    
   5.5444335937500000      -0.114203036    
   5.5493164062500000      -0.114274971    
   5.5541992187500000      -0.114347592    
   5.5590820312500000      -0.114420891    
   5.5639648437500000      -0.114494935    
   5.5688476562500000      -0.114569597    
   5.5737304687500000      -0.114644945    
   5.5786132812500000      -0.114721037    
   5.5834960937500000      -0.114797816    
   5.5883789062500000      -0.114875279    
   5.5932617187500000      -0.114953429    
   5.5981445312500000      -0.115032271    
   5.6030273437500000      -0.115111798    
   5.6079101562500000      -0.115192071    
   5.6127929687500000      -0.115273044    
   5.6176757812500000      -0.115354642    
   5.6225585937500000      -0.115437053    
   5.6274414062500000      -0.115520105    
   5.6323242187500000      -0.115603842    
   5.6372070312500000      -0.115688339    
   5.6420898437500000      -0.115773536    
   5.6469726562500000      -0.115859427    
   5.6518554687500000      -0.115946017    
   5.6567382812500000      -0.116033360    
   5.6616210937500000      -0.116121411    
   5.6665039062500000      -0.116210163    
   5.6713867187500000      -0.116299614    
   5.6762695312500000      -0.116389833    
   5.6811523437500000      -0.116480760    
   5.6860351562500000      -0.116572388    
   5.6909179687500000      -0.116664723    
   5.6958007812500000      -0.116757825    
   5.7006835937500000      -0.116851635    
   5.7055664062500000      -0.116946220    
   5.7104492187500000      -0.117041454    
   5.7153320312500000      -0.117137454    
   5.7202148437500000      -0.117234237    
   5.7250976562500000      -0.117331669    
   5.7299804687500000      -0.117429882    
   5.7348632812500000      -0.117528863    
   5.7397460937500000      -0.117628567    
   5.7446289062500000      -0.117728993    
   5.7495117187500000      -0.117830142    
   5.7543945312500000      -0.117932066    
   5.7592773437500000      -0.118034773    
   5.7641601562500000      -0.118138149    
   5.7690429687500000      -0.118242368    
   5.7739257812500000      -0.118347250    
   5.7788085937500000      -0.118452922    
   5.7836914062500000      -0.118559390    
   5.7885742187500000      -0.118666582    
   5.7934570312500000      -0.118774503    
   5.7983398437500000      -0.118883222    
   5.8032226562500000      -0.118992671    
   5.8081054687500000      -0.119102918    
   5.8129882812500000      -0.119213901    
   5.8178710937500000      -0.119325683    
   5.8227539062500000      -0.119438268    
   5.8276367187500000      -0.119551525    
   5.8325195312500000      -0.119665653    
   5.8374023437500000      -0.119780518    
   5.8422851562500000      -0.119896136    
   5.8471679687500000      -0.120012552    
   5.8520507812500000      -0.120129779    
   5.8569335937500000      -0.120247759    
   5.8618164062500000      -0.120366544    
   5.8666992187500000      -0.120486081    
   5.8715820312500000      -0.120606437    
   5.8764648437500000      -0.120727606    
   5.8813476562500000      -0.120849527    
   5.8862304687500000      -0.120972268    
   5.8911132812500000      -0.121095829    
   5.8959960937500000      -0.121220157    
   5.9008789062500000      -0.121345297    
   5.9057617187500000      -0.121471271    
   5.9106445312500000      -0.121598005    
   5.9155273437500000      -0.121725567    
   5.9204101562500000      -0.121853955    
   5.9252929687500000      -0.121983111    
   5.9301757812500000      -0.122113109    
   5.9350585937500000      -0.122243933    
   5.9399414062500000      -0.122375593    
   5.9448242187500000      -0.122508027    
   5.9497070312500000      -0.122641303    
   5.9545898437500000      -0.122775421    
   5.9594726562500000      -0.122910373    
   5.9643554687500000      -0.123046175    
   5.9692382812500000      -0.123182759    
   5.9741210937500000      -0.123320192    
   5.9790039062500000      -0.123458467    
   5.9838867187500000      -0.123597600    
   5.9887695312500000      -0.123737581    
   5.9936523437500000      -0.123878412    
   5.9985351562500000      -0.124020040    
   6.0034179687500000      -0.124162592    
   6.0083007812500000      -0.124305934    
   6.0131835937500000      -0.124450140    
   6.0180664062500000      -0.124595270    
   6.0229492187500000      -0.124741204    
   6.0278320312500000      -0.124887995    
   6.0327148437500000      -0.125035658    
   6.0375976562500000      -0.125184193    
   6.0424804687500000      -0.125333607    
   6.0473632812500000      -0.125483885    
   6.0522460937500000      -0.125635043    
   6.0571289062500000      -0.125787139    
   6.0620117187500000      -0.125940055    
   6.0668945312500000      -0.126093835    
   6.0717773437500000      -0.126248509    
   6.0766601562500000      -0.126404136    
   6.0815429687500000      -0.126560584    
   6.0864257812500000      -0.126717985    
   6.0913085937500000      -0.126876205    
   6.0961914062500000      -0.127035394    
   6.1010742187500000      -0.127195463    
   6.1059570312500000      -0.127356440    
   6.1108398437500000      -0.127518371    
   6.1157226562500000      -0.127681136    
   6.1206054687500000      -0.127844885    
   6.1254882812500000      -0.128009513    
   6.1303710937500000      -0.128175065    
   6.1352539062500000      -0.128341526    
   6.1401367187500000      -0.128508955    
   6.1450195312500000      -0.128677234    
   6.1499023437500000      -0.128846556    
   6.1547851562500000      -0.129016727    
   6.1596679687500000      -0.129187897    
   6.1645507812500000      -0.129359975    
   6.1694335937500000      -0.129532978    
   6.1743164062500000      -0.129706964    
   6.1791992187500000      -0.129881889    
   6.1840820312500000      -0.130057737    
   6.1889648437500000      -0.130234584    
   6.1938476562500000      -0.130412370    
   6.1987304687500000      -0.130591154    
   6.2036132812500000      -0.130770877    
   6.2084960937500000      -0.130951613    
   6.2133789062500000      -0.131133273    
   6.2182617187500000      -0.131315902    
   6.2231445312500000      -0.131499529    
   6.2280273437500000      -0.131684110    
   6.2329101562500000      -0.131869704    
   6.2377929687500000      -0.132056326    
   6.2426757812500000      -0.132243901    
   6.2475585937500000      -0.132432491    
   6.2524414062500000      -0.132622063    
   6.2573242187500000      -0.132812589    
   6.2622070312500000      -0.133004203    
   6.2670898437500000      -0.133196801    
   6.2719726562500000      -0.133390367    
   6.2768554687500000      -0.133585036    
   6.2817382812500000      -0.133780688    
   6.2866210937500000      -0.133977309    
   6.2915039062500000      -0.134175047    
   6.2963867187500000      -0.134373769    
   6.3012695312500000      -0.134573549    
   6.3061523437500000      -0.134774312    
   6.3110351562500000      -0.134976134    
   6.3159179687500000      -0.135179028    
   6.3208007812500000      -0.135382965    
   6.3256835937500000      -0.135587975    
   6.3305664062500000      -0.135794058    
   6.3354492187500000      -0.136001155    
   6.3403320312500000      -0.136209309    
   6.3452148437500000      -0.136418536    
   6.3500976562500000      -0.136628866    
   6.3549804687500000      -0.136840254    
   6.3598632812500000      -0.137052745    
   6.3647460937500000      -0.137266308    
   6.3696289062500000      -0.137480974    
   6.3745117187500000      -0.137696654    
   6.3793945312500000      -0.137913510    
   6.3842773437500000      -0.138131455    
   6.3891601562500000      -0.138350442    
   6.3940429687500000      -0.138570592    
   6.3989257812500000      -0.138791859    
   6.4038085937500000      -0.139014229    
   6.4086914062500000      -0.139237717    
   6.4135742187500000      -0.139462322    
   6.4184570312500000      -0.139688104    
   6.4233398437500000      -0.139914945    
   6.4282226562500000      -0.140142992    
   6.4331054687500000      -0.140372157    
   6.4379882812500000      -0.140602455    
   6.4428710937500000      -0.140833884    
   6.4477539062500000      -0.141066462    
   6.4526367187500000      -0.141300231    
   6.4575195312500000      -0.141535163    
   6.4624023437500000      -0.141771227    
   6.4672851562500000      -0.142008513    
   6.4721679687500000      -0.142246962    
   6.4770507812500000      -0.142486557    
   6.4819335937500000      -0.142727375    
   6.4868164062500000      -0.142969370    
   6.4916992187500000      -0.143212587    
   6.4965820312500000      -0.143456981    
   6.5014648437500000      -0.143702552    
   6.5063476562500000      -0.143949360    
   6.5112304687500000      -0.144197345    
   6.5161132812500000      -0.144446597    
   6.5209960937500000      -0.144697085    
   6.5258789062500000      -0.144948706    
   6.5307617187500000      -0.145201653    
   6.5356445312500000      -0.145455793    
   6.5405273437500000      -0.145711198    
   6.5454101562500000      -0.145967811    
   6.5502929687500000      -0.146225706    
   6.5551757812500000      -0.146484882    
   6.5600585937500000      -0.146745265    
   6.5649414062500000      -0.147006929    
   6.5698242187500000      -0.147269890    
   6.5747070312500000      -0.147534072    
   6.5795898437500000      -0.147799626    
   6.5844726562500000      -0.148066416    
   6.5893554687500000      -0.148334429    
   6.5942382812500000      -0.148603827    
   6.5991210937500000      -0.148874536    
   6.6040039062500000      -0.149146497    
   6.6088867187500000      -0.149419770    
   6.6137695312500000      -0.149694443    
   6.6186523437500000      -0.149970368    
   6.6235351562500000      -0.150247619    
   6.6284179687500000      -0.150526211    
   6.6333007812500000      -0.150806144    
   6.6381835937500000      -0.151087418    
   6.6430664062500000      -0.151370049    
   6.6479492187500000      -0.151654094    
   6.6528320312500000      -0.151939422    
   6.6577148437500000      -0.152226105    
   6.6625976562500000      -0.152514234    
   6.6674804687500000      -0.152803719    
   6.6723632812500000      -0.153094575    
   6.6772460937500000      -0.153386816    
   6.6821289062500000      -0.153680429    
   6.6870117187500000      -0.153975502    
   6.6918945312500000      -0.154271886    
   6.6967773437500000      -0.154569805    
   6.7016601562500000      -0.154869050    
   6.7065429687500000      -0.155169770    
   6.7114257812500000      -0.155471906    
   6.7163085937500000      -0.155775428    
   6.7211914062500000      -0.156080455    
   6.7260742187500000      -0.156386957    
   6.7309570312500000      -0.156694815    
   6.7358398437500000      -0.157004237    
   6.7407226562500000      -0.157315105    
   6.7456054687500000      -0.157627389    
   6.7504882812500000      -0.157941207    
   6.7553710937500000      -0.158256456    
   6.7602539062500000      -0.158573225    
   6.7651367187500000      -0.158891514    
   6.7700195312500000      -0.159211278    
   6.7749023437500000      -0.159532562    
   6.7797851562500000      -0.159855396    
   6.7846679687500000      -0.160179704    
   6.7895507812500000      -0.160505548    
   6.7944335937500000      -0.160832956    
   6.7993164062500000      -0.161161929    
   6.8041992187500000      -0.161492452    
   6.8090820312500000      -0.161824480    
   6.8139648437500000      -0.162158072    
   6.8188476562500000      -0.162493259    
   6.8237304687500000      -0.162830010    
   6.8286132812500000      -0.163168371    
   6.8334960937500000      -0.163508311    
   6.8383789062500000      -0.163849846    
   6.8432617187500000      -0.164192989    
   6.8481445312500000      -0.164537817    
   6.8530273437500000      -0.164884195    
   6.8579101562500000      -0.165232182    
   6.8627929687500000      -0.165581793    
   6.8676757812500000      -0.165933102    
   6.8725585937500000      -0.166286051    
   6.8774414062500000      -0.166640639    
   6.8823242187500000      -0.166996881    
   6.8872070312500000      -0.167354763    
   6.8920898437500000      -0.167714372    
   6.8969726562500000      -0.168075651    
   6.9018554687500000      -0.168438673    
   6.9067382812500000      -0.168803290    
   6.9116210937500000      -0.169169724    
   6.9165039062500000      -0.169537783    
   6.9213867187500000      -0.169907600    
   6.9262695312500000      -0.170279175    
   6.9311523437500000      -0.170652464    
   6.9360351562500000      -0.171027526    
   6.9409179687500000      -0.171404302    
   6.9458007812500000      -0.171782881    
   6.9506835937500000      -0.172163174    
   6.9555664062500000      -0.172545269    
   6.9604492187500000      -0.172929168    
   6.9653320312500000      -0.173314899    
   6.9702148437500000      -0.173702359    
   6.9750976562500000      -0.174091667    
   6.9799804687500000      -0.174482793    
   6.9848632812500000      -0.174875766    
   6.9897460937500000      -0.175270513    
   6.9946289062500000      -0.175667182    
   6.9995117187500000      -0.176065624    
   7.0043945312500000      -0.176465943    
   7.0092773437500000      -0.176868215    
   7.0141601562500000      -0.177272275    
   7.0190429687500000      -0.177678227    
   7.0239257812500000      -0.178086147    
   7.0288085937500000      -0.178495884    
   7.0336914062500000      -0.178907588    
   7.0385742187500000      -0.179321215    
   7.0434570312500000      -0.179736763    
   7.0483398437500000      -0.180154219    
   7.0532226562500000      -0.180573702    
   7.0581054687500000      -0.180995107    
   7.0629882812500000      -0.181418449    
   7.0678710937500000      -0.181843817    
   7.0727539062500000      -0.182271153    
   7.0776367187500000      -0.182700440    
   7.0825195312500000      -0.183131784    
   7.0874023437500000      -0.183565095    
   7.0922851562500000      -0.184000477    
   7.0971679687500000      -0.184437841    
   7.1020507812500000      -0.184877291    
   7.1069335937500000      -0.185318813    
   7.1118164062500000      -0.185762346    
   7.1166992187500000      -0.186207980    
   7.1215820312500000      -0.186655730    
   7.1264648437500000      -0.187105492    
   7.1313476562500000      -0.187557459    
   7.1362304687500000      -0.188011482    
   7.1411132812500000      -0.188467622    
   7.1459960937500000      -0.188925833    
   7.1508789062500000      -0.189386278    
   7.1557617187500000      -0.189848870    
   7.1606445312500000      -0.190313548    
   7.1655273437500000      -0.190780476    
   7.1704101562500000      -0.191249579    
   7.1752929687500000      -0.191720873    
   7.1801757812500000      -0.192194358    
   7.1850585937500000      -0.192670047    
   7.1899414062500000      -0.193147957    
   7.1948242187500000      -0.193628147    
   7.1997070312500000      -0.194110587    
   7.2045898437500000      -0.194595233    
   7.2094726562500000      -0.195082143    
   7.2143554687500000      -0.195571363    
   7.2192382812500000      -0.196062937    
   7.2241210937500000      -0.196556687    
   7.2290039062500000      -0.197052896    
   7.2338867187500000      -0.197551370    
   7.2387695312500000      -0.198052123    
   7.2436523437500000      -0.198555276    
   7.2485351562500000      -0.199060813    
   7.2534179687500000      -0.199568674    
   7.2583007812500000      -0.200078920    
   7.2631835937500000      -0.200591609    
   7.2680664062500000      -0.201106697    
   7.2729492187500000      -0.201624155    
   7.2778320312500000      -0.202144042    
   7.2827148437500000      -0.202666476    
   7.2875976562500000      -0.203191265    
   7.2924804687500000      -0.203718543    
   7.2973632812500000      -0.204248294    
   7.3022460937500000      -0.204780608    
   7.3071289062500000      -0.205315337    
   7.3120117187500000      -0.205852658    
   7.3168945312500000      -0.206392407    
   7.3217773437500000      -0.206934765    
   7.3266601562500000      -0.207479745    
   7.3315429687500000      -0.208027169    
   7.3364257812500000      -0.208577245    
   7.3413085937500000      -0.209129870    
   7.3461914062500000      -0.209685162    
   7.3510742187500000      -0.210243016    
   7.3559570312500000      -0.210803568    
   7.3608398437500000      -0.211366698    
   7.3657226562500000      -0.211932540    
   7.3706054687500000      -0.212501079    
   7.3754882812500000      -0.213072240    
   7.3803710937500000      -0.213646144    
   7.3852539062500000      -0.214222774    
   7.3901367187500000      -0.214802057    
   7.3950195312500000      -0.215384185    
   7.3999023437500000      -0.215968996    
   7.4047851562500000      -0.216556594    
   7.4096679687500000      -0.217146963    
   7.4145507812500000      -0.217740223    
   7.4194335937500000      -0.218336195    
   7.4243164062500000      -0.218934998    
   7.4291992187500000      -0.219536707    
   7.4340820312500000      -0.220141262    
   7.4389648437500000      -0.220748663    
   7.4438476562500000      -0.221358925    
   7.4487304687500000      -0.221972153    
   7.4536132812500000      -0.222588271    
   7.4584960937500000      -0.223207355    
   7.4633789062500000      -0.223829359    
   7.4682617187500000      -0.224454269    
   7.4731445312500000      -0.225082293    
   7.4780273437500000      -0.225713164    
   7.4829101562500000      -0.226347163    
   7.4877929687500000      -0.226984128    
   7.4926757812500000      -0.227624163    
   7.4975585937500000      -0.228267267    
   7.5024414062500000      -0.228913367    
   7.5073242187500000      -0.229562655    
   7.5122070312500000      -0.230214953    
   7.5170898437500000      -0.230870381    
   7.5219726562500000      -0.231529042    
   7.5268554687500000      -0.232190847    
   7.5317382812500000      -0.232855722    
   7.5366210937500000      -0.233523861    
   7.5415039062500000      -0.234195173    
   7.5463867187500000      -0.234869793    
   7.5512695312500000      -0.235547602    
   7.5561523437500000      -0.236228645    
   7.5610351562500000      -0.236913010    
   7.5659179687500000      -0.237600625    
   7.5708007812500000      -0.238291591    
   7.5756835937500000      -0.238985822    
   7.5805664062500000      -0.239683434    
   7.5854492187500000      -0.240384445    
   7.5903320312500000      -0.241088763    
   7.5952148437500000      -0.241796598    
   7.6000976562500000      -0.242507771    
   7.6049804687500000      -0.243222386    
   7.6098632812500000      -0.243940458    
   7.6147460937500000      -0.244662002    
   7.6196289062500000      -0.245387033    
   7.6245117187500000      -0.246115565    
   7.6293945312500000      -0.246847719    
   7.6342773437500000      -0.247583389    
   7.6391601562500000      -0.248322606    
   7.6440429687500000      -0.249065369    
   7.6489257812500000      -0.249811813    
   7.6538085937500000      -0.250561833    
   7.6586914062500000      -0.251315564    
   7.6635742187500000      -0.252072901    
   7.6684570312500000      -0.252833933    
   7.6733398437500000      -0.253598750    
   7.6782226562500000      -0.254367203    
   7.6831054687500000      -0.255139440    
   7.6879882812500000      -0.255915433    
   7.6928710937500000      -0.256695271    
   7.6977539062500000      -0.257478893    
   7.7026367187500000      -0.258266360    
   7.7075195312500000      -0.259057671    
   7.7124023437500000      -0.259852946    
   7.7172851562500000      -0.260651976    
   7.7221679687500000      -0.261455029    
   7.7270507812500000      -0.262261987    
   7.7319335937500000      -0.263072848    
   7.7368164062500000      -0.263887763    
   7.7416992187500000      -0.264706761    
   7.7465820312500000      -0.265529722    
   7.7514648437500000      -0.266356647    
   7.7563476562500000      -0.267187804    
   7.7612304687500000      -0.268022984    
   7.7661132812500000      -0.268862307    
   7.7709960937500000      -0.269705772    
   7.7758789062500000      -0.270553321    
   7.7807617187500000      -0.271405160    
   7.7856445312500000      -0.272261232    
   7.7905273437500000      -0.273121506    
   7.7954101562500000      -0.273986042    
   7.8002929687500000      -0.274854928    
   7.8051757812500000      -0.275727987    
   7.8100585937500000      -0.276605576    
   7.8149414062500000      -0.277487367    
   7.8198242187500000      -0.278373688    
   7.8247070312500000      -0.279264271    
   7.8295898437500000      -0.280159414    
   7.8344726562500000      -0.281058967    
   7.8393554687500000      -0.281963021    
   7.8442382812500000      -0.282871604    
   7.8491210937500000      -0.283784747    
   7.8540039062500000      -0.284702450    
   7.8588867187500000      -0.285624743    
   7.8637695312500000      -0.286551654    
   7.8686523437500000      -0.287483186    
   7.8735351562500000      -0.288419455    
   7.8784179687500000      -0.289360404    
   7.8833007812500000      -0.290306032    
   7.8881835937500000      -0.291256458    
   7.8930664062500000      -0.292211741    
   7.8979492187500000      -0.293171763    
   7.9028320312500000      -0.294136643    
   7.9077148437500000      -0.295106322    
   7.9125976562500000      -0.296081036    
   7.9174804687500000      -0.297060549    
   7.9223632812500000      -0.298045158    
   7.9272460937500000      -0.299034625    
   7.9321289062500000      -0.300029188    
   7.9370117187500000      -0.301028788    
   7.9418945312500000      -0.302033424    
   7.9467773437500000      -0.303043216    
   7.9516601562500000      -0.304058105    
   7.9565429687500000      -0.305078208    
   7.9614257812500000      -0.306103468    
   7.9663085937500000      -0.307134062    
   7.9711914062500000      -0.308169752    
   7.9760742187500000      -0.309210837    
   7.9809570312500000      -0.310257286    
   7.9858398437500000      -0.311308950    
   7.9907226562500000      -0.312366098    
   7.9956054687500000      -0.313428670    
   8.0004882812500000      -0.314496636    
   8.0053710937500000      -0.315570176    
   8.0102539062500000      -0.316649199    
   8.0151367187500000      -0.317733824    
   8.0200195312500000      -0.318823963    
   8.0249023437500000      -0.319919765    
   8.0297851562500000      -0.321021140    
   8.0346679687500000      -0.322128356    
   8.0395507812500000      -0.323241144    
   8.0444335937500000      -0.324359715    
   8.0493164062500000      -0.325484186    
   8.0541992187500000      -0.326614469    
   8.0590820312500000      -0.327750564    
   8.0639648437500000      -0.328892529    
   8.0688476562500000      -0.330040514    
   8.0737304687500000      -0.331194401    
   8.0786132812500000      -0.332354337    
   8.0834960937500000      -0.333520353    
   8.0883789062500000      -0.334692508    
   8.0932617187500000      -0.335870653    
   8.0981445312500000      -0.337055087    
   8.1030273437500000      -0.338245571    
   8.1079101562500000      -0.339442432    
   8.1127929687500000      -0.340645522    
   8.1176757812500000      -0.341854990    
   8.1225585937500000      -0.343070805    
   8.1274414062500000      -0.344292909    
   8.1323242187500000      -0.345521510    
   8.1372070312500000      -0.346756607    
   8.1420898437500000      -0.347998261    
   8.1469726562500000      -0.349246413    
   8.1518554687500000      -0.350501239    
   8.1567382812500000      -0.351762682    
   8.1616210937500000      -0.353030771    
   8.1665039062500000      -0.354305625    
   8.1713867187500000      -0.355587244    
   8.1762695312500000      -0.356875688    
   8.1811523437500000      -0.358171016    
   8.1860351562500000      -0.359473228    
   8.1909179687500000      -0.360782355    
   8.1958007812500000      -0.362098545    
   8.2006835937500000      -0.363421738    
   8.2055664062500000      -0.364751995    
   8.2104492187500000      -0.366089433    
   8.2153320312500000      -0.367433995    
   8.2202148437500000      -0.368785769    
   8.2250976562500000      -0.370144874    
   8.2299804687500000      -0.371511251    
   8.2348632812500000      -0.372885019    
   8.2397460937500000      -0.374266207    
   8.2446289062500000      -0.375654817    
   8.2495117187500000      -0.377050936    
   8.2543945312500000      -0.378454655    
   8.2592773437500000      -0.379865944    
   8.2641601562500000      -0.381284893    
   8.2690429687500000      -0.382711619    
   8.2739257812500000      -0.384146035    
   8.2788085937500000      -0.385588259    
   8.2836914062500000      -0.387038380    
   8.2885742187500000      -0.388496429    
   8.2934570312500000      -0.389962435    
   8.2983398437500000      -0.391436458    
   8.3032226562500000      -0.392918497    
   8.3081054687500000      -0.394408733    
   8.3129882812500000      -0.395907134    
   8.3178710937500000      -0.397413790    
   8.3227539062500000      -0.398928702    
   8.3276367187500000      -0.400451988    
   8.3325195312500000      -0.401983678    
   8.3374023437500000      -0.403523803    
   8.3422851562500000      -0.405072510    
   8.3471679687500000      -0.406629711    
   8.3520507812500000      -0.408195615    
   8.3569335937500000      -0.409770221    
   8.3618164062500000      -0.411353528    
   8.3666992187500000      -0.412945688    
   8.3715820312500000      -0.414546728    
   8.3764648437500000      -0.416156620    
   8.3813476562500000      -0.417775601    
   8.3862304687500000      -0.419403613    
   8.3911132812500000      -0.421040744    
   8.3959960937500000      -0.422687024    
   8.4008789062500000      -0.424342573    
   8.4057617187500000      -0.426007479    
   8.4106445312500000      -0.427681744    
   8.4155273437500000      -0.429365426    
   8.4204101562500000      -0.431058615    
   8.4252929687500000      -0.432761341    
   8.4301757812500000      -0.434473783    
   8.4350585937500000      -0.436195880    
   8.4399414062500000      -0.437927812    
   8.4448242187500000      -0.439669520    
   8.4497070312500000      -0.441421151    
   8.4545898437500000      -0.443182766    
   8.4594726562500000      -0.444954455    
   8.4643554687500000      -0.446736306    
   8.4692382812500000      -0.448528320    
   8.4741210937500000      -0.450330585    
   8.4790039062500000      -0.452143222    
   8.4838867187500000      -0.453966260    
   8.4887695312500000      -0.455799818    
   8.4936523437500000      -0.457643926    
   8.4985351562500000      -0.459498674    
   8.5034179687500000      -0.461364120    
   8.5083007812500000      -0.463240385    
   8.5131835937500000      -0.465127498    
   8.5180664062500000      -0.467025667    
   8.5229492187500000      -0.468934804    
   8.5278320312500000      -0.470855057    
   8.5327148437500000      -0.472786456    
   8.5375976562500000      -0.474729210    
   8.5424804687500000      -0.476683289    
   8.5473632812500000      -0.478648782    
   8.5522460937500000      -0.480625868    
   8.5571289062500000      -0.482614517    
   8.5620117187500000      -0.484614879    
   8.5668945312500000      -0.486627012    
   8.5717773437500000      -0.488651037    
   8.5766601562500000      -0.490687042    
   8.5815429687500000      -0.492735028    
   8.5864257812500000      -0.494795233    
   8.5913085937500000      -0.496867627    
   8.5961914062500000      -0.498952359    
   8.6010742187500000      -0.501049459    
   8.6059570312500000      -0.503159106    
   8.6108398437500000      -0.505281329    
   8.6157226562500000      -0.507416308    
   8.6206054687500000      -0.509564042    
   8.6254882812500000      -0.511724710    
   8.6303710937500000      -0.513898313    
   8.6352539062500000      -0.516084969    
   8.6401367187500000      -0.518284917    
   8.6450195312500000      -0.520498037    
   8.6499023437500000      -0.522724688    
   8.6547851562500000      -0.524964690    
   8.6596679687500000      -0.527218401    
   8.6645507812500000      -0.529485822    
   8.6694335937500000      -0.531766951    
   8.6743164062500000      -0.534062028    
   8.6791992187500000      -0.536371171    
   8.6840820312500000      -0.538694441    
   8.6889648437500000      -0.541031957    
   8.6938476562500000      -0.543383777    
   8.6987304687500000      -0.545750082    
   8.7036132812500000      -0.548130989    
   8.7084960937500000      -0.550526559    
   8.7133789062500000      -0.552937031    
   8.7182617187500000      -0.555362344    
   8.7231445312500000      -0.557802737    
   8.7280273437500000      -0.560258329    
   8.7329101562500000      -0.562729180    
   8.7377929687500000      -0.565215468    
   8.7426757812500000      -0.567717254    
   8.7475585937500000      -0.570234716    
   8.7524414062500000      -0.572767973    
   8.7573242187500000      -0.575317144    
   8.7622070312500000      -0.577882349    
   8.7670898437500000      -0.580463707    
   8.7719726562500000      -0.583061397    
   8.7768554687500000      -0.585675538    
   8.7817382812500000      -0.588306189    
   8.7866210937500000      -0.590953648    
   8.7915039062500000      -0.593617857    
   8.7963867187500000      -0.596299052    
   8.8012695312500000      -0.598997414    
   8.8061523437500000      -0.601713121    
   8.8110351562500000      -0.604446054    
   8.8159179687500000      -0.607196748    
   8.8208007812500000      -0.609964967    
   8.8256835937500000      -0.612751067    
   8.8305664062500000      -0.615555167    
   8.8354492187500000      -0.618377447    
   8.8403320312500000      -0.621218026    
   8.8452148437500000      -0.624077082    
   8.8500976562500000      -0.626954734    
   8.8549804687500000      -0.629851103    
   8.8598632812500000      -0.632766426    
   8.8647460937500000      -0.635700822    
   8.8696289062500000      -0.638654530    
   8.8745117187500000      -0.641627550    
   8.8793945312500000      -0.644620240    
   8.8842773437500000      -0.647632658    
   8.8891601562500000      -0.650665045    
   8.8940429687500000      -0.653717518    
   8.8989257812500000      -0.656790137    
   8.9038085937500000      -0.659883261    
   8.9086914062500000      -0.662997067    
   8.9135742187500000      -0.666131616    
   8.9184570312500000      -0.669287205    
   8.9233398437500000      -0.672463953    
   8.9282226562500000      -0.675661981    
   8.9331054687500000      -0.678881705    
   8.9379882812500000      -0.682123125    
   8.9428710937500000      -0.685386419    
   8.9477539062500000      -0.688671827    
   8.9526367187500000      -0.691979527    
   8.9575195312500000      -0.695309758    
   8.9624023437500000      -0.698662877    
   8.9672851562500000      -0.702038705    
   8.9721679687500000      -0.705437839    
   8.9770507812500000      -0.708860278    
   8.9819335937500000      -0.712306261    
   8.9868164062500000      -0.715775907    
   8.9916992187500000      -0.719269633    
   8.9965820312500000      -0.722787678    
   9.0014648437500000      -0.726329982    
   9.0063476562500000      -0.729897022    
   9.0112304687500000      -0.733488917    
   9.0161132812500000      -0.737106025    
   9.0209960937500000      -0.740748346    
   9.0258789062500000      -0.744416356    
   9.0307617187500000      -0.748110056    
   9.0356445312500000      -0.751829922    
   9.0405273437500000      -0.755576074    
   9.0454101562500000      -0.759348810    
   9.0502929687500000      -0.763148367    
   9.0551757812500000      -0.766974926    
   9.0600585937500000      -0.770828784    
   9.0649414062500000      -0.774710238    
   9.0698242187500000      -0.778619587    
   9.0747070312500000      -0.782557070    
   9.0795898437500000      -0.786522865    
   9.0844726562500000      -0.790517330    
   9.0893554687500000      -0.794540644    
   9.0942382812500000      -0.798593342    
   9.0991210937500000      -0.802675366    
   9.1040039062500000      -0.806787252    
   9.1088867187500000      -0.810929120    
   9.1137695312500000      -0.815101385    
   9.1186523437500000      -0.819304347    
   9.1235351562500000      -0.823538363    
   9.1284179687500000      -0.827803552    
   9.1333007812500000      -0.832100272    
   9.1381835937500000      -0.836429000    
   9.1430664062500000      -0.840789914    
   9.1479492187500000      -0.845183372    
   9.1528320312500000      -0.849609613    
   9.1577148437500000      -0.854069173    
   9.1625976562500000      -0.858562171    
   9.1674804687500000      -0.863089085    
   9.1723632812500000      -0.867650151    
   9.1772460937500000      -0.872245848    
   9.1821289062500000      -0.876876414    
   9.1870117187500000      -0.881542325    
   9.1918945312500000      -0.886243761    
   9.1967773437500000      -0.890981376    
   9.2016601562500000      -0.895755231    
   9.2065429687500000      -0.900565922    
   9.2114257812500000      -0.905413628    
   9.2163085937500000      -0.910298944    
   9.2211914062500000      -0.915222287    
   9.2260742187500000      -0.920183718    
   9.2309570312500000      -0.925184071    
   9.2358398437500000      -0.930223525    
   9.2407226562500000      -0.935302436    
   9.2456054687500000      -0.940421402    
   9.2504882812500000      -0.945580721    
   9.2553710937500000      -0.950780869    
   9.2602539062500000      -0.956022263    
   9.2651367187500000      -0.961305439    
   9.2700195312500000      -0.966630697    
   9.2749023437500000      -0.971998692    
   9.2797851562500000      -0.977409661    
   9.2846679687500000      -0.982864201    
   9.2895507812500000      -0.988362789    
   9.2944335937500000      -0.993905962    
   9.2993164062500000      -0.999494016    
   9.3041992187500000       -1.00512767    
   9.3090820312500000       -1.01080728    
   9.3139648437500000       -1.01653349    
   9.3188476562500000       -1.02230668    
   9.3237304687500000       -1.02812743    
   9.3286132812500000       -1.03399634    
   9.3334960937500000       -1.03991389    
   9.3383789062500000       -1.04588056    
   9.3432617187500000       -1.05189705    
   9.3481445312500000       -1.05796397    
   9.3530273437500000       -1.06408167    
   9.3579101562500000       -1.07025087    
   9.3627929687500000       -1.07647204    
   9.3676757812500000       -1.08274603    
   9.3725585937500000       -1.08907330    
   9.3774414062500000       -1.09545445    
   9.3823242187500000       -1.10189009    
   9.3872070312500000       -1.10838091    
   9.3920898437500000       -1.11492765    
   9.3969726562500000       -1.12153089    
   9.4018554687500000       -1.12819111    
   9.4067382812500000       -1.13490915    
   9.4116210937500000       -1.14168584    
   9.4165039062500000       -1.14852166    
   9.4213867187500000       -1.15541744    
   9.4262695312500000       -1.16237390    
   9.4311523437500000       -1.16939151    
   9.4360351562500000       -1.17647147    
   9.4409179687500000       -1.18361413    
   9.4458007812500000       -1.19082057    
   9.4506835937500000       -1.19809127    
   9.4555664062500000       -1.20542729    
   9.4604492187500000       -1.21282935    
   9.4653320312500000       -1.22029805    
   9.4702148437500000       -1.22783458    
   9.4750976562500000       -1.23543954    
   9.4799804687500000       -1.24311376    
   9.4848632812500000       -1.25085831    
   9.4897460937500000       -1.25867391    
   9.4946289062500000       -1.26656151    
   9.4995117187500000       -1.27452195    
   9.5043945312500000       -1.28255618    
   9.5092773437500000       -1.29066527    
   9.5141601562500000       -1.29885006    
   9.5190429687500000       -1.30711162    
   9.5239257812500000       -1.31545079    
   9.5288085937500000       -1.32386863    
   9.5336914062500000       -1.33236623    
   9.5385742187500000       -1.34094453    
   9.5434570312500000       -1.34960473    
   9.5483398437500000       -1.35834765    
   9.5532226562500000       -1.36717463    
   9.5581054687500000       -1.37608659    
   9.5629882812500000       -1.38508487    
   9.5678710937500000       -1.39417040    
   9.5727539062500000       -1.40334439    
   9.5776367187500000       -1.41260815    
   9.5825195312500000       -1.42196286    
   9.5874023437500000       -1.43140960    
   9.5922851562500000       -1.44094980    
   9.5971679687500000       -1.45058453    
   9.6020507812500000       -1.46031523    
   9.6069335937500000       -1.47014320    
   9.6118164062500000       -1.48006964    
   9.6166992187500000       -1.49009621    
   9.6215820312500000       -1.50022388    
   9.6264648437500000       -1.51045442    
   9.6313476562500000       -1.52078891    
   9.6362304687500000       -1.53122926    
   9.6411132812500000       -1.54177654    
   9.6459960937500000       -1.55243242    
   9.6508789062500000       -1.56319845    
   9.6557617187500000       -1.57407618    
   9.6606445312500000       -1.58506727    
   9.6655273437500000       -1.59617305    
   9.6704101562500000       -1.60739553    
   9.6752929687500000       -1.61873627    
   9.6801757812500000       -1.63019681    
   9.6850585937500000       -1.64177907    
   9.6899414062500000       -1.65348470    
   9.6948242187500000       -1.66531563    
   9.6997070312500000       -1.67727363    
   9.7045898437500000       -1.68936062    
   9.7094726562500000       -1.70157838    
   9.7143554687500000       -1.71392894    
   9.7192382812500000       -1.72641420    
   9.7241210937500000       -1.73903632    
   9.7290039062500000       -1.75179720    
   9.7338867187500000       -1.76469898    
   9.7387695312500000       -1.77774382    
   9.7436523437500000       -1.79093385    
   9.7485351562500000       -1.80427134    
   9.7534179687500000       -1.81775832    
   9.7583007812500000       -1.83139741    
   9.7631835937500000       -1.84519064    
   9.7680664062500000       -1.85914063    
   9.7729492187500000       -1.87324965    
   9.7778320312500000       -1.88752019    
   9.7827148437500000       -1.90195489    
   9.7875976562500000       -1.91655624    
   9.7924804687500000       -1.93132675    
   9.7973632812500000       -1.94626927    
   9.8022460937500000       -1.96138644    
   9.8071289062500000       -1.97668111    
   9.8120117187500000       -1.99215603    
   9.8168945312500000       -2.00781393    
   9.8217773437500000       -2.02365804    
   9.8266601562500000       -2.03969145    
   9.8315429687500000       -2.05591679    
   9.8364257812500000       -2.07233739    
   9.8413085937500000       -2.08895659    
   9.8461914062500000       -2.10577750    
   9.8510742187500000       -2.12280345    
   9.8559570312500000       -2.14003778    
   9.8608398437500000       -2.15748405    
   9.8657226562500000       -2.17514563    
   9.8706054687500000       -2.19302630    
   9.8754882812500000       -2.21112967    
   9.8803710937500000       -2.22945929    
   9.8852539062500000       -2.24801922    
   9.8901367187500000       -2.26681328    
   9.8950195312500000       -2.28584552    
   9.8999023437500000       -2.30511999    
   9.9047851562500000       -2.32464075    
   9.9096679687500000       -2.34441209    
   9.9145507812500000       -2.36443830    
   9.9194335937500000       -2.38472366    
   9.9243164062500000       -2.40527320    
   9.9291992187500000       -2.42609096    
   9.9340820312500000       -2.44718194    
   9.9389648437500000       -2.46855092    
   9.9438476562500000       -2.49020267    
   9.9487304687500000       -2.51214242    
   9.9536132812500000       -2.53437495    
   9.9584960937500000       -2.55690622    
   9.9633789062500000       -2.57974052    
   9.9682617187500000       -2.60288429    
   9.9731445312500000       -2.62634254    
   9.9780273437500000       -2.65012145    
   9.9829101562500000       -2.67422605    
   9.9877929687500000       -2.69866395    
   9.9926757812500000       -2.72343779    
   9.9975585937500000       -2.74856210    
