   2.4414062500000000E-003  -2.63251090    
   7.3242187500000000E-003  -2.60777998    
   1.2207031250000000E-002  -2.58339310    
   1.7089843750000000E-002  -2.55933595    
   2.1972656250000000E-002  -2.53560638    
   2.6855468750000000E-002  -2.51219654    
   3.1738281250000000E-002  -2.48910213    
   3.6621093750000000E-002  -2.46631646    
   4.1503906250000000E-002  -2.44383478    
   4.6386718750000000E-002  -2.42165160    
   5.1269531250000000E-002  -2.39976168    
   5.6152343750000000E-002  -2.37815976    
   6.1035156250000000E-002  -2.35684133    
   6.5917968750000000E-002  -2.33580089    
   7.0800781250000000E-002  -2.31503415    
   7.5683593750000000E-002  -2.29453611    
   8.0566406250000000E-002  -2.27430224    
   8.5449218750000000E-002  -2.25432825    
   9.0332031250000000E-002  -2.23460960    
   9.5214843750000000E-002  -2.21514177    
  0.10009765625000000       -2.19592094    
  0.10498046875000000       -2.17694259    
  0.10986328125000000       -2.15820289    
  0.11474609375000000       -2.13969779    
  0.11962890625000000       -2.12142348    
  0.12451171875000000       -2.10337615    
  0.12939453125000000       -2.08555198    
  0.13427734375000000       -2.06794739    
  0.13916015625000000       -2.05055881    
  0.14404296875000000       -2.03338242    
  0.14892578125000000       -2.01641536    
  0.15380859375000000       -1.99965358    
  0.15869140625000000       -1.98309433    
  0.16357421875000000       -1.96673405    
  0.16845703125000000       -1.95056975    
  0.17333984375000000       -1.93459809    
  0.17822265625000000       -1.91881633    
  0.18310546875000000       -1.90322113    
  0.18798828125000000       -1.88780975    
  0.19287109375000000       -1.87257922    
  0.19775390625000000       -1.85752678    
  0.20263671875000000       -1.84264958    
  0.20751953125000000       -1.82794499    
  0.21240234375000000       -1.81341028    
  0.21728515625000000       -1.79904294    
  0.22216796875000000       -1.78484023    
  0.22705078125000000       -1.77079964    
  0.23193359375000000       -1.75691891    
  0.23681640625000000       -1.74319541    
  0.24169921875000000       -1.72962689    
  0.24658203125000000       -1.71621096    
  0.25146484375000000       -1.70294523    
  0.25634765625000000       -1.68982756    
  0.26123046875000000       -1.67685568    
  0.26611328125000000       -1.66402757    
  0.27099609375000000       -1.65134084    
  0.27587890625000000       -1.63879371    
  0.28076171875000000       -1.62638390    
  0.28564453125000000       -1.61410952    
  0.29052734375000000       -1.60196853    
  0.29541015625000000       -1.58995891    
  0.30029296875000000       -1.57807899    
  0.30517578125000000       -1.56632674    
  0.31005859375000000       -1.55470026    
  0.31494140625000000       -1.54319787    
  0.31982421875000000       -1.53181779    
  0.32470703125000000       -1.52055812    
  0.32958984375000000       -1.50941741    
  0.33447265625000000       -1.49839389    
  0.33935546875000000       -1.48748577    
  0.34423828125000000       -1.47669148    
  0.34912109375000000       -1.46600950    
  0.35400390625000000       -1.45543826    
  0.35888671875000000       -1.44497609    
  0.36376953125000000       -1.43462169    
  0.36865234375000000       -1.42437351    
  0.37353515625000000       -1.41422987    
  0.37841796875000000       -1.40418959    
  0.38330078125000000       -1.39425135    
  0.38818359375000000       -1.38441336    
  0.39306640625000000       -1.37467468    
  0.39794921875000000       -1.36503363    
  0.40283203125000000       -1.35548902    
  0.40771484375000000       -1.34603977    
  0.41259765625000000       -1.33668423    
  0.41748046875000000       -1.32742143    
  0.42236328125000000       -1.31825006    
  0.42724609375000000       -1.30916882    
  0.43212890625000000       -1.30017662    
  0.43701171875000000       -1.29127240    
  0.44189453125000000       -1.28245473    
  0.44677734375000000       -1.27372265    
  0.45166015625000000       -1.26507509    
  0.45654296875000000       -1.25651085    
  0.46142578125000000       -1.24802887    
  0.46630859375000000       -1.23962820    
  0.47119140625000000       -1.23130751    
  0.47607421875000000       -1.22306609    
  0.48095703125000000       -1.21490288    
  0.48583984375000000       -1.20681667    
  0.49072265625000000       -1.19880676    
  0.49560546875000000       -1.19087195    
  0.50048828125000000       -1.18301153    
  0.50537109375000000       -1.17522430    
  0.51025390625000000       -1.16750968    
  0.51513671875000000       -1.15986645    
  0.52001953125000000       -1.15229392    
  0.52490234375000000       -1.14479101    
  0.52978515625000000       -1.13735700    
  0.53466796875000000       -1.12999117    
  0.53955078125000000       -1.12269247    
  0.54443359375000000       -1.11546028    
  0.54931640625000000       -1.10829353    
  0.55419921875000000       -1.10119164    
  0.55908203125000000       -1.09415376    
  0.56396484375000000       -1.08717906    
  0.56884765625000000       -1.08026695    
  0.57373046875000000       -1.07341647    
  0.57861328125000000       -1.06662703    
  0.58349609375000000       -1.05989790    
  0.58837890625000000       -1.05322814    
  0.59326171875000000       -1.04661739    
  0.59814453125000000       -1.04006481    
  0.60302734375000000       -1.03356969    
  0.60791015625000000       -1.02713120    
  0.61279296875000000       -1.02074909    
  0.61767578125000000       -1.01442230    
  0.62255859375000000       -1.00815046    
  0.62744140625000000       -1.00193286    
  0.63232421875000000      -0.995768726    
  0.63720703125000000      -0.989657640    
  0.64208984375000000      -0.983598828    
  0.64697265625000000      -0.977591872    
  0.65185546875000000      -0.971636057    
  0.65673828125000000      -0.965730846    
  0.66162109375000000      -0.959875703    
  0.66650390625000000      -0.954070032    
  0.67138671875000000      -0.948313177    
  0.67626953125000000      -0.942604780    
  0.68115234375000000      -0.936944127    
  0.68603515625000000      -0.931330800    
  0.69091796875000000      -0.925764263    
  0.69580078125000000      -0.920243919    
  0.70068359375000000      -0.914769351    
  0.70556640625000000      -0.909340084    
  0.71044921875000000      -0.903955460    
  0.71533203125000000      -0.898615181    
  0.72021484375000000      -0.893318534    
  0.72509765625000000      -0.888065279    
  0.72998046875000000      -0.882854819    
  0.73486328125000000      -0.877686799    
  0.73974609375000000      -0.872560501    
  0.74462890625000000      -0.867475867    
  0.74951171875000000      -0.862432122    
  0.75439453125000000      -0.857429028    
  0.75927734375000000      -0.852466047    
  0.76416015625000000      -0.847542882    
  0.76904296875000000      -0.842658877    
  0.77392578125000000      -0.837813914    
  0.77880859375000000      -0.833007336    
  0.78369140625000000      -0.828238785    
  0.78857421875000000      -0.823507965    
  0.79345703125000000      -0.818814456    
  0.79833984375000000      -0.814157903    
  0.80322265625000000      -0.809537768    
  0.80810546875000000      -0.804953814    
  0.81298828125000000      -0.800405741    
  0.81787109375000000      -0.795892894    
  0.82275390625000000      -0.791415215    
  0.82763671875000000      -0.786972165    
  0.83251953125000000      -0.782563567    
  0.83740234375000000      -0.778188765    
  0.84228515625000000      -0.773847759    
  0.84716796875000000      -0.769539893    
  0.85205078125000000      -0.765265167    
  0.85693359375000000      -0.761022985    
  0.86181640625000000      -0.756813169    
  0.86669921875000000      -0.752635300    
  0.87158203125000000      -0.748489082    
  0.87646484375000000      -0.744374275    
  0.88134765625000000      -0.740290582    
  0.88623046875000000      -0.736237586    
  0.89111328125000000      -0.732214928    
  0.89599609375000000      -0.728222489    
  0.90087890625000000      -0.724259973    
  0.90576171875000000      -0.720326900    
  0.91064453125000000      -0.716423213    
  0.91552734375000000      -0.712548375    
  0.92041015625000000      -0.708702326    
  0.92529296875000000      -0.704884708    
  0.93017578125000000      -0.701095164    
  0.93505859375000000      -0.697333574    
  0.93994140625000000      -0.693599641    
  0.94482421875000000      -0.689893007    
  0.94970703125000000      -0.686213493    
  0.95458984375000000      -0.682560861    
  0.95947265625000000      -0.678934753    
  0.96435546875000000      -0.675334990    
  0.96923828125000000      -0.671761394    
  0.97412109375000000      -0.668213546    
  0.97900390625000000      -0.664691269    
  0.98388671875000000      -0.661194503    
  0.98876953125000000      -0.657722771    
  0.99365234375000000      -0.654275894    
  0.99853515625000000      -0.650853753    
   1.0034179687500000      -0.647456050    
   1.0083007812500000      -0.644082487    
   1.0131835937500000      -0.640732944    
   1.0180664062500000      -0.637407184    
   1.0229492187500000      -0.634105027    
   1.0278320312500000      -0.630826116    
   1.0327148437500000      -0.627570391    
   1.0375976562500000      -0.624337554    
   1.0424804687500000      -0.621127427    
   1.0473632812500000      -0.617939770    
   1.0522460937500000      -0.614774466    
   1.0571289062500000      -0.611631274    
   1.0620117187500000      -0.608509898    
   1.0668945312500000      -0.605410278    
   1.0717773437500000      -0.602332234    
   1.0766601562500000      -0.599275470    
   1.0815429687500000      -0.596239746    
   1.0864257812500000      -0.593225121    
   1.0913085937500000      -0.590231121    
   1.0961914062500000      -0.587257802    
   1.1010742187500000      -0.584304869    
   1.1059570312500000      -0.581372082    
   1.1108398437500000      -0.578459442    
   1.1157226562500000      -0.575566590    
   1.1206054687500000      -0.572693408    
   1.1254882812500000      -0.569839835    
   1.1303710937500000      -0.567005634    
   1.1352539062500000      -0.564190567    
   1.1401367187500000      -0.561394513    
   1.1450195312500000      -0.558617413    
   1.1499023437500000      -0.555858850    
   1.1547851562500000      -0.553118944    
   1.1596679687500000      -0.550397396    
   1.1645507812500000      -0.547694027    
   1.1694335937500000      -0.545008838    
   1.1743164062500000      -0.542341471    
   1.1791992187500000      -0.539691925    
   1.1840820312500000      -0.537059903    
   1.1889648437500000      -0.534445405    
   1.1938476562500000      -0.531848192    
   1.1987304687500000      -0.529268265    
   1.2036132812500000      -0.526705265    
   1.2084960937500000      -0.524159193    
   1.2133789062500000      -0.521629870    
   1.2182617187500000      -0.519117177    
   1.2231445312500000      -0.516620934    
   1.2280273437500000      -0.514141023    
   1.2329101562500000      -0.511677325    
   1.2377929687500000      -0.509229660    
   1.2426757812500000      -0.506798029    
   1.2475585937500000      -0.504382133    
   1.2524414062500000      -0.501981974    
   1.2573242187500000      -0.499597281    
   1.2622070312500000      -0.497228026    
   1.2670898437500000      -0.494874120    
   1.2719726562500000      -0.492535412    
   1.2768554687500000      -0.490211666    
   1.2817382812500000      -0.487902910    
   1.2866210937500000      -0.485608965    
   1.2915039062500000      -0.483329713    
   1.2963867187500000      -0.481065005    
   1.3012695312500000      -0.478814751    
   1.3061523437500000      -0.476578832    
   1.3110351562500000      -0.474357188    
   1.3159179687500000      -0.472149640    
   1.3208007812500000      -0.469956160    
   1.3256835937500000      -0.467776448    
   1.3305664062500000      -0.465610653    
   1.3354492187500000      -0.463458419    
   1.3403320312500000      -0.461319834    
   1.3452148437500000      -0.459194690    
   1.3500976562500000      -0.457082838    
   1.3549804687500000      -0.454984337    
   1.3598632812500000      -0.452898920    
   1.3647460937500000      -0.450826555    
   1.3696289062500000      -0.448767126    
   1.3745117187500000      -0.446720541    
   1.3793945312500000      -0.444686770    
   1.3842773437500000      -0.442665547    
   1.3891601562500000      -0.440656990    
   1.3940429687500000      -0.438660800    
   1.3989257812500000      -0.436676979    
   1.4038085937500000      -0.434705436    
   1.4086914062500000      -0.432746023    
   1.4135742187500000      -0.430798769    
   1.4184570312500000      -0.428863436    
   1.4233398437500000      -0.426939994    
   1.4282226562500000      -0.425028384    
   1.4331054687500000      -0.423128486    
   1.4379882812500000      -0.421240211    
   1.4428710937500000      -0.419363409    
   1.4477539062500000      -0.417498142    
   1.4526367187500000      -0.415644228    
   1.4575195312500000      -0.413801610    
   1.4624023437500000      -0.411970109    
   1.4672851562500000      -0.410149783    
   1.4721679687500000      -0.408340514    
   1.4770507812500000      -0.406542152    
   1.4819335937500000      -0.404754609    
   1.4868164062500000      -0.402977914    
   1.4916992187500000      -0.401211977    
   1.4965820312500000      -0.399456590    
   1.5014648437500000      -0.397711724    
   1.5063476562500000      -0.395977378    
   1.5112304687500000      -0.394253433    
   1.5161132812500000      -0.392539769    
   1.5209960937500000      -0.390836388    
   1.5258789062500000      -0.389143199    
   1.5307617187500000      -0.387460053    
   1.5356445312500000      -0.385786921    
   1.5405273437500000      -0.384123772    
   1.5454101562500000      -0.382470459    
   1.5502929687500000      -0.380827010    
   1.5551757812500000      -0.379193246    
   1.5600585937500000      -0.377569169    
   1.5649414062500000      -0.375954658    
   1.5698242187500000      -0.374349654    
   1.5747070312500000      -0.372754157    
   1.5795898437500000      -0.371168077    
   1.5844726562500000      -0.369591236    
   1.5893554687500000      -0.368023723    
   1.5942382812500000      -0.366465390    
   1.5991210937500000      -0.364916116    
   1.6040039062500000      -0.363375962    
   1.6088867187500000      -0.361844778    
   1.6137695312500000      -0.360322565    
   1.6186523437500000      -0.358809143    
   1.6235351562500000      -0.357304603    
   1.6284179687500000      -0.355808794    
   1.6333007812500000      -0.354321629    
   1.6381835937500000      -0.352843106    
   1.6430664062500000      -0.351373196    
   1.6479492187500000      -0.349911749    
   1.6528320312500000      -0.348458707    
   1.6577148437500000      -0.347014070    
   1.6625976562500000      -0.345577776    
   1.6674804687500000      -0.344149739    
   1.6723632812500000      -0.342729896    
   1.6772460937500000      -0.341318250    
   1.6821289062500000      -0.339914709    
   1.6870117187500000      -0.338519156    
   1.6918945312500000      -0.337131619    
   1.6967773437500000      -0.335752010    
   1.7016601562500000      -0.334380269    
   1.7065429687500000      -0.333016366    
   1.7114257812500000      -0.331660211    
   1.7163085937500000      -0.330311775    
   1.7211914062500000      -0.328970969    
   1.7260742187500000      -0.327637821    
   1.7309570312500000      -0.326312274    
   1.7358398437500000      -0.324994236    
   1.7407226562500000      -0.323683530    
   1.7456054687500000      -0.322380394    
   1.7504882812500000      -0.321084499    
   1.7553710937500000      -0.319795996    
   1.7602539062500000      -0.318514615    
   1.7651367187500000      -0.317240596    
   1.7700195312500000      -0.315973639    
   1.7749023437500000      -0.314713866    
   1.7797851562500000      -0.313461065    
   1.7846679687500000      -0.312215358    
   1.7895507812500000      -0.310976595    
   1.7944335937500000      -0.309744835    
   1.7993164062500000      -0.308519840    
   1.8041992187500000      -0.307301790    
   1.8090820312500000      -0.306090444    
   1.8139648437500000      -0.304885864    
   1.8188476562500000      -0.303687900    
   1.8237304687500000      -0.302496761    
   1.8286132812500000      -0.301312089    
   1.8334960937500000      -0.300134033    
   1.8383789062500000      -0.298962504    
   1.8432617187500000      -0.297797441    
   1.8481445312500000      -0.296638817    
   1.8530273437500000      -0.295486599    
   1.8579101562500000      -0.294340760    
   1.8627929687500000      -0.293201298    
   1.8676757812500000      -0.292068005    
   1.8725585937500000      -0.290940911    
   1.8774414062500000      -0.289820105    
   1.8823242187500000      -0.288705379    
   1.8872070312500000      -0.287596881    
   1.8920898437500000      -0.286494315    
   1.8969726562500000      -0.285397828    
   1.9018554687500000      -0.284307420    
   1.9067382812500000      -0.283222795    
   1.9116210937500000      -0.282144219    
   1.9165039062500000      -0.281071484    
   1.9213867187500000      -0.280004621    
   1.9262695312500000      -0.278943539    
   1.9311523437500000      -0.277888179    
   1.9360351562500000      -0.276838660    
   1.9409179687500000      -0.275794685    
   1.9458007812500000      -0.274756521    
   1.9506835937500000      -0.273723841    
   1.9555664062500000      -0.272696793    
   1.9604492187500000      -0.271675318    
   1.9653320312500000      -0.270659387    
   1.9702148437500000      -0.269648910    
   1.9750976562500000      -0.268643796    
   1.9799804687500000      -0.267644197    
   1.9848632812500000      -0.266649932    
   1.9897460937500000      -0.265661001    
   1.9946289062500000      -0.264677465    
   1.9995117187500000      -0.263699114    
   2.0043945312500000      -0.262726009    
   2.0092773437500000      -0.261758119    
   2.0141601562500000      -0.260795474    
   2.0190429687500000      -0.259837866    
   2.0239257812500000      -0.258885443    
   2.0288085937500000      -0.257938176    
   2.0336914062500000      -0.256995797    
   2.0385742187500000      -0.256058514    
   2.0434570312500000      -0.255126297    
   2.0483398437500000      -0.254198909    
   2.0532226562500000      -0.253276467    
   2.0581054687500000      -0.252359033    
   2.0629882812500000      -0.251446337    
   2.0678710937500000      -0.250538528    
   2.0727539062500000      -0.249635562    
   2.0776367187500000      -0.248737291    
   2.0825195312500000      -0.247843817    
   2.0874023437500000      -0.246955112    
   2.0922851562500000      -0.246070966    
   2.0971679687500000      -0.245191649    
   2.1020507812500000      -0.244316846    
   2.1069335937500000      -0.243446618    
   2.1118164062500000      -0.242581069    
   2.1166992187500000      -0.241720065    
   2.1215820312500000      -0.240863502    
   2.1264648437500000      -0.240011439    
   2.1313476562500000      -0.239163950    
   2.1362304687500000      -0.238320753    
   2.1411132812500000      -0.237482101    
   2.1459960937500000      -0.236647785    
   2.1508789062500000      -0.235817790    
   2.1557617187500000      -0.234992176    
   2.1606445312500000      -0.234170839    
   2.1655273437500000      -0.233353853    
   2.1704101562500000      -0.232541025    
   2.1752929687500000      -0.231732503    
   2.1801757812500000      -0.230928108    
   2.1850585937500000      -0.230127975    
   2.1899414062500000      -0.229332015    
   2.1948242187500000      -0.228540108    
   2.1997070312500000      -0.227752328    
   2.2045898437500000      -0.226968661    
   2.2094726562500000      -0.226189002    
   2.2143554687500000      -0.225413427    
   2.2192382812500000      -0.224641800    
   2.2241210937500000      -0.223874241    
   2.2290039062500000      -0.223110601    
   2.2338867187500000      -0.222350881    
   2.2387695312500000      -0.221595138    
   2.2436523437500000      -0.220843196    
   2.2485351562500000      -0.220095217    
   2.2534179687500000      -0.219350994    
   2.2583007812500000      -0.218610704    
   2.2631835937500000      -0.217874125    
   2.2680664062500000      -0.217141345    
   2.2729492187500000      -0.216412365    
   2.2778320312500000      -0.215687141    
   2.2827148437500000      -0.214965582    
   2.2875976562500000      -0.214247763    
   2.2924804687500000      -0.213533580    
   2.2973632812500000      -0.212823004    
   2.3022460937500000      -0.212116122    
   2.3071289062500000      -0.211412817    
   2.3120117187500000      -0.210713089    
   2.3168945312500000      -0.210017011    
   2.3217773437500000      -0.209324375    
   2.3266601562500000      -0.208635345    
   2.3315429687500000      -0.207949758    
   2.3364257812500000      -0.207267657    
   2.3413085937500000      -0.206589118    
   2.3461914062500000      -0.205913872    
   2.3510742187500000      -0.205242172    
   2.3559570312500000      -0.204573825    
   2.3608398437500000      -0.203908890    
   2.3657226562500000      -0.203247368    
   2.3706054687500000      -0.202589154    
   2.3754882812500000      -0.201934248    
   2.3803710937500000      -0.201282606    
   2.3852539062500000      -0.200634331    
   2.3901367187500000      -0.199989378    
   2.3950195312500000      -0.199347600    
   2.3999023437500000      -0.198709041    
   2.4047851562500000      -0.198073775    
   2.4096679687500000      -0.197441623    
   2.4145507812500000      -0.196812749    
   2.4194335937500000      -0.196186960    
   2.4243164062500000      -0.195564345    
   2.4291992187500000      -0.194944859    
   2.4340820312500000      -0.194328517    
   2.4389648437500000      -0.193715215    
   2.4438476562500000      -0.193105027    
   2.4487304687500000      -0.192497924    
   2.4536132812500000      -0.191893831    
   2.4584960937500000      -0.191292718    
   2.4633789062500000      -0.190694675    
   2.4682617187500000      -0.190099597    
   2.4731445312500000      -0.189507455    
   2.4780273437500000      -0.188918352    
   2.4829101562500000      -0.188332170    
   2.4877929687500000      -0.187748909    
   2.4926757812500000      -0.187168553    
   2.4975585937500000      -0.186591089    
   2.5024414062500000      -0.186016500    
   2.5073242187500000      -0.185444787    
   2.5122070312500000      -0.184875846    
   2.5170898437500000      -0.184309840    
   2.5219726562500000      -0.183746591    
   2.5268554687500000      -0.183186159    
   2.5317382812500000      -0.182628527    
   2.5366210937500000      -0.182073638    
   2.5415039062500000      -0.181521535    
   2.5463867187500000      -0.180972204    
   2.5512695312500000      -0.180425480    
   2.5561523437500000      -0.179881603    
   2.5610351562500000      -0.179340303    
   2.5659179687500000      -0.178801745    
   2.5708007812500000      -0.178265825    
   2.5756835937500000      -0.177732542    
   2.5805664062500000      -0.177201971    
   2.5854492187500000      -0.176673934    
   2.5903320312500000      -0.176148579    
   2.5952148437500000      -0.175625816    
   2.6000976562500000      -0.175105557    
   2.6049804687500000      -0.174587950    
   2.6098632812500000      -0.174072832    
   2.6147460937500000      -0.173560262    
   2.6196289062500000      -0.173050225    
   2.6245117187500000      -0.172542736    
   2.6293945312500000      -0.172037765    
   2.6342773437500000      -0.171535239    
   2.6391601562500000      -0.171035126    
   2.6440429687500000      -0.170537591    
   2.6489257812500000      -0.170042396    
   2.6538085937500000      -0.169549659    
   2.6586914062500000      -0.169059396    
   2.6635742187500000      -0.168571517    
   2.6684570312500000      -0.168086007    
   2.6733398437500000      -0.167602926    
   2.6782226562500000      -0.167122126    
   2.6831054687500000      -0.166643739    
   2.6879882812500000      -0.166167691    
   2.6928710937500000      -0.165693969    
   2.6977539062500000      -0.165222645    
   2.7026367187500000      -0.164753541    
   2.7075195312500000      -0.164286733    
   2.7124023437500000      -0.163822234    
   2.7172851562500000      -0.163360000    
   2.7221679687500000      -0.162900031    
   2.7270507812500000      -0.162442341    
   2.7319335937500000      -0.161986828    
   2.7368164062500000      -0.161533549    
   2.7416992187500000      -0.161082521    
   2.7465820312500000      -0.160633639    
   2.7514648437500000      -0.160186976    
   2.7563476562500000      -0.159742534    
   2.7612304687500000      -0.159300223    
   2.7661132812500000      -0.158860028    
   2.7709960937500000      -0.158422023    
   2.7758789062500000      -0.157986209    
   2.7807617187500000      -0.157552406    
   2.7856445312500000      -0.157120764    
   2.7905273437500000      -0.156691283    
   2.7954101562500000      -0.156263813    
   2.8002929687500000      -0.155838475    
   2.8051757812500000      -0.155415118    
   2.8100585937500000      -0.154993892    
   2.8149414062500000      -0.154574707    
   2.8198242187500000      -0.154157564    
   2.8247070312500000      -0.153742447    
   2.8295898437500000      -0.153329343    
   2.8344726562500000      -0.152918264    
   2.8393554687500000      -0.152509108    
   2.8442382812500000      -0.152102023    
   2.8491210937500000      -0.151696876    
   2.8540039062500000      -0.151293695    
   2.8588867187500000      -0.150892496    
   2.8637695312500000      -0.150493190    
   2.8686523437500000      -0.150095850    
   2.8735351562500000      -0.149700478    
   2.8784179687500000      -0.149306968    
   2.8833007812500000      -0.148915410    
   2.8881835937500000      -0.148525715    
   2.8930664062500000      -0.148137942    
   2.8979492187500000      -0.147752017    
   2.9028320312500000      -0.147367999    
   2.9077148437500000      -0.146985829    
   2.9125976562500000      -0.146605492    
   2.9174804687500000      -0.146226972    
   2.9223632812500000      -0.145850331    
   2.9272460937500000      -0.145475507    
   2.9321289062500000      -0.145102501    
   2.9370117187500000      -0.144731343    
   2.9418945312500000      -0.144361913    
   2.9467773437500000      -0.143994257    
   2.9516601562500000      -0.143628463    
   2.9565429687500000      -0.143264353    
   2.9614257812500000      -0.142902091    
   2.9663085937500000      -0.142541513    
   2.9711914062500000      -0.142182693    
   2.9760742187500000      -0.141825616    
   2.9809570312500000      -0.141470283    
   2.9858398437500000      -0.141116679    
   2.9907226562500000      -0.140764728    
   2.9956054687500000      -0.140414506    
   3.0004882812500000      -0.140065998    
   3.0053710937500000      -0.139719203    
   3.0102539062500000      -0.139374033    
   3.0151367187500000      -0.139030576    
   3.0200195312500000      -0.138688728    
   3.0249023437500000      -0.138348579    
   3.0297851562500000      -0.138010040    
   3.0346679687500000      -0.137673169    
   3.0395507812500000      -0.137337908    
   3.0444335937500000      -0.137004301    
   3.0493164062500000      -0.136672288    
   3.0541992187500000      -0.136341855    
   3.0590820312500000      -0.136013076    
   3.0639648437500000      -0.135685861    
   3.0688476562500000      -0.135360226    
   3.0737304687500000      -0.135036141    
   3.0786132812500000      -0.134713694    
   3.0834960937500000      -0.134392783    
   3.0883789062500000      -0.134073362    
   3.0932617187500000      -0.133755550    
   3.0981445312500000      -0.133439273    
   3.1030273437500000      -0.133124515    
   3.1079101562500000      -0.132811293    
   3.1127929687500000      -0.132499591    
   3.1176757812500000      -0.132189393    
   3.1225585937500000      -0.131880715    
   3.1274414062500000      -0.131573543    
   3.1323242187500000      -0.131267801    
   3.1372070312500000      -0.130963564    
   3.1420898437500000      -0.130660802    
   3.1469726562500000      -0.130359530    
   3.1518554687500000      -0.130059734    
   3.1567382812500000      -0.129761353    
   3.1616210937500000      -0.129464433    
   3.1665039062500000      -0.129168987    
   3.1713867187500000      -0.128874943    
   3.1762695312500000      -0.128582343    
   3.1811523437500000      -0.128291130    
   3.1860351562500000      -0.128001362    
   3.1909179687500000      -0.127712965    
   3.1958007812500000      -0.127426013    
   3.2006835937500000      -0.127140492    
   3.2055664062500000      -0.126856267    
   3.2104492187500000      -0.126573473    
   3.2153320312500000      -0.126292095    
   3.2202148437500000      -0.126012057    
   3.2250976562500000      -0.125733361    
   3.2299804687500000      -0.125456020    
   3.2348632812500000      -0.125180066    
   3.2397460937500000      -0.124905445    
   3.2446289062500000      -0.124632157    
   3.2495117187500000      -0.124360189    
   3.2543945312500000      -0.124089539    
   3.2592773437500000      -0.123820268    
   3.2641601562500000      -0.123552300    
   3.2690429687500000      -0.123285584    
   3.2739257812500000      -0.123020232    
   3.2788085937500000      -0.122756168    
   3.2836914062500000      -0.122493342    
   3.2885742187500000      -0.122231863    
   3.2934570312500000      -0.121971674    
   3.2983398437500000      -0.121712700    
   3.3032226562500000      -0.121455066    
   3.3081054687500000      -0.121198647    
   3.3129882812500000      -0.120943487    
   3.3178710937500000      -0.120689601    
   3.3227539062500000      -0.120436907    
   3.3276367187500000      -0.120185532    
   3.3325195312500000      -0.119935349    
   3.3374023437500000      -0.119686417    
   3.3422851562500000      -0.119438730    
   3.3471679687500000      -0.119192220    
   3.3520507812500000      -0.118946947    
   3.3569335937500000      -0.118702844    
   3.3618164062500000      -0.118459977    
   3.3666992187500000      -0.118218333    
   3.3715820312500000      -0.117977843    
   3.3764648437500000      -0.117738582    
   3.3813476562500000      -0.117500469    
   3.3862304687500000      -0.117263563    
   3.3911132812500000      -0.117027812    
   3.3959960937500000      -0.116793193    
   3.4008789062500000      -0.116559781    
   3.4057617187500000      -0.116327569    
   3.4106445312500000      -0.116096422    
   3.4155273437500000      -0.115866467    
   3.4204101562500000      -0.115637630    
   3.4252929687500000      -0.115409985    
   3.4301757812500000      -0.115183450    
   3.4350585937500000      -0.114958033    
   3.4399414062500000      -0.114733733    
   3.4448242187500000      -0.114510596    
   3.4497070312500000      -0.114288501    
   3.4545898437500000      -0.114067569    
   3.4594726562500000      -0.113847740    
   3.4643554687500000      -0.113628998    
   3.4692382812500000      -0.113411352    
   3.4741210937500000      -0.113194793    
   3.4790039062500000      -0.112979375    
   3.4838867187500000      -0.112764984    
   3.4887695312500000      -0.112551667    
   3.4936523437500000      -0.112339430    
   3.4985351562500000      -0.112128265    
   3.5034179687500000      -0.111918226    
   3.5083007812500000      -0.111709192    
   3.5131835937500000      -0.111501165    
   3.5180664062500000      -0.111294255    
   3.5229492187500000      -0.111088403    
   3.5278320312500000      -0.110883541    
   3.5327148437500000      -0.110679738    
   3.5375976562500000      -0.110476971    
   3.5424804687500000      -0.110275254    
   3.5473632812500000      -0.110074580    
   3.5522460937500000      -0.109874882    
   3.5571289062500000      -0.109676227    
   3.5620117187500000      -0.109478593    
   3.5668945312500000      -0.109281942    
   3.5717773437500000      -0.109086312    
   3.5766601562500000      -0.108891644    
   3.5815429687500000      -0.108698063    
   3.5864257812500000      -0.108505376    
   3.5913085937500000      -0.108313769    
   3.5961914062500000      -0.108123109    
   3.6010742187500000      -0.107933410    
   3.6059570312500000      -0.107744709    
   3.6108398437500000      -0.107556961    
   3.6157226562500000      -0.107370213    
   3.6206054687500000      -0.107184403    
   3.6254882812500000      -0.106999591    
   3.6303710937500000      -0.106815711    
   3.6352539062500000      -0.106632821    
   3.6401367187500000      -0.106450863    
   3.6450195312500000      -0.106269836    
   3.6499023437500000      -0.106089793    
   3.6547851562500000      -0.105910666    
   3.6596679687500000      -0.105732463    
   3.6645507812500000      -0.105555177    
   3.6694335937500000      -0.105378859    
   3.6743164062500000      -0.105203457    
   3.6791992187500000      -0.105028965    
   3.6840820312500000      -0.104855441    
   3.6889648437500000      -0.104682818    
   3.6938476562500000      -0.104511037    
   3.6987304687500000      -0.104340218    
   3.7036132812500000      -0.104170352    
   3.7084960937500000      -0.104001328    
   3.7133789062500000      -0.103833191    
   3.7182617187500000      -0.103666000    
   3.7231445312500000      -0.103499651    
   3.7280273437500000      -0.103334233    
   3.7329101562500000      -0.103169650    
   3.7377929687500000      -0.103005998    
   3.7426757812500000      -0.102843173    
   3.7475585937500000      -0.102681279    
   3.7524414062500000      -0.102520257    
   3.7573242187500000      -0.102360062    
   3.7622070312500000      -0.102200784    
   3.7670898437500000      -0.102042317    
   3.7719726562500000      -0.101884715    
   3.7768554687500000      -0.101727977    
   3.7817382812500000      -0.101572104    
   3.7866210937500000      -0.101417087    
   3.7915039062500000      -0.101262920    
   3.7963867187500000      -0.101109616    
   3.8012695312500000      -0.100957103    
   3.8061523437500000      -0.100805447    
   3.8110351562500000      -0.100654632    
   3.8159179687500000      -0.100504667    
   3.8208007812500000      -0.100355491    
   3.8256835937500000      -0.100207157    
   3.8305664062500000      -0.100059658    
   3.8354492187500000       -9.99130011E-02
   3.8403320312500000       -9.97671187E-02
   3.8452148437500000       -9.96220782E-02
   3.8500976562500000       -9.94778126E-02
   3.8549804687500000       -9.93343741E-02
   3.8598632812500000       -9.91917625E-02
   3.8647460937500000       -9.90499705E-02
   3.8696289062500000       -9.89089534E-02
   3.8745117187500000       -9.87687111E-02
   3.8793945312500000       -9.86292809E-02
   3.8842773437500000       -9.84906629E-02
   3.8891601562500000       -9.83528122E-02
   3.8940429687500000       -9.82157737E-02
   3.8989257812500000       -9.80794951E-02
   3.9038085937500000       -9.79440287E-02
   3.9086914062500000       -9.78093147E-02
   3.9135742187500000       -9.76754054E-02
   3.9184570312500000       -9.75422412E-02
   3.9233398437500000       -9.74098369E-02
   3.9282226562500000       -9.72782224E-02
   3.9331054687500000       -9.71474126E-02
   3.9379882812500000       -9.70172957E-02
   3.9428710937500000       -9.68879685E-02
   3.9477539062500000       -9.67594385E-02
   3.9526367187500000       -9.66316387E-02
   3.9575195312500000       -9.65045840E-02
   3.9624023437500000       -9.63782594E-02
   3.9672851562500000       -9.62527245E-02
   3.9721679687500000       -9.61279199E-02
   3.9770507812500000       -9.60038975E-02
   3.9819335937500000       -9.58805531E-02
   3.9868164062500000       -9.57579836E-02
   3.9916992187500000       -9.56361368E-02
   3.9965820312500000       -9.55150723E-02
   4.0014648437500000       -9.53946710E-02
   4.0063476562500000       -9.52750519E-02
   4.0112304687500000       -9.51561406E-02
   4.0161132812500000       -9.50379521E-02
   4.0209960937500000       -9.49205309E-02
   4.0258789062500000       -9.48037654E-02
   4.0307617187500000       -9.46877673E-02
   4.0356445312500000       -9.45724845E-02
   4.0405273437500000       -9.44578573E-02
   4.0454101562500000       -9.43439826E-02
   4.0502929687500000       -9.42308232E-02
   4.0551757812500000       -9.41184089E-02
   4.0600585937500000       -9.40066576E-02
   4.0649414062500000       -9.38955992E-02
   4.0698242187500000       -9.37852934E-02
   4.0747070312500000       -9.36756432E-02
   4.0795898437500000       -9.35666785E-02
   4.0844726562500000       -9.34584662E-02
   4.0893554687500000       -9.33509022E-02
   4.0942382812500000       -9.32440758E-02
   4.0991210937500000       -9.31378901E-02
   4.1040039062500000       -9.30323899E-02
   4.1088867187500000       -9.29276347E-02
   4.1137695312500000       -9.28235203E-02
   4.1186523437500000       -9.27200839E-02
   4.1235351562500000       -9.26173329E-02
   4.1284179687500000       -9.25152674E-02
   4.1333007812500000       -9.24138799E-02
   4.1381835937500000       -9.23131779E-02
   4.1430664062500000       -9.22131017E-02
   4.1479492187500000       -9.21137482E-02
   4.1528320312500000       -9.20150280E-02
   4.1577148437500000       -9.19170305E-02
   4.1625976562500000       -9.18196589E-02
   4.1674804687500000       -9.17229578E-02
   4.1723632812500000       -9.16268751E-02
   4.1772460937500000       -9.15315151E-02
   4.1821289062500000       -9.14367735E-02
   4.1870117187500000       -9.13426951E-02
   4.1918945312500000       -9.12492871E-02
   4.1967773437500000       -9.11565423E-02
   4.2016601562500000       -9.10644084E-02
   4.2065429687500000       -9.09729451E-02
   4.2114257812500000       -9.08821300E-02
   4.2163085937500000       -9.07919854E-02
   4.2211914062500000       -9.07024443E-02
   4.2260742187500000       -9.06135663E-02
   4.2309570312500000       -9.05253366E-02
   4.2358398437500000       -9.04377177E-02
   4.2407226562500000       -9.03507546E-02
   4.2456054687500000       -9.02644396E-02
   4.2504882812500000       -9.01787281E-02
   4.2553710937500000       -9.00936723E-02
   4.2602539062500000       -9.00092572E-02
   4.2651367187500000       -8.99254456E-02
   4.2700195312500000       -8.98422822E-02
   4.2749023437500000       -8.97597671E-02
   4.2797851562500000       -8.96778405E-02
   4.2846679687500000       -8.95965174E-02
   4.2895507812500000       -8.95158798E-02
   4.2944335937500000       -8.94358382E-02
   4.2993164062500000       -8.93563852E-02
   4.3041992187500000       -8.92775729E-02
   4.3090820312500000       -8.91993940E-02
   4.3139648437500000       -8.91218111E-02
   4.3188476562500000       -8.90448168E-02
   4.3237304687500000       -8.89685005E-02
   4.3286132812500000       -8.88927281E-02
   4.3334960937500000       -8.88175815E-02
   4.3383789062500000       -8.87430757E-02
   4.3432617187500000       -8.86691436E-02
   4.3481445312500000       -8.85958523E-02
   4.3530273437500000       -8.85231346E-02
   4.3579101562500000       -8.84510502E-02
   4.3627929687500000       -8.83795395E-02
   4.3676757812500000       -8.83086100E-02
   4.3725585937500000       -8.82383063E-02
   4.3774414062500000       -8.81686285E-02
   4.3823242187500000       -8.80995244E-02
   4.3872070312500000       -8.80309939E-02
   4.3920898437500000       -8.79630372E-02
   4.3969726562500000       -8.78957510E-02
   4.4018554687500000       -8.78289938E-02
   4.4067382812500000       -8.77628475E-02
   4.4116210937500000       -8.76972750E-02
   4.4165039062500000       -8.76323208E-02
   4.4213867187500000       -8.75679404E-02
   4.4262695312500000       -8.75041187E-02
   4.4311523437500000       -8.74409229E-02
   4.4360351562500000       -8.73782858E-02
   4.4409179687500000       -8.73162150E-02
   4.4458007812500000       -8.72547552E-02
   4.4506835937500000       -8.71938616E-02
   4.4555664062500000       -8.71335790E-02
   4.4604492187500000       -8.70738104E-02
   4.4653320312500000       -8.70146528E-02
   4.4702148437500000       -8.69561061E-02
   4.4750976562500000       -8.68980661E-02
   4.4799804687500000       -8.68406370E-02
   4.4848632812500000       -8.67838115E-02
   4.4897460937500000       -8.67275000E-02
   4.4946289062500000       -8.66717920E-02
   4.4995117187500000       -8.66166353E-02
   4.5043945312500000       -8.65620449E-02
   4.5092773437500000       -8.65080506E-02
   4.5141601562500000       -8.64546075E-02
   4.5190429687500000       -8.64017233E-02
   4.5239257812500000       -8.63493979E-02
   4.5288085937500000       -8.62976164E-02
   4.5336914062500000       -8.62464383E-02
   4.5385742187500000       -8.61958042E-02
   4.5434570312500000       -8.61457288E-02
   4.5483398437500000       -8.60962495E-02
   4.5532226562500000       -8.60472694E-02
   4.5581054687500000       -8.59988853E-02
   4.5629882812500000       -8.59510526E-02
   4.5678710937500000       -8.59037638E-02
   4.5727539062500000       -8.58570710E-02
   4.5776367187500000       -8.58108774E-02
   4.5825195312500000       -8.57652798E-02
   4.5874023437500000       -8.57202262E-02
   4.5922851562500000       -8.56757089E-02
   4.5971679687500000       -8.56317431E-02
   4.6020507812500000       -8.55883211E-02
   4.6069335937500000       -8.55454877E-02
   4.6118164062500000       -8.55031461E-02
   4.6166992187500000       -8.54614004E-02
   4.6215820312500000       -8.54201913E-02
   4.6264648437500000       -8.53795260E-02
   4.6313476562500000       -8.53393972E-02
   4.6362304687500000       -8.52998123E-02
   4.6411132812500000       -8.52608085E-02
   4.6459960937500000       -8.52223039E-02
   4.6508789062500000       -8.51843804E-02
   4.6557617187500000       -8.51469934E-02
   4.6606445312500000       -8.51100981E-02
   4.6655273437500000       -8.50737840E-02
   4.6704101562500000       -8.50380138E-02
   4.6752929687500000       -8.50027725E-02
   4.6801757812500000       -8.49681124E-02
   4.6850585937500000       -8.49339440E-02
   4.6899414062500000       -8.49003121E-02
   4.6948242187500000       -8.48672614E-02
   4.6997070312500000       -8.48346949E-02
   4.7045898437500000       -8.48027095E-02
   4.7094726562500000       -8.47712085E-02
   4.7143554687500000       -8.47402886E-02
   4.7192382812500000       -8.47099051E-02
   4.7241210937500000       -8.46799985E-02
   4.7290039062500000       -8.46506730E-02
   4.7338867187500000       -8.46218839E-02
   4.7387695312500000       -8.45936239E-02
   4.7436523437500000       -8.45658854E-02
   4.7485351562500000       -8.45386907E-02
   4.7534179687500000       -8.45120177E-02
   4.7583007812500000       -8.44858736E-02
   4.7631835937500000       -8.44602585E-02
   4.7680664062500000       -8.44351724E-02
   4.7729492187500000       -8.44106153E-02
   4.7778320312500000       -8.43865871E-02
   4.7827148437500000       -8.43630880E-02
   4.7875976562500000       -8.43401179E-02
   4.7924804687500000       -8.43176693E-02
   4.7973632812500000       -8.42958018E-02
   4.8022460937500000       -8.42744038E-02
   4.8071289062500000       -8.42535421E-02
   4.8120117187500000       -8.42332020E-02
   4.8168945312500000       -8.42133835E-02
   4.8217773437500000       -8.41941014E-02
   4.8266601562500000       -8.41753855E-02
   4.8315429687500000       -8.41571465E-02
   4.8364257812500000       -8.41394365E-02
   4.8413085937500000       -8.41222480E-02
   4.8461914062500000       -8.41055810E-02
   4.8510742187500000       -8.40894431E-02
   4.8559570312500000       -8.40738267E-02
   4.8608398437500000       -8.40587392E-02
   4.8657226562500000       -8.40441734E-02
   4.8706054687500000       -8.40301290E-02
   4.8754882812500000       -8.40166062E-02
   4.8803710937500000       -8.40036049E-02
   4.8852539062500000       -8.39911327E-02
   4.8901367187500000       -8.39791819E-02
   4.8950195312500000       -8.39677528E-02
   4.8999023437500000       -8.39568526E-02
   4.9047851562500000       -8.39464664E-02
   4.9096679687500000       -8.39365572E-02
   4.9145507812500000       -8.39272216E-02
   4.9194335937500000       -8.39184001E-02
   4.9243164062500000       -8.39101076E-02
   4.9291992187500000       -8.39022845E-02
   4.9340820312500000       -8.38950351E-02
   4.9389648437500000       -8.38882551E-02
   4.9438476562500000       -8.38820487E-02
   4.9487304687500000       -8.38763192E-02
   4.9536132812500000       -8.38711485E-02
   4.9584960937500000       -8.38664621E-02
   4.9633789062500000       -8.38622898E-02
   4.9682617187500000       -8.38586912E-02
   4.9731445312500000       -8.38555619E-02
   4.9780273437500000       -8.38529617E-02
   4.9829101562500000       -8.38508755E-02
   4.9877929687500000       -8.38493556E-02
   4.9926757812500000       -8.38483125E-02
   4.9975585937500000       -8.38477984E-02
   5.0024414062500000       -8.38477984E-02
   5.0073242187500000       -8.38483125E-02
   5.0122070312500000       -8.38493556E-02
   5.0170898437500000       -8.38508755E-02
   5.0219726562500000       -8.38529617E-02
   5.0268554687500000       -8.38555619E-02
   5.0317382812500000       -8.38586912E-02
   5.0366210937500000       -8.38622898E-02
   5.0415039062500000       -8.38664621E-02
   5.0463867187500000       -8.38711485E-02
   5.0512695312500000       -8.38763192E-02
   5.0561523437500000       -8.38820487E-02
   5.0610351562500000       -8.38882551E-02
   5.0659179687500000       -8.38950351E-02
   5.0708007812500000       -8.39022845E-02
   5.0756835937500000       -8.39101076E-02
   5.0805664062500000       -8.39184001E-02
   5.0854492187500000       -8.39272216E-02
   5.0903320312500000       -8.39365572E-02
   5.0952148437500000       -8.39464664E-02
   5.1000976562500000       -8.39568526E-02
   5.1049804687500000       -8.39677528E-02
   5.1098632812500000       -8.39791819E-02
   5.1147460937500000       -8.39911327E-02
   5.1196289062500000       -8.40036049E-02
   5.1245117187500000       -8.40166062E-02
   5.1293945312500000       -8.40301290E-02
   5.1342773437500000       -8.40441734E-02
   5.1391601562500000       -8.40587392E-02
   5.1440429687500000       -8.40738267E-02
   5.1489257812500000       -8.40894431E-02
   5.1538085937500000       -8.41055810E-02
   5.1586914062500000       -8.41222480E-02
   5.1635742187500000       -8.41394365E-02
   5.1684570312500000       -8.41571465E-02
   5.1733398437500000       -8.41753855E-02
   5.1782226562500000       -8.41941014E-02
   5.1831054687500000       -8.42133835E-02
   5.1879882812500000       -8.42332020E-02
   5.1928710937500000       -8.42535421E-02
   5.1977539062500000       -8.42744038E-02
   5.2026367187500000       -8.42958018E-02
   5.2075195312500000       -8.43176693E-02
   5.2124023437500000       -8.43401179E-02
   5.2172851562500000       -8.43630880E-02
   5.2221679687500000       -8.43865871E-02
   5.2270507812500000       -8.44106153E-02
   5.2319335937500000       -8.44351724E-02
   5.2368164062500000       -8.44602585E-02
   5.2416992187500000       -8.44858736E-02
   5.2465820312500000       -8.45120177E-02
   5.2514648437500000       -8.45386907E-02
   5.2563476562500000       -8.45658854E-02
   5.2612304687500000       -8.45936239E-02
   5.2661132812500000       -8.46218839E-02
   5.2709960937500000       -8.46506730E-02
   5.2758789062500000       -8.46799985E-02
   5.2807617187500000       -8.47099051E-02
   5.2856445312500000       -8.47402886E-02
   5.2905273437500000       -8.47712085E-02
   5.2954101562500000       -8.48027095E-02
   5.3002929687500000       -8.48346949E-02
   5.3051757812500000       -8.48672614E-02
   5.3100585937500000       -8.49003121E-02
   5.3149414062500000       -8.49339440E-02
   5.3198242187500000       -8.49681124E-02
   5.3247070312500000       -8.50027725E-02
   5.3295898437500000       -8.50380138E-02
   5.3344726562500000       -8.50737840E-02
   5.3393554687500000       -8.51100981E-02
   5.3442382812500000       -8.51469934E-02
   5.3491210937500000       -8.51843804E-02
   5.3540039062500000       -8.52223039E-02
   5.3588867187500000       -8.52608085E-02
   5.3637695312500000       -8.52998123E-02
   5.3686523437500000       -8.53393972E-02
   5.3735351562500000       -8.53795260E-02
   5.3784179687500000       -8.54201913E-02
   5.3833007812500000       -8.54614004E-02
   5.3881835937500000       -8.55031461E-02
   5.3930664062500000       -8.55454877E-02
   5.3979492187500000       -8.55883211E-02
   5.4028320312500000       -8.56317431E-02
   5.4077148437500000       -8.56757089E-02
   5.4125976562500000       -8.57202262E-02
   5.4174804687500000       -8.57652798E-02
   5.4223632812500000       -8.58108774E-02
   5.4272460937500000       -8.58570710E-02
   5.4321289062500000       -8.59037638E-02
   5.4370117187500000       -8.59510526E-02
   5.4418945312500000       -8.59988853E-02
   5.4467773437500000       -8.60472694E-02
   5.4516601562500000       -8.60962495E-02
   5.4565429687500000       -8.61457288E-02
   5.4614257812500000       -8.61958042E-02
   5.4663085937500000       -8.62464383E-02
   5.4711914062500000       -8.62976164E-02
   5.4760742187500000       -8.63493979E-02
   5.4809570312500000       -8.64017233E-02
   5.4858398437500000       -8.64546075E-02
   5.4907226562500000       -8.65080506E-02
   5.4956054687500000       -8.65620449E-02
   5.5004882812500000       -8.66166353E-02
   5.5053710937500000       -8.66717920E-02
   5.5102539062500000       -8.67275000E-02
   5.5151367187500000       -8.67838115E-02
   5.5200195312500000       -8.68406370E-02
   5.5249023437500000       -8.68980661E-02
   5.5297851562500000       -8.69561061E-02
   5.5346679687500000       -8.70146528E-02
   5.5395507812500000       -8.70738104E-02
   5.5444335937500000       -8.71335790E-02
   5.5493164062500000       -8.71938616E-02
   5.5541992187500000       -8.72547552E-02
   5.5590820312500000       -8.73162150E-02
   5.5639648437500000       -8.73782858E-02
   5.5688476562500000       -8.74409229E-02
   5.5737304687500000       -8.75041187E-02
   5.5786132812500000       -8.75679404E-02
   5.5834960937500000       -8.76323208E-02
   5.5883789062500000       -8.76972750E-02
   5.5932617187500000       -8.77628475E-02
   5.5981445312500000       -8.78289938E-02
   5.6030273437500000       -8.78957510E-02
   5.6079101562500000       -8.79630372E-02
   5.6127929687500000       -8.80309939E-02
   5.6176757812500000       -8.80995244E-02
   5.6225585937500000       -8.81686285E-02
   5.6274414062500000       -8.82383063E-02
   5.6323242187500000       -8.83086100E-02
   5.6372070312500000       -8.83795395E-02
   5.6420898437500000       -8.84510502E-02
   5.6469726562500000       -8.85231346E-02
   5.6518554687500000       -8.85958523E-02
   5.6567382812500000       -8.86691436E-02
   5.6616210937500000       -8.87430757E-02
   5.6665039062500000       -8.88175815E-02
   5.6713867187500000       -8.88927281E-02
   5.6762695312500000       -8.89685005E-02
   5.6811523437500000       -8.90448168E-02
   5.6860351562500000       -8.91218111E-02
   5.6909179687500000       -8.91993940E-02
   5.6958007812500000       -8.92775729E-02
   5.7006835937500000       -8.93563852E-02
   5.7055664062500000       -8.94358382E-02
   5.7104492187500000       -8.95158798E-02
   5.7153320312500000       -8.95965174E-02
   5.7202148437500000       -8.96778405E-02
   5.7250976562500000       -8.97597671E-02
   5.7299804687500000       -8.98422822E-02
   5.7348632812500000       -8.99254456E-02
   5.7397460937500000       -9.00092572E-02
   5.7446289062500000       -9.00936723E-02
   5.7495117187500000       -9.01787281E-02
   5.7543945312500000       -9.02644396E-02
   5.7592773437500000       -9.03507546E-02
   5.7641601562500000       -9.04377177E-02
   5.7690429687500000       -9.05253366E-02
   5.7739257812500000       -9.06135663E-02
   5.7788085937500000       -9.07024443E-02
   5.7836914062500000       -9.07919854E-02
   5.7885742187500000       -9.08821300E-02
   5.7934570312500000       -9.09729451E-02
   5.7983398437500000       -9.10644084E-02
   5.8032226562500000       -9.11565423E-02
   5.8081054687500000       -9.12492871E-02
   5.8129882812500000       -9.13426951E-02
   5.8178710937500000       -9.14367735E-02
   5.8227539062500000       -9.15315151E-02
   5.8276367187500000       -9.16268751E-02
   5.8325195312500000       -9.17229578E-02
   5.8374023437500000       -9.18196589E-02
   5.8422851562500000       -9.19170305E-02
   5.8471679687500000       -9.20150280E-02
   5.8520507812500000       -9.21137482E-02
   5.8569335937500000       -9.22131017E-02
   5.8618164062500000       -9.23131779E-02
   5.8666992187500000       -9.24138799E-02
   5.8715820312500000       -9.25152674E-02
   5.8764648437500000       -9.26173329E-02
   5.8813476562500000       -9.27200839E-02
   5.8862304687500000       -9.28235203E-02
   5.8911132812500000       -9.29276347E-02
   5.8959960937500000       -9.30323899E-02
   5.9008789062500000       -9.31378901E-02
   5.9057617187500000       -9.32440758E-02
   5.9106445312500000       -9.33509022E-02
   5.9155273437500000       -9.34584662E-02
   5.9204101562500000       -9.35666785E-02
   5.9252929687500000       -9.36756432E-02
   5.9301757812500000       -9.37852934E-02
   5.9350585937500000       -9.38955992E-02
   5.9399414062500000       -9.40066576E-02
   5.9448242187500000       -9.41184089E-02
   5.9497070312500000       -9.42308232E-02
   5.9545898437500000       -9.43439826E-02
   5.9594726562500000       -9.44578573E-02
   5.9643554687500000       -9.45724845E-02
   5.9692382812500000       -9.46877673E-02
   5.9741210937500000       -9.48037654E-02
   5.9790039062500000       -9.49205309E-02
   5.9838867187500000       -9.50379521E-02
   5.9887695312500000       -9.51561406E-02
   5.9936523437500000       -9.52750519E-02
   5.9985351562500000       -9.53946710E-02
   6.0034179687500000       -9.55150723E-02
   6.0083007812500000       -9.56361368E-02
   6.0131835937500000       -9.57579836E-02
   6.0180664062500000       -9.58805531E-02
   6.0229492187500000       -9.60038975E-02
   6.0278320312500000       -9.61279199E-02
   6.0327148437500000       -9.62527245E-02
   6.0375976562500000       -9.63782594E-02
   6.0424804687500000       -9.65045840E-02
   6.0473632812500000       -9.66316387E-02
   6.0522460937500000       -9.67594385E-02
   6.0571289062500000       -9.68879685E-02
   6.0620117187500000       -9.70172957E-02
   6.0668945312500000       -9.71474126E-02
   6.0717773437500000       -9.72782224E-02
   6.0766601562500000       -9.74098369E-02
   6.0815429687500000       -9.75422412E-02
   6.0864257812500000       -9.76754054E-02
   6.0913085937500000       -9.78093147E-02
   6.0961914062500000       -9.79440287E-02
   6.1010742187500000       -9.80794951E-02
   6.1059570312500000       -9.82157737E-02
   6.1108398437500000       -9.83528122E-02
   6.1157226562500000       -9.84906629E-02
   6.1206054687500000       -9.86292809E-02
   6.1254882812500000       -9.87687111E-02
   6.1303710937500000       -9.89089534E-02
   6.1352539062500000       -9.90499705E-02
   6.1401367187500000       -9.91917625E-02
   6.1450195312500000       -9.93343741E-02
   6.1499023437500000       -9.94778126E-02
   6.1547851562500000       -9.96220782E-02
   6.1596679687500000       -9.97671187E-02
   6.1645507812500000       -9.99130011E-02
   6.1694335937500000      -0.100059658    
   6.1743164062500000      -0.100207157    
   6.1791992187500000      -0.100355491    
   6.1840820312500000      -0.100504667    
   6.1889648437500000      -0.100654632    
   6.1938476562500000      -0.100805447    
   6.1987304687500000      -0.100957103    
   6.2036132812500000      -0.101109616    
   6.2084960937500000      -0.101262920    
   6.2133789062500000      -0.101417087    
   6.2182617187500000      -0.101572104    
   6.2231445312500000      -0.101727977    
   6.2280273437500000      -0.101884715    
   6.2329101562500000      -0.102042317    
   6.2377929687500000      -0.102200784    
   6.2426757812500000      -0.102360062    
   6.2475585937500000      -0.102520257    
   6.2524414062500000      -0.102681279    
   6.2573242187500000      -0.102843173    
   6.2622070312500000      -0.103005998    
   6.2670898437500000      -0.103169650    
   6.2719726562500000      -0.103334233    
   6.2768554687500000      -0.103499651    
   6.2817382812500000      -0.103666000    
   6.2866210937500000      -0.103833191    
   6.2915039062500000      -0.104001328    
   6.2963867187500000      -0.104170352    
   6.3012695312500000      -0.104340218    
   6.3061523437500000      -0.104511037    
   6.3110351562500000      -0.104682818    
   6.3159179687500000      -0.104855441    
   6.3208007812500000      -0.105028965    
   6.3256835937500000      -0.105203457    
   6.3305664062500000      -0.105378859    
   6.3354492187500000      -0.105555177    
   6.3403320312500000      -0.105732463    
   6.3452148437500000      -0.105910666    
   6.3500976562500000      -0.106089793    
   6.3549804687500000      -0.106269836    
   6.3598632812500000      -0.106450863    
   6.3647460937500000      -0.106632821    
   6.3696289062500000      -0.106815711    
   6.3745117187500000      -0.106999591    
   6.3793945312500000      -0.107184403    
   6.3842773437500000      -0.107370213    
   6.3891601562500000      -0.107556961    
   6.3940429687500000      -0.107744709    
   6.3989257812500000      -0.107933410    
   6.4038085937500000      -0.108123109    
   6.4086914062500000      -0.108313769    
   6.4135742187500000      -0.108505376    
   6.4184570312500000      -0.108698063    
   6.4233398437500000      -0.108891644    
   6.4282226562500000      -0.109086312    
   6.4331054687500000      -0.109281942    
   6.4379882812500000      -0.109478593    
   6.4428710937500000      -0.109676227    
   6.4477539062500000      -0.109874882    
   6.4526367187500000      -0.110074580    
   6.4575195312500000      -0.110275254    
   6.4624023437500000      -0.110476971    
   6.4672851562500000      -0.110679738    
   6.4721679687500000      -0.110883541    
   6.4770507812500000      -0.111088403    
   6.4819335937500000      -0.111294255    
   6.4868164062500000      -0.111501165    
   6.4916992187500000      -0.111709192    
   6.4965820312500000      -0.111918226    
   6.5014648437500000      -0.112128265    
   6.5063476562500000      -0.112339430    
   6.5112304687500000      -0.112551667    
   6.5161132812500000      -0.112764984    
   6.5209960937500000      -0.112979375    
   6.5258789062500000      -0.113194793    
   6.5307617187500000      -0.113411352    
   6.5356445312500000      -0.113628998    
   6.5405273437500000      -0.113847740    
   6.5454101562500000      -0.114067569    
   6.5502929687500000      -0.114288501    
   6.5551757812500000      -0.114510596    
   6.5600585937500000      -0.114733733    
   6.5649414062500000      -0.114958033    
   6.5698242187500000      -0.115183450    
   6.5747070312500000      -0.115409985    
   6.5795898437500000      -0.115637630    
   6.5844726562500000      -0.115866467    
   6.5893554687500000      -0.116096422    
   6.5942382812500000      -0.116327569    
   6.5991210937500000      -0.116559781    
   6.6040039062500000      -0.116793193    
   6.6088867187500000      -0.117027812    
   6.6137695312500000      -0.117263563    
   6.6186523437500000      -0.117500469    
   6.6235351562500000      -0.117738582    
   6.6284179687500000      -0.117977843    
   6.6333007812500000      -0.118218333    
   6.6381835937500000      -0.118459977    
   6.6430664062500000      -0.118702844    
   6.6479492187500000      -0.118946947    
   6.6528320312500000      -0.119192220    
   6.6577148437500000      -0.119438730    
   6.6625976562500000      -0.119686417    
   6.6674804687500000      -0.119935349    
   6.6723632812500000      -0.120185532    
   6.6772460937500000      -0.120436907    
   6.6821289062500000      -0.120689601    
   6.6870117187500000      -0.120943487    
   6.6918945312500000      -0.121198647    
   6.6967773437500000      -0.121455066    
   6.7016601562500000      -0.121712700    
   6.7065429687500000      -0.121971674    
   6.7114257812500000      -0.122231863    
   6.7163085937500000      -0.122493342    
   6.7211914062500000      -0.122756168    
   6.7260742187500000      -0.123020232    
   6.7309570312500000      -0.123285584    
   6.7358398437500000      -0.123552300    
   6.7407226562500000      -0.123820268    
   6.7456054687500000      -0.124089539    
   6.7504882812500000      -0.124360189    
   6.7553710937500000      -0.124632157    
   6.7602539062500000      -0.124905445    
   6.7651367187500000      -0.125180066    
   6.7700195312500000      -0.125456020    
   6.7749023437500000      -0.125733361    
   6.7797851562500000      -0.126012057    
   6.7846679687500000      -0.126292095    
   6.7895507812500000      -0.126573473    
   6.7944335937500000      -0.126856267    
   6.7993164062500000      -0.127140492    
   6.8041992187500000      -0.127426013    
   6.8090820312500000      -0.127712965    
   6.8139648437500000      -0.128001362    
   6.8188476562500000      -0.128291130    
   6.8237304687500000      -0.128582343    
   6.8286132812500000      -0.128874943    
   6.8334960937500000      -0.129168987    
   6.8383789062500000      -0.129464433    
   6.8432617187500000      -0.129761353    
   6.8481445312500000      -0.130059734    
   6.8530273437500000      -0.130359530    
   6.8579101562500000      -0.130660802    
   6.8627929687500000      -0.130963564    
   6.8676757812500000      -0.131267801    
   6.8725585937500000      -0.131573543    
   6.8774414062500000      -0.131880715    
   6.8823242187500000      -0.132189393    
   6.8872070312500000      -0.132499591    
   6.8920898437500000      -0.132811293    
   6.8969726562500000      -0.133124515    
   6.9018554687500000      -0.133439273    
   6.9067382812500000      -0.133755550    
   6.9116210937500000      -0.134073362    
   6.9165039062500000      -0.134392783    
   6.9213867187500000      -0.134713694    
   6.9262695312500000      -0.135036141    
   6.9311523437500000      -0.135360226    
   6.9360351562500000      -0.135685861    
   6.9409179687500000      -0.136013076    
   6.9458007812500000      -0.136341855    
   6.9506835937500000      -0.136672288    
   6.9555664062500000      -0.137004301    
   6.9604492187500000      -0.137337908    
   6.9653320312500000      -0.137673169    
   6.9702148437500000      -0.138010040    
   6.9750976562500000      -0.138348579    
   6.9799804687500000      -0.138688728    
   6.9848632812500000      -0.139030576    
   6.9897460937500000      -0.139374033    
   6.9946289062500000      -0.139719203    
   6.9995117187500000      -0.140065998    
   7.0043945312500000      -0.140414506    
   7.0092773437500000      -0.140764728    
   7.0141601562500000      -0.141116679    
   7.0190429687500000      -0.141470283    
   7.0239257812500000      -0.141825616    
   7.0288085937500000      -0.142182693    
   7.0336914062500000      -0.142541513    
   7.0385742187500000      -0.142902091    
   7.0434570312500000      -0.143264353    
   7.0483398437500000      -0.143628463    
   7.0532226562500000      -0.143994257    
   7.0581054687500000      -0.144361913    
   7.0629882812500000      -0.144731343    
   7.0678710937500000      -0.145102501    
   7.0727539062500000      -0.145475507    
   7.0776367187500000      -0.145850331    
   7.0825195312500000      -0.146226972    
   7.0874023437500000      -0.146605492    
   7.0922851562500000      -0.146985829    
   7.0971679687500000      -0.147367999    
   7.1020507812500000      -0.147752017    
   7.1069335937500000      -0.148137942    
   7.1118164062500000      -0.148525715    
   7.1166992187500000      -0.148915410    
   7.1215820312500000      -0.149306968    
   7.1264648437500000      -0.149700478    
   7.1313476562500000      -0.150095850    
   7.1362304687500000      -0.150493190    
   7.1411132812500000      -0.150892496    
   7.1459960937500000      -0.151293695    
   7.1508789062500000      -0.151696876    
   7.1557617187500000      -0.152102023    
   7.1606445312500000      -0.152509108    
   7.1655273437500000      -0.152918264    
   7.1704101562500000      -0.153329343    
   7.1752929687500000      -0.153742447    
   7.1801757812500000      -0.154157564    
   7.1850585937500000      -0.154574707    
   7.1899414062500000      -0.154993892    
   7.1948242187500000      -0.155415118    
   7.1997070312500000      -0.155838475    
   7.2045898437500000      -0.156263813    
   7.2094726562500000      -0.156691283    
   7.2143554687500000      -0.157120764    
   7.2192382812500000      -0.157552406    
   7.2241210937500000      -0.157986209    
   7.2290039062500000      -0.158422023    
   7.2338867187500000      -0.158860028    
   7.2387695312500000      -0.159300223    
   7.2436523437500000      -0.159742534    
   7.2485351562500000      -0.160186976    
   7.2534179687500000      -0.160633639    
   7.2583007812500000      -0.161082521    
   7.2631835937500000      -0.161533549    
   7.2680664062500000      -0.161986828    
   7.2729492187500000      -0.162442341    
   7.2778320312500000      -0.162900031    
   7.2827148437500000      -0.163360000    
   7.2875976562500000      -0.163822234    
   7.2924804687500000      -0.164286733    
   7.2973632812500000      -0.164753541    
   7.3022460937500000      -0.165222645    
   7.3071289062500000      -0.165693969    
   7.3120117187500000      -0.166167691    
   7.3168945312500000      -0.166643739    
   7.3217773437500000      -0.167122126    
   7.3266601562500000      -0.167602926    
   7.3315429687500000      -0.168086007    
   7.3364257812500000      -0.168571517    
   7.3413085937500000      -0.169059396    
   7.3461914062500000      -0.169549659    
   7.3510742187500000      -0.170042396    
   7.3559570312500000      -0.170537591    
   7.3608398437500000      -0.171035126    
   7.3657226562500000      -0.171535239    
   7.3706054687500000      -0.172037765    
   7.3754882812500000      -0.172542736    
   7.3803710937500000      -0.173050225    
   7.3852539062500000      -0.173560262    
   7.3901367187500000      -0.174072832    
   7.3950195312500000      -0.174587950    
   7.3999023437500000      -0.175105557    
   7.4047851562500000      -0.175625816    
   7.4096679687500000      -0.176148579    
   7.4145507812500000      -0.176673934    
   7.4194335937500000      -0.177201971    
   7.4243164062500000      -0.177732542    
   7.4291992187500000      -0.178265825    
   7.4340820312500000      -0.178801745    
   7.4389648437500000      -0.179340303    
   7.4438476562500000      -0.179881603    
   7.4487304687500000      -0.180425480    
   7.4536132812500000      -0.180972204    
   7.4584960937500000      -0.181521535    
   7.4633789062500000      -0.182073638    
   7.4682617187500000      -0.182628527    
   7.4731445312500000      -0.183186159    
   7.4780273437500000      -0.183746591    
   7.4829101562500000      -0.184309840    
   7.4877929687500000      -0.184875846    
   7.4926757812500000      -0.185444787    
   7.4975585937500000      -0.186016500    
   7.5024414062500000      -0.186591089    
   7.5073242187500000      -0.187168553    
   7.5122070312500000      -0.187748909    
   7.5170898437500000      -0.188332170    
   7.5219726562500000      -0.188918352    
   7.5268554687500000      -0.189507455    
   7.5317382812500000      -0.190099597    
   7.5366210937500000      -0.190694675    
   7.5415039062500000      -0.191292718    
   7.5463867187500000      -0.191893831    
   7.5512695312500000      -0.192497924    
   7.5561523437500000      -0.193105027    
   7.5610351562500000      -0.193715215    
   7.5659179687500000      -0.194328517    
   7.5708007812500000      -0.194944859    
   7.5756835937500000      -0.195564345    
   7.5805664062500000      -0.196186960    
   7.5854492187500000      -0.196812749    
   7.5903320312500000      -0.197441623    
   7.5952148437500000      -0.198073775    
   7.6000976562500000      -0.198709041    
   7.6049804687500000      -0.199347600    
   7.6098632812500000      -0.199989378    
   7.6147460937500000      -0.200634331    
   7.6196289062500000      -0.201282606    
   7.6245117187500000      -0.201934248    
   7.6293945312500000      -0.202589154    
   7.6342773437500000      -0.203247368    
   7.6391601562500000      -0.203908890    
   7.6440429687500000      -0.204573825    
   7.6489257812500000      -0.205242172    
   7.6538085937500000      -0.205913872    
   7.6586914062500000      -0.206589118    
   7.6635742187500000      -0.207267657    
   7.6684570312500000      -0.207949758    
   7.6733398437500000      -0.208635345    
   7.6782226562500000      -0.209324375    
   7.6831054687500000      -0.210017011    
   7.6879882812500000      -0.210713089    
   7.6928710937500000      -0.211412817    
   7.6977539062500000      -0.212116122    
   7.7026367187500000      -0.212823004    
   7.7075195312500000      -0.213533580    
   7.7124023437500000      -0.214247763    
   7.7172851562500000      -0.214965582    
   7.7221679687500000      -0.215687141    
   7.7270507812500000      -0.216412365    
   7.7319335937500000      -0.217141345    
   7.7368164062500000      -0.217874125    
   7.7416992187500000      -0.218610704    
   7.7465820312500000      -0.219350994    
   7.7514648437500000      -0.220095217    
   7.7563476562500000      -0.220843196    
   7.7612304687500000      -0.221595138    
   7.7661132812500000      -0.222350881    
   7.7709960937500000      -0.223110601    
   7.7758789062500000      -0.223874241    
   7.7807617187500000      -0.224641800    
   7.7856445312500000      -0.225413427    
   7.7905273437500000      -0.226189002    
   7.7954101562500000      -0.226968661    
   7.8002929687500000      -0.227752328    
   7.8051757812500000      -0.228540108    
   7.8100585937500000      -0.229332015    
   7.8149414062500000      -0.230127975    
   7.8198242187500000      -0.230928108    
   7.8247070312500000      -0.231732503    
   7.8295898437500000      -0.232541025    
   7.8344726562500000      -0.233353853    
   7.8393554687500000      -0.234170839    
   7.8442382812500000      -0.234992176    
   7.8491210937500000      -0.235817790    
   7.8540039062500000      -0.236647785    
   7.8588867187500000      -0.237482101    
   7.8637695312500000      -0.238320753    
   7.8686523437500000      -0.239163950    
   7.8735351562500000      -0.240011439    
   7.8784179687500000      -0.240863502    
   7.8833007812500000      -0.241720065    
   7.8881835937500000      -0.242581069    
   7.8930664062500000      -0.243446618    
   7.8979492187500000      -0.244316846    
   7.9028320312500000      -0.245191649    
   7.9077148437500000      -0.246070966    
   7.9125976562500000      -0.246955112    
   7.9174804687500000      -0.247843817    
   7.9223632812500000      -0.248737291    
   7.9272460937500000      -0.249635562    
   7.9321289062500000      -0.250538528    
   7.9370117187500000      -0.251446337    
   7.9418945312500000      -0.252359033    
   7.9467773437500000      -0.253276467    
   7.9516601562500000      -0.254198909    
   7.9565429687500000      -0.255126297    
   7.9614257812500000      -0.256058514    
   7.9663085937500000      -0.256995797    
   7.9711914062500000      -0.257938176    
   7.9760742187500000      -0.258885443    
   7.9809570312500000      -0.259837866    
   7.9858398437500000      -0.260795474    
   7.9907226562500000      -0.261758119    
   7.9956054687500000      -0.262726009    
   8.0004882812500000      -0.263699114    
   8.0053710937500000      -0.264677465    
   8.0102539062500000      -0.265661001    
   8.0151367187500000      -0.266649932    
   8.0200195312500000      -0.267644197    
   8.0249023437500000      -0.268643796    
   8.0297851562500000      -0.269648910    
   8.0346679687500000      -0.270659387    
   8.0395507812500000      -0.271675318    
   8.0444335937500000      -0.272696793    
   8.0493164062500000      -0.273723841    
   8.0541992187500000      -0.274756521    
   8.0590820312500000      -0.275794685    
   8.0639648437500000      -0.276838660    
   8.0688476562500000      -0.277888179    
   8.0737304687500000      -0.278943539    
   8.0786132812500000      -0.280004621    
   8.0834960937500000      -0.281071484    
   8.0883789062500000      -0.282144219    
   8.0932617187500000      -0.283222795    
   8.0981445312500000      -0.284307420    
   8.1030273437500000      -0.285397828    
   8.1079101562500000      -0.286494315    
   8.1127929687500000      -0.287596881    
   8.1176757812500000      -0.288705379    
   8.1225585937500000      -0.289820105    
   8.1274414062500000      -0.290940911    
   8.1323242187500000      -0.292068005    
   8.1372070312500000      -0.293201298    
   8.1420898437500000      -0.294340760    
   8.1469726562500000      -0.295486599    
   8.1518554687500000      -0.296638817    
   8.1567382812500000      -0.297797441    
   8.1616210937500000      -0.298962504    
   8.1665039062500000      -0.300134033    
   8.1713867187500000      -0.301312089    
   8.1762695312500000      -0.302496761    
   8.1811523437500000      -0.303687900    
   8.1860351562500000      -0.304885864    
   8.1909179687500000      -0.306090444    
   8.1958007812500000      -0.307301790    
   8.2006835937500000      -0.308519840    
   8.2055664062500000      -0.309744835    
   8.2104492187500000      -0.310976595    
   8.2153320312500000      -0.312215358    
   8.2202148437500000      -0.313461065    
   8.2250976562500000      -0.314713866    
   8.2299804687500000      -0.315973639    
   8.2348632812500000      -0.317240596    
   8.2397460937500000      -0.318514615    
   8.2446289062500000      -0.319795996    
   8.2495117187500000      -0.321084499    
   8.2543945312500000      -0.322380394    
   8.2592773437500000      -0.323683530    
   8.2641601562500000      -0.324994236    
   8.2690429687500000      -0.326312274    
   8.2739257812500000      -0.327637821    
   8.2788085937500000      -0.328970969    
   8.2836914062500000      -0.330311775    
   8.2885742187500000      -0.331660211    
   8.2934570312500000      -0.333016366    
   8.2983398437500000      -0.334380269    
   8.3032226562500000      -0.335752010    
   8.3081054687500000      -0.337131619    
   8.3129882812500000      -0.338519156    
   8.3178710937500000      -0.339914709    
   8.3227539062500000      -0.341318250    
   8.3276367187500000      -0.342729896    
   8.3325195312500000      -0.344149739    
   8.3374023437500000      -0.345577776    
   8.3422851562500000      -0.347014070    
   8.3471679687500000      -0.348458707    
   8.3520507812500000      -0.349911749    
   8.3569335937500000      -0.351373196    
   8.3618164062500000      -0.352843106    
   8.3666992187500000      -0.354321629    
   8.3715820312500000      -0.355808794    
   8.3764648437500000      -0.357304603    
   8.3813476562500000      -0.358809143    
   8.3862304687500000      -0.360322565    
   8.3911132812500000      -0.361844778    
   8.3959960937500000      -0.363375962    
   8.4008789062500000      -0.364916116    
   8.4057617187500000      -0.366465390    
   8.4106445312500000      -0.368023723    
   8.4155273437500000      -0.369591236    
   8.4204101562500000      -0.371168077    
   8.4252929687500000      -0.372754157    
   8.4301757812500000      -0.374349654    
   8.4350585937500000      -0.375954658    
   8.4399414062500000      -0.377569169    
   8.4448242187500000      -0.379193246    
   8.4497070312500000      -0.380827010    
   8.4545898437500000      -0.382470459    
   8.4594726562500000      -0.384123772    
   8.4643554687500000      -0.385786921    
   8.4692382812500000      -0.387460053    
   8.4741210937500000      -0.389143199    
   8.4790039062500000      -0.390836388    
   8.4838867187500000      -0.392539769    
   8.4887695312500000      -0.394253433    
   8.4936523437500000      -0.395977378    
   8.4985351562500000      -0.397711724    
   8.5034179687500000      -0.399456590    
   8.5083007812500000      -0.401211977    
   8.5131835937500000      -0.402977914    
   8.5180664062500000      -0.404754609    
   8.5229492187500000      -0.406542152    
   8.5278320312500000      -0.408340514    
   8.5327148437500000      -0.410149783    
   8.5375976562500000      -0.411970109    
   8.5424804687500000      -0.413801610    
   8.5473632812500000      -0.415644228    
   8.5522460937500000      -0.417498142    
   8.5571289062500000      -0.419363409    
   8.5620117187500000      -0.421240211    
   8.5668945312500000      -0.423128486    
   8.5717773437500000      -0.425028384    
   8.5766601562500000      -0.426939994    
   8.5815429687500000      -0.428863436    
   8.5864257812500000      -0.430798769    
   8.5913085937500000      -0.432746023    
   8.5961914062500000      -0.434705436    
   8.6010742187500000      -0.436676979    
   8.6059570312500000      -0.438660800    
   8.6108398437500000      -0.440656990    
   8.6157226562500000      -0.442665547    
   8.6206054687500000      -0.444686770    
   8.6254882812500000      -0.446720541    
   8.6303710937500000      -0.448767126    
   8.6352539062500000      -0.450826555    
   8.6401367187500000      -0.452898920    
   8.6450195312500000      -0.454984337    
   8.6499023437500000      -0.457082838    
   8.6547851562500000      -0.459194690    
   8.6596679687500000      -0.461319834    
   8.6645507812500000      -0.463458419    
   8.6694335937500000      -0.465610653    
   8.6743164062500000      -0.467776448    
   8.6791992187500000      -0.469956160    
   8.6840820312500000      -0.472149640    
   8.6889648437500000      -0.474357188    
   8.6938476562500000      -0.476578832    
   8.6987304687500000      -0.478814751    
   8.7036132812500000      -0.481065005    
   8.7084960937500000      -0.483329713    
   8.7133789062500000      -0.485608965    
   8.7182617187500000      -0.487902910    
   8.7231445312500000      -0.490211666    
   8.7280273437500000      -0.492535412    
   8.7329101562500000      -0.494874120    
   8.7377929687500000      -0.497228026    
   8.7426757812500000      -0.499597281    
   8.7475585937500000      -0.501981974    
   8.7524414062500000      -0.504382133    
   8.7573242187500000      -0.506798029    
   8.7622070312500000      -0.509229660    
   8.7670898437500000      -0.511677325    
   8.7719726562500000      -0.514141023    
   8.7768554687500000      -0.516620934    
   8.7817382812500000      -0.519117177    
   8.7866210937500000      -0.521629870    
   8.7915039062500000      -0.524159193    
   8.7963867187500000      -0.526705265    
   8.8012695312500000      -0.529268265    
   8.8061523437500000      -0.531848192    
   8.8110351562500000      -0.534445405    
   8.8159179687500000      -0.537059903    
   8.8208007812500000      -0.539691925    
   8.8256835937500000      -0.542341471    
   8.8305664062500000      -0.545008838    
   8.8354492187500000      -0.547694027    
   8.8403320312500000      -0.550397396    
   8.8452148437500000      -0.553118944    
   8.8500976562500000      -0.555858850    
   8.8549804687500000      -0.558617413    
   8.8598632812500000      -0.561394513    
   8.8647460937500000      -0.564190567    
   8.8696289062500000      -0.567005634    
   8.8745117187500000      -0.569839835    
   8.8793945312500000      -0.572693408    
   8.8842773437500000      -0.575566590    
   8.8891601562500000      -0.578459442    
   8.8940429687500000      -0.581372082    
   8.8989257812500000      -0.584304869    
   8.9038085937500000      -0.587257802    
   8.9086914062500000      -0.590231121    
   8.9135742187500000      -0.593225121    
   8.9184570312500000      -0.596239746    
   8.9233398437500000      -0.599275470    
   8.9282226562500000      -0.602332234    
   8.9331054687500000      -0.605410278    
   8.9379882812500000      -0.608509898    
   8.9428710937500000      -0.611631274    
   8.9477539062500000      -0.614774466    
   8.9526367187500000      -0.617939770    
   8.9575195312500000      -0.621127427    
   8.9624023437500000      -0.624337554    
   8.9672851562500000      -0.627570391    
   8.9721679687500000      -0.630826116    
   8.9770507812500000      -0.634105027    
   8.9819335937500000      -0.637407184    
   8.9868164062500000      -0.640732944    
   8.9916992187500000      -0.644082487    
   8.9965820312500000      -0.647456050    
   9.0014648437500000      -0.650853753    
   9.0063476562500000      -0.654275894    
   9.0112304687500000      -0.657722771    
   9.0161132812500000      -0.661194503    
   9.0209960937500000      -0.664691269    
   9.0258789062500000      -0.668213546    
   9.0307617187500000      -0.671761394    
   9.0356445312500000      -0.675334990    
   9.0405273437500000      -0.678934753    
   9.0454101562500000      -0.682560861    
   9.0502929687500000      -0.686213493    
   9.0551757812500000      -0.689893007    
   9.0600585937500000      -0.693599641    
   9.0649414062500000      -0.697333574    
   9.0698242187500000      -0.701095164    
   9.0747070312500000      -0.704884708    
   9.0795898437500000      -0.708702326    
   9.0844726562500000      -0.712548375    
   9.0893554687500000      -0.716423213    
   9.0942382812500000      -0.720326900    
   9.0991210937500000      -0.724259973    
   9.1040039062500000      -0.728222489    
   9.1088867187500000      -0.732214928    
   9.1137695312500000      -0.736237586    
   9.1186523437500000      -0.740290582    
   9.1235351562500000      -0.744374275    
   9.1284179687500000      -0.748489082    
   9.1333007812500000      -0.752635300    
   9.1381835937500000      -0.756813169    
   9.1430664062500000      -0.761022985    
   9.1479492187500000      -0.765265167    
   9.1528320312500000      -0.769539893    
   9.1577148437500000      -0.773847759    
   9.1625976562500000      -0.778188765    
   9.1674804687500000      -0.782563567    
   9.1723632812500000      -0.786972165    
   9.1772460937500000      -0.791415215    
   9.1821289062500000      -0.795892894    
   9.1870117187500000      -0.800405741    
   9.1918945312500000      -0.804953814    
   9.1967773437500000      -0.809537768    
   9.2016601562500000      -0.814157903    
   9.2065429687500000      -0.818814456    
   9.2114257812500000      -0.823507965    
   9.2163085937500000      -0.828238785    
   9.2211914062500000      -0.833007336    
   9.2260742187500000      -0.837813914    
   9.2309570312500000      -0.842658877    
   9.2358398437500000      -0.847542882    
   9.2407226562500000      -0.852466047    
   9.2456054687500000      -0.857429028    
   9.2504882812500000      -0.862432122    
   9.2553710937500000      -0.867475867    
   9.2602539062500000      -0.872560501    
   9.2651367187500000      -0.877686799    
   9.2700195312500000      -0.882854819    
   9.2749023437500000      -0.888065279    
   9.2797851562500000      -0.893318534    
   9.2846679687500000      -0.898615181    
   9.2895507812500000      -0.903955460    
   9.2944335937500000      -0.909340084    
   9.2993164062500000      -0.914769351    
   9.3041992187500000      -0.920243919    
   9.3090820312500000      -0.925764263    
   9.3139648437500000      -0.931330800    
   9.3188476562500000      -0.936944127    
   9.3237304687500000      -0.942604780    
   9.3286132812500000      -0.948313177    
   9.3334960937500000      -0.954070032    
   9.3383789062500000      -0.959875703    
   9.3432617187500000      -0.965730846    
   9.3481445312500000      -0.971636057    
   9.3530273437500000      -0.977591872    
   9.3579101562500000      -0.983598828    
   9.3627929687500000      -0.989657640    
   9.3676757812500000      -0.995768726    
   9.3725585937500000       -1.00193286    
   9.3774414062500000       -1.00815046    
   9.3823242187500000       -1.01442230    
   9.3872070312500000       -1.02074909    
   9.3920898437500000       -1.02713120    
   9.3969726562500000       -1.03356969    
   9.4018554687500000       -1.04006481    
   9.4067382812500000       -1.04661739    
   9.4116210937500000       -1.05322814    
   9.4165039062500000       -1.05989790    
   9.4213867187500000       -1.06662703    
   9.4262695312500000       -1.07341647    
   9.4311523437500000       -1.08026695    
   9.4360351562500000       -1.08717906    
   9.4409179687500000       -1.09415376    
   9.4458007812500000       -1.10119164    
   9.4506835937500000       -1.10829353    
   9.4555664062500000       -1.11546028    
   9.4604492187500000       -1.12269247    
   9.4653320312500000       -1.12999117    
   9.4702148437500000       -1.13735700    
   9.4750976562500000       -1.14479101    
   9.4799804687500000       -1.15229392    
   9.4848632812500000       -1.15986645    
   9.4897460937500000       -1.16750968    
   9.4946289062500000       -1.17522430    
   9.4995117187500000       -1.18301153    
   9.5043945312500000       -1.19087195    
   9.5092773437500000       -1.19880676    
   9.5141601562500000       -1.20681667    
   9.5190429687500000       -1.21490288    
   9.5239257812500000       -1.22306609    
   9.5288085937500000       -1.23130751    
   9.5336914062500000       -1.23962820    
   9.5385742187500000       -1.24802887    
   9.5434570312500000       -1.25651085    
   9.5483398437500000       -1.26507509    
   9.5532226562500000       -1.27372265    
   9.5581054687500000       -1.28245473    
   9.5629882812500000       -1.29127240    
   9.5678710937500000       -1.30017662    
   9.5727539062500000       -1.30916882    
   9.5776367187500000       -1.31825006    
   9.5825195312500000       -1.32742143    
   9.5874023437500000       -1.33668423    
   9.5922851562500000       -1.34603977    
   9.5971679687500000       -1.35548902    
   9.6020507812500000       -1.36503363    
   9.6069335937500000       -1.37467468    
   9.6118164062500000       -1.38441336    
   9.6166992187500000       -1.39425135    
   9.6215820312500000       -1.40418959    
   9.6264648437500000       -1.41422987    
   9.6313476562500000       -1.42437351    
   9.6362304687500000       -1.43462169    
   9.6411132812500000       -1.44497609    
   9.6459960937500000       -1.45543826    
   9.6508789062500000       -1.46600950    
   9.6557617187500000       -1.47669148    
   9.6606445312500000       -1.48748577    
   9.6655273437500000       -1.49839389    
   9.6704101562500000       -1.50941741    
   9.6752929687500000       -1.52055812    
   9.6801757812500000       -1.53181779    
   9.6850585937500000       -1.54319787    
   9.6899414062500000       -1.55470026    
   9.6948242187500000       -1.56632674    
   9.6997070312500000       -1.57807899    
   9.7045898437500000       -1.58995891    
   9.7094726562500000       -1.60196853    
   9.7143554687500000       -1.61410952    
   9.7192382812500000       -1.62638390    
   9.7241210937500000       -1.63879371    
   9.7290039062500000       -1.65134084    
   9.7338867187500000       -1.66402757    
   9.7387695312500000       -1.67685568    
   9.7436523437500000       -1.68982756    
   9.7485351562500000       -1.70294523    
   9.7534179687500000       -1.71621096    
   9.7583007812500000       -1.72962689    
   9.7631835937500000       -1.74319541    
   9.7680664062500000       -1.75691891    
   9.7729492187500000       -1.77079964    
   9.7778320312500000       -1.78484023    
   9.7827148437500000       -1.79904294    
   9.7875976562500000       -1.81341028    
   9.7924804687500000       -1.82794499    
   9.7973632812500000       -1.84264958    
   9.8022460937500000       -1.85752678    
   9.8071289062500000       -1.87257922    
   9.8120117187500000       -1.88780975    
   9.8168945312500000       -1.90322113    
   9.8217773437500000       -1.91881633    
   9.8266601562500000       -1.93459809    
   9.8315429687500000       -1.95056975    
   9.8364257812500000       -1.96673405    
   9.8413085937500000       -1.98309433    
   9.8461914062500000       -1.99965358    
   9.8510742187500000       -2.01641536    
   9.8559570312500000       -2.03338242    
   9.8608398437500000       -2.05055881    
   9.8657226562500000       -2.06794739    
   9.8706054687500000       -2.08555198    
   9.8754882812500000       -2.10337615    
   9.8803710937500000       -2.12142348    
   9.8852539062500000       -2.13969779    
   9.8901367187500000       -2.15820289    
   9.8950195312500000       -2.17694259    
   9.8999023437500000       -2.19592094    
   9.9047851562500000       -2.21514177    
   9.9096679687500000       -2.23460960    
   9.9145507812500000       -2.25432825    
   9.9194335937500000       -2.27430224    
   9.9243164062500000       -2.29453611    
   9.9291992187500000       -2.31503415    
   9.9340820312500000       -2.33580089    
   9.9389648437500000       -2.35684133    
   9.9438476562500000       -2.37815976    
   9.9487304687500000       -2.39976168    
   9.9536132812500000       -2.42165160    
   9.9584960937500000       -2.44383478    
   9.9633789062500000       -2.46631646    
   9.9682617187500000       -2.48910213    
   9.9731445312500000       -2.51219654    
   9.9780273437500000       -2.53560638    
   9.9829101562500000       -2.55933595    
   9.9877929687500000       -2.58339310    
   9.9926757812500000       -2.60777998    
   9.9975585937500000       -2.63251090    
