   2.4414062500000000E-003  -4.94894743    
   7.3242187500000000E-003  -4.92464638    
   1.2207031250000000E-002  -4.90077877    
   1.7089843750000000E-002  -4.87732172    
   2.1972656250000000E-002  -4.85427189    
   2.6855468750000000E-002  -4.83161783    
   3.1738281250000000E-002  -4.80935383    
   3.6621093750000000E-002  -4.78746939    
   4.1503906250000000E-002  -4.76595879    
   4.6386718750000000E-002  -4.74481249    
   5.1269531250000000E-002  -4.72402430    
   5.6152343750000000E-002  -4.70358610    
   6.1035156250000000E-002  -4.68349123    
   6.5917968750000000E-002  -4.66373253    
   7.0800781250000000E-002  -4.64430285    
   7.5683593750000000E-002  -4.62519646    
   8.0566406250000000E-002  -4.60640621    
   8.5449218750000000E-002  -4.58792543    
   9.0332031250000000E-002  -4.56974888    
   9.5214843750000000E-002  -4.55186987    
  0.10009765625000000       -4.53428268    
  0.10498046875000000       -4.51698160    
  0.10986328125000000       -4.49996090    
  0.11474609375000000       -4.48321486    
  0.11962890625000000       -4.46673870    
  0.12451171875000000       -4.45052719    
  0.12939453125000000       -4.43457460    
  0.13427734375000000       -4.41887617    
  0.13916015625000000       -4.40342712    
  0.14404296875000000       -4.38822269    
  0.14892578125000000       -4.37325764    
  0.15380859375000000       -4.35852861    
  0.15869140625000000       -4.34402990    
  0.16357421875000000       -4.32975817    
  0.16845703125000000       -4.31570816    
  0.17333984375000000       -4.30187654    
  0.17822265625000000       -4.28825903    
  0.18310546875000000       -4.27485132    
  0.18798828125000000       -4.26164961    
  0.19287109375000000       -4.24865007    
  0.19775390625000000       -4.23584938    
  0.20263671875000000       -4.22324324    
  0.20751953125000000       -4.21082830    
  0.21240234375000000       -4.19860172    
  0.21728515625000000       -4.18655920    
  0.22216796875000000       -4.17469788    
  0.22705078125000000       -4.16301394    
  0.23193359375000000       -4.15150499    
  0.23681640625000000       -4.14016724    
  0.24169921875000000       -4.12899780    
  0.24658203125000000       -4.11799383    
  0.25146484375000000       -4.10715246    
  0.25634765625000000       -4.09647036    
  0.26123046875000000       -4.08594465    
  0.26611328125000000       -4.07557344    
  0.27099609375000000       -4.06535339    
  0.27587890625000000       -4.05528164    
  0.28076171875000000       -4.04535627    
  0.28564453125000000       -4.03557396    
  0.29052734375000000       -4.02593279    
  0.29541015625000000       -4.01643038    
  0.30029296875000000       -4.00706387    
  0.30517578125000000       -3.99783111    
  0.31005859375000000       -3.98872972    
  0.31494140625000000       -3.97975779    
  0.31982421875000000       -3.97091293    
  0.32470703125000000       -3.96219277    
  0.32958984375000000       -3.95359564    
  0.33447265625000000       -3.94511914    
  0.33935546875000000       -3.93676138    
  0.34423828125000000       -3.92851996    
  0.34912109375000000       -3.92039371    
  0.35400390625000000       -3.91237998    
  0.35888671875000000       -3.90447736    
  0.36376953125000000       -3.89668369    
  0.36865234375000000       -3.88899755    
  0.37353515625000000       -3.88141680    
  0.37841796875000000       -3.87393975    
  0.38330078125000000       -3.86656475    
  0.38818359375000000       -3.85929036    
  0.39306640625000000       -3.85211468    
  0.39794921875000000       -3.84503627    
  0.40283203125000000       -3.83805346    
  0.40771484375000000       -3.83116460    
  0.41259765625000000       -3.82436824    
  0.41748046875000000       -3.81766319    
  0.42236328125000000       -3.81104755    
  0.42724609375000000       -3.80452013    
  0.43212890625000000       -3.79807949    
  0.43701171875000000       -3.79172421    
  0.44189453125000000       -3.78545284    
  0.44677734375000000       -3.77926445    
  0.45166015625000000       -3.77315712    
  0.45654296875000000       -3.76713014    
  0.46142578125000000       -3.76118207    
  0.46630859375000000       -3.75531149    
  0.47119140625000000       -3.74951744    
  0.47607421875000000       -3.74379873    
  0.48095703125000000       -3.73815393    
  0.48583984375000000       -3.73258209    
  0.49072265625000000       -3.72708201    
  0.49560546875000000       -3.72165275    
  0.50048828125000000       -3.71629310    
  0.50537109375000000       -3.71100187    
  0.51025390625000000       -3.70577812    
  0.51513671875000000       -3.70062113    
  0.52001953125000000       -3.69552922    
  0.52490234375000000       -3.69050217    
  0.52978515625000000       -3.68553829    
  0.53466796875000000       -3.68063712    
  0.53955078125000000       -3.67579746    
  0.54443359375000000       -3.67101860    
  0.54931640625000000       -3.66629958    
  0.55419921875000000       -3.66163921    
  0.55908203125000000       -3.65703702    
  0.56396484375000000       -3.65249205    
  0.56884765625000000       -3.64800334    
  0.57373046875000000       -3.64357018    
  0.57861328125000000       -3.63919163    
  0.58349609375000000       -3.63486671    
  0.58837890625000000       -3.63059521    
  0.59326171875000000       -3.62637568    
  0.59814453125000000       -3.62220788    
  0.60302734375000000       -3.61809087    
  0.60791015625000000       -3.61402392    
  0.61279296875000000       -3.61000633    
  0.61767578125000000       -3.60603714    
  0.62255859375000000       -3.60211611    
  0.62744140625000000       -3.59824204    
  0.63232421875000000       -3.59441471    
  0.63720703125000000       -3.59063339    
  0.64208984375000000       -3.58689690    
  0.64697265625000000       -3.58320546    
  0.65185546875000000       -3.57955766    
  0.65673828125000000       -3.57595325    
  0.66162109375000000       -3.57239175    
  0.66650390625000000       -3.56887221    
  0.67138671875000000       -3.56539440    
  0.67626953125000000       -3.56195736    
  0.68115234375000000       -3.55856061    
  0.68603515625000000       -3.55520391    
  0.69091796875000000       -3.55188632    
  0.69580078125000000       -3.54860735    
  0.70068359375000000       -3.54536676    
  0.70556640625000000       -3.54216385    
  0.71044921875000000       -3.53899789    
  0.71533203125000000       -3.53586864    
  0.72021484375000000       -3.53277540    
  0.72509765625000000       -3.52971792    
  0.72998046875000000       -3.52669573    
  0.73486328125000000       -3.52370787    
  0.73974609375000000       -3.52075458    
  0.74462890625000000       -3.51783466    
  0.74951171875000000       -3.51494813    
  0.75439453125000000       -3.51209450    
  0.75927734375000000       -3.50927329    
  0.76416015625000000       -3.50648379    
  0.76904296875000000       -3.50372601    
  0.77392578125000000       -3.50099921    
  0.77880859375000000       -3.49830317    
  0.78369140625000000       -3.49563742    
  0.78857421875000000       -3.49300146    
  0.79345703125000000       -3.49039507    
  0.79833984375000000       -3.48781776    
  0.80322265625000000       -3.48526907    
  0.80810546875000000       -3.48274875    
  0.81298828125000000       -3.48025632    
  0.81787109375000000       -3.47779155    
  0.82275390625000000       -3.47535396    
  0.82763671875000000       -3.47294331    
  0.83251953125000000       -3.47055888    
  0.83740234375000000       -3.46820092    
  0.84228515625000000       -3.46586871    
  0.84716796875000000       -3.46356201    
  0.85205078125000000       -3.46128058    
  0.85693359375000000       -3.45902395    
  0.86181640625000000       -3.45679164    
  0.86669921875000000       -3.45458388    
  0.87158203125000000       -3.45239973    
  0.87646484375000000       -3.45023942    
  0.88134765625000000       -3.44810200    
  0.88623046875000000       -3.44598794    
  0.89111328125000000       -3.44389653    
  0.89599609375000000       -3.44182754    
  0.90087890625000000       -3.43978071    
  0.90576171875000000       -3.43775558    
  0.91064453125000000       -3.43575215    
  0.91552734375000000       -3.43376994    
  0.92041015625000000       -3.43180895    
  0.92529296875000000       -3.42986846    
  0.93017578125000000       -3.42794871    
  0.93505859375000000       -3.42604923    
  0.93994140625000000       -3.42416978    
  0.94482421875000000       -3.42231011    
  0.94970703125000000       -3.42046976    
  0.95458984375000000       -3.41864872    
  0.95947265625000000       -3.41684699    
  0.96435546875000000       -3.41506386    
  0.96923828125000000       -3.41329932    
  0.97412109375000000       -3.41155314    
  0.97900390625000000       -3.40982509    
  0.98388671875000000       -3.40811491    
  0.98876953125000000       -3.40642238    
  0.99365234375000000       -3.40474725    
  0.99853515625000000       -3.40308952    
   1.0034179687500000       -3.40144897    
   1.0083007812500000       -3.39982510    
   1.0131835937500000       -3.39821792    
   1.0180664062500000       -3.39662719    
   1.0229492187500000       -3.39505267    
   1.0278320312500000       -3.39349413    
   1.0327148437500000       -3.39195132    
   1.0375976562500000       -3.39042449    
   1.0424804687500000       -3.38891292    
   1.0473632812500000       -3.38741684    
   1.0522460937500000       -3.38593578    
   1.0571289062500000       -3.38446951    
   1.0620117187500000       -3.38301826    
   1.0668945312500000       -3.38158154    
   1.0717773437500000       -3.38015914    
   1.0766601562500000       -3.37875104    
   1.0815429687500000       -3.37735677    
   1.0864257812500000       -3.37597656    
   1.0913085937500000       -3.37461019    
   1.0961914062500000       -3.37325740    
   1.1010742187500000       -3.37191796    
   1.1059570312500000       -3.37059188    
   1.1108398437500000       -3.36927891    
   1.1157226562500000       -3.36797905    
   1.1206054687500000       -3.36669159    
   1.1254882812500000       -3.36541700    
   1.1303710937500000       -3.36415505    
   1.1352539062500000       -3.36290550    
   1.1401367187500000       -3.36166811    
   1.1450195312500000       -3.36044288    
   1.1499023437500000       -3.35922956    
   1.1547851562500000       -3.35802794    
   1.1596679687500000       -3.35683799    
   1.1645507812500000       -3.35565972    
   1.1694335937500000       -3.35449290    
   1.1743164062500000       -3.35333729    
   1.1791992187500000       -3.35219288    
   1.1840820312500000       -3.35105968    
   1.1889648437500000       -3.34993720    
   1.1938476562500000       -3.34882545    
   1.1987304687500000       -3.34772468    
   1.2036132812500000       -3.34663415    
   1.2084960937500000       -3.34555435    
   1.2133789062500000       -3.34448457    
   1.2182617187500000       -3.34342527    
   1.2231445312500000       -3.34237576    
   1.2280273437500000       -3.34133649    
   1.2329101562500000       -3.34030700    
   1.2377929687500000       -3.33928728    
   1.2426757812500000       -3.33827710    
   1.2475585937500000       -3.33727646    
   1.2524414062500000       -3.33628535    
   1.2573242187500000       -3.33530354    
   1.2622070312500000       -3.33433104    
   1.2670898437500000       -3.33336759    
   1.2719726562500000       -3.33241320    
   1.2768554687500000       -3.33146787    
   1.2817382812500000       -3.33053136    
   1.2866210937500000       -3.32960343    
   1.2915039062500000       -3.32868433    
   1.2963867187500000       -3.32777357    
   1.3012695312500000       -3.32687140    
   1.3061523437500000       -3.32597756    
   1.3110351562500000       -3.32509208    
   1.3159179687500000       -3.32421470    
   1.3208007812500000       -3.32334542    
   1.3256835937500000       -3.32248425    
   1.3305664062500000       -3.32163072    
   1.3354492187500000       -3.32078552    
   1.3403320312500000       -3.31994772    
   1.3452148437500000       -3.31911778    
   1.3500976562500000       -3.31829524    
   1.3549804687500000       -3.31748033    
   1.3598632812500000       -3.31667304    
   1.3647460937500000       -3.31587291    
   1.3696289062500000       -3.31507993    
   1.3745117187500000       -3.31429434    
   1.3793945312500000       -3.31351590    
   1.3842773437500000       -3.31274438    
   1.3891601562500000       -3.31198001    
   1.3940429687500000       -3.31122255    
   1.3989257812500000       -3.31047177    
   1.4038085937500000       -3.30972767    
   1.4086914062500000       -3.30899048    
   1.4135742187500000       -3.30825996    
   1.4184570312500000       -3.30753589    
   1.4233398437500000       -3.30681825    
   1.4282226562500000       -3.30610704    
   1.4331054687500000       -3.30540228    
   1.4379882812500000       -3.30470371    
   1.4428710937500000       -3.30401134    
   1.4477539062500000       -3.30332518    
   1.4526367187500000       -3.30264521    
   1.4575195312500000       -3.30197120    
   1.4624023437500000       -3.30130291    
   1.4672851562500000       -3.30064082    
   1.4721679687500000       -3.29998469    
   1.4770507812500000       -3.29933429    
   1.4819335937500000       -3.29868937    
   1.4868164062500000       -3.29805040    
   1.4916992187500000       -3.29741693    
   1.4965820312500000       -3.29678893    
   1.5014648437500000       -3.29616642    
   1.5063476562500000       -3.29554939    
   1.5112304687500000       -3.29493785    
   1.5161132812500000       -3.29433179    
   1.5209960937500000       -3.29373074    
   1.5258789062500000       -3.29313493    
   1.5307617187500000       -3.29254460    
   1.5356445312500000       -3.29195905    
   1.5405273437500000       -3.29137874    
   1.5454101562500000       -3.29080343    
   1.5502929687500000       -3.29023314    
   1.5551757812500000       -3.28966761    
   1.5600585937500000       -3.28910708    
   1.5649414062500000       -3.28855157    
   1.5698242187500000       -3.28800058    
   1.5747070312500000       -3.28745437    
   1.5795898437500000       -3.28691292    
   1.5844726562500000       -3.28637624    
   1.5893554687500000       -3.28584385    
   1.5942382812500000       -3.28531623    
   1.5991210937500000       -3.28479290    
   1.6040039062500000       -3.28427410    
   1.6088867187500000       -3.28375983    
   1.6137695312500000       -3.28325009    
   1.6186523437500000       -3.28274441    
   1.6235351562500000       -3.28224301    
   1.6284179687500000       -3.28174591    
   1.6333007812500000       -3.28125310    
   1.6381835937500000       -3.28076434    
   1.6430664062500000       -3.28027987    
   1.6479492187500000       -3.27979922    
   1.6528320312500000       -3.27932286    
   1.6577148437500000       -3.27885056    
   1.6625976562500000       -3.27838206    
   1.6674804687500000       -3.27791762    
   1.6723632812500000       -3.27745700    
   1.6772460937500000       -3.27700019    
   1.6821289062500000       -3.27654719    
   1.6870117187500000       -3.27609801    
   1.6918945312500000       -3.27565265    
   1.6967773437500000       -3.27521110    
   1.7016601562500000       -3.27477312    
   1.7065429687500000       -3.27433848    
   1.7114257812500000       -3.27390790    
   1.7163085937500000       -3.27348065    
   1.7211914062500000       -3.27305698    
   1.7260742187500000       -3.27263689    
   1.7309570312500000       -3.27222013    
   1.7358398437500000       -3.27180696    
   1.7407226562500000       -3.27139711    
   1.7456054687500000       -3.27099061    
   1.7504882812500000       -3.27058768    
   1.7553710937500000       -3.27018785    
   1.7602539062500000       -3.26979113    
   1.7651367187500000       -3.26939797    
   1.7700195312500000       -3.26900792    
   1.7749023437500000       -3.26862121    
   1.7797851562500000       -3.26823735    
   1.7846679687500000       -3.26785707    
   1.7895507812500000       -3.26747942    
   1.7944335937500000       -3.26710510    
   1.7993164062500000       -3.26673365    
   1.8041992187500000       -3.26636529    
   1.8090820312500000       -3.26600027    
   1.8139648437500000       -3.26563764    
   1.8188476562500000       -3.26527834    
   1.8237304687500000       -3.26492190    
   1.8286132812500000       -3.26456833    
   1.8334960937500000       -3.26421738    
   1.8383789062500000       -3.26386952    
   1.8432617187500000       -3.26352429    
   1.8481445312500000       -3.26318192    
   1.8530273437500000       -3.26284242    
   1.8579101562500000       -3.26250553    
   1.8627929687500000       -3.26217127    
   1.8676757812500000       -3.26183987    
   1.8725585937500000       -3.26151109    
   1.8774414062500000       -3.26118469    
   1.8823242187500000       -3.26086116    
   1.8872070312500000       -3.26054025    
   1.8920898437500000       -3.26022172    
   1.8969726562500000       -3.25990558    
   1.9018554687500000       -3.25959229    
   1.9067382812500000       -3.25928140    
   1.9116210937500000       -3.25897288    
   1.9165039062500000       -3.25866699    
   1.9213867187500000       -3.25836325    
   1.9262695312500000       -3.25806212    
   1.9311523437500000       -3.25776339    
   1.9360351562500000       -3.25746679    
   1.9409179687500000       -3.25717282    
   1.9458007812500000       -3.25688100    
   1.9506835937500000       -3.25659156    
   1.9555664062500000       -3.25630450    
   1.9604492187500000       -3.25601935    
   1.9653320312500000       -3.25573683    
   1.9702148437500000       -3.25545621    
   1.9750976562500000       -3.25517797    
   1.9799804687500000       -3.25490165    
   1.9848632812500000       -3.25462770    
   1.9897460937500000       -3.25435615    
   1.9946289062500000       -3.25408626    
   1.9995117187500000       -3.25381875    
   2.0043945312500000       -3.25355315    
   2.0092773437500000       -3.25328970    
   2.0141601562500000       -3.25302839    
   2.0190429687500000       -3.25276899    
   2.0239257812500000       -3.25251150    
   2.0288085937500000       -3.25225639    
   2.0336914062500000       -3.25200295    
   2.0385742187500000       -3.25175166    
   2.0434570312500000       -3.25150204    
   2.0483398437500000       -3.25125456    
   2.0532226562500000       -3.25100875    
   2.0581054687500000       -3.25076532    
   2.0629882812500000       -3.25052333    
   2.0678710937500000       -3.25028348    
   2.0727539062500000       -3.25004506    
   2.0776367187500000       -3.24980879    
   2.0825195312500000       -3.24957418    
   2.0874023437500000       -3.24934149    
   2.0922851562500000       -3.24911070    
   2.0971679687500000       -3.24888158    
   2.1020507812500000       -3.24865413    
   2.1069335937500000       -3.24842834    
   2.1118164062500000       -3.24820447    
   2.1166992187500000       -3.24798226    
   2.1215820312500000       -3.24776173    
   2.1264648437500000       -3.24754286    
   2.1313476562500000       -3.24732566    
   2.1362304687500000       -3.24710989    
   2.1411132812500000       -3.24689603    
   2.1459960937500000       -3.24668384    
   2.1508789062500000       -3.24647307    
   2.1557617187500000       -3.24626398    
   2.1606445312500000       -3.24605656    
   2.1655273437500000       -3.24585056    
   2.1704101562500000       -3.24564624    
   2.1752929687500000       -3.24544334    
   2.1801757812500000       -3.24524212    
   2.1850585937500000       -3.24504232    
   2.1899414062500000       -3.24484396    
   2.1948242187500000       -3.24464703    
   2.1997070312500000       -3.24445176    
   2.2045898437500000       -3.24425793    
   2.2094726562500000       -3.24406552    
   2.2143554687500000       -3.24387455    
   2.2192382812500000       -3.24368501    
   2.2241210937500000       -3.24349689    
   2.2290039062500000       -3.24331021    
   2.2338867187500000       -3.24312496    
   2.2387695312500000       -3.24294090    
   2.2436523437500000       -3.24275827    
   2.2485351562500000       -3.24257731    
   2.2534179687500000       -3.24239731    
   2.2583007812500000       -3.24221897    
   2.2631835937500000       -3.24204159    
   2.2680664062500000       -3.24186587    
   2.2729492187500000       -3.24169135    
   2.2778320312500000       -3.24151802    
   2.2827148437500000       -3.24134588    
   2.2875976562500000       -3.24117517    
   2.2924804687500000       -3.24100566    
   2.2973632812500000       -3.24083757    
   2.3022460937500000       -3.24067068    
   2.3071289062500000       -3.24050498    
   2.3120117187500000       -3.24034047    
   2.3168945312500000       -3.24017715    
   2.3217773437500000       -3.24001503    
   2.3266601562500000       -3.23985410    
   2.3315429687500000       -3.23969436    
   2.3364257812500000       -3.23953605    
   2.3413085937500000       -3.23937845    
   2.3461914062500000       -3.23922229    
   2.3510742187500000       -3.23906732    
   2.3559570312500000       -3.23891306    
   2.3608398437500000       -3.23876047    
   2.3657226562500000       -3.23860884    
   2.3706054687500000       -3.23845816    
   2.3754882812500000       -3.23830867    
   2.3803710937500000       -3.23816037    
   2.3852539062500000       -3.23801303    
   2.3901367187500000       -3.23786664    
   2.3950195312500000       -3.23772144    
   2.3999023437500000       -3.23757720    
   2.4047851562500000       -3.23743439    
   2.4096679687500000       -3.23729229    
   2.4145507812500000       -3.23715138    
   2.4194335937500000       -3.23701119    
   2.4243164062500000       -3.23687243    
   2.4291992187500000       -3.23673439    
   2.4340820312500000       -3.23659730    
   2.4389648437500000       -3.23646116    
   2.4438476562500000       -3.23632622    
   2.4487304687500000       -3.23619246    
   2.4536132812500000       -3.23605919    
   2.4584960937500000       -3.23592710    
   2.4633789062500000       -3.23579597    
   2.4682617187500000       -3.23566580    
   2.4731445312500000       -3.23553658    
   2.4780273437500000       -3.23540831    
   2.4829101562500000       -3.23528075    
   2.4877929687500000       -3.23515439    
   2.4926757812500000       -3.23502874    
   2.4975585937500000       -3.23490405    
   2.5024414062500000       -3.23478007    
   2.5073242187500000       -3.23465729    
   2.5122070312500000       -3.23453546    
   2.5170898437500000       -3.23441410    
   2.5219726562500000       -3.23429394    
   2.5268554687500000       -3.23417425    
   2.5317382812500000       -3.23405576    
   2.5366210937500000       -3.23393798    
   2.5415039062500000       -3.23382115    
   2.5463867187500000       -3.23370504    
   2.5512695312500000       -3.23358989    
   2.5561523437500000       -3.23347545    
   2.5610351562500000       -3.23336196    
   2.5659179687500000       -3.23324895    
   2.5708007812500000       -3.23313713    
   2.5756835937500000       -3.23302603    
   2.5805664062500000       -3.23291540    
   2.5854492187500000       -3.23280597    
   2.5903320312500000       -3.23269701    
   2.5952148437500000       -3.23258877    
   2.6000976562500000       -3.23248148    
   2.6049804687500000       -3.23237514    
   2.6098632812500000       -3.23226929    
   2.6147460937500000       -3.23216414    
   2.6196289062500000       -3.23205996    
   2.6245117187500000       -3.23195624    
   2.6293945312500000       -3.23185325    
   2.6342773437500000       -3.23175120    
   2.6391601562500000       -3.23164988    
   2.6440429687500000       -3.23154926    
   2.6489257812500000       -3.23144913    
   2.6538085937500000       -3.23134995    
   2.6586914062500000       -3.23125124    
   2.6635742187500000       -3.23115349    
   2.6684570312500000       -3.23105621    
   2.6733398437500000       -3.23095965    
   2.6782226562500000       -3.23086381    
   2.6831054687500000       -3.23076844    
   2.6879882812500000       -3.23067403    
   2.6928710937500000       -3.23058009    
   2.6977539062500000       -3.23048711    
   2.7026367187500000       -3.23039436    
   2.7075195312500000       -3.23030257    
   2.7124023437500000       -3.23021126    
   2.7172851562500000       -3.23012066    
   2.7221679687500000       -3.23003054    
   2.7270507812500000       -3.22994137    
   2.7319335937500000       -3.22985244    
   2.7368164062500000       -3.22976422    
   2.7416992187500000       -3.22967696    
   2.7465820312500000       -3.22958994    
   2.7514648437500000       -3.22950363    
   2.7563476562500000       -3.22941780    
   2.7612304687500000       -3.22933269    
   2.7661132812500000       -3.22924829    
   2.7709960937500000       -3.22916436    
   2.7758789062500000       -3.22908092    
   2.7807617187500000       -3.22899818    
   2.7856445312500000       -3.22891593    
   2.7905273437500000       -3.22883439    
   2.7954101562500000       -3.22875333    
   2.8002929687500000       -3.22867274    
   2.8051757812500000       -3.22859287    
   2.8100585937500000       -3.22851348    
   2.8149414062500000       -3.22843456    
   2.8198242187500000       -3.22835612    
   2.8247070312500000       -3.22827840    
   2.8295898437500000       -3.22820115    
   2.8344726562500000       -3.22812462    
   2.8393554687500000       -3.22804832    
   2.8442382812500000       -3.22797275    
   2.8491210937500000       -3.22789764    
   2.8540039062500000       -3.22782302    
   2.8588867187500000       -3.22774887    
   2.8637695312500000       -3.22767520    
   2.8686523437500000       -3.22760224    
   2.8735351562500000       -3.22752953    
   2.8784179687500000       -3.22745752    
   2.8833007812500000       -3.22738576    
   2.8881835937500000       -3.22731471    
   2.8930664062500000       -3.22724390    
   2.8979492187500000       -3.22717381    
   2.9028320312500000       -3.22710419    
   2.9077148437500000       -3.22703505    
   2.9125976562500000       -3.22696614    
   2.9174804687500000       -3.22689819    
   2.9223632812500000       -3.22683024    
   2.9272460937500000       -3.22676301    
   2.9321289062500000       -3.22669625    
   2.9370117187500000       -3.22662973    
   2.9418945312500000       -3.22656393    
   2.9467773437500000       -3.22649837    
   2.9516601562500000       -3.22643328    
   2.9565429687500000       -3.22636867    
   2.9614257812500000       -3.22630453    
   2.9663085937500000       -3.22624063    
   2.9711914062500000       -3.22617745    
   2.9760742187500000       -3.22611451    
   2.9809570312500000       -3.22605205    
   2.9858398437500000       -3.22599006    
   2.9907226562500000       -3.22592854    
   2.9956054687500000       -3.22586727    
   3.0004882812500000       -3.22580647    
   3.0053710937500000       -3.22574615    
   3.0102539062500000       -3.22568631    
   3.0151367187500000       -3.22562671    
   3.0200195312500000       -3.22556758    
   3.0249023437500000       -3.22550869    
   3.0297851562500000       -3.22545028    
   3.0346679687500000       -3.22539234    
   3.0395507812500000       -3.22533488    
   3.0444335937500000       -3.22527790    
   3.0493164062500000       -3.22522092    
   3.0541992187500000       -3.22516465    
   3.0590820312500000       -3.22510862    
   3.0639648437500000       -3.22505283    
   3.0688476562500000       -3.22499776    
   3.0737304687500000       -3.22494268    
   3.0786132812500000       -3.22488832    
   3.0834960937500000       -3.22483397    
   3.0883789062500000       -3.22478032    
   3.0932617187500000       -3.22472692    
   3.0981445312500000       -3.22467375    
   3.1030273437500000       -3.22462130    
   3.1079101562500000       -3.22456884    
   3.1127929687500000       -3.22451663    
   3.1176757812500000       -3.22446513    
   3.1225585937500000       -3.22441387    
   3.1274414062500000       -3.22436285    
   3.1323242187500000       -3.22431231    
   3.1372070312500000       -3.22426200    
   3.1420898437500000       -3.22421193    
   3.1469726562500000       -3.22416234    
   3.1518554687500000       -3.22411323    
   3.1567382812500000       -3.22406435    
   3.1616210937500000       -3.22401571    
   3.1665039062500000       -3.22396755    
   3.1713867187500000       -3.22391939    
   3.1762695312500000       -3.22387171    
   3.1811523437500000       -3.22382450    
   3.1860351562500000       -3.22377753    
   3.1909179687500000       -3.22373080    
   3.1958007812500000       -3.22368431    
   3.2006835937500000       -3.22363830    
   3.2055664062500000       -3.22359252    
   3.2104492187500000       -3.22354722    
   3.2153320312500000       -3.22350216    
   3.2202148437500000       -3.22345710    
   3.2250976562500000       -3.22341251    
   3.2299804687500000       -3.22336841    
   3.2348632812500000       -3.22332430    
   3.2397460937500000       -3.22328067    
   3.2446289062500000       -3.22323728    
   3.2495117187500000       -3.22319436    
   3.2543945312500000       -3.22315145    
   3.2592773437500000       -3.22310901    
   3.2641601562500000       -3.22306681    
   3.2690429687500000       -3.22302485    
   3.2739257812500000       -3.22298336    
   3.2788085937500000       -3.22294188    
   3.2836914062500000       -3.22290087    
   3.2885742187500000       -3.22285986    
   3.2934570312500000       -3.22281957    
   3.2983398437500000       -3.22277927    
   3.3032226562500000       -3.22273922    
   3.3081054687500000       -3.22269940    
   3.3129882812500000       -3.22265983    
   3.3178710937500000       -3.22262073    
   3.3227539062500000       -3.22258186    
   3.3276367187500000       -3.22254300    
   3.3325195312500000       -3.22250462    
   3.3374023437500000       -3.22246647    
   3.3422851562500000       -3.22242856    
   3.3471679687500000       -3.22239089    
   3.3520507812500000       -3.22235346    
   3.3569335937500000       -3.22231627    
   3.3618164062500000       -3.22227931    
   3.3666992187500000       -3.22224259    
   3.3715820312500000       -3.22220612    
   3.3764648437500000       -3.22217011    
   3.3813476562500000       -3.22213411    
   3.3862304687500000       -3.22209835    
   3.3911132812500000       -3.22206306    
   3.3959960937500000       -3.22202778    
   3.4008789062500000       -3.22199273    
   3.4057617187500000       -3.22195792    
   3.4106445312500000       -3.22192335    
   3.4155273437500000       -3.22188926    
   3.4204101562500000       -3.22185516    
   3.4252929687500000       -3.22182107    
   3.4301757812500000       -3.22178745    
   3.4350585937500000       -3.22175407    
   3.4399414062500000       -3.22172093    
   3.4448242187500000       -3.22168803    
   3.4497070312500000       -3.22165537    
   3.4545898437500000       -3.22162294    
   3.4594726562500000       -3.22159052    
   3.4643554687500000       -3.22155857    
   3.4692382812500000       -3.22152662    
   3.4741210937500000       -3.22149491    
   3.4790039062500000       -3.22146344    
   3.4838867187500000       -3.22143221    
   3.4887695312500000       -3.22140121    
   3.4936523437500000       -3.22137046    
   3.4985351562500000       -3.22133994    
   3.5034179687500000       -3.22130942    
   3.5083007812500000       -3.22127938    
   3.5131835937500000       -3.22124910    
   3.5180664062500000       -3.22121954    
   3.5229492187500000       -3.22118974    
   3.5278320312500000       -3.22116041    
   3.5327148437500000       -3.22113132    
   3.5375976562500000       -3.22110224    
   3.5424804687500000       -3.22107339    
   3.5473632812500000       -3.22104478    
   3.5522460937500000       -3.22101641    
   3.5571289062500000       -3.22098804    
   3.5620117187500000       -3.22095990    
   3.5668945312500000       -3.22093225    
   3.5717773437500000       -3.22090435    
   3.5766601562500000       -3.22087693    
   3.5815429687500000       -3.22084975    
   3.5864257812500000       -3.22082257    
   3.5913085937500000       -3.22079563    
   3.5961914062500000       -3.22076893    
   3.6010742187500000       -3.22074223    
   3.6059570312500000       -3.22071600    
   3.6108398437500000       -3.22068977    
   3.6157226562500000       -3.22066379    
   3.6206054687500000       -3.22063780    
   3.6254882812500000       -3.22061205    
   3.6303710937500000       -3.22058678    
   3.6352539062500000       -3.22056127    
   3.6401367187500000       -3.22053623    
   3.6450195312500000       -3.22051096    
   3.6499023437500000       -3.22048616    
   3.6547851562500000       -3.22046161    
   3.6596679687500000       -3.22043705    
   3.6645507812500000       -3.22041273    
   3.6694335937500000       -3.22038841    
   3.6743164062500000       -3.22036457    
   3.6791992187500000       -3.22034073    
   3.6840820312500000       -3.22031713    
   3.6889648437500000       -3.22029352    
   3.6938476562500000       -3.22027016    
   3.6987304687500000       -3.22024703    
   3.7036132812500000       -3.22022390    
   3.7084960937500000       -3.22020102    
   3.7133789062500000       -3.22017837    
   3.7182617187500000       -3.22015572    
   3.7231445312500000       -3.22013330    
   3.7280273437500000       -3.22011089    
   3.7329101562500000       -3.22008896    
   3.7377929687500000       -3.22006702    
   3.7426757812500000       -3.22004509    
   3.7475585937500000       -3.22002339    
   3.7524414062500000       -3.22000194    
   3.7573242187500000       -3.21998048    
   3.7622070312500000       -3.21995926    
   3.7670898437500000       -3.21993804    
   3.7719726562500000       -3.21991706    
   3.7768554687500000       -3.21989632    
   3.7817382812500000       -3.21987581    
   3.7866210937500000       -3.21985531    
   3.7915039062500000       -3.21983480    
   3.7963867187500000       -3.21981478    
   3.8012695312500000       -3.21979475    
   3.8061523437500000       -3.21977472    
   3.8110351562500000       -3.21975493    
   3.8159179687500000       -3.21973515    
   3.8208007812500000       -3.21971560    
   3.8256835937500000       -3.21969628    
   3.8305664062500000       -3.21967697    
   3.8354492187500000       -3.21965790    
   3.8403320312500000       -3.21963882    
   3.8452148437500000       -3.21961999    
   3.8500976562500000       -3.21960115    
   3.8549804687500000       -3.21958256    
   3.8598632812500000       -3.21956396    
   3.8647460937500000       -3.21954584    
   3.8696289062500000       -3.21952748    
   3.8745117187500000       -3.21950936    
   3.8793945312500000       -3.21949148    
   3.8842773437500000       -3.21947360    
   3.8891601562500000       -3.21945596    
   3.8940429687500000       -3.21943831    
   3.8989257812500000       -3.21942091    
   3.9038085937500000       -3.21940351    
   3.9086914062500000       -3.21938634    
   3.9135742187500000       -3.21936917    
   3.9184570312500000       -3.21935225    
   3.9233398437500000       -3.21933532    
   3.9282226562500000       -3.21931863    
   3.9331054687500000       -3.21930218    
   3.9379882812500000       -3.21928549    
   3.9428710937500000       -3.21926904    
   3.9477539062500000       -3.21925282    
   3.9526367187500000       -3.21923685    
   3.9575195312500000       -3.21922088    
   3.9624023437500000       -3.21920490    
   3.9672851562500000       -3.21918893    
   3.9721679687500000       -3.21917319    
   3.9770507812500000       -3.21915770    
   3.9819335937500000       -3.21914220    
   3.9868164062500000       -3.21912694    
   3.9916992187500000       -3.21911168    
   3.9965820312500000       -3.21909666    
   4.0014648437500000       -3.21908140    
   4.0063476562500000       -3.21906662    
   4.0112304687500000       -3.21905184    
   4.0161132812500000       -3.21903706    
   4.0209960937500000       -3.21902251    
   4.0258789062500000       -3.21900797    
   4.0307617187500000       -3.21899366    
   4.0356445312500000       -3.21897936    
   4.0405273437500000       -3.21896529    
   4.0454101562500000       -3.21895123    
   4.0502929687500000       -3.21893716    
   4.0551757812500000       -3.21892333    
   4.0600585937500000       -3.21890974    
   4.0649414062500000       -3.21889591    
   4.0698242187500000       -3.21888256    
   4.0747070312500000       -3.21886897    
   4.0795898437500000       -3.21885586    
   4.0844726562500000       -3.21884251    
   4.0893554687500000       -3.21882939    
   4.0942382812500000       -3.21881628    
   4.0991210937500000       -3.21880341    
   4.1040039062500000       -3.21879053    
   4.1088867187500000       -3.21877789    
   4.1137695312500000       -3.21876526    
   4.1186523437500000       -3.21875262    
   4.1235351562500000       -3.21874022    
   4.1284179687500000       -3.21872783    
   4.1333007812500000       -3.21871567    
   4.1381835937500000       -3.21870351    
   4.1430664062500000       -3.21869135    
   4.1479492187500000       -3.21867943    
   4.1528320312500000       -3.21866751    
   4.1577148437500000       -3.21865559    
   4.1625976562500000       -3.21864390    
   4.1674804687500000       -3.21863246    
   4.1723632812500000       -3.21862078    
   4.1772460937500000       -3.21860933    
   4.1821289062500000       -3.21859813    
   4.1870117187500000       -3.21858692    
   4.1918945312500000       -3.21857572    
   4.1967773437500000       -3.21856475    
   4.2016601562500000       -3.21855378    
   4.2065429687500000       -3.21854281    
   4.2114257812500000       -3.21853209    
   4.2163085937500000       -3.21852136    
   4.2211914062500000       -3.21851063    
   4.2260742187500000       -3.21850014    
   4.2309570312500000       -3.21848965    
   4.2358398437500000       -3.21847939    
   4.2407226562500000       -3.21846914    
   4.2456054687500000       -3.21845889    
   4.2504882812500000       -3.21844888    
   4.2553710937500000       -3.21843863    
   4.2602539062500000       -3.21842885    
   4.2651367187500000       -3.21841908    
   4.2700195312500000       -3.21840906    
   4.2749023437500000       -3.21839952    
   4.2797851562500000       -3.21838999    
   4.2846679687500000       -3.21838045    
   4.2895507812500000       -3.21837091    
   4.2944335937500000       -3.21836162    
   4.2993164062500000       -3.21835232    
   4.3041992187500000       -3.21834326    
   4.3090820312500000       -3.21833396    
   4.3139648437500000       -3.21832514    
   4.3188476562500000       -3.21831608    
   4.3237304687500000       -3.21830702    
   4.3286132812500000       -3.21829820    
   4.3334960937500000       -3.21828961    
   4.3383789062500000       -3.21828103    
   4.3432617187500000       -3.21827245    
   4.3481445312500000       -3.21826386    
   4.3530273437500000       -3.21825552    
   4.3579101562500000       -3.21824718    
   4.3627929687500000       -3.21823907    
   4.3676757812500000       -3.21823072    
   4.3725585937500000       -3.21822262    
   4.3774414062500000       -3.21821451    
   4.3823242187500000       -3.21820664    
   4.3872070312500000       -3.21819878    
   4.3920898437500000       -3.21819091    
   4.3969726562500000       -3.21818328    
   4.4018554687500000       -3.21817541    
   4.4067382812500000       -3.21816802    
   4.4116210937500000       -3.21816063    
   4.4165039062500000       -3.21815300    
   4.4213867187500000       -3.21814585    
   4.4262695312500000       -3.21813846    
   4.4311523437500000       -3.21813107    
   4.4360351562500000       -3.21812391    
   4.4409179687500000       -3.21811700    
   4.4458007812500000       -3.21810985    
   4.4506835937500000       -3.21810293    
   4.4555664062500000       -3.21809602    
   4.4604492187500000       -3.21808934    
   4.4653320312500000       -3.21808267    
   4.4702148437500000       -3.21807599    
   4.4750976562500000       -3.21806931    
   4.4799804687500000       -3.21806288    
   4.4848632812500000       -3.21805644    
   4.4897460937500000       -3.21805000    
   4.4946289062500000       -3.21804380    
   4.4995117187500000       -3.21803761    
   4.5043945312500000       -3.21803141    
   4.5092773437500000       -3.21802521    
   4.5141601562500000       -3.21801925    
   4.5190429687500000       -3.21801329    
   4.5239257812500000       -3.21800733    
   4.5288085937500000       -3.21800137    
   4.5336914062500000       -3.21799564    
   4.5385742187500000       -3.21798992    
   4.5434570312500000       -3.21798444    
   4.5483398437500000       -3.21797895    
   4.5532226562500000       -3.21797347    
   4.5581054687500000       -3.21796799    
   4.5629882812500000       -3.21796250    
   4.5678710937500000       -3.21795726    
   4.5727539062500000       -3.21795201    
   4.5776367187500000       -3.21794677    
   4.5825195312500000       -3.21794176    
   4.5874023437500000       -3.21793675    
   4.5922851562500000       -3.21793175    
   4.5971679687500000       -3.21792698    
   4.6020507812500000       -3.21792197    
   4.6069335937500000       -3.21791720    
   4.6118164062500000       -3.21791244    
   4.6166992187500000       -3.21790767    
   4.6215820312500000       -3.21790338    
   4.6264648437500000       -3.21789885    
   4.6313476562500000       -3.21789432    
   4.6362304687500000       -3.21788979    
   4.6411132812500000       -3.21788549    
   4.6459960937500000       -3.21788120    
   4.6508789062500000       -3.21787691    
   4.6557617187500000       -3.21787286    
   4.6606445312500000       -3.21786880    
   4.6655273437500000       -3.21786475    
   4.6704101562500000       -3.21786070    
   4.6752929687500000       -3.21785688    
   4.6801757812500000       -3.21785307    
   4.6850585937500000       -3.21784925    
   4.6899414062500000       -3.21784544    
   4.6948242187500000       -3.21784186    
   4.6997070312500000       -3.21783829    
   4.7045898437500000       -3.21783471    
   4.7094726562500000       -3.21783137    
   4.7143554687500000       -3.21782780    
   4.7192382812500000       -3.21782446    
   4.7241210937500000       -3.21782112    
   4.7290039062500000       -3.21781778    
   4.7338867187500000       -3.21781468    
   4.7387695312500000       -3.21781158    
   4.7436523437500000       -3.21780849    
   4.7485351562500000       -3.21780562    
   4.7534179687500000       -3.21780252    
   4.7583007812500000       -3.21779966    
   4.7631835937500000       -3.21779680    
   4.7680664062500000       -3.21779418    
   4.7729492187500000       -3.21779132    
   4.7778320312500000       -3.21778870    
   4.7827148437500000       -3.21778631    
   4.7875976562500000       -3.21778369    
   4.7924804687500000       -3.21778131    
   4.7973632812500000       -3.21777868    
   4.8022460937500000       -3.21777654    
   4.8071289062500000       -3.21777415    
   4.8120117187500000       -3.21777201    
   4.8168945312500000       -3.21776986    
   4.8217773437500000       -3.21776772    
   4.8266601562500000       -3.21776557    
   4.8315429687500000       -3.21776366    
   4.8364257812500000       -3.21776175    
   4.8413085937500000       -3.21775985    
   4.8461914062500000       -3.21775794    
   4.8510742187500000       -3.21775627    
   4.8559570312500000       -3.21775460    
   4.8608398437500000       -3.21775293    
   4.8657226562500000       -3.21775126    
   4.8706054687500000       -3.21774960    
   4.8754882812500000       -3.21774817    
   4.8803710937500000       -3.21774697    
   4.8852539062500000       -3.21774530    
   4.8901367187500000       -3.21774411    
   4.8950195312500000       -3.21774292    
   4.8999023437500000       -3.21774173    
   4.9047851562500000       -3.21774054    
   4.9096679687500000       -3.21773958    
   4.9145507812500000       -3.21773839    
   4.9194335937500000       -3.21773767    
   4.9243164062500000       -3.21773648    
   4.9291992187500000       -3.21773577    
   4.9340820312500000       -3.21773481    
   4.9389648437500000       -3.21773434    
   4.9438476562500000       -3.21773362    
   4.9487304687500000       -3.21773291    
   4.9536132812500000       -3.21773243    
   4.9584960937500000       -3.21773171    
   4.9633789062500000       -3.21773148    
   4.9682617187500000       -3.21773100    
   4.9731445312500000       -3.21773052    
   4.9780273437500000       -3.21773052    
   4.9829101562500000       -3.21773005    
   4.9877929687500000       -3.21773005    
   4.9926757812500000       -3.21773005    
   4.9975585937500000       -3.21772981    
   5.0024414062500000       -3.21772981    
   5.0073242187500000       -3.21773005    
   5.0122070312500000       -3.21773005    
   5.0170898437500000       -3.21773005    
   5.0219726562500000       -3.21773052    
   5.0268554687500000       -3.21773052    
   5.0317382812500000       -3.21773100    
   5.0366210937500000       -3.21773148    
   5.0415039062500000       -3.21773171    
   5.0463867187500000       -3.21773243    
   5.0512695312500000       -3.21773291    
   5.0561523437500000       -3.21773362    
   5.0610351562500000       -3.21773434    
   5.0659179687500000       -3.21773481    
   5.0708007812500000       -3.21773577    
   5.0756835937500000       -3.21773648    
   5.0805664062500000       -3.21773767    
   5.0854492187500000       -3.21773839    
   5.0903320312500000       -3.21773958    
   5.0952148437500000       -3.21774054    
   5.1000976562500000       -3.21774173    
   5.1049804687500000       -3.21774292    
   5.1098632812500000       -3.21774411    
   5.1147460937500000       -3.21774530    
   5.1196289062500000       -3.21774697    
   5.1245117187500000       -3.21774817    
   5.1293945312500000       -3.21774960    
   5.1342773437500000       -3.21775126    
   5.1391601562500000       -3.21775293    
   5.1440429687500000       -3.21775460    
   5.1489257812500000       -3.21775627    
   5.1538085937500000       -3.21775794    
   5.1586914062500000       -3.21775985    
   5.1635742187500000       -3.21776175    
   5.1684570312500000       -3.21776366    
   5.1733398437500000       -3.21776557    
   5.1782226562500000       -3.21776772    
   5.1831054687500000       -3.21776986    
   5.1879882812500000       -3.21777201    
   5.1928710937500000       -3.21777415    
   5.1977539062500000       -3.21777654    
   5.2026367187500000       -3.21777868    
   5.2075195312500000       -3.21778131    
   5.2124023437500000       -3.21778369    
   5.2172851562500000       -3.21778631    
   5.2221679687500000       -3.21778870    
   5.2270507812500000       -3.21779132    
   5.2319335937500000       -3.21779418    
   5.2368164062500000       -3.21779680    
   5.2416992187500000       -3.21779966    
   5.2465820312500000       -3.21780252    
   5.2514648437500000       -3.21780562    
   5.2563476562500000       -3.21780849    
   5.2612304687500000       -3.21781158    
   5.2661132812500000       -3.21781468    
   5.2709960937500000       -3.21781778    
   5.2758789062500000       -3.21782112    
   5.2807617187500000       -3.21782446    
   5.2856445312500000       -3.21782780    
   5.2905273437500000       -3.21783137    
   5.2954101562500000       -3.21783471    
   5.3002929687500000       -3.21783829    
   5.3051757812500000       -3.21784186    
   5.3100585937500000       -3.21784544    
   5.3149414062500000       -3.21784925    
   5.3198242187500000       -3.21785307    
   5.3247070312500000       -3.21785688    
   5.3295898437500000       -3.21786070    
   5.3344726562500000       -3.21786475    
   5.3393554687500000       -3.21786880    
   5.3442382812500000       -3.21787286    
   5.3491210937500000       -3.21787691    
   5.3540039062500000       -3.21788120    
   5.3588867187500000       -3.21788549    
   5.3637695312500000       -3.21788979    
   5.3686523437500000       -3.21789432    
   5.3735351562500000       -3.21789885    
   5.3784179687500000       -3.21790338    
   5.3833007812500000       -3.21790767    
   5.3881835937500000       -3.21791244    
   5.3930664062500000       -3.21791720    
   5.3979492187500000       -3.21792197    
   5.4028320312500000       -3.21792698    
   5.4077148437500000       -3.21793175    
   5.4125976562500000       -3.21793675    
   5.4174804687500000       -3.21794176    
   5.4223632812500000       -3.21794677    
   5.4272460937500000       -3.21795201    
   5.4321289062500000       -3.21795726    
   5.4370117187500000       -3.21796250    
   5.4418945312500000       -3.21796799    
   5.4467773437500000       -3.21797347    
   5.4516601562500000       -3.21797895    
   5.4565429687500000       -3.21798444    
   5.4614257812500000       -3.21798992    
   5.4663085937500000       -3.21799564    
   5.4711914062500000       -3.21800137    
   5.4760742187500000       -3.21800733    
   5.4809570312500000       -3.21801329    
   5.4858398437500000       -3.21801925    
   5.4907226562500000       -3.21802521    
   5.4956054687500000       -3.21803141    
   5.5004882812500000       -3.21803761    
   5.5053710937500000       -3.21804380    
   5.5102539062500000       -3.21805000    
   5.5151367187500000       -3.21805644    
   5.5200195312500000       -3.21806288    
   5.5249023437500000       -3.21806931    
   5.5297851562500000       -3.21807599    
   5.5346679687500000       -3.21808267    
   5.5395507812500000       -3.21808934    
   5.5444335937500000       -3.21809602    
   5.5493164062500000       -3.21810293    
   5.5541992187500000       -3.21810985    
   5.5590820312500000       -3.21811700    
   5.5639648437500000       -3.21812391    
   5.5688476562500000       -3.21813107    
   5.5737304687500000       -3.21813846    
   5.5786132812500000       -3.21814585    
   5.5834960937500000       -3.21815300    
   5.5883789062500000       -3.21816063    
   5.5932617187500000       -3.21816802    
   5.5981445312500000       -3.21817541    
   5.6030273437500000       -3.21818328    
   5.6079101562500000       -3.21819091    
   5.6127929687500000       -3.21819878    
   5.6176757812500000       -3.21820664    
   5.6225585937500000       -3.21821451    
   5.6274414062500000       -3.21822262    
   5.6323242187500000       -3.21823072    
   5.6372070312500000       -3.21823907    
   5.6420898437500000       -3.21824718    
   5.6469726562500000       -3.21825552    
   5.6518554687500000       -3.21826386    
   5.6567382812500000       -3.21827245    
   5.6616210937500000       -3.21828103    
   5.6665039062500000       -3.21828961    
   5.6713867187500000       -3.21829820    
   5.6762695312500000       -3.21830702    
   5.6811523437500000       -3.21831608    
   5.6860351562500000       -3.21832514    
   5.6909179687500000       -3.21833396    
   5.6958007812500000       -3.21834326    
   5.7006835937500000       -3.21835232    
   5.7055664062500000       -3.21836162    
   5.7104492187500000       -3.21837091    
   5.7153320312500000       -3.21838045    
   5.7202148437500000       -3.21838999    
   5.7250976562500000       -3.21839952    
   5.7299804687500000       -3.21840906    
   5.7348632812500000       -3.21841908    
   5.7397460937500000       -3.21842885    
   5.7446289062500000       -3.21843863    
   5.7495117187500000       -3.21844888    
   5.7543945312500000       -3.21845889    
   5.7592773437500000       -3.21846914    
   5.7641601562500000       -3.21847939    
   5.7690429687500000       -3.21848965    
   5.7739257812500000       -3.21850014    
   5.7788085937500000       -3.21851063    
   5.7836914062500000       -3.21852136    
   5.7885742187500000       -3.21853209    
   5.7934570312500000       -3.21854281    
   5.7983398437500000       -3.21855378    
   5.8032226562500000       -3.21856475    
   5.8081054687500000       -3.21857572    
   5.8129882812500000       -3.21858692    
   5.8178710937500000       -3.21859813    
   5.8227539062500000       -3.21860933    
   5.8276367187500000       -3.21862078    
   5.8325195312500000       -3.21863246    
   5.8374023437500000       -3.21864390    
   5.8422851562500000       -3.21865559    
   5.8471679687500000       -3.21866751    
   5.8520507812500000       -3.21867943    
   5.8569335937500000       -3.21869135    
   5.8618164062500000       -3.21870351    
   5.8666992187500000       -3.21871567    
   5.8715820312500000       -3.21872783    
   5.8764648437500000       -3.21874022    
   5.8813476562500000       -3.21875262    
   5.8862304687500000       -3.21876526    
   5.8911132812500000       -3.21877789    
   5.8959960937500000       -3.21879053    
   5.9008789062500000       -3.21880341    
   5.9057617187500000       -3.21881628    
   5.9106445312500000       -3.21882939    
   5.9155273437500000       -3.21884251    
   5.9204101562500000       -3.21885586    
   5.9252929687500000       -3.21886897    
   5.9301757812500000       -3.21888256    
   5.9350585937500000       -3.21889591    
   5.9399414062500000       -3.21890974    
   5.9448242187500000       -3.21892333    
   5.9497070312500000       -3.21893716    
   5.9545898437500000       -3.21895123    
   5.9594726562500000       -3.21896529    
   5.9643554687500000       -3.21897936    
   5.9692382812500000       -3.21899366    
   5.9741210937500000       -3.21900797    
   5.9790039062500000       -3.21902251    
   5.9838867187500000       -3.21903706    
   5.9887695312500000       -3.21905184    
   5.9936523437500000       -3.21906662    
   5.9985351562500000       -3.21908140    
   6.0034179687500000       -3.21909666    
   6.0083007812500000       -3.21911168    
   6.0131835937500000       -3.21912694    
   6.0180664062500000       -3.21914220    
   6.0229492187500000       -3.21915770    
   6.0278320312500000       -3.21917319    
   6.0327148437500000       -3.21918893    
   6.0375976562500000       -3.21920490    
   6.0424804687500000       -3.21922088    
   6.0473632812500000       -3.21923685    
   6.0522460937500000       -3.21925282    
   6.0571289062500000       -3.21926904    
   6.0620117187500000       -3.21928549    
   6.0668945312500000       -3.21930218    
   6.0717773437500000       -3.21931863    
   6.0766601562500000       -3.21933532    
   6.0815429687500000       -3.21935225    
   6.0864257812500000       -3.21936917    
   6.0913085937500000       -3.21938634    
   6.0961914062500000       -3.21940351    
   6.1010742187500000       -3.21942091    
   6.1059570312500000       -3.21943831    
   6.1108398437500000       -3.21945596    
   6.1157226562500000       -3.21947360    
   6.1206054687500000       -3.21949148    
   6.1254882812500000       -3.21950936    
   6.1303710937500000       -3.21952748    
   6.1352539062500000       -3.21954584    
   6.1401367187500000       -3.21956396    
   6.1450195312500000       -3.21958256    
   6.1499023437500000       -3.21960115    
   6.1547851562500000       -3.21961999    
   6.1596679687500000       -3.21963882    
   6.1645507812500000       -3.21965790    
   6.1694335937500000       -3.21967697    
   6.1743164062500000       -3.21969628    
   6.1791992187500000       -3.21971560    
   6.1840820312500000       -3.21973515    
   6.1889648437500000       -3.21975493    
   6.1938476562500000       -3.21977472    
   6.1987304687500000       -3.21979475    
   6.2036132812500000       -3.21981478    
   6.2084960937500000       -3.21983480    
   6.2133789062500000       -3.21985531    
   6.2182617187500000       -3.21987581    
   6.2231445312500000       -3.21989632    
   6.2280273437500000       -3.21991706    
   6.2329101562500000       -3.21993804    
   6.2377929687500000       -3.21995926    
   6.2426757812500000       -3.21998048    
   6.2475585937500000       -3.22000194    
   6.2524414062500000       -3.22002339    
   6.2573242187500000       -3.22004509    
   6.2622070312500000       -3.22006702    
   6.2670898437500000       -3.22008896    
   6.2719726562500000       -3.22011089    
   6.2768554687500000       -3.22013330    
   6.2817382812500000       -3.22015572    
   6.2866210937500000       -3.22017837    
   6.2915039062500000       -3.22020102    
   6.2963867187500000       -3.22022390    
   6.3012695312500000       -3.22024703    
   6.3061523437500000       -3.22027016    
   6.3110351562500000       -3.22029352    
   6.3159179687500000       -3.22031713    
   6.3208007812500000       -3.22034073    
   6.3256835937500000       -3.22036457    
   6.3305664062500000       -3.22038841    
   6.3354492187500000       -3.22041273    
   6.3403320312500000       -3.22043705    
   6.3452148437500000       -3.22046161    
   6.3500976562500000       -3.22048616    
   6.3549804687500000       -3.22051096    
   6.3598632812500000       -3.22053623    
   6.3647460937500000       -3.22056127    
   6.3696289062500000       -3.22058678    
   6.3745117187500000       -3.22061205    
   6.3793945312500000       -3.22063780    
   6.3842773437500000       -3.22066379    
   6.3891601562500000       -3.22068977    
   6.3940429687500000       -3.22071600    
   6.3989257812500000       -3.22074223    
   6.4038085937500000       -3.22076893    
   6.4086914062500000       -3.22079563    
   6.4135742187500000       -3.22082257    
   6.4184570312500000       -3.22084975    
   6.4233398437500000       -3.22087693    
   6.4282226562500000       -3.22090435    
   6.4331054687500000       -3.22093225    
   6.4379882812500000       -3.22095990    
   6.4428710937500000       -3.22098804    
   6.4477539062500000       -3.22101641    
   6.4526367187500000       -3.22104478    
   6.4575195312500000       -3.22107339    
   6.4624023437500000       -3.22110224    
   6.4672851562500000       -3.22113132    
   6.4721679687500000       -3.22116041    
   6.4770507812500000       -3.22118974    
   6.4819335937500000       -3.22121954    
   6.4868164062500000       -3.22124910    
   6.4916992187500000       -3.22127938    
   6.4965820312500000       -3.22130942    
   6.5014648437500000       -3.22133994    
   6.5063476562500000       -3.22137046    
   6.5112304687500000       -3.22140121    
   6.5161132812500000       -3.22143221    
   6.5209960937500000       -3.22146344    
   6.5258789062500000       -3.22149491    
   6.5307617187500000       -3.22152662    
   6.5356445312500000       -3.22155857    
   6.5405273437500000       -3.22159052    
   6.5454101562500000       -3.22162294    
   6.5502929687500000       -3.22165537    
   6.5551757812500000       -3.22168803    
   6.5600585937500000       -3.22172093    
   6.5649414062500000       -3.22175407    
   6.5698242187500000       -3.22178745    
   6.5747070312500000       -3.22182107    
   6.5795898437500000       -3.22185516    
   6.5844726562500000       -3.22188926    
   6.5893554687500000       -3.22192335    
   6.5942382812500000       -3.22195792    
   6.5991210937500000       -3.22199273    
   6.6040039062500000       -3.22202778    
   6.6088867187500000       -3.22206306    
   6.6137695312500000       -3.22209835    
   6.6186523437500000       -3.22213411    
   6.6235351562500000       -3.22217011    
   6.6284179687500000       -3.22220612    
   6.6333007812500000       -3.22224259    
   6.6381835937500000       -3.22227931    
   6.6430664062500000       -3.22231627    
   6.6479492187500000       -3.22235346    
   6.6528320312500000       -3.22239089    
   6.6577148437500000       -3.22242856    
   6.6625976562500000       -3.22246647    
   6.6674804687500000       -3.22250462    
   6.6723632812500000       -3.22254300    
   6.6772460937500000       -3.22258186    
   6.6821289062500000       -3.22262073    
   6.6870117187500000       -3.22265983    
   6.6918945312500000       -3.22269940    
   6.6967773437500000       -3.22273922    
   6.7016601562500000       -3.22277927    
   6.7065429687500000       -3.22281957    
   6.7114257812500000       -3.22285986    
   6.7163085937500000       -3.22290087    
   6.7211914062500000       -3.22294188    
   6.7260742187500000       -3.22298336    
   6.7309570312500000       -3.22302485    
   6.7358398437500000       -3.22306681    
   6.7407226562500000       -3.22310901    
   6.7456054687500000       -3.22315145    
   6.7504882812500000       -3.22319436    
   6.7553710937500000       -3.22323728    
   6.7602539062500000       -3.22328067    
   6.7651367187500000       -3.22332430    
   6.7700195312500000       -3.22336841    
   6.7749023437500000       -3.22341251    
   6.7797851562500000       -3.22345710    
   6.7846679687500000       -3.22350216    
   6.7895507812500000       -3.22354722    
   6.7944335937500000       -3.22359252    
   6.7993164062500000       -3.22363830    
   6.8041992187500000       -3.22368431    
   6.8090820312500000       -3.22373080    
   6.8139648437500000       -3.22377753    
   6.8188476562500000       -3.22382450    
   6.8237304687500000       -3.22387171    
   6.8286132812500000       -3.22391939    
   6.8334960937500000       -3.22396755    
   6.8383789062500000       -3.22401571    
   6.8432617187500000       -3.22406435    
   6.8481445312500000       -3.22411323    
   6.8530273437500000       -3.22416234    
   6.8579101562500000       -3.22421193    
   6.8627929687500000       -3.22426200    
   6.8676757812500000       -3.22431231    
   6.8725585937500000       -3.22436285    
   6.8774414062500000       -3.22441387    
   6.8823242187500000       -3.22446513    
   6.8872070312500000       -3.22451663    
   6.8920898437500000       -3.22456884    
   6.8969726562500000       -3.22462130    
   6.9018554687500000       -3.22467375    
   6.9067382812500000       -3.22472692    
   6.9116210937500000       -3.22478032    
   6.9165039062500000       -3.22483397    
   6.9213867187500000       -3.22488832    
   6.9262695312500000       -3.22494268    
   6.9311523437500000       -3.22499776    
   6.9360351562500000       -3.22505283    
   6.9409179687500000       -3.22510862    
   6.9458007812500000       -3.22516465    
   6.9506835937500000       -3.22522092    
   6.9555664062500000       -3.22527790    
   6.9604492187500000       -3.22533488    
   6.9653320312500000       -3.22539234    
   6.9702148437500000       -3.22545028    
   6.9750976562500000       -3.22550869    
   6.9799804687500000       -3.22556758    
   6.9848632812500000       -3.22562671    
   6.9897460937500000       -3.22568631    
   6.9946289062500000       -3.22574615    
   6.9995117187500000       -3.22580647    
   7.0043945312500000       -3.22586727    
   7.0092773437500000       -3.22592854    
   7.0141601562500000       -3.22599006    
   7.0190429687500000       -3.22605205    
   7.0239257812500000       -3.22611451    
   7.0288085937500000       -3.22617745    
   7.0336914062500000       -3.22624063    
   7.0385742187500000       -3.22630453    
   7.0434570312500000       -3.22636867    
   7.0483398437500000       -3.22643328    
   7.0532226562500000       -3.22649837    
   7.0581054687500000       -3.22656393    
   7.0629882812500000       -3.22662973    
   7.0678710937500000       -3.22669625    
   7.0727539062500000       -3.22676301    
   7.0776367187500000       -3.22683024    
   7.0825195312500000       -3.22689819    
   7.0874023437500000       -3.22696614    
   7.0922851562500000       -3.22703505    
   7.0971679687500000       -3.22710419    
   7.1020507812500000       -3.22717381    
   7.1069335937500000       -3.22724390    
   7.1118164062500000       -3.22731471    
   7.1166992187500000       -3.22738576    
   7.1215820312500000       -3.22745752    
   7.1264648437500000       -3.22752953    
   7.1313476562500000       -3.22760224    
   7.1362304687500000       -3.22767520    
   7.1411132812500000       -3.22774887    
   7.1459960937500000       -3.22782302    
   7.1508789062500000       -3.22789764    
   7.1557617187500000       -3.22797275    
   7.1606445312500000       -3.22804832    
   7.1655273437500000       -3.22812462    
   7.1704101562500000       -3.22820115    
   7.1752929687500000       -3.22827840    
   7.1801757812500000       -3.22835612    
   7.1850585937500000       -3.22843456    
   7.1899414062500000       -3.22851348    
   7.1948242187500000       -3.22859287    
   7.1997070312500000       -3.22867274    
   7.2045898437500000       -3.22875333    
   7.2094726562500000       -3.22883439    
   7.2143554687500000       -3.22891593    
   7.2192382812500000       -3.22899818    
   7.2241210937500000       -3.22908092    
   7.2290039062500000       -3.22916436    
   7.2338867187500000       -3.22924829    
   7.2387695312500000       -3.22933269    
   7.2436523437500000       -3.22941780    
   7.2485351562500000       -3.22950363    
   7.2534179687500000       -3.22958994    
   7.2583007812500000       -3.22967696    
   7.2631835937500000       -3.22976422    
   7.2680664062500000       -3.22985244    
   7.2729492187500000       -3.22994137    
   7.2778320312500000       -3.23003054    
   7.2827148437500000       -3.23012066    
   7.2875976562500000       -3.23021126    
   7.2924804687500000       -3.23030257    
   7.2973632812500000       -3.23039436    
   7.3022460937500000       -3.23048711    
   7.3071289062500000       -3.23058009    
   7.3120117187500000       -3.23067403    
   7.3168945312500000       -3.23076844    
   7.3217773437500000       -3.23086381    
   7.3266601562500000       -3.23095965    
   7.3315429687500000       -3.23105621    
   7.3364257812500000       -3.23115349    
   7.3413085937500000       -3.23125124    
   7.3461914062500000       -3.23134995    
   7.3510742187500000       -3.23144913    
   7.3559570312500000       -3.23154926    
   7.3608398437500000       -3.23164988    
   7.3657226562500000       -3.23175120    
   7.3706054687500000       -3.23185325    
   7.3754882812500000       -3.23195624    
   7.3803710937500000       -3.23205996    
   7.3852539062500000       -3.23216414    
   7.3901367187500000       -3.23226929    
   7.3950195312500000       -3.23237514    
   7.3999023437500000       -3.23248148    
   7.4047851562500000       -3.23258877    
   7.4096679687500000       -3.23269701    
   7.4145507812500000       -3.23280597    
   7.4194335937500000       -3.23291540    
   7.4243164062500000       -3.23302603    
   7.4291992187500000       -3.23313713    
   7.4340820312500000       -3.23324895    
   7.4389648437500000       -3.23336196    
   7.4438476562500000       -3.23347545    
   7.4487304687500000       -3.23358989    
   7.4536132812500000       -3.23370504    
   7.4584960937500000       -3.23382115    
   7.4633789062500000       -3.23393798    
   7.4682617187500000       -3.23405576    
   7.4731445312500000       -3.23417425    
   7.4780273437500000       -3.23429394    
   7.4829101562500000       -3.23441410    
   7.4877929687500000       -3.23453546    
   7.4926757812500000       -3.23465729    
   7.4975585937500000       -3.23478007    
   7.5024414062500000       -3.23490405    
   7.5073242187500000       -3.23502874    
   7.5122070312500000       -3.23515439    
   7.5170898437500000       -3.23528075    
   7.5219726562500000       -3.23540831    
   7.5268554687500000       -3.23553658    
   7.5317382812500000       -3.23566580    
   7.5366210937500000       -3.23579597    
   7.5415039062500000       -3.23592710    
   7.5463867187500000       -3.23605919    
   7.5512695312500000       -3.23619246    
   7.5561523437500000       -3.23632622    
   7.5610351562500000       -3.23646116    
   7.5659179687500000       -3.23659730    
   7.5708007812500000       -3.23673439    
   7.5756835937500000       -3.23687243    
   7.5805664062500000       -3.23701119    
   7.5854492187500000       -3.23715138    
   7.5903320312500000       -3.23729229    
   7.5952148437500000       -3.23743439    
   7.6000976562500000       -3.23757720    
   7.6049804687500000       -3.23772144    
   7.6098632812500000       -3.23786664    
   7.6147460937500000       -3.23801303    
   7.6196289062500000       -3.23816037    
   7.6245117187500000       -3.23830867    
   7.6293945312500000       -3.23845816    
   7.6342773437500000       -3.23860884    
   7.6391601562500000       -3.23876047    
   7.6440429687500000       -3.23891306    
   7.6489257812500000       -3.23906732    
   7.6538085937500000       -3.23922229    
   7.6586914062500000       -3.23937845    
   7.6635742187500000       -3.23953605    
   7.6684570312500000       -3.23969436    
   7.6733398437500000       -3.23985410    
   7.6782226562500000       -3.24001503    
   7.6831054687500000       -3.24017715    
   7.6879882812500000       -3.24034047    
   7.6928710937500000       -3.24050498    
   7.6977539062500000       -3.24067068    
   7.7026367187500000       -3.24083757    
   7.7075195312500000       -3.24100566    
   7.7124023437500000       -3.24117517    
   7.7172851562500000       -3.24134588    
   7.7221679687500000       -3.24151802    
   7.7270507812500000       -3.24169135    
   7.7319335937500000       -3.24186587    
   7.7368164062500000       -3.24204159    
   7.7416992187500000       -3.24221897    
   7.7465820312500000       -3.24239731    
   7.7514648437500000       -3.24257731    
   7.7563476562500000       -3.24275827    
   7.7612304687500000       -3.24294090    
   7.7661132812500000       -3.24312496    
   7.7709960937500000       -3.24331021    
   7.7758789062500000       -3.24349689    
   7.7807617187500000       -3.24368501    
   7.7856445312500000       -3.24387455    
   7.7905273437500000       -3.24406552    
   7.7954101562500000       -3.24425793    
   7.8002929687500000       -3.24445176    
   7.8051757812500000       -3.24464703    
   7.8100585937500000       -3.24484396    
   7.8149414062500000       -3.24504232    
   7.8198242187500000       -3.24524212    
   7.8247070312500000       -3.24544334    
   7.8295898437500000       -3.24564624    
   7.8344726562500000       -3.24585056    
   7.8393554687500000       -3.24605656    
   7.8442382812500000       -3.24626398    
   7.8491210937500000       -3.24647307    
   7.8540039062500000       -3.24668384    
   7.8588867187500000       -3.24689603    
   7.8637695312500000       -3.24710989    
   7.8686523437500000       -3.24732566    
   7.8735351562500000       -3.24754286    
   7.8784179687500000       -3.24776173    
   7.8833007812500000       -3.24798226    
   7.8881835937500000       -3.24820447    
   7.8930664062500000       -3.24842834    
   7.8979492187500000       -3.24865413    
   7.9028320312500000       -3.24888158    
   7.9077148437500000       -3.24911070    
   7.9125976562500000       -3.24934149    
   7.9174804687500000       -3.24957418    
   7.9223632812500000       -3.24980879    
   7.9272460937500000       -3.25004506    
   7.9321289062500000       -3.25028348    
   7.9370117187500000       -3.25052333    
   7.9418945312500000       -3.25076532    
   7.9467773437500000       -3.25100875    
   7.9516601562500000       -3.25125456    
   7.9565429687500000       -3.25150204    
   7.9614257812500000       -3.25175166    
   7.9663085937500000       -3.25200295    
   7.9711914062500000       -3.25225639    
   7.9760742187500000       -3.25251150    
   7.9809570312500000       -3.25276899    
   7.9858398437500000       -3.25302839    
   7.9907226562500000       -3.25328970    
   7.9956054687500000       -3.25355315    
   8.0004882812500000       -3.25381875    
   8.0053710937500000       -3.25408626    
   8.0102539062500000       -3.25435615    
   8.0151367187500000       -3.25462770    
   8.0200195312500000       -3.25490165    
   8.0249023437500000       -3.25517797    
   8.0297851562500000       -3.25545621    
   8.0346679687500000       -3.25573683    
   8.0395507812500000       -3.25601935    
   8.0444335937500000       -3.25630450    
   8.0493164062500000       -3.25659156    
   8.0541992187500000       -3.25688100    
   8.0590820312500000       -3.25717282    
   8.0639648437500000       -3.25746679    
   8.0688476562500000       -3.25776339    
   8.0737304687500000       -3.25806212    
   8.0786132812500000       -3.25836325    
   8.0834960937500000       -3.25866699    
   8.0883789062500000       -3.25897288    
   8.0932617187500000       -3.25928140    
   8.0981445312500000       -3.25959229    
   8.1030273437500000       -3.25990558    
   8.1079101562500000       -3.26022172    
   8.1127929687500000       -3.26054025    
   8.1176757812500000       -3.26086116    
   8.1225585937500000       -3.26118469    
   8.1274414062500000       -3.26151109    
   8.1323242187500000       -3.26183987    
   8.1372070312500000       -3.26217127    
   8.1420898437500000       -3.26250553    
   8.1469726562500000       -3.26284242    
   8.1518554687500000       -3.26318192    
   8.1567382812500000       -3.26352429    
   8.1616210937500000       -3.26386952    
   8.1665039062500000       -3.26421738    
   8.1713867187500000       -3.26456833    
   8.1762695312500000       -3.26492190    
   8.1811523437500000       -3.26527834    
   8.1860351562500000       -3.26563764    
   8.1909179687500000       -3.26600027    
   8.1958007812500000       -3.26636529    
   8.2006835937500000       -3.26673365    
   8.2055664062500000       -3.26710510    
   8.2104492187500000       -3.26747942    
   8.2153320312500000       -3.26785707    
   8.2202148437500000       -3.26823735    
   8.2250976562500000       -3.26862121    
   8.2299804687500000       -3.26900792    
   8.2348632812500000       -3.26939797    
   8.2397460937500000       -3.26979113    
   8.2446289062500000       -3.27018785    
   8.2495117187500000       -3.27058768    
   8.2543945312500000       -3.27099061    
   8.2592773437500000       -3.27139711    
   8.2641601562500000       -3.27180696    
   8.2690429687500000       -3.27222013    
   8.2739257812500000       -3.27263689    
   8.2788085937500000       -3.27305698    
   8.2836914062500000       -3.27348065    
   8.2885742187500000       -3.27390790    
   8.2934570312500000       -3.27433848    
   8.2983398437500000       -3.27477312    
   8.3032226562500000       -3.27521110    
   8.3081054687500000       -3.27565265    
   8.3129882812500000       -3.27609801    
   8.3178710937500000       -3.27654719    
   8.3227539062500000       -3.27700019    
   8.3276367187500000       -3.27745700    
   8.3325195312500000       -3.27791762    
   8.3374023437500000       -3.27838206    
   8.3422851562500000       -3.27885056    
   8.3471679687500000       -3.27932286    
   8.3520507812500000       -3.27979922    
   8.3569335937500000       -3.28027987    
   8.3618164062500000       -3.28076434    
   8.3666992187500000       -3.28125310    
   8.3715820312500000       -3.28174591    
   8.3764648437500000       -3.28224301    
   8.3813476562500000       -3.28274441    
   8.3862304687500000       -3.28325009    
   8.3911132812500000       -3.28375983    
   8.3959960937500000       -3.28427410    
   8.4008789062500000       -3.28479290    
   8.4057617187500000       -3.28531623    
   8.4106445312500000       -3.28584385    
   8.4155273437500000       -3.28637624    
   8.4204101562500000       -3.28691292    
   8.4252929687500000       -3.28745437    
   8.4301757812500000       -3.28800058    
   8.4350585937500000       -3.28855157    
   8.4399414062500000       -3.28910708    
   8.4448242187500000       -3.28966761    
   8.4497070312500000       -3.29023314    
   8.4545898437500000       -3.29080343    
   8.4594726562500000       -3.29137874    
   8.4643554687500000       -3.29195905    
   8.4692382812500000       -3.29254460    
   8.4741210937500000       -3.29313493    
   8.4790039062500000       -3.29373074    
   8.4838867187500000       -3.29433179    
   8.4887695312500000       -3.29493785    
   8.4936523437500000       -3.29554939    
   8.4985351562500000       -3.29616642    
   8.5034179687500000       -3.29678893    
   8.5083007812500000       -3.29741693    
   8.5131835937500000       -3.29805040    
   8.5180664062500000       -3.29868937    
   8.5229492187500000       -3.29933429    
   8.5278320312500000       -3.29998469    
   8.5327148437500000       -3.30064082    
   8.5375976562500000       -3.30130291    
   8.5424804687500000       -3.30197120    
   8.5473632812500000       -3.30264521    
   8.5522460937500000       -3.30332518    
   8.5571289062500000       -3.30401134    
   8.5620117187500000       -3.30470371    
   8.5668945312500000       -3.30540228    
   8.5717773437500000       -3.30610704    
   8.5766601562500000       -3.30681825    
   8.5815429687500000       -3.30753589    
   8.5864257812500000       -3.30825996    
   8.5913085937500000       -3.30899048    
   8.5961914062500000       -3.30972767    
   8.6010742187500000       -3.31047177    
   8.6059570312500000       -3.31122255    
   8.6108398437500000       -3.31198001    
   8.6157226562500000       -3.31274438    
   8.6206054687500000       -3.31351590    
   8.6254882812500000       -3.31429434    
   8.6303710937500000       -3.31507993    
   8.6352539062500000       -3.31587291    
   8.6401367187500000       -3.31667304    
   8.6450195312500000       -3.31748033    
   8.6499023437500000       -3.31829524    
   8.6547851562500000       -3.31911778    
   8.6596679687500000       -3.31994772    
   8.6645507812500000       -3.32078552    
   8.6694335937500000       -3.32163072    
   8.6743164062500000       -3.32248425    
   8.6791992187500000       -3.32334542    
   8.6840820312500000       -3.32421470    
   8.6889648437500000       -3.32509208    
   8.6938476562500000       -3.32597756    
   8.6987304687500000       -3.32687140    
   8.7036132812500000       -3.32777357    
   8.7084960937500000       -3.32868433    
   8.7133789062500000       -3.32960343    
   8.7182617187500000       -3.33053136    
   8.7231445312500000       -3.33146787    
   8.7280273437500000       -3.33241320    
   8.7329101562500000       -3.33336759    
   8.7377929687500000       -3.33433104    
   8.7426757812500000       -3.33530354    
   8.7475585937500000       -3.33628535    
   8.7524414062500000       -3.33727646    
   8.7573242187500000       -3.33827710    
   8.7622070312500000       -3.33928728    
   8.7670898437500000       -3.34030700    
   8.7719726562500000       -3.34133649    
   8.7768554687500000       -3.34237576    
   8.7817382812500000       -3.34342527    
   8.7866210937500000       -3.34448457    
   8.7915039062500000       -3.34555435    
   8.7963867187500000       -3.34663415    
   8.8012695312500000       -3.34772468    
   8.8061523437500000       -3.34882545    
   8.8110351562500000       -3.34993720    
   8.8159179687500000       -3.35105968    
   8.8208007812500000       -3.35219288    
   8.8256835937500000       -3.35333729    
   8.8305664062500000       -3.35449290    
   8.8354492187500000       -3.35565972    
   8.8403320312500000       -3.35683799    
   8.8452148437500000       -3.35802794    
   8.8500976562500000       -3.35922956    
   8.8549804687500000       -3.36044288    
   8.8598632812500000       -3.36166811    
   8.8647460937500000       -3.36290550    
   8.8696289062500000       -3.36415505    
   8.8745117187500000       -3.36541700    
   8.8793945312500000       -3.36669159    
   8.8842773437500000       -3.36797905    
   8.8891601562500000       -3.36927891    
   8.8940429687500000       -3.37059188    
   8.8989257812500000       -3.37191796    
   8.9038085937500000       -3.37325740    
   8.9086914062500000       -3.37461019    
   8.9135742187500000       -3.37597656    
   8.9184570312500000       -3.37735677    
   8.9233398437500000       -3.37875104    
   8.9282226562500000       -3.38015914    
   8.9331054687500000       -3.38158154    
   8.9379882812500000       -3.38301826    
   8.9428710937500000       -3.38446951    
   8.9477539062500000       -3.38593578    
   8.9526367187500000       -3.38741684    
   8.9575195312500000       -3.38891292    
   8.9624023437500000       -3.39042449    
   8.9672851562500000       -3.39195132    
   8.9721679687500000       -3.39349413    
   8.9770507812500000       -3.39505267    
   8.9819335937500000       -3.39662719    
   8.9868164062500000       -3.39821792    
   8.9916992187500000       -3.39982510    
   8.9965820312500000       -3.40144897    
   9.0014648437500000       -3.40308952    
   9.0063476562500000       -3.40474725    
   9.0112304687500000       -3.40642238    
   9.0161132812500000       -3.40811491    
   9.0209960937500000       -3.40982509    
   9.0258789062500000       -3.41155314    
   9.0307617187500000       -3.41329932    
   9.0356445312500000       -3.41506386    
   9.0405273437500000       -3.41684699    
   9.0454101562500000       -3.41864872    
   9.0502929687500000       -3.42046976    
   9.0551757812500000       -3.42231011    
   9.0600585937500000       -3.42416978    
   9.0649414062500000       -3.42604923    
   9.0698242187500000       -3.42794871    
   9.0747070312500000       -3.42986846    
   9.0795898437500000       -3.43180895    
   9.0844726562500000       -3.43376994    
   9.0893554687500000       -3.43575215    
   9.0942382812500000       -3.43775558    
   9.0991210937500000       -3.43978071    
   9.1040039062500000       -3.44182754    
   9.1088867187500000       -3.44389653    
   9.1137695312500000       -3.44598794    
   9.1186523437500000       -3.44810200    
   9.1235351562500000       -3.45023942    
   9.1284179687500000       -3.45239973    
   9.1333007812500000       -3.45458388    
   9.1381835937500000       -3.45679164    
   9.1430664062500000       -3.45902395    
   9.1479492187500000       -3.46128058    
   9.1528320312500000       -3.46356201    
   9.1577148437500000       -3.46586871    
   9.1625976562500000       -3.46820092    
   9.1674804687500000       -3.47055888    
   9.1723632812500000       -3.47294331    
   9.1772460937500000       -3.47535396    
   9.1821289062500000       -3.47779155    
   9.1870117187500000       -3.48025632    
   9.1918945312500000       -3.48274875    
   9.1967773437500000       -3.48526907    
   9.2016601562500000       -3.48781776    
   9.2065429687500000       -3.49039507    
   9.2114257812500000       -3.49300146    
   9.2163085937500000       -3.49563742    
   9.2211914062500000       -3.49830317    
   9.2260742187500000       -3.50099921    
   9.2309570312500000       -3.50372601    
   9.2358398437500000       -3.50648379    
   9.2407226562500000       -3.50927329    
   9.2456054687500000       -3.51209450    
   9.2504882812500000       -3.51494813    
   9.2553710937500000       -3.51783466    
   9.2602539062500000       -3.52075458    
   9.2651367187500000       -3.52370787    
   9.2700195312500000       -3.52669573    
   9.2749023437500000       -3.52971792    
   9.2797851562500000       -3.53277540    
   9.2846679687500000       -3.53586864    
   9.2895507812500000       -3.53899789    
   9.2944335937500000       -3.54216385    
   9.2993164062500000       -3.54536676    
   9.3041992187500000       -3.54860735    
   9.3090820312500000       -3.55188632    
   9.3139648437500000       -3.55520391    
   9.3188476562500000       -3.55856061    
   9.3237304687500000       -3.56195736    
   9.3286132812500000       -3.56539440    
   9.3334960937500000       -3.56887221    
   9.3383789062500000       -3.57239175    
   9.3432617187500000       -3.57595325    
   9.3481445312500000       -3.57955766    
   9.3530273437500000       -3.58320546    
   9.3579101562500000       -3.58689690    
   9.3627929687500000       -3.59063339    
   9.3676757812500000       -3.59441471    
   9.3725585937500000       -3.59824204    
   9.3774414062500000       -3.60211611    
   9.3823242187500000       -3.60603714    
   9.3872070312500000       -3.61000633    
   9.3920898437500000       -3.61402392    
   9.3969726562500000       -3.61809087    
   9.4018554687500000       -3.62220788    
   9.4067382812500000       -3.62637568    
   9.4116210937500000       -3.63059521    
   9.4165039062500000       -3.63486671    
   9.4213867187500000       -3.63919163    
   9.4262695312500000       -3.64357018    
   9.4311523437500000       -3.64800334    
   9.4360351562500000       -3.65249205    
   9.4409179687500000       -3.65703702    
   9.4458007812500000       -3.66163921    
   9.4506835937500000       -3.66629958    
   9.4555664062500000       -3.67101860    
   9.4604492187500000       -3.67579746    
   9.4653320312500000       -3.68063712    
   9.4702148437500000       -3.68553829    
   9.4750976562500000       -3.69050217    
   9.4799804687500000       -3.69552922    
   9.4848632812500000       -3.70062113    
   9.4897460937500000       -3.70577812    
   9.4946289062500000       -3.71100187    
   9.4995117187500000       -3.71629310    
   9.5043945312500000       -3.72165275    
   9.5092773437500000       -3.72708201    
   9.5141601562500000       -3.73258209    
   9.5190429687500000       -3.73815393    
   9.5239257812500000       -3.74379873    
   9.5288085937500000       -3.74951744    
   9.5336914062500000       -3.75531149    
   9.5385742187500000       -3.76118207    
   9.5434570312500000       -3.76713014    
   9.5483398437500000       -3.77315712    
   9.5532226562500000       -3.77926445    
   9.5581054687500000       -3.78545284    
   9.5629882812500000       -3.79172421    
   9.5678710937500000       -3.79807949    
   9.5727539062500000       -3.80452013    
   9.5776367187500000       -3.81104755    
   9.5825195312500000       -3.81766319    
   9.5874023437500000       -3.82436824    
   9.5922851562500000       -3.83116460    
   9.5971679687500000       -3.83805346    
   9.6020507812500000       -3.84503627    
   9.6069335937500000       -3.85211468    
   9.6118164062500000       -3.85929036    
   9.6166992187500000       -3.86656475    
   9.6215820312500000       -3.87393975    
   9.6264648437500000       -3.88141680    
   9.6313476562500000       -3.88899755    
   9.6362304687500000       -3.89668369    
   9.6411132812500000       -3.90447736    
   9.6459960937500000       -3.91237998    
   9.6508789062500000       -3.92039371    
   9.6557617187500000       -3.92851996    
   9.6606445312500000       -3.93676138    
   9.6655273437500000       -3.94511914    
   9.6704101562500000       -3.95359564    
   9.6752929687500000       -3.96219277    
   9.6801757812500000       -3.97091293    
   9.6850585937500000       -3.97975779    
   9.6899414062500000       -3.98872972    
   9.6948242187500000       -3.99783111    
   9.6997070312500000       -4.00706387    
   9.7045898437500000       -4.01643038    
   9.7094726562500000       -4.02593279    
   9.7143554687500000       -4.03557396    
   9.7192382812500000       -4.04535627    
   9.7241210937500000       -4.05528164    
   9.7290039062500000       -4.06535339    
   9.7338867187500000       -4.07557344    
   9.7387695312500000       -4.08594465    
   9.7436523437500000       -4.09647036    
   9.7485351562500000       -4.10715246    
   9.7534179687500000       -4.11799383    
   9.7583007812500000       -4.12899780    
   9.7631835937500000       -4.14016724    
   9.7680664062500000       -4.15150499    
   9.7729492187500000       -4.16301394    
   9.7778320312500000       -4.17469788    
   9.7827148437500000       -4.18655920    
   9.7875976562500000       -4.19860172    
   9.7924804687500000       -4.21082830    
   9.7973632812500000       -4.22324324    
   9.8022460937500000       -4.23584938    
   9.8071289062500000       -4.24865007    
   9.8120117187500000       -4.26164961    
   9.8168945312500000       -4.27485132    
   9.8217773437500000       -4.28825903    
   9.8266601562500000       -4.30187654    
   9.8315429687500000       -4.31570816    
   9.8364257812500000       -4.32975817    
   9.8413085937500000       -4.34402990    
   9.8461914062500000       -4.35852861    
   9.8510742187500000       -4.37325764    
   9.8559570312500000       -4.38822269    
   9.8608398437500000       -4.40342712    
   9.8657226562500000       -4.41887617    
   9.8706054687500000       -4.43457460    
   9.8754882812500000       -4.45052719    
   9.8803710937500000       -4.46673870    
   9.8852539062500000       -4.48321486    
   9.8901367187500000       -4.49996090    
   9.8950195312500000       -4.51698160    
   9.8999023437500000       -4.53428268    
   9.9047851562500000       -4.55186987    
   9.9096679687500000       -4.56974888    
   9.9145507812500000       -4.58792543    
   9.9194335937500000       -4.60640621    
   9.9243164062500000       -4.62519646    
   9.9291992187500000       -4.64430285    
   9.9340820312500000       -4.66373253    
   9.9389648437500000       -4.68349123    
   9.9438476562500000       -4.70358610    
   9.9487304687500000       -4.72402430    
   9.9536132812500000       -4.74481249    
   9.9584960937500000       -4.76595879    
   9.9633789062500000       -4.78746939    
   9.9682617187500000       -4.80935383    
   9.9731445312500000       -4.83161783    
   9.9780273437500000       -4.85427189    
   9.9829101562500000       -4.87732172    
   9.9877929687500000       -4.90077877    
   9.9926757812500000       -4.92464638    
   9.9975585937500000       -4.94894743    
