   2.4414062500000000E-003  -6.08767644E-02
   7.3242187500000000E-003  -6.01378493E-02
   1.2207031250000000E-002  -5.94093129E-02
   1.7089843750000000E-002  -5.86908199E-02
   2.1972656250000000E-002  -5.79822958E-02
   2.6855468750000000E-002  -5.72835431E-02
   3.1738281250000000E-002  -5.65944463E-02
   3.6621093750000000E-002  -5.59148341E-02
   4.1503906250000000E-002  -5.52445762E-02
   4.6386718750000000E-002  -5.45835271E-02
   5.1269531250000000E-002  -5.39315492E-02
   5.6152343750000000E-002  -5.32885008E-02
   6.1035156250000000E-002  -5.26542552E-02
   6.5917968750000000E-002  -5.20286709E-02
   7.0800781250000000E-002  -5.14116250E-02
   7.5683593750000000E-002  -5.08029833E-02
   8.0566406250000000E-002  -5.02026230E-02
   8.5449218750000000E-002  -4.96104173E-02
   9.0332031250000000E-002  -4.90262471E-02
   9.5214843750000000E-002  -4.84499894E-02
  0.10009765625000000       -4.78815287E-02
  0.10498046875000000       -4.73207459E-02
  0.10986328125000000       -4.67675291E-02
  0.11474609375000000       -4.62217629E-02
  0.11962890625000000       -4.56833355E-02
  0.12451171875000000       -4.51521426E-02
  0.12939453125000000       -4.46280763E-02
  0.13427734375000000       -4.41110283E-02
  0.13916015625000000       -4.36008945E-02
  0.14404296875000000       -4.30975743E-02
  0.14892578125000000       -4.26009670E-02
  0.15380859375000000       -4.21109721E-02
  0.15869140625000000       -4.16274965E-02
  0.16357421875000000       -4.11504358E-02
  0.16845703125000000       -4.06797081E-02
  0.17333984375000000       -4.02152091E-02
  0.17822265625000000       -3.97568494E-02
  0.18310546875000000       -3.93045470E-02
  0.18798828125000000       -3.88582051E-02
  0.19287109375000000       -3.84177417E-02
  0.19775390625000000       -3.79830673E-02
  0.20263671875000000       -3.75540964E-02
  0.20751953125000000       -3.71307507E-02
  0.21240234375000000       -3.67129482E-02
  0.21728515625000000       -3.63006070E-02
  0.22216796875000000       -3.58936451E-02
  0.22705078125000000       -3.54919918E-02
  0.23193359375000000       -3.50955613E-02
  0.23681640625000000       -3.47042829E-02
  0.24169921875000000       -3.43180858E-02
  0.24658203125000000       -3.39368880E-02
  0.25146484375000000       -3.35606262E-02
  0.25634765625000000       -3.31892259E-02
  0.26123046875000000       -3.28226164E-02
  0.26611328125000000       -3.24607305E-02
  0.27099609375000000       -3.21034975E-02
  0.27587890625000000       -3.17508578E-02
  0.28076171875000000       -3.14027406E-02
  0.28564453125000000       -3.10590807E-02
  0.29052734375000000       -3.07198148E-02
  0.29541015625000000       -3.03848851E-02
  0.30029296875000000       -3.00542247E-02
  0.30517578125000000       -2.97277756E-02
  0.31005859375000000       -2.94054784E-02
  0.31494140625000000       -2.90872715E-02
  0.31982421875000000       -2.87730992E-02
  0.32470703125000000       -2.84629054E-02
  0.32958984375000000       -2.81566307E-02
  0.33447265625000000       -2.78542247E-02
  0.33935546875000000       -2.75556296E-02
  0.34423828125000000       -2.72607915E-02
  0.34912109375000000       -2.69696582E-02
  0.35400390625000000       -2.66821794E-02
  0.35888671875000000       -2.63983030E-02
  0.36376953125000000       -2.61179786E-02
  0.36865234375000000       -2.58411579E-02
  0.37353515625000000       -2.55677905E-02
  0.37841796875000000       -2.52978243E-02
  0.38330078125000000       -2.50312202E-02
  0.38818359375000000       -2.47679278E-02
  0.39306640625000000       -2.45078970E-02
  0.39794921875000000       -2.42510904E-02
  0.40283203125000000       -2.39974577E-02
  0.40771484375000000       -2.37469561E-02
  0.41259765625000000       -2.34995428E-02
  0.41748046875000000       -2.32551768E-02
  0.42236328125000000       -2.30138153E-02
  0.42724609375000000       -2.27754153E-02
  0.43212890625000000       -2.25399341E-02
  0.43701171875000000       -2.23073401E-02
  0.44189453125000000       -2.20775865E-02
  0.44677734375000000       -2.18506344E-02
  0.45166015625000000       -2.16264501E-02
  0.45654296875000000       -2.14049928E-02
  0.46142578125000000       -2.11862233E-02
  0.46630859375000000       -2.09701080E-02
  0.47119140625000000       -2.07566116E-02
  0.47607421875000000       -2.05456968E-02
  0.48095703125000000       -2.03373302E-02
  0.48583984375000000       -2.01314744E-02
  0.49072265625000000       -1.99280977E-02
  0.49560546875000000       -1.97271649E-02
  0.50048828125000000       -1.95286460E-02
  0.50537109375000000       -1.93325058E-02
  0.51025390625000000       -1.91387124E-02
  0.51513671875000000       -1.89472362E-02
  0.52001953125000000       -1.87580418E-02
  0.52490234375000000       -1.85711049E-02
  0.52978515625000000       -1.83863901E-02
  0.53466796875000000       -1.82038713E-02
  0.53955078125000000       -1.80235170E-02
  0.54443359375000000       -1.78452972E-02
  0.54931640625000000       -1.76691860E-02
  0.55419921875000000       -1.74951535E-02
  0.55908203125000000       -1.73231736E-02
  0.56396484375000000       -1.71532203E-02
  0.56884765625000000       -1.69852600E-02
  0.57373046875000000       -1.68192759E-02
  0.57861328125000000       -1.66552346E-02
  0.58349609375000000       -1.64931118E-02
  0.58837890625000000       -1.63328871E-02
  0.59326171875000000       -1.61745287E-02
  0.59814453125000000       -1.60180163E-02
  0.60302734375000000       -1.58633254E-02
  0.60791015625000000       -1.57104302E-02
  0.61279296875000000       -1.55593064E-02
  0.61767578125000000       -1.54099343E-02
  0.62255859375000000       -1.52622890E-02
  0.62744140625000000       -1.51163479E-02
  0.63232421875000000       -1.49720898E-02
  0.63720703125000000       -1.48294931E-02
  0.64208984375000000       -1.46885328E-02
  0.64697265625000000       -1.45491902E-02
  0.65185546875000000       -1.44114466E-02
  0.65673828125000000       -1.42752770E-02
  0.66162109375000000       -1.41406637E-02
  0.66650390625000000       -1.40075833E-02
  0.67138671875000000       -1.38760209E-02
  0.67626953125000000       -1.37459552E-02
  0.68115234375000000       -1.36173647E-02
  0.68603515625000000       -1.34902317E-02
  0.69091796875000000       -1.33645395E-02
  0.69580078125000000       -1.32402675E-02
  0.70068359375000000       -1.31173972E-02
  0.70556640625000000       -1.29959118E-02
  0.71044921875000000       -1.28757935E-02
  0.71533203125000000       -1.27570238E-02
  0.72021484375000000       -1.26395877E-02
  0.72509765625000000       -1.25234667E-02
  0.72998046875000000       -1.24086440E-02
  0.73486328125000000       -1.22951027E-02
  0.73974609375000000       -1.21828290E-02
  0.74462890625000000       -1.20718032E-02
  0.74951171875000000       -1.19620124E-02
  0.75439453125000000       -1.18534407E-02
  0.75927734375000000       -1.17460722E-02
  0.76416015625000000       -1.16398903E-02
  0.76904296875000000       -1.15348818E-02
  0.77392578125000000       -1.14310319E-02
  0.77880859375000000       -1.13283256E-02
  0.78369140625000000       -1.12267509E-02
  0.78857421875000000       -1.11262891E-02
  0.79345703125000000       -1.10269301E-02
  0.79833984375000000       -1.09286578E-02
  0.80322265625000000       -1.08314604E-02
  0.80810546875000000       -1.07353227E-02
  0.81298828125000000       -1.06402347E-02
  0.81787109375000000       -1.05461795E-02
  0.82275390625000000       -1.04531460E-02
  0.82763671875000000       -1.03611229E-02
  0.83251953125000000       -1.02700954E-02
  0.83740234375000000       -1.01800533E-02
  0.84228515625000000       -1.00909835E-02
  0.84716796875000000       -1.00028748E-02
  0.85205078125000000       -9.91571229E-03
  0.85693359375000000       -9.82948672E-03
  0.86181640625000000       -9.74418875E-03
  0.86669921875000000       -9.65980254E-03
  0.87158203125000000       -9.57632065E-03
  0.87646484375000000       -9.49372910E-03
  0.88134765625000000       -9.41201951E-03
  0.88623046875000000       -9.33118071E-03
  0.89111328125000000       -9.25119966E-03
  0.89599609375000000       -9.17206984E-03
  0.90087890625000000       -9.09377821E-03
  0.90576171875000000       -9.01631545E-03
  0.91064453125000000       -8.93967133E-03
  0.91552734375000000       -8.86383466E-03
  0.92041015625000000       -8.78879800E-03
  0.92529296875000000       -8.71455017E-03
  0.93017578125000000       -8.64108372E-03
  0.93505859375000000       -8.56838655E-03
  0.93994140625000000       -8.49645119E-03
  0.94482421875000000       -8.42526834E-03
  0.94970703125000000       -8.35482776E-03
  0.95458984375000000       -8.28512106E-03
  0.95947265625000000       -8.21614079E-03
  0.96435546875000000       -8.14787671E-03
  0.96923828125000000       -8.08032136E-03
  0.97412109375000000       -8.01346637E-03
  0.97900390625000000       -7.94730149E-03
  0.98388671875000000       -7.88182113E-03
  0.98876953125000000       -7.81701598E-03
  0.99365234375000000       -7.75287673E-03
  0.99853515625000000       -7.68939825E-03
   1.0034179687500000       -7.62657216E-03
   1.0083007812500000       -7.56438728E-03
   1.0131835937500000       -7.50284176E-03
   1.0180664062500000       -7.44192349E-03
   1.0229492187500000       -7.38162454E-03
   1.0278320312500000       -7.32194167E-03
   1.0327148437500000       -7.26286694E-03
   1.0375976562500000       -7.20439246E-03
   1.0424804687500000       -7.14650983E-03
   1.0473632812500000       -7.08921067E-03
   1.0522460937500000       -7.03249360E-03
   1.0571289062500000       -6.97634974E-03
   1.0620117187500000       -6.92076888E-03
   1.0668945312500000       -6.86574914E-03
   1.0717773437500000       -6.81128260E-03
   1.0766601562500000       -6.75736181E-03
   1.0815429687500000       -6.70397934E-03
   1.0864257812500000       -6.65113330E-03
   1.0913085937500000       -6.59881346E-03
   1.0961914062500000       -6.54701283E-03
   1.1010742187500000       -6.49573188E-03
   1.1059570312500000       -6.44495897E-03
   1.1108398437500000       -6.39468897E-03
   1.1157226562500000       -6.34491816E-03
   1.1206054687500000       -6.29563909E-03
   1.1254882812500000       -6.24684757E-03
   1.1303710937500000       -6.19853754E-03
   1.1352539062500000       -6.15070155E-03
   1.1401367187500000       -6.10333635E-03
   1.1450195312500000       -6.05643727E-03
   1.1499023437500000       -6.00999594E-03
   1.1547851562500000       -5.96401002E-03
   1.1596679687500000       -5.91847440E-03
   1.1645507812500000       -5.87338163E-03
   1.1694335937500000       -5.82872890E-03
   1.1743164062500000       -5.78450970E-03
   1.1791992187500000       -5.74072031E-03
   1.1840820312500000       -5.69735700E-03
   1.1889648437500000       -5.65441186E-03
   1.1938476562500000       -5.61188348E-03
   1.1987304687500000       -5.56976348E-03
   1.2036132812500000       -5.52805094E-03
   1.2084960937500000       -5.48673840E-03
   1.2133789062500000       -5.44582354E-03
   1.2182617187500000       -5.40530169E-03
   1.2231445312500000       -5.36516728E-03
   1.2280273437500000       -5.32541703E-03
   1.2329101562500000       -5.28604491E-03
   1.2377929687500000       -5.24704857E-03
   1.2426757812500000       -5.20842476E-03
   1.2475585937500000       -5.17016742E-03
   1.2524414062500000       -5.13227237E-03
   1.2573242187500000       -5.09473821E-03
   1.2622070312500000       -5.05755749E-03
   1.2670898437500000       -5.02072787E-03
   1.2719726562500000       -4.98424796E-03
   1.2768554687500000       -4.94810892E-03
   1.2817382812500000       -4.91231028E-03
   1.2866210937500000       -4.87684878E-03
   1.2915039062500000       -4.84171975E-03
   1.2963867187500000       -4.80691809E-03
   1.3012695312500000       -4.77244193E-03
   1.3061523437500000       -4.73828753E-03
   1.3110351562500000       -4.70445119E-03
   1.3159179687500000       -4.67093196E-03
   1.3208007812500000       -4.63772146E-03
   1.3256835937500000       -4.60481877E-03
   1.3305664062500000       -4.57222341E-03
   1.3354492187500000       -4.53992700E-03
   1.3403320312500000       -4.50792955E-03
   1.3452148437500000       -4.47622640E-03
   1.3500976562500000       -4.44481522E-03
   1.3549804687500000       -4.41369321E-03
   1.3598632812500000       -4.38285666E-03
   1.3647460937500000       -4.35230136E-03
   1.3696289062500000       -4.32202686E-03
   1.3745117187500000       -4.29202896E-03
   1.3793945312500000       -4.26230347E-03
   1.3842773437500000       -4.23284993E-03
   1.3891601562500000       -4.20366321E-03
   1.3940429687500000       -4.17474238E-03
   1.3989257812500000       -4.14608186E-03
   1.4038085937500000       -4.11768304E-03
   1.4086914062500000       -4.08953847E-03
   1.4135742187500000       -4.06165002E-03
   1.4184570312500000       -4.03401209E-03
   1.4233398437500000       -4.00662236E-03
   1.4282226562500000       -3.97947710E-03
   1.4331054687500000       -3.95257818E-03
   1.4379882812500000       -3.92591814E-03
   1.4428710937500000       -3.89949721E-03
   1.4477539062500000       -3.87331168E-03
   1.4526367187500000       -3.84735921E-03
   1.4575195312500000       -3.82163865E-03
   1.4624023437500000       -3.79614602E-03
   1.4672851562500000       -3.77087994E-03
   1.4721679687500000       -3.74583807E-03
   1.4770507812500000       -3.72101599E-03
   1.4819335937500000       -3.69641487E-03
   1.4868164062500000       -3.67202982E-03
   1.4916992187500000       -3.64785898E-03
   1.4965820312500000       -3.62390094E-03
   1.5014648437500000       -3.60015407E-03
   1.5063476562500000       -3.57661513E-03
   1.5112304687500000       -3.55328224E-03
   1.5161132812500000       -3.53015237E-03
   1.5209960937500000       -3.50722414E-03
   1.5258789062500000       -3.48449731E-03
   1.5307617187500000       -3.46196746E-03
   1.5356445312500000       -3.43963271E-03
   1.5405273437500000       -3.41749168E-03
   1.5454101562500000       -3.39554157E-03
   1.5502929687500000       -3.37378238E-03
   1.5551757812500000       -3.35221109E-03
   1.5600585937500000       -3.33082629E-03
   1.5649414062500000       -3.30962497E-03
   1.5698242187500000       -3.28860572E-03
   1.5747070312500000       -3.26776574E-03
   1.5795898437500000       -3.24710668E-03
   1.5844726562500000       -3.22662247E-03
   1.5893554687500000       -3.20631359E-03
   1.5942382812500000       -3.18617863E-03
   1.5991210937500000       -3.16621480E-03
   1.6040039062500000       -3.14641930E-03
   1.6088867187500000       -3.12679401E-03
   1.6137695312500000       -3.10733449E-03
   1.6186523437500000       -3.08803935E-03
   1.6235351562500000       -3.06890788E-03
   1.6284179687500000       -3.04993684E-03
   1.6333007812500000       -3.03112553E-03
   1.6381835937500000       -3.01247416E-03
   1.6430664062500000       -2.99397833E-03
   1.6479492187500000       -2.97563733E-03
   1.6528320312500000       -2.95745092E-03
   1.6577148437500000       -2.93941563E-03
   1.6625976562500000       -2.92153168E-03
   1.6674804687500000       -2.90379790E-03
   1.6723632812500000       -2.88621010E-03
   1.6772460937500000       -2.86876899E-03
   1.6821289062500000       -2.85147340E-03
   1.6870117187500000       -2.83431960E-03
   1.6918945312500000       -2.81730900E-03
   1.6967773437500000       -2.80043948E-03
   1.7016601562500000       -2.78370734E-03
   1.7065429687500000       -2.76711420E-03
   1.7114257812500000       -2.75065750E-03
   1.7163085937500000       -2.73433677E-03
   1.7211914062500000       -2.71814922E-03
   1.7260742187500000       -2.70209392E-03
   1.7309570312500000       -2.68617016E-03
   1.7358398437500000       -2.67037703E-03
   1.7407226562500000       -2.65471195E-03
   1.7456054687500000       -2.63917563E-03
   1.7504882812500000       -2.62376457E-03
   1.7553710937500000       -2.60847877E-03
   1.7602539062500000       -2.59331660E-03
   1.7651367187500000       -2.57827807E-03
   1.7700195312500000       -2.56335991E-03
   1.7749023437500000       -2.54856376E-03
   1.7797851562500000       -2.53388518E-03
   1.7846679687500000       -2.51932535E-03
   1.7895507812500000       -2.50488264E-03
   1.7944335937500000       -2.49055633E-03
   1.7993164062500000       -2.47634389E-03
   1.8041992187500000       -2.46224599E-03
   1.8090820312500000       -2.44826055E-03
   1.8139648437500000       -2.43438571E-03
   1.8188476562500000       -2.42062309E-03
   1.8237304687500000       -2.40696804E-03
   1.8286132812500000       -2.39342265E-03
   1.8334960937500000       -2.37998459E-03
   1.8383789062500000       -2.36665318E-03
   1.8432617187500000       -2.35342653E-03
   1.8481445312500000       -2.34030420E-03
   1.8530273437500000       -2.32728617E-03
   1.8579101562500000       -2.31436966E-03
   1.8627929687500000       -2.30155489E-03
   1.8676757812500000       -2.28884164E-03
   1.8725585937500000       -2.27622758E-03
   1.8774414062500000       -2.26371223E-03
   1.8823242187500000       -2.25129374E-03
   1.8872070312500000       -2.23897374E-03
   1.8920898437500000       -2.22674920E-03
   1.8969726562500000       -2.21461966E-03
   1.9018554687500000       -2.20258441E-03
   1.9067382812500000       -2.19064159E-03
   1.9116210937500000       -2.17879284E-03
   1.9165039062500000       -2.16703536E-03
   1.9213867187500000       -2.15536845E-03
   1.9262695312500000       -2.14379141E-03
   1.9311523437500000       -2.13230401E-03
   1.9360351562500000       -2.12090416E-03
   1.9409179687500000       -2.10959255E-03
   1.9458007812500000       -2.09836732E-03
   1.9506835937500000       -2.08722823E-03
   1.9555664062500000       -2.07617553E-03
   1.9604492187500000       -2.06520548E-03
   1.9653320312500000       -2.05431948E-03
   1.9702148437500000       -2.04351754E-03
   1.9750976562500000       -2.03279732E-03
   1.9799804687500000       -2.02215766E-03
   1.9848632812500000       -2.01159902E-03
   1.9897460937500000       -2.00112071E-03
   1.9946289062500000       -1.99072133E-03
   1.9995117187500000       -1.98040134E-03
   2.0043945312500000       -1.97015819E-03
   2.0092773437500000       -1.95999211E-03
   2.0141601562500000       -1.94990309E-03
   2.0190429687500000       -1.93988928E-03
   2.0239257812500000       -1.92995137E-03
   2.0288085937500000       -1.92008761E-03
   2.0336914062500000       -1.91029673E-03
   2.0385742187500000       -1.90058025E-03
   2.0434570312500000       -1.89093547E-03
   2.0483398437500000       -1.88136217E-03
   2.0532226562500000       -1.87186082E-03
   2.0581054687500000       -1.86242990E-03
   2.0629882812500000       -1.85306894E-03
   2.0678710937500000       -1.84377655E-03
   2.0727539062500000       -1.83455436E-03
   2.0776367187500000       -1.82539877E-03
   2.0825195312500000       -1.81631150E-03
   2.0874023437500000       -1.80729106E-03
   2.0922851562500000       -1.79833698E-03
   2.0971679687500000       -1.78944878E-03
   2.1020507812500000       -1.78062520E-03
   2.1069335937500000       -1.77186681E-03
   2.1118164062500000       -1.76317221E-03
   2.1166992187500000       -1.75454095E-03
   2.1215820312500000       -1.74597255E-03
   2.1264648437500000       -1.73746678E-03
   2.1313476562500000       -1.72902329E-03
   2.1362304687500000       -1.72064046E-03
   2.1411132812500000       -1.71231921E-03
   2.1459960937500000       -1.70405791E-03
   2.1508789062500000       -1.69585634E-03
   2.1557617187500000       -1.68771308E-03
   2.1606445312500000       -1.67962979E-03
   2.1655273437500000       -1.67160423E-03
   2.1704101562500000       -1.66363677E-03
   2.1752929687500000       -1.65572634E-03
   2.1801757812500000       -1.64787250E-03
   2.1850585937500000       -1.64007582E-03
   2.1899414062500000       -1.63233408E-03
   2.1948242187500000       -1.62464799E-03
   2.1997070312500000       -1.61701604E-03
   2.2045898437500000       -1.60943903E-03
   2.2094726562500000       -1.60191569E-03
   2.2143554687500000       -1.59444660E-03
   2.2192382812500000       -1.58702955E-03
   2.2241210937500000       -1.57966616E-03
   2.2290039062500000       -1.57235411E-03
   2.2338867187500000       -1.56509411E-03
   2.2387695312500000       -1.55788497E-03
   2.2436523437500000       -1.55072729E-03
   2.2485351562500000       -1.54361979E-03
   2.2534179687500000       -1.53656211E-03
   2.2583007812500000       -1.52955414E-03
   2.2631835937500000       -1.52259448E-03
   2.2680664062500000       -1.51568488E-03
   2.2729492187500000       -1.50882301E-03
   2.2778320312500000       -1.50200876E-03
   2.2827148437500000       -1.49524270E-03
   2.2875976562500000       -1.48852367E-03
   2.2924804687500000       -1.48185133E-03
   2.2973632812500000       -1.47522544E-03
   2.3022460937500000       -1.46864576E-03
   2.3071289062500000       -1.46211113E-03
   2.3120117187500000       -1.45562214E-03
   2.3168945312500000       -1.44917762E-03
   2.3217773437500000       -1.44277827E-03
   2.3266601562500000       -1.43642200E-03
   2.3315429687500000       -1.43011042E-03
   2.3364257812500000       -1.42384227E-03
   2.3413085937500000       -1.41761650E-03
   2.3461914062500000       -1.41143473E-03
   2.3510742187500000       -1.40529382E-03
   2.3559570312500000       -1.39919634E-03
   2.3608398437500000       -1.39313936E-03
   2.3657226562500000       -1.38712453E-03
   2.3706054687500000       -1.38115056E-03
   2.3754882812500000       -1.37521734E-03
   2.3803710937500000       -1.36932370E-03
   2.3852539062500000       -1.36347115E-03
   2.3901367187500000       -1.35765783E-03
   2.3950195312500000       -1.35188352E-03
   2.3999023437500000       -1.34614878E-03
   2.4047851562500000       -1.34045247E-03
   2.4096679687500000       -1.33479538E-03
   2.4145507812500000       -1.32917555E-03
   2.4194335937500000       -1.32359448E-03
   2.4243164062500000       -1.31805020E-03
   2.4291992187500000       -1.31254341E-03
   2.4340820312500000       -1.30707386E-03
   2.4389648437500000       -1.30164053E-03
   2.4438476562500000       -1.29624328E-03
   2.4487304687500000       -1.29088259E-03
   2.4536132812500000       -1.28555764E-03
   2.4584960937500000       -1.28026807E-03
   2.4633789062500000       -1.27501378E-03
   2.4682617187500000       -1.26979453E-03
   2.4731445312500000       -1.26461021E-03
   2.4780273437500000       -1.25946046E-03
   2.4829101562500000       -1.25434448E-03
   2.4877929687500000       -1.24926190E-03
   2.4926757812500000       -1.24421355E-03
   2.4975585937500000       -1.23919838E-03
   2.5024414062500000       -1.23421685E-03
   2.5073242187500000       -1.22926733E-03
   2.5122070312500000       -1.22435042E-03
   2.5170898437500000       -1.21946598E-03
   2.5219726562500000       -1.21461379E-03
   2.5268554687500000       -1.20979373E-03
   2.5317382812500000       -1.20500475E-03
   2.5366210937500000       -1.20024756E-03
   2.5415039062500000       -1.19552109E-03
   2.5463867187500000       -1.19082537E-03
   2.5512695312500000       -1.18616084E-03
   2.5561523437500000       -1.18152588E-03
   2.5610351562500000       -1.17692177E-03
   2.5659179687500000       -1.17234781E-03
   2.5708007812500000       -1.16780284E-03
   2.5756835937500000       -1.16328755E-03
   2.5805664062500000       -1.15880184E-03
   2.5854492187500000       -1.15434465E-03
   2.5903320312500000       -1.14991597E-03
   2.5952148437500000       -1.14551641E-03
   2.6000976562500000       -1.14114583E-03
   2.6049804687500000       -1.13680249E-03
   2.6098632812500000       -1.13248767E-03
   2.6147460937500000       -1.12819998E-03
   2.6196289062500000       -1.12394057E-03
   2.6245117187500000       -1.11970783E-03
   2.6293945312500000       -1.11550244E-03
   2.6342773437500000       -1.11132360E-03
   2.6391601562500000       -1.10717234E-03
   2.6440429687500000       -1.10304658E-03
   2.6489257812500000       -1.09894760E-03
   2.6538085937500000       -1.09487528E-03
   2.6586914062500000       -1.09082798E-03
   2.6635742187500000       -1.08680699E-03
   2.6684570312500000       -1.08281162E-03
   2.6733398437500000       -1.07884081E-03
   2.6782226562500000       -1.07489596E-03
   2.6831054687500000       -1.07097556E-03
   2.6879882812500000       -1.06708007E-03
   2.6928710937500000       -1.06320949E-03
   2.6977539062500000       -1.05936301E-03
   2.7026367187500000       -1.05554110E-03
   2.7075195312500000       -1.05174293E-03
   2.7124023437500000       -1.04796921E-03
   2.7172851562500000       -1.04421901E-03
   2.7221679687500000       -1.04049232E-03
   2.7270507812500000       -1.03678880E-03
   2.7319335937500000       -1.03310857E-03
   2.7368164062500000       -1.02945149E-03
   2.7416992187500000       -1.02581666E-03
   2.7465820312500000       -1.02220534E-03
   2.7514648437500000       -1.01861614E-03
   2.7563476562500000       -1.01504952E-03
   2.7612304687500000       -1.01150468E-03
   2.7661132812500000       -1.00798241E-03
   2.7709960937500000       -1.00448239E-03
   2.7758789062500000       -1.00100320E-03
   2.7807617187500000       -9.97546129E-04
   2.7856445312500000       -9.94110364E-04
   2.7905273437500000       -9.90695786E-04
   2.7954101562500000       -9.87302396E-04
   2.8002929687500000       -9.83929844E-04
   2.8051757812500000       -9.80578363E-04
   2.8100585937500000       -9.77247604E-04
   2.8149414062500000       -9.73937567E-04
   2.8198242187500000       -9.70647496E-04
   2.8247070312500000       -9.67377913E-04
   2.8295898437500000       -9.64128063E-04
   2.8344726562500000       -9.60898527E-04
   2.8393554687500000       -9.57688550E-04
   2.8442382812500000       -9.54498712E-04
   2.8491210937500000       -9.51328198E-04
   2.8540039062500000       -9.48177010E-04
   2.8588867187500000       -9.45045031E-04
   2.8637695312500000       -9.41932085E-04
   2.8686523437500000       -9.38838173E-04
   2.8735351562500000       -9.35763877E-04
   2.8784179687500000       -9.32707044E-04
   2.8833007812500000       -9.29669593E-04
   2.8881835937500000       -9.26650828E-04
   2.8930664062500000       -9.23649990E-04
   2.8979492187500000       -9.20667662E-04
   2.9028320312500000       -9.17703030E-04
   2.9077148437500000       -9.14756733E-04
   2.9125976562500000       -9.11828072E-04
   2.9174804687500000       -9.08916874E-04
   2.9223632812500000       -9.06023721E-04
   2.9272460937500000       -9.03147971E-04
   2.9321289062500000       -9.00289451E-04
   2.9370117187500000       -8.97448102E-04
   2.9418945312500000       -8.94623867E-04
   2.9467773437500000       -8.91817384E-04
   2.9516601562500000       -8.89027142E-04
   2.9565429687500000       -8.86253780E-04
   2.9614257812500000       -8.83496599E-04
   2.9663085937500000       -8.80756765E-04
   2.9711914062500000       -8.78032995E-04
   2.9760742187500000       -8.75325757E-04
   2.9809570312500000       -8.72634468E-04
   2.9858398437500000       -8.69959535E-04
   2.9907226562500000       -8.67300376E-04
   2.9956054687500000       -8.64656875E-04
   3.0004882812500000       -8.62029614E-04
   3.0053710937500000       -8.59417836E-04
   3.0102539062500000       -8.56822182E-04
   3.0151367187500000       -8.54241254E-04
   3.0200195312500000       -8.51675635E-04
   3.0249023437500000       -8.49125907E-04
   3.0297851562500000       -8.46591429E-04
   3.0346679687500000       -8.44071386E-04
   3.0395507812500000       -8.41566420E-04
   3.0444335937500000       -8.39076412E-04
   3.0493164062500000       -8.36601364E-04
   3.0541992187500000       -8.34141218E-04
   3.0590820312500000       -8.31695215E-04
   3.0639648437500000       -8.29263940E-04
   3.0688476562500000       -8.26846692E-04
   3.0737304687500000       -8.24444112E-04
   3.0786132812500000       -8.22055445E-04
   3.0834960937500000       -8.19681329E-04
   3.0883789062500000       -8.17320950E-04
   3.0932617187500000       -8.14974366E-04
   3.0981445312500000       -8.12641520E-04
   3.1030273437500000       -8.10322876E-04
   3.1079101562500000       -8.08017270E-04
   3.1127929687500000       -8.05725751E-04
   3.1176757812500000       -8.03447736E-04
   3.1225585937500000       -8.01183109E-04
   3.1274414062500000       -7.98931287E-04
   3.1323242187500000       -7.96693319E-04
   3.1372070312500000       -7.94468040E-04
   3.1420898437500000       -7.92255974E-04
   3.1469726562500000       -7.90057005E-04
   3.1518554687500000       -7.87870551E-04
   3.1567382812500000       -7.85697135E-04
   3.1616210937500000       -7.83536700E-04
   3.1665039062500000       -7.81388662E-04
   3.1713867187500000       -7.79253431E-04
   3.1762695312500000       -7.77130481E-04
   3.1811523437500000       -7.75019696E-04
   3.1860351562500000       -7.72921601E-04
   3.1909179687500000       -7.70835613E-04
   3.1958007812500000       -7.68761733E-04
   3.2006835937500000       -7.66700367E-04
   3.2055664062500000       -7.64650351E-04
   3.2104492187500000       -7.62612850E-04
   3.2153320312500000       -7.60586583E-04
   3.2202148437500000       -7.58572714E-04
   3.2250976562500000       -7.56570545E-04
   3.2299804687500000       -7.54579552E-04
   3.2348632812500000       -7.52600783E-04
   3.2397460937500000       -7.50633073E-04
   3.2446289062500000       -7.48676888E-04
   3.2495117187500000       -7.46732287E-04
   3.2543945312500000       -7.44799094E-04
   3.2592773437500000       -7.42876844E-04
   3.2641601562500000       -7.40965304E-04
   3.2690429687500000       -7.39065756E-04
   3.2739257812500000       -7.37176917E-04
   3.2788085937500000       -7.35298789E-04
   3.2836914062500000       -7.33431836E-04
   3.2885742187500000       -7.31575536E-04
   3.2934570312500000       -7.29729712E-04
   3.2983398437500000       -7.27895065E-04
   3.3032226562500000       -7.26070837E-04
   3.3081054687500000       -7.24257086E-04
   3.3129882812500000       -7.22454337E-04
   3.3178710937500000       -7.20661308E-04
   3.3227539062500000       -7.18879222E-04
   3.3276367187500000       -7.17107381E-04
   3.3325195312500000       -7.15345785E-04
   3.3374023437500000       -7.13594432E-04
   3.3422851562500000       -7.11852626E-04
   3.3471679687500000       -7.10121589E-04
   3.3520507812500000       -7.08400039E-04
   3.3569335937500000       -7.06689083E-04
   3.3618164062500000       -7.04987615E-04
   3.3666992187500000       -7.03296100E-04
   3.3715820312500000       -7.01613957E-04
   3.3764648437500000       -6.99941767E-04
   3.3813476562500000       -6.98279415E-04
   3.3862304687500000       -6.96626958E-04
   3.3911132812500000       -6.94983697E-04
   3.3959960937500000       -6.93349633E-04
   3.4008789062500000       -6.91725290E-04
   3.4057617187500000       -6.90110726E-04
   3.4106445312500000       -6.88505184E-04
   3.4155273437500000       -6.86908781E-04
   3.4204101562500000       -6.85321342E-04
   3.4252929687500000       -6.83743565E-04
   3.4301757812500000       -6.82174694E-04
   3.4350585937500000       -6.80615311E-04
   3.4399414062500000       -6.79064309E-04
   3.4448242187500000       -6.77522796E-04
   3.4497070312500000       -6.75990072E-04
   3.4545898437500000       -6.74466137E-04
   3.4594726562500000       -6.72951050E-04
   3.4643554687500000       -6.71444170E-04
   3.4692382812500000       -6.69946545E-04
   3.4741210937500000       -6.68457593E-04
   3.4790039062500000       -6.66977314E-04
   3.4838867187500000       -6.65505708E-04
   3.4887695312500000       -6.64042134E-04
   3.4936523437500000       -6.62587699E-04
   3.4985351562500000       -6.61141239E-04
   3.5034179687500000       -6.59703335E-04
   3.5083007812500000       -6.58273348E-04
   3.5131835937500000       -6.56851858E-04
   3.5180664062500000       -6.55438751E-04
   3.5229492187500000       -6.54034084E-04
   3.5278320312500000       -6.52637216E-04
   3.5327148437500000       -6.51248207E-04
   3.5375976562500000       -6.49868045E-04
   3.5424804687500000       -6.48495101E-04
   3.5473632812500000       -6.47130422E-04
   3.5522460937500000       -6.45773951E-04
   3.5571289062500000       -6.44425163E-04
   3.5620117187500000       -6.43084059E-04
   3.5668945312500000       -6.41751103E-04
   3.5717773437500000       -6.40425249E-04
   3.5766601562500000       -6.39108010E-04
   3.5815429687500000       -6.37797755E-04
   3.5864257812500000       -6.36495592E-04
   3.5913085937500000       -6.35200413E-04
   3.5961914062500000       -6.33913267E-04
   3.6010742187500000       -6.32633513E-04
   3.6059570312500000       -6.31361210E-04
   3.6108398437500000       -6.30096300E-04
   3.6157226562500000       -6.28839305E-04
   3.6206054687500000       -6.27589179E-04
   3.6254882812500000       -6.26346329E-04
   3.6303710937500000       -6.25110813E-04
   3.6352539062500000       -6.23882574E-04
   3.6401367187500000       -6.22661610E-04
   3.6450195312500000       -6.21447922E-04
   3.6499023437500000       -6.20240869E-04
   3.6547851562500000       -6.19041559E-04
   3.6596679687500000       -6.17848942E-04
   3.6645507812500000       -6.16663427E-04
   3.6694335937500000       -6.15484547E-04
   3.6743164062500000       -6.14312768E-04
   3.6791992187500000       -6.13148091E-04
   3.6840820312500000       -6.11990457E-04
   3.6889648437500000       -6.10839343E-04
   3.6938476562500000       -6.09695271E-04
   3.6987304687500000       -6.08557661E-04
   3.7036132812500000       -6.07427093E-04
   3.7084960937500000       -6.06302929E-04
   3.7133789062500000       -6.05185691E-04
   3.7182617187500000       -6.04074856E-04
   3.7231445312500000       -6.02970948E-04
   3.7280273437500000       -6.01873384E-04
   3.7329101562500000       -6.00782689E-04
   3.7377929687500000       -5.99697814E-04
   3.7426757812500000       -5.98620274E-04
   3.7475585937500000       -5.97548555E-04
   3.7524414062500000       -5.96483529E-04
   3.7573242187500000       -5.95424790E-04
   3.7622070312500000       -5.94372337E-04
   3.7670898437500000       -5.93326055E-04
   3.7719726562500000       -5.92286466E-04
   3.7768554687500000       -5.91252581E-04
   3.7817382812500000       -5.90225332E-04
   3.7866210937500000       -5.89204254E-04
   3.7915039062500000       -5.88189287E-04
   3.7963867187500000       -5.87180431E-04
   3.8012695312500000       -5.86177630E-04
   3.8061523437500000       -5.85180940E-04
   3.8110351562500000       -5.84190304E-04
   3.8159179687500000       -5.83205721E-04
   3.8208007812500000       -5.82227134E-04
   3.8256835937500000       -5.81254542E-04
   3.8305664062500000       -5.80288004E-04
   3.8354492187500000       -5.79326879E-04
   3.8403320312500000       -5.78372215E-04
   3.8452148437500000       -5.77423023E-04
   3.8500976562500000       -5.76479710E-04
   3.8549804687500000       -5.75542334E-04
   3.8598632812500000       -5.74610371E-04
   3.8647460937500000       -5.73684752E-04
   3.8696289062500000       -5.72764489E-04
   3.8745117187500000       -5.71849581E-04
   3.8793945312500000       -5.70940960E-04
   3.8842773437500000       -5.70037693E-04
   3.8891601562500000       -5.69139782E-04
   3.8940429687500000       -5.68248099E-04
   3.8989257812500000       -5.67361654E-04
   3.9038085937500000       -5.66480507E-04
   3.9086914062500000       -5.65605122E-04
   3.9135742187500000       -5.64734917E-04
   3.9184570312500000       -5.63870475E-04
   3.9233398437500000       -5.63011679E-04
   3.9282226562500000       -5.62158064E-04
   3.9331054687500000       -5.61309687E-04
   3.9379882812500000       -5.60466899E-04
   3.9428710937500000       -5.59629290E-04
   3.9477539062500000       -5.58797328E-04
   3.9526367187500000       -5.57970430E-04
   3.9575195312500000       -5.57148654E-04
   3.9624023437500000       -5.56332001E-04
   3.9672851562500000       -5.55520877E-04
   3.9721679687500000       -5.54715341E-04
   3.9770507812500000       -5.53914404E-04
   3.9819335937500000       -5.53118938E-04
   3.9868164062500000       -5.52328536E-04
   3.9916992187500000       -5.51543140E-04
   3.9965820312500000       -5.50762750E-04
   4.0014648437500000       -5.49987832E-04
   4.0063476562500000       -5.49217395E-04
   4.0112304687500000       -5.48452430E-04
   4.0161132812500000       -5.47692413E-04
   4.0209960937500000       -5.46937343E-04
   4.0258789062500000       -5.46187221E-04
   4.0307617187500000       -5.45441988E-04
   4.0356445312500000       -5.44701703E-04
   4.0405273437500000       -5.43966773E-04
   4.0454101562500000       -5.43236209E-04
   4.0502929687500000       -5.42510592E-04
   4.0551757812500000       -5.41789806E-04
   4.0600585937500000       -5.41073852E-04
   4.0649414062500000       -5.40363253E-04
   4.0698242187500000       -5.39656961E-04
   4.0747070312500000       -5.38955501E-04
   4.0795898437500000       -5.38258406E-04
   4.0844726562500000       -5.37566550E-04
   4.0893554687500000       -5.36879466E-04
   4.0942382812500000       -5.36196749E-04
   4.0991210937500000       -5.35518746E-04
   4.1040039062500000       -5.34845516E-04
   4.1088867187500000       -5.34177001E-04
   4.1137695312500000       -5.33513201E-04
   4.1186523437500000       -5.32853708E-04
   4.1235351562500000       -5.32199338E-04
   4.1284179687500000       -5.31548809E-04
   4.1333007812500000       -5.30903344E-04
   4.1381835937500000       -5.30262187E-04
   4.1430664062500000       -5.29625628E-04
   4.1479492187500000       -5.28993725E-04
   4.1528320312500000       -5.28366072E-04
   4.1577148437500000       -5.27743017E-04
   4.1625976562500000       -5.27124619E-04
   4.1674804687500000       -5.26510354E-04
   4.1723632812500000       -5.25900687E-04
   4.1772460937500000       -5.25295676E-04
   4.1821289062500000       -5.24694740E-04
   4.1870117187500000       -5.24097937E-04
   4.1918945312500000       -5.23505732E-04
   4.1967773437500000       -5.22918068E-04
   4.2016601562500000       -5.22334536E-04
   4.2065429687500000       -5.21755079E-04
   4.2114257812500000       -5.21180569E-04
   4.2163085937500000       -5.20609727E-04
   4.2211914062500000       -5.20043424E-04
   4.2260742187500000       -5.19481546E-04
   4.2309570312500000       -5.18923800E-04
   4.2358398437500000       -5.18370070E-04
   4.2407226562500000       -5.17820765E-04
   4.2456054687500000       -5.17275534E-04
   4.2504882812500000       -5.16734319E-04
   4.2553710937500000       -5.16197586E-04
   4.2602539062500000       -5.15664811E-04
   4.2651367187500000       -5.15136460E-04
   4.2700195312500000       -5.14612126E-04
   4.2749023437500000       -5.14091749E-04
   4.2797851562500000       -5.13575855E-04
   4.2846679687500000       -5.13063860E-04
   4.2895507812500000       -5.12555824E-04
   4.2944335937500000       -5.12051687E-04
   4.2993164062500000       -5.11552033E-04
   4.3041992187500000       -5.11056220E-04
   4.3090820312500000       -5.10564365E-04
   4.3139648437500000       -5.10076468E-04
   4.3188476562500000       -5.09592879E-04
   4.3237304687500000       -5.09112782E-04
   4.3286132812500000       -5.08636993E-04
   4.3334960937500000       -5.08165103E-04
   4.3383789062500000       -5.07697521E-04
   4.3432617187500000       -5.07233373E-04
   4.3481445312500000       -5.06773533E-04
   4.3530273437500000       -5.06317127E-04
   4.3579101562500000       -5.05865028E-04
   4.3627929687500000       -5.05416770E-04
   4.3676757812500000       -5.04972355E-04
   4.3725585937500000       -5.04531781E-04
   4.3774414062500000       -5.04094991E-04
   4.3823242187500000       -5.03662042E-04
   4.3872070312500000       -5.03233401E-04
   4.3920898437500000       -5.02808078E-04
   4.3969726562500000       -5.02386538E-04
   4.4018554687500000       -5.01969305E-04
   4.4067382812500000       -5.01555391E-04
   4.4116210937500000       -5.01145667E-04
   4.4165039062500000       -5.00739319E-04
   4.4213867187500000       -5.00337163E-04
   4.4262695312500000       -4.99938382E-04
   4.4311523437500000       -4.99543326E-04
   4.4360351562500000       -4.99152462E-04
   4.4409179687500000       -4.98764915E-04
   4.4458007812500000       -4.98381094E-04
   4.4506835937500000       -4.98001056E-04
   4.4555664062500000       -4.97624744E-04
   4.4604492187500000       -4.97252098E-04
   4.4653320312500000       -4.96883236E-04
   4.4702148437500000       -4.96518100E-04
   4.4750976562500000       -4.96156630E-04
   4.4799804687500000       -4.95798478E-04
   4.4848632812500000       -4.95444459E-04
   4.4897460937500000       -4.95093642E-04
   4.4946289062500000       -4.94746550E-04
   4.4995117187500000       -4.94403183E-04
   4.5043945312500000       -4.94063483E-04
   4.5092773437500000       -4.93726984E-04
   4.5141601562500000       -4.93394618E-04
   4.5190429687500000       -4.93065512E-04
   4.5239257812500000       -4.92740015E-04
   4.5288085937500000       -4.92418243E-04
   4.5336914062500000       -4.92100080E-04
   4.5385742187500000       -4.91785118E-04
   4.5434570312500000       -4.91473824E-04
   4.5483398437500000       -4.91166138E-04
   4.5532226562500000       -4.90862178E-04
   4.5581054687500000       -4.90561768E-04
   4.5629882812500000       -4.90264560E-04
   4.5678710937500000       -4.89971018E-04
   4.5727539062500000       -4.89680620E-04
   4.5776367187500000       -4.89394297E-04
   4.5825195312500000       -4.89111117E-04
   4.5874023437500000       -4.88831545E-04
   4.5922851562500000       -4.88555175E-04
   4.5971679687500000       -4.88282822E-04
   4.6020507812500000       -4.88013669E-04
   4.6069335937500000       -4.87747631E-04
   4.6118164062500000       -4.87485609E-04
   4.6166992187500000       -4.87226760E-04
   4.6215820312500000       -4.86971054E-04
   4.6264648437500000       -4.86718927E-04
   4.6313476562500000       -4.86470381E-04
   4.6362304687500000       -4.86225385E-04
   4.6411132812500000       -4.85983532E-04
   4.6459960937500000       -4.85745259E-04
   4.6508789062500000       -4.85510536E-04
   4.6557617187500000       -4.85278928E-04
   4.6606445312500000       -4.85050434E-04
   4.6655273437500000       -4.84825927E-04
   4.6704101562500000       -4.84604563E-04
   4.6752929687500000       -4.84386284E-04
   4.6801757812500000       -4.84171556E-04
   4.6850585937500000       -4.83960350E-04
   4.6899414062500000       -4.83752694E-04
   4.6948242187500000       -4.83547716E-04
   4.6997070312500000       -4.83346696E-04
   4.7045898437500000       -4.83148760E-04
   4.7094726562500000       -4.82954347E-04
   4.7143554687500000       -4.82763047E-04
   4.7192382812500000       -4.82575240E-04
   4.7241210937500000       -4.82390518E-04
   4.7290039062500000       -4.82209318E-04
   4.7338867187500000       -4.82031202E-04
   4.7387695312500000       -4.81856579E-04
   4.7436523437500000       -4.81685478E-04
   4.7485351562500000       -4.81517462E-04
   4.7534179687500000       -4.81352501E-04
   4.7583007812500000       -4.81191033E-04
   4.7631835937500000       -4.81033057E-04
   4.7680664062500000       -4.80878167E-04
   4.7729492187500000       -4.80726740E-04
   4.7778320312500000       -4.80578397E-04
   4.7827148437500000       -4.80433111E-04
   4.7875976562500000       -4.80291754E-04
   4.7924804687500000       -4.80152987E-04
   4.7973632812500000       -4.80017712E-04
   4.8022460937500000       -4.79885930E-04
   4.8071289062500000       -4.79757204E-04
   4.8120117187500000       -4.79631941E-04
   4.8168945312500000       -4.79509734E-04
   4.8217773437500000       -4.79390554E-04
   4.8266601562500000       -4.79274837E-04
   4.8315429687500000       -4.79162612E-04
   4.8364257812500000       -4.79053444E-04
   4.8413085937500000       -4.78947273E-04
   4.8461914062500000       -4.78844595E-04
   4.8510742187500000       -4.78745380E-04
   4.8559570312500000       -4.78649192E-04
   4.8608398437500000       -4.78556030E-04
   4.8657226562500000       -4.78466332E-04
   4.8706054687500000       -4.78379690E-04
   4.8754882812500000       -4.78296482E-04
   4.8803710937500000       -4.78216301E-04
   4.8852539062500000       -4.78139147E-04
   4.8901367187500000       -4.78065456E-04
   4.8950195312500000       -4.77995200E-04
   4.8999023437500000       -4.77927999E-04
   4.9047851562500000       -4.77863796E-04
   4.9096679687500000       -4.77803056E-04
   4.9145507812500000       -4.77745314E-04
   4.9194335937500000       -4.77691035E-04
   4.9243164062500000       -4.77639784E-04
   4.9291992187500000       -4.77591559E-04
   4.9340820312500000       -4.77546768E-04
   4.9389648437500000       -4.77505440E-04
   4.9438476562500000       -4.77467111E-04
   4.9487304687500000       -4.77431808E-04
   4.9536132812500000       -4.77399939E-04
   4.9584960937500000       -4.77371097E-04
   4.9633789062500000       -4.77345253E-04
   4.9682617187500000       -4.77322872E-04
   4.9731445312500000       -4.77303925E-04
   4.9780273437500000       -4.77288006E-04
   4.9829101562500000       -4.77275084E-04
   4.9877929687500000       -4.77265625E-04
   4.9926757812500000       -4.77259164E-04
   4.9975585937500000       -4.77256137E-04
   5.0024414062500000       -4.77256137E-04
   5.0073242187500000       -4.77259164E-04
   5.0122070312500000       -4.77265625E-04
   5.0170898437500000       -4.77275084E-04
   5.0219726562500000       -4.77288006E-04
   5.0268554687500000       -4.77303925E-04
   5.0317382812500000       -4.77322872E-04
   5.0366210937500000       -4.77345253E-04
   5.0415039062500000       -4.77371097E-04
   5.0463867187500000       -4.77399939E-04
   5.0512695312500000       -4.77431808E-04
   5.0561523437500000       -4.77467111E-04
   5.0610351562500000       -4.77505440E-04
   5.0659179687500000       -4.77546768E-04
   5.0708007812500000       -4.77591559E-04
   5.0756835937500000       -4.77639784E-04
   5.0805664062500000       -4.77691035E-04
   5.0854492187500000       -4.77745314E-04
   5.0903320312500000       -4.77803056E-04
   5.0952148437500000       -4.77863796E-04
   5.1000976562500000       -4.77927999E-04
   5.1049804687500000       -4.77995200E-04
   5.1098632812500000       -4.78065456E-04
   5.1147460937500000       -4.78139147E-04
   5.1196289062500000       -4.78216301E-04
   5.1245117187500000       -4.78296482E-04
   5.1293945312500000       -4.78379690E-04
   5.1342773437500000       -4.78466332E-04
   5.1391601562500000       -4.78556030E-04
   5.1440429687500000       -4.78649192E-04
   5.1489257812500000       -4.78745380E-04
   5.1538085937500000       -4.78844595E-04
   5.1586914062500000       -4.78947273E-04
   5.1635742187500000       -4.79053444E-04
   5.1684570312500000       -4.79162612E-04
   5.1733398437500000       -4.79274837E-04
   5.1782226562500000       -4.79390554E-04
   5.1831054687500000       -4.79509734E-04
   5.1879882812500000       -4.79631941E-04
   5.1928710937500000       -4.79757204E-04
   5.1977539062500000       -4.79885930E-04
   5.2026367187500000       -4.80017712E-04
   5.2075195312500000       -4.80152987E-04
   5.2124023437500000       -4.80291754E-04
   5.2172851562500000       -4.80433111E-04
   5.2221679687500000       -4.80578397E-04
   5.2270507812500000       -4.80726740E-04
   5.2319335937500000       -4.80878167E-04
   5.2368164062500000       -4.81033057E-04
   5.2416992187500000       -4.81191033E-04
   5.2465820312500000       -4.81352501E-04
   5.2514648437500000       -4.81517462E-04
   5.2563476562500000       -4.81685478E-04
   5.2612304687500000       -4.81856579E-04
   5.2661132812500000       -4.82031202E-04
   5.2709960937500000       -4.82209318E-04
   5.2758789062500000       -4.82390518E-04
   5.2807617187500000       -4.82575240E-04
   5.2856445312500000       -4.82763047E-04
   5.2905273437500000       -4.82954347E-04
   5.2954101562500000       -4.83148760E-04
   5.3002929687500000       -4.83346696E-04
   5.3051757812500000       -4.83547716E-04
   5.3100585937500000       -4.83752694E-04
   5.3149414062500000       -4.83960350E-04
   5.3198242187500000       -4.84171556E-04
   5.3247070312500000       -4.84386284E-04
   5.3295898437500000       -4.84604563E-04
   5.3344726562500000       -4.84825927E-04
   5.3393554687500000       -4.85050434E-04
   5.3442382812500000       -4.85278928E-04
   5.3491210937500000       -4.85510536E-04
   5.3540039062500000       -4.85745259E-04
   5.3588867187500000       -4.85983532E-04
   5.3637695312500000       -4.86225385E-04
   5.3686523437500000       -4.86470381E-04
   5.3735351562500000       -4.86718927E-04
   5.3784179687500000       -4.86971054E-04
   5.3833007812500000       -4.87226760E-04
   5.3881835937500000       -4.87485609E-04
   5.3930664062500000       -4.87747631E-04
   5.3979492187500000       -4.88013669E-04
   5.4028320312500000       -4.88282822E-04
   5.4077148437500000       -4.88555175E-04
   5.4125976562500000       -4.88831545E-04
   5.4174804687500000       -4.89111117E-04
   5.4223632812500000       -4.89394297E-04
   5.4272460937500000       -4.89680620E-04
   5.4321289062500000       -4.89971018E-04
   5.4370117187500000       -4.90264560E-04
   5.4418945312500000       -4.90561768E-04
   5.4467773437500000       -4.90862178E-04
   5.4516601562500000       -4.91166138E-04
   5.4565429687500000       -4.91473824E-04
   5.4614257812500000       -4.91785118E-04
   5.4663085937500000       -4.92100080E-04
   5.4711914062500000       -4.92418243E-04
   5.4760742187500000       -4.92740015E-04
   5.4809570312500000       -4.93065512E-04
   5.4858398437500000       -4.93394618E-04
   5.4907226562500000       -4.93726984E-04
   5.4956054687500000       -4.94063483E-04
   5.5004882812500000       -4.94403183E-04
   5.5053710937500000       -4.94746550E-04
   5.5102539062500000       -4.95093642E-04
   5.5151367187500000       -4.95444459E-04
   5.5200195312500000       -4.95798478E-04
   5.5249023437500000       -4.96156630E-04
   5.5297851562500000       -4.96518100E-04
   5.5346679687500000       -4.96883236E-04
   5.5395507812500000       -4.97252098E-04
   5.5444335937500000       -4.97624744E-04
   5.5493164062500000       -4.98001056E-04
   5.5541992187500000       -4.98381094E-04
   5.5590820312500000       -4.98764915E-04
   5.5639648437500000       -4.99152462E-04
   5.5688476562500000       -4.99543326E-04
   5.5737304687500000       -4.99938382E-04
   5.5786132812500000       -5.00337163E-04
   5.5834960937500000       -5.00739319E-04
   5.5883789062500000       -5.01145667E-04
   5.5932617187500000       -5.01555391E-04
   5.5981445312500000       -5.01969305E-04
   5.6030273437500000       -5.02386538E-04
   5.6079101562500000       -5.02808078E-04
   5.6127929687500000       -5.03233401E-04
   5.6176757812500000       -5.03662042E-04
   5.6225585937500000       -5.04094991E-04
   5.6274414062500000       -5.04531781E-04
   5.6323242187500000       -5.04972355E-04
   5.6372070312500000       -5.05416770E-04
   5.6420898437500000       -5.05865028E-04
   5.6469726562500000       -5.06317127E-04
   5.6518554687500000       -5.06773533E-04
   5.6567382812500000       -5.07233373E-04
   5.6616210937500000       -5.07697521E-04
   5.6665039062500000       -5.08165103E-04
   5.6713867187500000       -5.08636993E-04
   5.6762695312500000       -5.09112782E-04
   5.6811523437500000       -5.09592879E-04
   5.6860351562500000       -5.10076468E-04
   5.6909179687500000       -5.10564365E-04
   5.6958007812500000       -5.11056220E-04
   5.7006835937500000       -5.11552033E-04
   5.7055664062500000       -5.12051687E-04
   5.7104492187500000       -5.12555824E-04
   5.7153320312500000       -5.13063860E-04
   5.7202148437500000       -5.13575855E-04
   5.7250976562500000       -5.14091749E-04
   5.7299804687500000       -5.14612126E-04
   5.7348632812500000       -5.15136460E-04
   5.7397460937500000       -5.15664811E-04
   5.7446289062500000       -5.16197586E-04
   5.7495117187500000       -5.16734319E-04
   5.7543945312500000       -5.17275534E-04
   5.7592773437500000       -5.17820765E-04
   5.7641601562500000       -5.18370070E-04
   5.7690429687500000       -5.18923800E-04
   5.7739257812500000       -5.19481546E-04
   5.7788085937500000       -5.20043424E-04
   5.7836914062500000       -5.20609727E-04
   5.7885742187500000       -5.21180569E-04
   5.7934570312500000       -5.21755079E-04
   5.7983398437500000       -5.22334536E-04
   5.8032226562500000       -5.22918068E-04
   5.8081054687500000       -5.23505732E-04
   5.8129882812500000       -5.24097937E-04
   5.8178710937500000       -5.24694740E-04
   5.8227539062500000       -5.25295676E-04
   5.8276367187500000       -5.25900687E-04
   5.8325195312500000       -5.26510354E-04
   5.8374023437500000       -5.27124619E-04
   5.8422851562500000       -5.27743017E-04
   5.8471679687500000       -5.28366072E-04
   5.8520507812500000       -5.28993725E-04
   5.8569335937500000       -5.29625628E-04
   5.8618164062500000       -5.30262187E-04
   5.8666992187500000       -5.30903344E-04
   5.8715820312500000       -5.31548809E-04
   5.8764648437500000       -5.32199338E-04
   5.8813476562500000       -5.32853708E-04
   5.8862304687500000       -5.33513201E-04
   5.8911132812500000       -5.34177001E-04
   5.8959960937500000       -5.34845516E-04
   5.9008789062500000       -5.35518746E-04
   5.9057617187500000       -5.36196749E-04
   5.9106445312500000       -5.36879466E-04
   5.9155273437500000       -5.37566550E-04
   5.9204101562500000       -5.38258406E-04
   5.9252929687500000       -5.38955501E-04
   5.9301757812500000       -5.39656961E-04
   5.9350585937500000       -5.40363253E-04
   5.9399414062500000       -5.41073852E-04
   5.9448242187500000       -5.41789806E-04
   5.9497070312500000       -5.42510592E-04
   5.9545898437500000       -5.43236209E-04
   5.9594726562500000       -5.43966773E-04
   5.9643554687500000       -5.44701703E-04
   5.9692382812500000       -5.45441988E-04
   5.9741210937500000       -5.46187221E-04
   5.9790039062500000       -5.46937343E-04
   5.9838867187500000       -5.47692413E-04
   5.9887695312500000       -5.48452430E-04
   5.9936523437500000       -5.49217395E-04
   5.9985351562500000       -5.49987832E-04
   6.0034179687500000       -5.50762750E-04
   6.0083007812500000       -5.51543140E-04
   6.0131835937500000       -5.52328536E-04
   6.0180664062500000       -5.53118938E-04
   6.0229492187500000       -5.53914404E-04
   6.0278320312500000       -5.54715341E-04
   6.0327148437500000       -5.55520877E-04
   6.0375976562500000       -5.56332001E-04
   6.0424804687500000       -5.57148654E-04
   6.0473632812500000       -5.57970430E-04
   6.0522460937500000       -5.58797328E-04
   6.0571289062500000       -5.59629290E-04
   6.0620117187500000       -5.60466899E-04
   6.0668945312500000       -5.61309687E-04
   6.0717773437500000       -5.62158064E-04
   6.0766601562500000       -5.63011679E-04
   6.0815429687500000       -5.63870475E-04
   6.0864257812500000       -5.64734917E-04
   6.0913085937500000       -5.65605122E-04
   6.0961914062500000       -5.66480507E-04
   6.1010742187500000       -5.67361654E-04
   6.1059570312500000       -5.68248099E-04
   6.1108398437500000       -5.69139782E-04
   6.1157226562500000       -5.70037693E-04
   6.1206054687500000       -5.70940960E-04
   6.1254882812500000       -5.71849581E-04
   6.1303710937500000       -5.72764489E-04
   6.1352539062500000       -5.73684752E-04
   6.1401367187500000       -5.74610371E-04
   6.1450195312500000       -5.75542334E-04
   6.1499023437500000       -5.76479710E-04
   6.1547851562500000       -5.77423023E-04
   6.1596679687500000       -5.78372215E-04
   6.1645507812500000       -5.79326879E-04
   6.1694335937500000       -5.80288004E-04
   6.1743164062500000       -5.81254542E-04
   6.1791992187500000       -5.82227134E-04
   6.1840820312500000       -5.83205721E-04
   6.1889648437500000       -5.84190304E-04
   6.1938476562500000       -5.85180940E-04
   6.1987304687500000       -5.86177630E-04
   6.2036132812500000       -5.87180431E-04
   6.2084960937500000       -5.88189287E-04
   6.2133789062500000       -5.89204254E-04
   6.2182617187500000       -5.90225332E-04
   6.2231445312500000       -5.91252581E-04
   6.2280273437500000       -5.92286466E-04
   6.2329101562500000       -5.93326055E-04
   6.2377929687500000       -5.94372337E-04
   6.2426757812500000       -5.95424790E-04
   6.2475585937500000       -5.96483529E-04
   6.2524414062500000       -5.97548555E-04
   6.2573242187500000       -5.98620274E-04
   6.2622070312500000       -5.99697814E-04
   6.2670898437500000       -6.00782689E-04
   6.2719726562500000       -6.01873384E-04
   6.2768554687500000       -6.02970948E-04
   6.2817382812500000       -6.04074856E-04
   6.2866210937500000       -6.05185691E-04
   6.2915039062500000       -6.06302929E-04
   6.2963867187500000       -6.07427093E-04
   6.3012695312500000       -6.08557661E-04
   6.3061523437500000       -6.09695271E-04
   6.3110351562500000       -6.10839343E-04
   6.3159179687500000       -6.11990457E-04
   6.3208007812500000       -6.13148091E-04
   6.3256835937500000       -6.14312768E-04
   6.3305664062500000       -6.15484547E-04
   6.3354492187500000       -6.16663427E-04
   6.3403320312500000       -6.17848942E-04
   6.3452148437500000       -6.19041559E-04
   6.3500976562500000       -6.20240869E-04
   6.3549804687500000       -6.21447922E-04
   6.3598632812500000       -6.22661610E-04
   6.3647460937500000       -6.23882574E-04
   6.3696289062500000       -6.25110813E-04
   6.3745117187500000       -6.26346329E-04
   6.3793945312500000       -6.27589179E-04
   6.3842773437500000       -6.28839305E-04
   6.3891601562500000       -6.30096300E-04
   6.3940429687500000       -6.31361210E-04
   6.3989257812500000       -6.32633513E-04
   6.4038085937500000       -6.33913267E-04
   6.4086914062500000       -6.35200413E-04
   6.4135742187500000       -6.36495592E-04
   6.4184570312500000       -6.37797755E-04
   6.4233398437500000       -6.39108010E-04
   6.4282226562500000       -6.40425249E-04
   6.4331054687500000       -6.41751103E-04
   6.4379882812500000       -6.43084059E-04
   6.4428710937500000       -6.44425163E-04
   6.4477539062500000       -6.45773951E-04
   6.4526367187500000       -6.47130422E-04
   6.4575195312500000       -6.48495101E-04
   6.4624023437500000       -6.49868045E-04
   6.4672851562500000       -6.51248207E-04
   6.4721679687500000       -6.52637216E-04
   6.4770507812500000       -6.54034084E-04
   6.4819335937500000       -6.55438751E-04
   6.4868164062500000       -6.56851858E-04
   6.4916992187500000       -6.58273348E-04
   6.4965820312500000       -6.59703335E-04
   6.5014648437500000       -6.61141239E-04
   6.5063476562500000       -6.62587699E-04
   6.5112304687500000       -6.64042134E-04
   6.5161132812500000       -6.65505708E-04
   6.5209960937500000       -6.66977314E-04
   6.5258789062500000       -6.68457593E-04
   6.5307617187500000       -6.69946545E-04
   6.5356445312500000       -6.71444170E-04
   6.5405273437500000       -6.72951050E-04
   6.5454101562500000       -6.74466137E-04
   6.5502929687500000       -6.75990072E-04
   6.5551757812500000       -6.77522796E-04
   6.5600585937500000       -6.79064309E-04
   6.5649414062500000       -6.80615311E-04
   6.5698242187500000       -6.82174694E-04
   6.5747070312500000       -6.83743565E-04
   6.5795898437500000       -6.85321342E-04
   6.5844726562500000       -6.86908781E-04
   6.5893554687500000       -6.88505184E-04
   6.5942382812500000       -6.90110726E-04
   6.5991210937500000       -6.91725290E-04
   6.6040039062500000       -6.93349633E-04
   6.6088867187500000       -6.94983697E-04
   6.6137695312500000       -6.96626958E-04
   6.6186523437500000       -6.98279415E-04
   6.6235351562500000       -6.99941767E-04
   6.6284179687500000       -7.01613957E-04
   6.6333007812500000       -7.03296100E-04
   6.6381835937500000       -7.04987615E-04
   6.6430664062500000       -7.06689083E-04
   6.6479492187500000       -7.08400039E-04
   6.6528320312500000       -7.10121589E-04
   6.6577148437500000       -7.11852626E-04
   6.6625976562500000       -7.13594432E-04
   6.6674804687500000       -7.15345785E-04
   6.6723632812500000       -7.17107381E-04
   6.6772460937500000       -7.18879222E-04
   6.6821289062500000       -7.20661308E-04
   6.6870117187500000       -7.22454337E-04
   6.6918945312500000       -7.24257086E-04
   6.6967773437500000       -7.26070837E-04
   6.7016601562500000       -7.27895065E-04
   6.7065429687500000       -7.29729712E-04
   6.7114257812500000       -7.31575536E-04
   6.7163085937500000       -7.33431836E-04
   6.7211914062500000       -7.35298789E-04
   6.7260742187500000       -7.37176917E-04
   6.7309570312500000       -7.39065756E-04
   6.7358398437500000       -7.40965304E-04
   6.7407226562500000       -7.42876844E-04
   6.7456054687500000       -7.44799094E-04
   6.7504882812500000       -7.46732287E-04
   6.7553710937500000       -7.48676888E-04
   6.7602539062500000       -7.50633073E-04
   6.7651367187500000       -7.52600783E-04
   6.7700195312500000       -7.54579552E-04
   6.7749023437500000       -7.56570545E-04
   6.7797851562500000       -7.58572714E-04
   6.7846679687500000       -7.60586583E-04
   6.7895507812500000       -7.62612850E-04
   6.7944335937500000       -7.64650351E-04
   6.7993164062500000       -7.66700367E-04
   6.8041992187500000       -7.68761733E-04
   6.8090820312500000       -7.70835613E-04
   6.8139648437500000       -7.72921601E-04
   6.8188476562500000       -7.75019696E-04
   6.8237304687500000       -7.77130481E-04
   6.8286132812500000       -7.79253431E-04
   6.8334960937500000       -7.81388662E-04
   6.8383789062500000       -7.83536700E-04
   6.8432617187500000       -7.85697135E-04
   6.8481445312500000       -7.87870551E-04
   6.8530273437500000       -7.90057005E-04
   6.8579101562500000       -7.92255974E-04
   6.8627929687500000       -7.94468040E-04
   6.8676757812500000       -7.96693319E-04
   6.8725585937500000       -7.98931287E-04
   6.8774414062500000       -8.01183109E-04
   6.8823242187500000       -8.03447736E-04
   6.8872070312500000       -8.05725751E-04
   6.8920898437500000       -8.08017270E-04
   6.8969726562500000       -8.10322876E-04
   6.9018554687500000       -8.12641520E-04
   6.9067382812500000       -8.14974366E-04
   6.9116210937500000       -8.17320950E-04
   6.9165039062500000       -8.19681329E-04
   6.9213867187500000       -8.22055445E-04
   6.9262695312500000       -8.24444112E-04
   6.9311523437500000       -8.26846692E-04
   6.9360351562500000       -8.29263940E-04
   6.9409179687500000       -8.31695215E-04
   6.9458007812500000       -8.34141218E-04
   6.9506835937500000       -8.36601364E-04
   6.9555664062500000       -8.39076412E-04
   6.9604492187500000       -8.41566420E-04
   6.9653320312500000       -8.44071386E-04
   6.9702148437500000       -8.46591429E-04
   6.9750976562500000       -8.49125907E-04
   6.9799804687500000       -8.51675635E-04
   6.9848632812500000       -8.54241254E-04
   6.9897460937500000       -8.56822182E-04
   6.9946289062500000       -8.59417836E-04
   6.9995117187500000       -8.62029614E-04
   7.0043945312500000       -8.64656875E-04
   7.0092773437500000       -8.67300376E-04
   7.0141601562500000       -8.69959535E-04
   7.0190429687500000       -8.72634468E-04
   7.0239257812500000       -8.75325757E-04
   7.0288085937500000       -8.78032995E-04
   7.0336914062500000       -8.80756765E-04
   7.0385742187500000       -8.83496599E-04
   7.0434570312500000       -8.86253780E-04
   7.0483398437500000       -8.89027142E-04
   7.0532226562500000       -8.91817384E-04
   7.0581054687500000       -8.94623867E-04
   7.0629882812500000       -8.97448102E-04
   7.0678710937500000       -9.00289451E-04
   7.0727539062500000       -9.03147971E-04
   7.0776367187500000       -9.06023721E-04
   7.0825195312500000       -9.08916874E-04
   7.0874023437500000       -9.11828072E-04
   7.0922851562500000       -9.14756733E-04
   7.0971679687500000       -9.17703030E-04
   7.1020507812500000       -9.20667662E-04
   7.1069335937500000       -9.23649990E-04
   7.1118164062500000       -9.26650828E-04
   7.1166992187500000       -9.29669593E-04
   7.1215820312500000       -9.32707044E-04
   7.1264648437500000       -9.35763877E-04
   7.1313476562500000       -9.38838173E-04
   7.1362304687500000       -9.41932085E-04
   7.1411132812500000       -9.45045031E-04
   7.1459960937500000       -9.48177010E-04
   7.1508789062500000       -9.51328198E-04
   7.1557617187500000       -9.54498712E-04
   7.1606445312500000       -9.57688550E-04
   7.1655273437500000       -9.60898527E-04
   7.1704101562500000       -9.64128063E-04
   7.1752929687500000       -9.67377913E-04
   7.1801757812500000       -9.70647496E-04
   7.1850585937500000       -9.73937567E-04
   7.1899414062500000       -9.77247604E-04
   7.1948242187500000       -9.80578363E-04
   7.1997070312500000       -9.83929844E-04
   7.2045898437500000       -9.87302396E-04
   7.2094726562500000       -9.90695786E-04
   7.2143554687500000       -9.94110364E-04
   7.2192382812500000       -9.97546129E-04
   7.2241210937500000       -1.00100320E-03
   7.2290039062500000       -1.00448239E-03
   7.2338867187500000       -1.00798241E-03
   7.2387695312500000       -1.01150468E-03
   7.2436523437500000       -1.01504952E-03
   7.2485351562500000       -1.01861614E-03
   7.2534179687500000       -1.02220534E-03
   7.2583007812500000       -1.02581666E-03
   7.2631835937500000       -1.02945149E-03
   7.2680664062500000       -1.03310857E-03
   7.2729492187500000       -1.03678880E-03
   7.2778320312500000       -1.04049232E-03
   7.2827148437500000       -1.04421901E-03
   7.2875976562500000       -1.04796921E-03
   7.2924804687500000       -1.05174293E-03
   7.2973632812500000       -1.05554110E-03
   7.3022460937500000       -1.05936301E-03
   7.3071289062500000       -1.06320949E-03
   7.3120117187500000       -1.06708007E-03
   7.3168945312500000       -1.07097556E-03
   7.3217773437500000       -1.07489596E-03
   7.3266601562500000       -1.07884081E-03
   7.3315429687500000       -1.08281162E-03
   7.3364257812500000       -1.08680699E-03
   7.3413085937500000       -1.09082798E-03
   7.3461914062500000       -1.09487528E-03
   7.3510742187500000       -1.09894760E-03
   7.3559570312500000       -1.10304658E-03
   7.3608398437500000       -1.10717234E-03
   7.3657226562500000       -1.11132360E-03
   7.3706054687500000       -1.11550244E-03
   7.3754882812500000       -1.11970783E-03
   7.3803710937500000       -1.12394057E-03
   7.3852539062500000       -1.12819998E-03
   7.3901367187500000       -1.13248767E-03
   7.3950195312500000       -1.13680249E-03
   7.3999023437500000       -1.14114583E-03
   7.4047851562500000       -1.14551641E-03
   7.4096679687500000       -1.14991597E-03
   7.4145507812500000       -1.15434465E-03
   7.4194335937500000       -1.15880184E-03
   7.4243164062500000       -1.16328755E-03
   7.4291992187500000       -1.16780284E-03
   7.4340820312500000       -1.17234781E-03
   7.4389648437500000       -1.17692177E-03
   7.4438476562500000       -1.18152588E-03
   7.4487304687500000       -1.18616084E-03
   7.4536132812500000       -1.19082537E-03
   7.4584960937500000       -1.19552109E-03
   7.4633789062500000       -1.20024756E-03
   7.4682617187500000       -1.20500475E-03
   7.4731445312500000       -1.20979373E-03
   7.4780273437500000       -1.21461379E-03
   7.4829101562500000       -1.21946598E-03
   7.4877929687500000       -1.22435042E-03
   7.4926757812500000       -1.22926733E-03
   7.4975585937500000       -1.23421685E-03
   7.5024414062500000       -1.23919838E-03
   7.5073242187500000       -1.24421355E-03
   7.5122070312500000       -1.24926190E-03
   7.5170898437500000       -1.25434448E-03
   7.5219726562500000       -1.25946046E-03
   7.5268554687500000       -1.26461021E-03
   7.5317382812500000       -1.26979453E-03
   7.5366210937500000       -1.27501378E-03
   7.5415039062500000       -1.28026807E-03
   7.5463867187500000       -1.28555764E-03
   7.5512695312500000       -1.29088259E-03
   7.5561523437500000       -1.29624328E-03
   7.5610351562500000       -1.30164053E-03
   7.5659179687500000       -1.30707386E-03
   7.5708007812500000       -1.31254341E-03
   7.5756835937500000       -1.31805020E-03
   7.5805664062500000       -1.32359448E-03
   7.5854492187500000       -1.32917555E-03
   7.5903320312500000       -1.33479538E-03
   7.5952148437500000       -1.34045247E-03
   7.6000976562500000       -1.34614878E-03
   7.6049804687500000       -1.35188352E-03
   7.6098632812500000       -1.35765783E-03
   7.6147460937500000       -1.36347115E-03
   7.6196289062500000       -1.36932370E-03
   7.6245117187500000       -1.37521734E-03
   7.6293945312500000       -1.38115056E-03
   7.6342773437500000       -1.38712453E-03
   7.6391601562500000       -1.39313936E-03
   7.6440429687500000       -1.39919634E-03
   7.6489257812500000       -1.40529382E-03
   7.6538085937500000       -1.41143473E-03
   7.6586914062500000       -1.41761650E-03
   7.6635742187500000       -1.42384227E-03
   7.6684570312500000       -1.43011042E-03
   7.6733398437500000       -1.43642200E-03
   7.6782226562500000       -1.44277827E-03
   7.6831054687500000       -1.44917762E-03
   7.6879882812500000       -1.45562214E-03
   7.6928710937500000       -1.46211113E-03
   7.6977539062500000       -1.46864576E-03
   7.7026367187500000       -1.47522544E-03
   7.7075195312500000       -1.48185133E-03
   7.7124023437500000       -1.48852367E-03
   7.7172851562500000       -1.49524270E-03
   7.7221679687500000       -1.50200876E-03
   7.7270507812500000       -1.50882301E-03
   7.7319335937500000       -1.51568488E-03
   7.7368164062500000       -1.52259448E-03
   7.7416992187500000       -1.52955414E-03
   7.7465820312500000       -1.53656211E-03
   7.7514648437500000       -1.54361979E-03
   7.7563476562500000       -1.55072729E-03
   7.7612304687500000       -1.55788497E-03
   7.7661132812500000       -1.56509411E-03
   7.7709960937500000       -1.57235411E-03
   7.7758789062500000       -1.57966616E-03
   7.7807617187500000       -1.58702955E-03
   7.7856445312500000       -1.59444660E-03
   7.7905273437500000       -1.60191569E-03
   7.7954101562500000       -1.60943903E-03
   7.8002929687500000       -1.61701604E-03
   7.8051757812500000       -1.62464799E-03
   7.8100585937500000       -1.63233408E-03
   7.8149414062500000       -1.64007582E-03
   7.8198242187500000       -1.64787250E-03
   7.8247070312500000       -1.65572634E-03
   7.8295898437500000       -1.66363677E-03
   7.8344726562500000       -1.67160423E-03
   7.8393554687500000       -1.67962979E-03
   7.8442382812500000       -1.68771308E-03
   7.8491210937500000       -1.69585634E-03
   7.8540039062500000       -1.70405791E-03
   7.8588867187500000       -1.71231921E-03
   7.8637695312500000       -1.72064046E-03
   7.8686523437500000       -1.72902329E-03
   7.8735351562500000       -1.73746678E-03
   7.8784179687500000       -1.74597255E-03
   7.8833007812500000       -1.75454095E-03
   7.8881835937500000       -1.76317221E-03
   7.8930664062500000       -1.77186681E-03
   7.8979492187500000       -1.78062520E-03
   7.9028320312500000       -1.78944878E-03
   7.9077148437500000       -1.79833698E-03
   7.9125976562500000       -1.80729106E-03
   7.9174804687500000       -1.81631150E-03
   7.9223632812500000       -1.82539877E-03
   7.9272460937500000       -1.83455436E-03
   7.9321289062500000       -1.84377655E-03
   7.9370117187500000       -1.85306894E-03
   7.9418945312500000       -1.86242990E-03
   7.9467773437500000       -1.87186082E-03
   7.9516601562500000       -1.88136217E-03
   7.9565429687500000       -1.89093547E-03
   7.9614257812500000       -1.90058025E-03
   7.9663085937500000       -1.91029673E-03
   7.9711914062500000       -1.92008761E-03
   7.9760742187500000       -1.92995137E-03
   7.9809570312500000       -1.93988928E-03
   7.9858398437500000       -1.94990309E-03
   7.9907226562500000       -1.95999211E-03
   7.9956054687500000       -1.97015819E-03
   8.0004882812500000       -1.98040134E-03
   8.0053710937500000       -1.99072133E-03
   8.0102539062500000       -2.00112071E-03
   8.0151367187500000       -2.01159902E-03
   8.0200195312500000       -2.02215766E-03
   8.0249023437500000       -2.03279732E-03
   8.0297851562500000       -2.04351754E-03
   8.0346679687500000       -2.05431948E-03
   8.0395507812500000       -2.06520548E-03
   8.0444335937500000       -2.07617553E-03
   8.0493164062500000       -2.08722823E-03
   8.0541992187500000       -2.09836732E-03
   8.0590820312500000       -2.10959255E-03
   8.0639648437500000       -2.12090416E-03
   8.0688476562500000       -2.13230401E-03
   8.0737304687500000       -2.14379141E-03
   8.0786132812500000       -2.15536845E-03
   8.0834960937500000       -2.16703536E-03
   8.0883789062500000       -2.17879284E-03
   8.0932617187500000       -2.19064159E-03
   8.0981445312500000       -2.20258441E-03
   8.1030273437500000       -2.21461966E-03
   8.1079101562500000       -2.22674920E-03
   8.1127929687500000       -2.23897374E-03
   8.1176757812500000       -2.25129374E-03
   8.1225585937500000       -2.26371223E-03
   8.1274414062500000       -2.27622758E-03
   8.1323242187500000       -2.28884164E-03
   8.1372070312500000       -2.30155489E-03
   8.1420898437500000       -2.31436966E-03
   8.1469726562500000       -2.32728617E-03
   8.1518554687500000       -2.34030420E-03
   8.1567382812500000       -2.35342653E-03
   8.1616210937500000       -2.36665318E-03
   8.1665039062500000       -2.37998459E-03
   8.1713867187500000       -2.39342265E-03
   8.1762695312500000       -2.40696804E-03
   8.1811523437500000       -2.42062309E-03
   8.1860351562500000       -2.43438571E-03
   8.1909179687500000       -2.44826055E-03
   8.1958007812500000       -2.46224599E-03
   8.2006835937500000       -2.47634389E-03
   8.2055664062500000       -2.49055633E-03
   8.2104492187500000       -2.50488264E-03
   8.2153320312500000       -2.51932535E-03
   8.2202148437500000       -2.53388518E-03
   8.2250976562500000       -2.54856376E-03
   8.2299804687500000       -2.56335991E-03
   8.2348632812500000       -2.57827807E-03
   8.2397460937500000       -2.59331660E-03
   8.2446289062500000       -2.60847877E-03
   8.2495117187500000       -2.62376457E-03
   8.2543945312500000       -2.63917563E-03
   8.2592773437500000       -2.65471195E-03
   8.2641601562500000       -2.67037703E-03
   8.2690429687500000       -2.68617016E-03
   8.2739257812500000       -2.70209392E-03
   8.2788085937500000       -2.71814922E-03
   8.2836914062500000       -2.73433677E-03
   8.2885742187500000       -2.75065750E-03
   8.2934570312500000       -2.76711420E-03
   8.2983398437500000       -2.78370734E-03
   8.3032226562500000       -2.80043948E-03
   8.3081054687500000       -2.81730900E-03
   8.3129882812500000       -2.83431960E-03
   8.3178710937500000       -2.85147340E-03
   8.3227539062500000       -2.86876899E-03
   8.3276367187500000       -2.88621010E-03
   8.3325195312500000       -2.90379790E-03
   8.3374023437500000       -2.92153168E-03
   8.3422851562500000       -2.93941563E-03
   8.3471679687500000       -2.95745092E-03
   8.3520507812500000       -2.97563733E-03
   8.3569335937500000       -2.99397833E-03
   8.3618164062500000       -3.01247416E-03
   8.3666992187500000       -3.03112553E-03
   8.3715820312500000       -3.04993684E-03
   8.3764648437500000       -3.06890788E-03
   8.3813476562500000       -3.08803935E-03
   8.3862304687500000       -3.10733449E-03
   8.3911132812500000       -3.12679401E-03
   8.3959960937500000       -3.14641930E-03
   8.4008789062500000       -3.16621480E-03
   8.4057617187500000       -3.18617863E-03
   8.4106445312500000       -3.20631359E-03
   8.4155273437500000       -3.22662247E-03
   8.4204101562500000       -3.24710668E-03
   8.4252929687500000       -3.26776574E-03
   8.4301757812500000       -3.28860572E-03
   8.4350585937500000       -3.30962497E-03
   8.4399414062500000       -3.33082629E-03
   8.4448242187500000       -3.35221109E-03
   8.4497070312500000       -3.37378238E-03
   8.4545898437500000       -3.39554157E-03
   8.4594726562500000       -3.41749168E-03
   8.4643554687500000       -3.43963271E-03
   8.4692382812500000       -3.46196746E-03
   8.4741210937500000       -3.48449731E-03
   8.4790039062500000       -3.50722414E-03
   8.4838867187500000       -3.53015237E-03
   8.4887695312500000       -3.55328224E-03
   8.4936523437500000       -3.57661513E-03
   8.4985351562500000       -3.60015407E-03
   8.5034179687500000       -3.62390094E-03
   8.5083007812500000       -3.64785898E-03
   8.5131835937500000       -3.67202982E-03
   8.5180664062500000       -3.69641487E-03
   8.5229492187500000       -3.72101599E-03
   8.5278320312500000       -3.74583807E-03
   8.5327148437500000       -3.77087994E-03
   8.5375976562500000       -3.79614602E-03
   8.5424804687500000       -3.82163865E-03
   8.5473632812500000       -3.84735921E-03
   8.5522460937500000       -3.87331168E-03
   8.5571289062500000       -3.89949721E-03
   8.5620117187500000       -3.92591814E-03
   8.5668945312500000       -3.95257818E-03
   8.5717773437500000       -3.97947710E-03
   8.5766601562500000       -4.00662236E-03
   8.5815429687500000       -4.03401209E-03
   8.5864257812500000       -4.06165002E-03
   8.5913085937500000       -4.08953847E-03
   8.5961914062500000       -4.11768304E-03
   8.6010742187500000       -4.14608186E-03
   8.6059570312500000       -4.17474238E-03
   8.6108398437500000       -4.20366321E-03
   8.6157226562500000       -4.23284993E-03
   8.6206054687500000       -4.26230347E-03
   8.6254882812500000       -4.29202896E-03
   8.6303710937500000       -4.32202686E-03
   8.6352539062500000       -4.35230136E-03
   8.6401367187500000       -4.38285666E-03
   8.6450195312500000       -4.41369321E-03
   8.6499023437500000       -4.44481522E-03
   8.6547851562500000       -4.47622640E-03
   8.6596679687500000       -4.50792955E-03
   8.6645507812500000       -4.53992700E-03
   8.6694335937500000       -4.57222341E-03
   8.6743164062500000       -4.60481877E-03
   8.6791992187500000       -4.63772146E-03
   8.6840820312500000       -4.67093196E-03
   8.6889648437500000       -4.70445119E-03
   8.6938476562500000       -4.73828753E-03
   8.6987304687500000       -4.77244193E-03
   8.7036132812500000       -4.80691809E-03
   8.7084960937500000       -4.84171975E-03
   8.7133789062500000       -4.87684878E-03
   8.7182617187500000       -4.91231028E-03
   8.7231445312500000       -4.94810892E-03
   8.7280273437500000       -4.98424796E-03
   8.7329101562500000       -5.02072787E-03
   8.7377929687500000       -5.05755749E-03
   8.7426757812500000       -5.09473821E-03
   8.7475585937500000       -5.13227237E-03
   8.7524414062500000       -5.17016742E-03
   8.7573242187500000       -5.20842476E-03
   8.7622070312500000       -5.24704857E-03
   8.7670898437500000       -5.28604491E-03
   8.7719726562500000       -5.32541703E-03
   8.7768554687500000       -5.36516728E-03
   8.7817382812500000       -5.40530169E-03
   8.7866210937500000       -5.44582354E-03
   8.7915039062500000       -5.48673840E-03
   8.7963867187500000       -5.52805094E-03
   8.8012695312500000       -5.56976348E-03
   8.8061523437500000       -5.61188348E-03
   8.8110351562500000       -5.65441186E-03
   8.8159179687500000       -5.69735700E-03
   8.8208007812500000       -5.74072031E-03
   8.8256835937500000       -5.78450970E-03
   8.8305664062500000       -5.82872890E-03
   8.8354492187500000       -5.87338163E-03
   8.8403320312500000       -5.91847440E-03
   8.8452148437500000       -5.96401002E-03
   8.8500976562500000       -6.00999594E-03
   8.8549804687500000       -6.05643727E-03
   8.8598632812500000       -6.10333635E-03
   8.8647460937500000       -6.15070155E-03
   8.8696289062500000       -6.19853754E-03
   8.8745117187500000       -6.24684757E-03
   8.8793945312500000       -6.29563909E-03
   8.8842773437500000       -6.34491816E-03
   8.8891601562500000       -6.39468897E-03
   8.8940429687500000       -6.44495897E-03
   8.8989257812500000       -6.49573188E-03
   8.9038085937500000       -6.54701283E-03
   8.9086914062500000       -6.59881346E-03
   8.9135742187500000       -6.65113330E-03
   8.9184570312500000       -6.70397934E-03
   8.9233398437500000       -6.75736181E-03
   8.9282226562500000       -6.81128260E-03
   8.9331054687500000       -6.86574914E-03
   8.9379882812500000       -6.92076888E-03
   8.9428710937500000       -6.97634974E-03
   8.9477539062500000       -7.03249360E-03
   8.9526367187500000       -7.08921067E-03
   8.9575195312500000       -7.14650983E-03
   8.9624023437500000       -7.20439246E-03
   8.9672851562500000       -7.26286694E-03
   8.9721679687500000       -7.32194167E-03
   8.9770507812500000       -7.38162454E-03
   8.9819335937500000       -7.44192349E-03
   8.9868164062500000       -7.50284176E-03
   8.9916992187500000       -7.56438728E-03
   8.9965820312500000       -7.62657216E-03
   9.0014648437500000       -7.68939825E-03
   9.0063476562500000       -7.75287673E-03
   9.0112304687500000       -7.81701598E-03
   9.0161132812500000       -7.88182113E-03
   9.0209960937500000       -7.94730149E-03
   9.0258789062500000       -8.01346637E-03
   9.0307617187500000       -8.08032136E-03
   9.0356445312500000       -8.14787671E-03
   9.0405273437500000       -8.21614079E-03
   9.0454101562500000       -8.28512106E-03
   9.0502929687500000       -8.35482776E-03
   9.0551757812500000       -8.42526834E-03
   9.0600585937500000       -8.49645119E-03
   9.0649414062500000       -8.56838655E-03
   9.0698242187500000       -8.64108372E-03
   9.0747070312500000       -8.71455017E-03
   9.0795898437500000       -8.78879800E-03
   9.0844726562500000       -8.86383466E-03
   9.0893554687500000       -8.93967133E-03
   9.0942382812500000       -9.01631545E-03
   9.0991210937500000       -9.09377821E-03
   9.1040039062500000       -9.17206984E-03
   9.1088867187500000       -9.25119966E-03
   9.1137695312500000       -9.33118071E-03
   9.1186523437500000       -9.41201951E-03
   9.1235351562500000       -9.49372910E-03
   9.1284179687500000       -9.57632065E-03
   9.1333007812500000       -9.65980254E-03
   9.1381835937500000       -9.74418875E-03
   9.1430664062500000       -9.82948672E-03
   9.1479492187500000       -9.91571229E-03
   9.1528320312500000       -1.00028748E-02
   9.1577148437500000       -1.00909835E-02
   9.1625976562500000       -1.01800533E-02
   9.1674804687500000       -1.02700954E-02
   9.1723632812500000       -1.03611229E-02
   9.1772460937500000       -1.04531460E-02
   9.1821289062500000       -1.05461795E-02
   9.1870117187500000       -1.06402347E-02
   9.1918945312500000       -1.07353227E-02
   9.1967773437500000       -1.08314604E-02
   9.2016601562500000       -1.09286578E-02
   9.2065429687500000       -1.10269301E-02
   9.2114257812500000       -1.11262891E-02
   9.2163085937500000       -1.12267509E-02
   9.2211914062500000       -1.13283256E-02
   9.2260742187500000       -1.14310319E-02
   9.2309570312500000       -1.15348818E-02
   9.2358398437500000       -1.16398903E-02
   9.2407226562500000       -1.17460722E-02
   9.2456054687500000       -1.18534407E-02
   9.2504882812500000       -1.19620124E-02
   9.2553710937500000       -1.20718032E-02
   9.2602539062500000       -1.21828290E-02
   9.2651367187500000       -1.22951027E-02
   9.2700195312500000       -1.24086440E-02
   9.2749023437500000       -1.25234667E-02
   9.2797851562500000       -1.26395877E-02
   9.2846679687500000       -1.27570238E-02
   9.2895507812500000       -1.28757935E-02
   9.2944335937500000       -1.29959118E-02
   9.2993164062500000       -1.31173972E-02
   9.3041992187500000       -1.32402675E-02
   9.3090820312500000       -1.33645395E-02
   9.3139648437500000       -1.34902317E-02
   9.3188476562500000       -1.36173647E-02
   9.3237304687500000       -1.37459552E-02
   9.3286132812500000       -1.38760209E-02
   9.3334960937500000       -1.40075833E-02
   9.3383789062500000       -1.41406637E-02
   9.3432617187500000       -1.42752770E-02
   9.3481445312500000       -1.44114466E-02
   9.3530273437500000       -1.45491902E-02
   9.3579101562500000       -1.46885328E-02
   9.3627929687500000       -1.48294931E-02
   9.3676757812500000       -1.49720898E-02
   9.3725585937500000       -1.51163479E-02
   9.3774414062500000       -1.52622890E-02
   9.3823242187500000       -1.54099343E-02
   9.3872070312500000       -1.55593064E-02
   9.3920898437500000       -1.57104302E-02
   9.3969726562500000       -1.58633254E-02
   9.4018554687500000       -1.60180163E-02
   9.4067382812500000       -1.61745287E-02
   9.4116210937500000       -1.63328871E-02
   9.4165039062500000       -1.64931118E-02
   9.4213867187500000       -1.66552346E-02
   9.4262695312500000       -1.68192759E-02
   9.4311523437500000       -1.69852600E-02
   9.4360351562500000       -1.71532203E-02
   9.4409179687500000       -1.73231736E-02
   9.4458007812500000       -1.74951535E-02
   9.4506835937500000       -1.76691860E-02
   9.4555664062500000       -1.78452972E-02
   9.4604492187500000       -1.80235170E-02
   9.4653320312500000       -1.82038713E-02
   9.4702148437500000       -1.83863901E-02
   9.4750976562500000       -1.85711049E-02
   9.4799804687500000       -1.87580418E-02
   9.4848632812500000       -1.89472362E-02
   9.4897460937500000       -1.91387124E-02
   9.4946289062500000       -1.93325058E-02
   9.4995117187500000       -1.95286460E-02
   9.5043945312500000       -1.97271649E-02
   9.5092773437500000       -1.99280977E-02
   9.5141601562500000       -2.01314744E-02
   9.5190429687500000       -2.03373302E-02
   9.5239257812500000       -2.05456968E-02
   9.5288085937500000       -2.07566116E-02
   9.5336914062500000       -2.09701080E-02
   9.5385742187500000       -2.11862233E-02
   9.5434570312500000       -2.14049928E-02
   9.5483398437500000       -2.16264501E-02
   9.5532226562500000       -2.18506344E-02
   9.5581054687500000       -2.20775865E-02
   9.5629882812500000       -2.23073401E-02
   9.5678710937500000       -2.25399341E-02
   9.5727539062500000       -2.27754153E-02
   9.5776367187500000       -2.30138153E-02
   9.5825195312500000       -2.32551768E-02
   9.5874023437500000       -2.34995428E-02
   9.5922851562500000       -2.37469561E-02
   9.5971679687500000       -2.39974577E-02
   9.6020507812500000       -2.42510904E-02
   9.6069335937500000       -2.45078970E-02
   9.6118164062500000       -2.47679278E-02
   9.6166992187500000       -2.50312202E-02
   9.6215820312500000       -2.52978243E-02
   9.6264648437500000       -2.55677905E-02
   9.6313476562500000       -2.58411579E-02
   9.6362304687500000       -2.61179786E-02
   9.6411132812500000       -2.63983030E-02
   9.6459960937500000       -2.66821794E-02
   9.6508789062500000       -2.69696582E-02
   9.6557617187500000       -2.72607915E-02
   9.6606445312500000       -2.75556296E-02
   9.6655273437500000       -2.78542247E-02
   9.6704101562500000       -2.81566307E-02
   9.6752929687500000       -2.84629054E-02
   9.6801757812500000       -2.87730992E-02
   9.6850585937500000       -2.90872715E-02
   9.6899414062500000       -2.94054784E-02
   9.6948242187500000       -2.97277756E-02
   9.6997070312500000       -3.00542247E-02
   9.7045898437500000       -3.03848851E-02
   9.7094726562500000       -3.07198148E-02
   9.7143554687500000       -3.10590807E-02
   9.7192382812500000       -3.14027406E-02
   9.7241210937500000       -3.17508578E-02
   9.7290039062500000       -3.21034975E-02
   9.7338867187500000       -3.24607305E-02
   9.7387695312500000       -3.28226164E-02
   9.7436523437500000       -3.31892259E-02
   9.7485351562500000       -3.35606262E-02
   9.7534179687500000       -3.39368880E-02
   9.7583007812500000       -3.43180858E-02
   9.7631835937500000       -3.47042829E-02
   9.7680664062500000       -3.50955613E-02
   9.7729492187500000       -3.54919918E-02
   9.7778320312500000       -3.58936451E-02
   9.7827148437500000       -3.63006070E-02
   9.7875976562500000       -3.67129482E-02
   9.7924804687500000       -3.71307507E-02
   9.7973632812500000       -3.75540964E-02
   9.8022460937500000       -3.79830673E-02
   9.8071289062500000       -3.84177417E-02
   9.8120117187500000       -3.88582051E-02
   9.8168945312500000       -3.93045470E-02
   9.8217773437500000       -3.97568494E-02
   9.8266601562500000       -4.02152091E-02
   9.8315429687500000       -4.06797081E-02
   9.8364257812500000       -4.11504358E-02
   9.8413085937500000       -4.16274965E-02
   9.8461914062500000       -4.21109721E-02
   9.8510742187500000       -4.26009670E-02
   9.8559570312500000       -4.30975743E-02
   9.8608398437500000       -4.36008945E-02
   9.8657226562500000       -4.41110283E-02
   9.8706054687500000       -4.46280763E-02
   9.8754882812500000       -4.51521426E-02
   9.8803710937500000       -4.56833355E-02
   9.8852539062500000       -4.62217629E-02
   9.8901367187500000       -4.67675291E-02
   9.8950195312500000       -4.73207459E-02
   9.8999023437500000       -4.78815287E-02
   9.9047851562500000       -4.84499894E-02
   9.9096679687500000       -4.90262471E-02
   9.9145507812500000       -4.96104173E-02
   9.9194335937500000       -5.02026230E-02
   9.9243164062500000       -5.08029833E-02
   9.9291992187500000       -5.14116250E-02
   9.9340820312500000       -5.20286709E-02
   9.9389648437500000       -5.26542552E-02
   9.9438476562500000       -5.32885008E-02
   9.9487304687500000       -5.39315492E-02
   9.9536132812500000       -5.45835271E-02
   9.9584960937500000       -5.52445762E-02
   9.9633789062500000       -5.59148341E-02
   9.9682617187500000       -5.65944463E-02
   9.9731445312500000       -5.72835431E-02
   9.9780273437500000       -5.79822958E-02
   9.9829101562500000       -5.86908199E-02
   9.9877929687500000       -5.94093129E-02
   9.9926757812500000       -6.01378493E-02
   9.9975585937500000       -6.08767644E-02
