   2.6855468750000000E-003 -0.496633619    
   8.0566406250000000E-003 -0.489982486    
   1.3427734375000000E-002 -0.483440161    
   1.8798828125000000E-002 -0.476999938    
   2.4169921875000000E-002 -0.470662117    
   2.9541015625000000E-002 -0.464423686    
   3.4912109375000000E-002 -0.458283663    
   4.0283203125000000E-002 -0.452239782    
   4.5654296875000000E-002 -0.446290731    
   5.1025390625000000E-002 -0.440434605    
   5.6396484375000000E-002 -0.434669942    
   6.1767578125000000E-002 -0.428994983    
   6.7138671875000000E-002 -0.423408300    
   7.2509765625000000E-002 -0.417908251    
   7.7880859375000000E-002 -0.412493438    
   8.3251953125000000E-002 -0.407162279    
   8.8623046875000000E-002 -0.401913375    
   9.3994140625000000E-002 -0.396745265    
   9.9365234375000000E-002 -0.391656637    
  0.10473632812500000      -0.386646003    
  0.11010742187500000      -0.381712109    
  0.11547851562500000      -0.376853585    
  0.12084960937500000      -0.372069150    
  0.12622070312500000      -0.367357552    
  0.13159179687500000      -0.362717509    
  0.13696289062500000      -0.358147800    
  0.14233398437500000      -0.353647292    
  0.14770507812500000      -0.349214733    
  0.15307617187500000      -0.344849020    
  0.15844726562500000      -0.340548962    
  0.16381835937500000      -0.336313486    
  0.16918945312500000      -0.332141489    
  0.17456054687500000      -0.328031898    
  0.17993164062500000      -0.323983669    
  0.18530273437500000      -0.319995731    
  0.19067382812500000      -0.316067100    
  0.19604492187500000      -0.312196821    
  0.20141601562500000      -0.308383822    
  0.20678710937500000      -0.304627240    
  0.21215820312500000      -0.300926089    
  0.21752929687500000      -0.297279418    
  0.22290039062500000      -0.293686390    
  0.22827148437500000      -0.290146023    
  0.23364257812500000      -0.286657512    
  0.23901367187500000      -0.283219993    
  0.24438476562500000      -0.279832572    
  0.24975585937500000      -0.276494503    
  0.25512695312500000      -0.273204863    
  0.26049804687500000      -0.269962966    
  0.26586914062500000      -0.266767979    
  0.27124023437500000      -0.263619125    
  0.27661132812500000      -0.260515630    
  0.28198242187500000      -0.257456779    
  0.28735351562500000      -0.254441887    
  0.29272460937500000      -0.251470149    
  0.29809570312500000      -0.248540938    
  0.30346679687500000      -0.245653510    
  0.30883789062500000      -0.242807209    
  0.31420898437500000      -0.240001380    
  0.31958007812500000      -0.237235337    
  0.32495117187500000      -0.234508485    
  0.33032226562500000      -0.231820136    
  0.33569335937500000      -0.229169726    
  0.34106445312500000      -0.226556599    
  0.34643554687500000      -0.223980188    
  0.35180664062500000      -0.221439898    
  0.35717773437500000      -0.218935132    
  0.36254882812500000      -0.216465324    
  0.36791992187500000      -0.214029968    
  0.37329101562500000      -0.211628467    
  0.37866210937500000      -0.209260285    
  0.38403320312500000      -0.206924915    
  0.38940429687500000      -0.204621822    
  0.39477539062500000      -0.202350497    
  0.40014648437500000      -0.200110465    
  0.40551757812500000      -0.197901189    
  0.41088867187500000      -0.195722193    
  0.41625976562500000      -0.193573058    
  0.42163085937500000      -0.191453248    
  0.42700195312500000      -0.189362317    
  0.43237304687500000      -0.187299848    
  0.43774414062500000      -0.185265362    
  0.44311523437500000      -0.183258444    
  0.44848632812500000      -0.181278646    
  0.45385742187500000      -0.179325581    
  0.45922851562500000      -0.177398771    
  0.46459960937500000      -0.175497890    
  0.46997070312500000      -0.173622489    
  0.47534179687500000      -0.171772182    
  0.48071289062500000      -0.169946581    
  0.48608398437500000      -0.168145329    
  0.49145507812500000      -0.166368008    
  0.49682617187500000      -0.164614290    
  0.50219726562500000      -0.162883818    
  0.50756835937500000      -0.161176205    
  0.51293945312500000      -0.159491122    
  0.51831054687500000      -0.157828212    
  0.52368164062500000      -0.156187147    
  0.52905273437500000      -0.154567599    
  0.53442382812500000      -0.152969271    
  0.53979492187500000      -0.151391774    
  0.54516601562500000      -0.149834841    
  0.55053710937500000      -0.148298174    
  0.55590820312500000      -0.146781415    
  0.56127929687500000      -0.145284325    
  0.56665039062500000      -0.143806547    
  0.57202148437500000      -0.142347842    
  0.57739257812500000      -0.140907913    
  0.58276367187500000      -0.139486462    
  0.58813476562500000      -0.138083249    
  0.59350585937500000      -0.136697978    
  0.59887695312500000      -0.135330379    
  0.60424804687500000      -0.133980185    
  0.60961914062500000      -0.132647157    
  0.61499023437500000      -0.131331056    
  0.62036132812500000      -0.130031586    
  0.62573242187500000      -0.128748536    
  0.63110351562500000      -0.127481669    
  0.63647460937500000      -0.126230717    
  0.64184570312500000      -0.124995470    
  0.64721679687500000      -0.123775691    
  0.65258789062500000      -0.122571170    
  0.65795898437500000      -0.121381670    
  0.66333007812500000      -0.120206952    
  0.66870117187500000      -0.119046837    
  0.67407226562500000      -0.117901117    
  0.67944335937500000      -0.116769522    
  0.68481445312500000      -0.115651935    
  0.69018554687500000      -0.114548087    
  0.69555664062500000      -0.113457829    
  0.70092773437500000      -0.112380922    
  0.70629882812500000      -0.111317188    
  0.71166992187500000      -0.110266447    
  0.71704101562500000      -0.109228522    
  0.72241210937500000      -0.108203202    
  0.72778320312500000      -0.107190341    
  0.73315429687500000      -0.106189728    
  0.73852539062500000      -0.105201215    
  0.74389648437500000      -0.104224622    
  0.74926757812500000      -0.103259772    
  0.75463867187500000      -0.102306515    
  0.76000976562500000      -0.101364672    
  0.76538085937500000      -0.100434095    
  0.77075195312500000       -9.95146334E-02
  0.77612304687500000       -9.86060798E-02
  0.78149414062500000       -9.77083445E-02
  0.78686523437500000       -9.68212485E-02
  0.79223632812500000       -9.59446430E-02
  0.79760742187500000       -9.50783789E-02
  0.80297851562500000       -9.42223370E-02
  0.80834960937500000       -9.33763385E-02
  0.81372070312500000       -9.25402641E-02
  0.81909179687500000       -9.17139649E-02
  0.82446289062500000       -9.08973217E-02
  0.82983398437500000       -9.00902152E-02
  0.83520507812500000       -8.92924666E-02
  0.84057617187500000       -8.85039866E-02
  0.84594726562500000       -8.77246261E-02
  0.85131835937500000       -8.69542658E-02
  0.85668945312500000       -8.61928165E-02
  0.86206054687500000       -8.54400992E-02
  0.86743164062500000       -8.46960247E-02
  0.87280273437500000       -8.39605033E-02
  0.87817382812500000       -8.32333565E-02
  0.88354492187500000       -8.25145245E-02
  0.88891601562500000       -8.18038583E-02
  0.89428710937500000       -8.11012685E-02
  0.89965820312500000       -8.04066360E-02
  0.90502929687500000       -7.97198415E-02
  0.91040039062500000       -7.90408254E-02
  0.91577148437500000       -7.83694386E-02
  0.92114257812500000       -7.77056217E-02
  0.92651367187500000       -7.70492256E-02
  0.93188476562500000       -7.64001608E-02
  0.93725585937500000       -7.57583678E-02
  0.94262695312500000       -7.51236975E-02
  0.94799804687500000       -7.44961202E-02
  0.95336914062500000       -7.38754570E-02
  0.95874023437500000       -7.32616782E-02
  0.96411132812500000       -7.26546943E-02
  0.96948242187500000       -7.20543861E-02
  0.97485351562500000       -7.14606941E-02
  0.98022460937500000       -7.08734989E-02
  0.98559570312500000       -7.02927411E-02
  0.99096679687500000       -6.97183013E-02
  0.99633789062500000       -6.91501498E-02
   1.0017089843750000       -6.85881972E-02
   1.0070800781250000       -6.80322945E-02
   1.0124511718750000       -6.74824417E-02
   1.0178222656250000       -6.69385493E-02
   1.0231933593750000       -6.64004982E-02
   1.0285644531250000       -6.58682287E-02
   1.0339355468750000       -6.53417110E-02
   1.0393066406250000       -6.48207963E-02
   1.0446777343750000       -6.43054843E-02
   1.0500488281250000       -6.37956262E-02
   1.0554199218750000       -6.32912219E-02
   1.0607910156250000       -6.27921820E-02
   1.0661621093750000       -6.22984171E-02
   1.0715332031250000       -6.18098974E-02
   1.0769042968750000       -6.13265336E-02
   1.0822753906250000       -6.08482361E-02
   1.0876464843750000       -6.03749752E-02
   1.0930175781250000       -5.99066615E-02
   1.0983886718750000       -5.94432652E-02
   1.1037597656250000       -5.89847267E-02
   1.1091308593750000       -5.85309267E-02
   1.1145019531250000       -5.80818653E-02
   1.1198730468750000       -5.76374531E-02
   1.1252441406250000       -5.71976602E-02
   1.1306152343750000       -5.67623973E-02
   1.1359863281250000       -5.63316047E-02
   1.1413574218750000       -5.59052527E-02
   1.1467285156250000       -5.54832816E-02
   1.1520996093750000       -5.50656319E-02
   1.1574707031250000       -5.46522737E-02
   1.1628417968750000       -5.42430878E-02
   1.1682128906250000       -5.38381040E-02
   1.1735839843750000       -5.34372032E-02
   1.1789550781250000       -5.30403554E-02
   1.1843261718750000       -5.26475608E-02
   1.1896972656250000       -5.22587001E-02
   1.1950683593750000       -5.18737435E-02
   1.2004394531250000       -5.14926612E-02
   1.2058105468750000       -5.11154234E-02
   1.2111816406250000       -5.07419407E-02
   1.2165527343750000       -5.03721833E-02
   1.2219238281250000       -5.00060916E-02
   1.2272949218750000       -4.96436656E-02
   1.2326660156250000       -4.92848158E-02
   1.2380371093750000       -4.89295423E-02
   1.2434082031250000       -4.85777557E-02
   1.2487792968750000       -4.82294261E-02
   1.2541503906250000       -4.78845239E-02
   1.2595214843750000       -4.75430191E-02
   1.2648925781250000       -4.72048521E-02
   1.2702636718750000       -4.68699932E-02
   1.2756347656250000       -4.65384126E-02
   1.2810058593750000       -4.62100208E-02
   1.2863769531250000       -4.58848476E-02
   1.2917480468750000       -4.55628037E-02
   1.2971191406250000       -4.52438891E-02
   1.3024902343750000       -4.49280441E-02
   1.3078613281250000       -4.46152091E-02
   1.3132324218750000       -4.43054140E-02
   1.3186035156250000       -4.39985991E-02
   1.3239746093750000       -4.36946750E-02
   1.3293457031250000       -4.33936715E-02
   1.3347167968750000       -4.30955589E-02
   1.3400878906250000       -4.28002477E-02
   1.3454589843750000       -4.25077379E-02
   1.3508300781250000       -4.22179997E-02
   1.3562011718750000       -4.19310033E-02
   1.3615722656250000       -4.16467190E-02
   1.3669433593750000       -4.13650870E-02
   1.3723144531250000       -4.10861075E-02
   1.3776855468750000       -4.08097506E-02
   1.3830566406250000       -4.05359566E-02
   1.3884277343750000       -4.02647257E-02
   1.3937988281250000       -3.99960279E-02
   1.3991699218750000       -3.97298038E-02
   1.4045410156250000       -3.94660532E-02
   1.4099121093750000       -3.92047465E-02
   1.4152832031250000       -3.89458537E-02
   1.4206542968750000       -3.86893451E-02
   1.4260253906250000       -3.84351909E-02
   1.4313964843750000       -3.81833613E-02
   1.4367675781250000       -3.79338264E-02
   1.4421386718750000       -3.76865864E-02
   1.4475097656250000       -3.74415815E-02
   1.4528808593750000       -3.71988118E-02
   1.4582519531250000       -3.69582474E-02
   1.4636230468750000       -3.67198586E-02
   1.4689941406250000       -3.64836454E-02
   1.4743652343750000       -3.62495482E-02
   1.4797363281250000       -3.60175371E-02
   1.4851074218750000       -3.57876122E-02
   1.4904785156250000       -3.55597734E-02
   1.4958496093750000       -3.53339612E-02
   1.5012207031250000       -3.51101458E-02
   1.5065917968750000       -3.48883569E-02
   1.5119628906250000       -3.46685052E-02
   1.5173339843750000       -3.44506204E-02
   1.5227050781250000       -3.42346728E-02
   1.5280761718750000       -3.40206027E-02
   1.5334472656250000       -3.38084400E-02
   1.5388183593750000       -3.35981548E-02
   1.5441894531250000       -3.33896875E-02
   1.5495605468750000       -3.31830680E-02
   1.5549316406250000       -3.29782665E-02
   1.5603027343750000       -3.27752233E-02
   1.5656738281250000       -3.25739384E-02
   1.5710449218750000       -3.23744416E-02
   1.5764160156250000       -3.21766436E-02
   1.5817871093750000       -3.19805741E-02
   1.5871582031250000       -3.17861736E-02
   1.5925292968750000       -3.15934718E-02
   1.5979003906250000       -3.14024389E-02
   1.6032714843750000       -3.12130153E-02
   1.6086425781250000       -3.10252309E-02
   1.6140136718750000       -3.08390558E-02
   1.6193847656250000       -3.06544602E-02
   1.6247558593750000       -3.04714143E-02
   1.6301269531250000       -3.02899480E-02
   1.6354980468750000       -3.01100314E-02
   1.6408691406250000       -2.99316049E-02
   1.6462402343750000       -2.97546983E-02
   1.6516113281250000       -2.95793116E-02
   1.6569824218750000       -2.94053555E-02
   1.6623535156250000       -2.92328894E-02
   1.6677246093750000       -2.90618539E-02
   1.6730957031250000       -2.88922489E-02
   1.6784667968750000       -2.87240744E-02
   1.6838378906250000       -2.85573006E-02
   1.6892089843750000       -2.83918977E-02
   1.6945800781250000       -2.82278657E-02
   1.6999511718750000       -2.80652046E-02
   1.7053222656250000       -2.79038846E-02
   1.7106933593750000       -2.77438760E-02
   1.7160644531250000       -2.75852084E-02
   1.7214355468750000       -2.74278224E-02
   1.7268066406250000       -2.72717476E-02
   1.7321777343750000       -2.71169245E-02
   1.7375488281250000       -2.69633830E-02
   1.7429199218750000       -2.68110931E-02
   1.7482910156250000       -2.66600549E-02
   1.7536621093750000       -2.65102088E-02
   1.7590332031250000       -2.63616145E-02
   1.7644042968750000       -2.62141824E-02
   1.7697753906250000       -2.60679722E-02
   1.7751464843750000       -2.59229243E-02
   1.7805175781250000       -2.57790387E-02
   1.7858886718750000       -2.56363153E-02
   1.7912597656250000       -2.54947245E-02
   1.7966308593750000       -2.53542960E-02
   1.8020019531250000       -2.52149403E-02
   1.8073730468750000       -2.50767171E-02
   1.8127441406250000       -2.49395967E-02
   1.8181152343750000       -2.48035789E-02
   1.8234863281250000       -2.46686041E-02
   1.8288574218750000       -2.45347023E-02
   1.8342285156250000       -2.44018734E-02
   1.8395996093750000       -2.42700875E-02
   1.8449707031250000       -2.41393149E-02
   1.8503417968750000       -2.40095854E-02
   1.8557128906250000       -2.38808692E-02
   1.8610839843750000       -2.37531662E-02
   1.8664550781250000       -2.36264467E-02
   1.8718261718750000       -2.35007107E-02
   1.8771972656250000       -2.33759582E-02
   1.8825683593750000       -2.32521594E-02
   1.8879394531250000       -2.31293440E-02
   1.8933105468750000       -2.30074525E-02
   1.8986816406250000       -2.28865147E-02
   1.9040527343750000       -2.27665007E-02
   1.9094238281250000       -2.26474106E-02
   1.9147949218750000       -2.25292444E-02
   1.9201660156250000       -2.24119723E-02
   1.9255371093750000       -2.22955942E-02
   1.9309082031250000       -2.21800804E-02
   1.9362792968750000       -2.20654905E-02
   1.9416503906250000       -2.19517350E-02
   1.9470214843750000       -2.18388438E-02
   1.9523925781250000       -2.17268169E-02
   1.9577636718750000       -2.16156542E-02
   1.9631347656250000       -2.15052962E-02
   1.9685058593750000       -2.13958025E-02
   1.9738769531250000       -2.12871134E-02
   1.9792480468750000       -2.11792290E-02
   1.9846191406250000       -2.10721493E-02
   1.9899902343750000       -2.09658742E-02
   1.9953613281250000       -2.08604038E-02
   2.0007324218750000       -2.07557082E-02
   2.0061035156250000       -2.06518173E-02
   2.0114746093750000       -2.05486715E-02
   2.0168457031250000       -2.04462707E-02
   2.0222167968750000       -2.03446448E-02
   2.0275878906250000       -2.02437937E-02
   2.0329589843750000       -2.01436579E-02
   2.0383300781250000       -2.00442672E-02
   2.0437011718750000       -1.99455917E-02
   2.0490722656250000       -1.98476315E-02
   2.0544433593750000       -1.97504163E-02
   2.0598144531250000       -1.96538866E-02
   2.0651855468750000       -1.95580721E-02
   2.0705566406250000       -1.94629729E-02
   2.0759277343750000       -1.93685293E-02
   2.0812988281250000       -1.92747712E-02
   2.0866699218750000       -1.91817284E-02
   2.0920410156250000       -1.90893114E-02
   2.0974121093750000       -1.89975798E-02
   2.1027832031250000       -1.89065337E-02
   2.1081542968750000       -1.88161135E-02
   2.1135253906250000       -1.87263489E-02
   2.1188964843750000       -1.86372101E-02
   2.1242675781250000       -1.85487270E-02
   2.1296386718750000       -1.84608698E-02
   2.1350097656250000       -1.83736384E-02
   2.1403808593750000       -1.82870030E-02
   2.1457519531250000       -1.82010233E-02
   2.1511230468750000       -1.81156397E-02
   2.1564941406250000       -1.80308521E-02
   2.1618652343750000       -1.79466605E-02
   2.1672363281250000       -1.78630650E-02
   2.1726074218750000       -1.77800655E-02
   2.1779785156250000       -1.76976323E-02
   2.1833496093750000       -1.76157951E-02
   2.1887207031250000       -1.75345242E-02
   2.1940917968750000       -1.74538195E-02
   2.1994628906250000       -1.73736811E-02
   2.2048339843750000       -1.72940791E-02
   2.2102050781250000       -1.72150433E-02
   2.2155761718750000       -1.71365738E-02
   2.2209472656250000       -1.70586407E-02
   2.2263183593750000       -1.69812441E-02
   2.2316894531250000       -1.69043839E-02
   2.2370605468750000       -1.68280303E-02
   2.2424316406250000       -1.67522430E-02
   2.2478027343750000       -1.66769326E-02
   2.2531738281250000       -1.66021585E-02
   2.2585449218750000       -1.65279210E-02
   2.2639160156250000       -1.64541602E-02
   2.2692871093750000       -1.63809061E-02
   2.2746582031250000       -1.63081586E-02
   2.2800292968750000       -1.62359178E-02
   2.2854003906250000       -1.61641538E-02
   2.2907714843750000       -1.60928667E-02
   2.2961425781250000       -1.60220563E-02
   2.3015136718750000       -1.59517527E-02
   2.3068847656250000       -1.58818960E-02
   2.3122558593750000       -1.58125460E-02
   2.3176269531250000       -1.57436430E-02
   2.3229980468750000       -1.56751871E-02
   2.3283691406250000       -1.56072080E-02
   2.3337402343750000       -1.55396760E-02
   2.3391113281250000       -1.54726207E-02
   2.3444824218750000       -1.54059827E-02
   2.3498535156250000       -1.53397918E-02
   2.3552246093750000       -1.52740479E-02
   2.3605957031250000       -1.52087510E-02
   2.3659667968750000       -1.51438713E-02
   2.3713378906250000       -1.50794387E-02
   2.3767089843750000       -1.50154233E-02
   2.3820800781250000       -1.49518251E-02
   2.3874511718750000       -1.48886442E-02
   2.3928222656250000       -1.48258805E-02
   2.3981933593750000       -1.47635341E-02
   2.4035644531250000       -1.47016048E-02
   2.4089355468750000       -1.46400630E-02
   2.4143066406250000       -1.45789385E-02
   2.4196777343750000       -1.45182014E-02
   2.4250488281250000       -1.44578516E-02
   2.4304199218750000       -1.43979192E-02
   2.4357910156250000       -1.43383741E-02
   2.4411621093750000       -1.42791867E-02
   2.4465332031250000       -1.42204165E-02
   2.4519042968750000       -1.41620040E-02
   2.4572753906250000       -1.41039789E-02
   2.4626464843750000       -1.40463412E-02
   2.4680175781250000       -1.39890611E-02
   2.4733886718750000       -1.39321387E-02
   2.4787597656250000       -1.38756037E-02
   2.4841308593750000       -1.38194263E-02
   2.4895019531250000       -1.37636065E-02
   2.4948730468750000       -1.37081444E-02
   2.5002441406250000       -1.36530399E-02
   2.5056152343750000       -1.35982633E-02
   2.5109863281250000       -1.35438442E-02
   2.5163574218750000       -1.34897828E-02
   2.5217285156250000       -1.34360790E-02
   2.5270996093750000       -1.33827031E-02
   2.5324707031250000       -1.33296549E-02
   2.5378417968750000       -1.32769346E-02
   2.5432128906250000       -1.32245719E-02
   2.5485839843750000       -1.31725371E-02
   2.5539550781250000       -1.31208003E-02
   2.5593261718750000       -1.30694211E-02
   2.5646972656250000       -1.30183399E-02
   2.5700683593750000       -1.29676163E-02
   2.5754394531250000       -1.29171610E-02
   2.5808105468750000       -1.28670633E-02
   2.5861816406250000       -1.28172636E-02
   2.5915527343750000       -1.27677619E-02
   2.5969238281250000       -1.27185881E-02
   2.6022949218750000       -1.26697123E-02
   2.6076660156250000       -1.26211345E-02
   2.6130371093750000       -1.25728548E-02
   2.6184082031250000       -1.25248730E-02
   2.6237792968750000       -1.24772191E-02
   2.6291503906250000       -1.24298334E-02
   2.6345214843750000       -1.23827457E-02
   2.6398925781250000       -1.23359263E-02
   2.6452636718750000       -1.22894347E-02
   2.6506347656250000       -1.22431815E-02
   2.6560058593750000       -1.21972561E-02
   2.6613769531250000       -1.21515989E-02
   2.6667480468750000       -1.21062100E-02
   2.6721191406250000       -1.20610893E-02
   2.6774902343750000       -1.20162666E-02
   2.6828613281250000       -1.19717121E-02
   2.6882324218750000       -1.19274259E-02
   2.6936035156250000       -1.18834078E-02
   2.6989746093750000       -1.18396580E-02
   2.7043457031250000       -1.17961764E-02
   2.7097167968750000       -1.17529631E-02
   2.7150878906250000       -1.17100179E-02
   2.7204589843750000       -1.16673112E-02
   2.7258300781250000       -1.16248727E-02
   2.7312011718750000       -1.15826726E-02
   2.7365722656250000       -1.15407407E-02
   2.7419433593750000       -1.14990771E-02
   2.7473144531250000       -1.14576519E-02
   2.7526855468750000       -1.14164650E-02
   2.7580566406250000       -1.13755167E-02
   2.7634277343750000       -1.13348365E-02
   2.7687988281250000       -1.12943947E-02
   2.7741699218750000       -1.12541914E-02
   2.7795410156250000       -1.12142265E-02
   2.7849121093750000       -1.11745000E-02
   2.7902832031250000       -1.11350119E-02
   2.7956542968750000       -1.10957325E-02
   2.8010253906250000       -1.10567212E-02
   2.8063964843750000       -1.10179186E-02
   2.8117675781250000       -1.09793544E-02
   2.8171386718750000       -1.09410286E-02
   2.8225097656250000       -1.09029114E-02
   2.8278808593750000       -1.08650327E-02
   2.8332519531250000       -1.08273625E-02
   2.8386230468750000       -1.07899308E-02
   2.8439941406250000       -1.07527077E-02
   2.8493652343750000       -1.07157230E-02
   2.8547363281250000       -1.06789172E-02
   2.8601074218750000       -1.06423497E-02
   2.8654785156250000       -1.06060207E-02
   2.8708496093750000       -1.05698705E-02
   2.8762207031250000       -1.05339289E-02
   2.8815917968750000       -1.04981959E-02
   2.8869628906250000       -1.04627013E-02
   2.8923339843750000       -1.04273856E-02
   2.8977050781250000       -1.03922784E-02
   2.9030761718750000       -1.03573799E-02
   2.9084472656250000       -1.03226900E-02
   2.9138183593750000       -1.02882087E-02
   2.9191894531250000       -1.02539062E-02
   2.9245605468750000       -1.02198124E-02
   2.9299316406250000       -1.01858974E-02
   2.9353027343750000       -1.01521909E-02
   2.9406738281250000       -1.01186931E-02
   2.9460449218750000       -1.00853741E-02
   2.9514160156250000       -1.00522339E-02
   2.9567871093750000       -1.00193024E-02
   2.9621582031250000       -9.98654962E-03
   2.9675292968750000       -9.95400548E-03
   2.9729003906250000       -9.92164016E-03
   2.9782714843750000       -9.88945365E-03
   2.9836425781250000       -9.85744596E-03
   2.9890136718750000       -9.82561707E-03
   2.9943847656250000       -9.79396701E-03
   2.9997558593750000       -9.76252556E-03
   3.0051269531250000       -9.73123312E-03
   3.0104980468750000       -9.70014930E-03
   3.0158691406250000       -9.66921449E-03
   3.0212402343750000       -9.63845849E-03
   3.0266113281250000       -9.60788131E-03
   3.0319824218750000       -9.57748294E-03
   3.0373535156250000       -9.54726338E-03
   3.0427246093750000       -9.51719284E-03
   3.0480957031250000       -9.48730111E-03
   3.0534667968750000       -9.45758820E-03
   3.0588378906250000       -9.42802429E-03
   3.0642089843750000       -9.39863920E-03
   3.0695800781250000       -9.36943293E-03
   3.0749511718750000       -9.34037566E-03
   3.0803222656250000       -9.31146741E-03
   3.0856933593750000       -9.28273797E-03
   3.0910644531250000       -9.25418735E-03
   3.0964355468750000       -9.22575593E-03
   3.1018066406250000       -9.19750333E-03
   3.1071777343750000       -9.16942954E-03
   3.1125488281250000       -9.14147496E-03
   3.1179199218750000       -9.11369920E-03
   3.1232910156250000       -9.08607244E-03
   3.1286621093750000       -9.05862451E-03
   3.1340332031250000       -9.03129578E-03
   3.1394042968750000       -9.00414586E-03
   3.1447753906250000       -8.97711515E-03
   3.1501464843750000       -8.95026326E-03
   3.1555175781250000       -8.92353058E-03
   3.1608886718750000       -8.89697671E-03
   3.1662597656250000       -8.87054205E-03
   3.1716308593750000       -8.84428620E-03
   3.1770019531250000       -8.81814957E-03
   3.1823730468750000       -8.79216194E-03
   3.1877441406250000       -8.76632333E-03
   3.1931152343750000       -8.74063373E-03
   3.1984863281250000       -8.71509314E-03
   3.2038574218750000       -8.68967175E-03
   3.2092285156250000       -8.66439939E-03
   3.2145996093750000       -8.63924623E-03
   3.2199707031250000       -8.61427188E-03
   3.2253417968750000       -8.58941674E-03
   3.2307128906250000       -8.56468081E-03
   3.2360839843750000       -8.54009390E-03
   3.2414550781250000       -8.51565599E-03
   3.2468261718750000       -8.49133730E-03
   3.2521972656250000       -8.46713781E-03
   3.2575683593750000       -8.44308734E-03
   3.2629394531250000       -8.41918588E-03
   3.2683105468750000       -8.39537382E-03
   3.2736816406250000       -8.37174058E-03
   3.2790527343750000       -8.34819674E-03
   3.2844238281250000       -8.32480192E-03
   3.2897949218750000       -8.30152631E-03
   3.2951660156250000       -8.27836990E-03
   3.3005371093750000       -8.25536251E-03
   3.3059082031250000       -8.23247433E-03
   3.3112792968750000       -8.20970535E-03
   3.3166503906250000       -8.18705559E-03
   3.3220214843750000       -8.16452503E-03
   3.3273925781250000       -8.14211369E-03
   3.3327636718750000       -8.11985135E-03
   3.3381347656250000       -8.09767842E-03
   3.3435058593750000       -8.07565451E-03
   3.3488769531250000       -8.05374980E-03
   3.3542480468750000       -8.03193450E-03
   3.3596191406250000       -8.01026821E-03
   3.3649902343750000       -7.98869133E-03
   3.3703613281250000       -7.96723366E-03
   3.3757324218750000       -7.94592500E-03
   3.3811035156250000       -7.92470574E-03
   3.3864746093750000       -7.90360570E-03
   3.3918457031250000       -7.88262486E-03
   3.3972167968750000       -7.86173344E-03
   3.4025878906250000       -7.84099102E-03
   3.4079589843750000       -7.82033801E-03
   3.4133300781250000       -7.79980421E-03
   3.4187011718750000       -7.77935982E-03
   3.4240722656250000       -7.75903463E-03
   3.4294433593750000       -7.73882866E-03
   3.4348144531250000       -7.71874189E-03
   3.4401855468750000       -7.69874454E-03
   3.4455566406250000       -7.67886639E-03
   3.4509277343750000       -7.65910745E-03
   3.4562988281250000       -7.63943791E-03
   3.4616699218750000       -7.61985779E-03
   3.4670410156250000       -7.60039687E-03
   3.4724121093750000       -7.58105516E-03
   3.4777832031250000       -7.56180286E-03
   3.4831542968750000       -7.54263997E-03
   3.4885253906250000       -7.52359629E-03
   3.4938964843750000       -7.50467181E-03
   3.4992675781250000       -7.48583674E-03
   3.5046386718750000       -7.46709108E-03
   3.5100097656250000       -7.44846463E-03
   3.5153808593750000       -7.42992759E-03
   3.5207519531250000       -7.41147995E-03
   3.5261230468750000       -7.39312172E-03
   3.5314941406250000       -7.37488270E-03
   3.5368652343750000       -7.35673308E-03
   3.5422363281250000       -7.33870268E-03
   3.5476074218750000       -7.32076168E-03
   3.5529785156250000       -7.30288029E-03
   3.5583496093750000       -7.28514791E-03
   3.5637207031250000       -7.26747513E-03
   3.5690917968750000       -7.24989176E-03
   3.5744628906250000       -7.23242760E-03
   3.5798339843750000       -7.21505284E-03
   3.5852050781250000       -7.19773769E-03
   3.5905761718750000       -7.18054175E-03
   3.5959472656250000       -7.16346502E-03
   3.6013183593750000       -7.14644790E-03
   3.6066894531250000       -7.12952018E-03
   3.6120605468750000       -7.11268187E-03
   3.6174316406250000       -7.09593296E-03
   3.6228027343750000       -7.07927346E-03
   3.6281738281250000       -7.06273317E-03
   3.6335449218750000       -7.04625249E-03
   3.6389160156250000       -7.02986121E-03
   3.6442871093750000       -7.01355934E-03
   3.6496582031250000       -6.99734688E-03
   3.6550292968750000       -6.98122382E-03
   3.6604003906250000       -6.96519017E-03
   3.6657714843750000       -6.94921613E-03
   3.6711425781250000       -6.93336129E-03
   3.6765136718750000       -6.91756606E-03
   3.6818847656250000       -6.90189004E-03
   3.6872558593750000       -6.88627362E-03
   3.6926269531250000       -6.87071681E-03
   3.6979980468750000       -6.85527921E-03
   3.7033691406250000       -6.83990121E-03
   3.7087402343750000       -6.82464242E-03
   3.7141113281250000       -6.80941343E-03
   3.7194824218750000       -6.79430366E-03
   3.7248535156250000       -6.77925348E-03
   3.7302246093750000       -6.76429272E-03
   3.7355957031250000       -6.74942136E-03
   3.7409667968750000       -6.73463941E-03
   3.7463378906250000       -6.71991706E-03
   3.7517089843750000       -6.70525432E-03
   3.7570800781250000       -6.69071078E-03
   3.7624511718750000       -6.67622685E-03
   3.7678222656250000       -6.66180253E-03
   3.7731933593750000       -6.64746761E-03
   3.7785644531250000       -6.63322210E-03
   3.7839355468750000       -6.61903620E-03
   3.7893066406250000       -6.60493970E-03
   3.7946777343750000       -6.59093261E-03
   3.8000488281250000       -6.57695532E-03
   3.8054199218750000       -6.56309724E-03
   3.8107910156250000       -6.54929876E-03
   3.8161621093750000       -6.53555989E-03
   3.8215332031250000       -6.52191043E-03
   3.8269042968750000       -6.50832057E-03
   3.8322753906250000       -6.49482012E-03
   3.8376464843750000       -6.48140907E-03
   3.8430175781250000       -6.46802783E-03
   3.8483886718750000       -6.45473599E-03
   3.8537597656250000       -6.44153357E-03
   3.8591308593750000       -6.42839074E-03
   3.8645019531250000       -6.41530752E-03
   3.8698730468750000       -6.40231371E-03
   3.8752441406250000       -6.38937950E-03
   3.8806152343750000       -6.37650490E-03
   3.8859863281250000       -6.36371970E-03
   3.8913574218750000       -6.35099411E-03
   3.8967285156250000       -6.33832812E-03
   3.9020996093750000       -6.32575154E-03
   3.9074707031250000       -6.31323457E-03
   3.9128417968750000       -6.30077720E-03
   3.9182128906250000       -6.28837943E-03
   3.9235839843750000       -6.27607107E-03
   3.9289550781250000       -6.26382232E-03
   3.9343261718750000       -6.25163317E-03
   3.9396972656250000       -6.23953342E-03
   3.9450683593750000       -6.22746348E-03
   3.9504394531250000       -6.21548295E-03
   3.9558105468750000       -6.20356202E-03
   3.9611816406250000       -6.19173050E-03
   3.9665527343750000       -6.17992878E-03
   3.9719238281250000       -6.16821647E-03
   3.9772949218750000       -6.15653396E-03
   3.9826660156250000       -6.14494085E-03
   3.9880371093750000       -6.13340735E-03
   3.9934082031250000       -6.12193346E-03
   3.9987792968750000       -6.11054897E-03
   4.0041503906250000       -6.09919429E-03
   4.0095214843750000       -6.08792901E-03
   4.0148925781250000       -6.07669353E-03
   4.0202636718750000       -6.06554747E-03
   4.0256347656250000       -6.05443120E-03
   4.0310058593750000       -6.04340434E-03
   4.0363769531250000       -6.03243709E-03
   4.0417480468750000       -6.02152944E-03
   4.0471191406250000       -6.01068139E-03
   4.0524902343750000       -5.99989295E-03
   4.0578613281250000       -5.98916411E-03
   4.0632324218750000       -5.97846508E-03
   4.0686035156250000       -5.96785545E-03
   4.0739746093750000       -5.95730543E-03
   4.0793457031250000       -5.94681501E-03
   4.0847167968750000       -5.93638420E-03
   4.0900878906250000       -5.92601299E-03
   4.0954589843750000       -5.91570139E-03
   4.1008300781250000       -5.90541959E-03
   4.1062011718750000       -5.89522719E-03
   4.1115722656250000       -5.88506460E-03
   4.1169433593750000       -5.87499142E-03
   4.1223144531250000       -5.86494803E-03
   4.1276855468750000       -5.85499406E-03
   4.1330566406250000       -5.84506989E-03
   4.1384277343750000       -5.83520532E-03
   4.1437988281250000       -5.82540035E-03
   4.1491699218750000       -5.81565499E-03
   4.1545410156250000       -5.80593944E-03
   4.1599121093750000       -5.79631329E-03
   4.1652832031250000       -5.78671694E-03
   4.1706542968750000       -5.77718019E-03
   4.1760253906250000       -5.76770306E-03
   4.1813964843750000       -5.75828552E-03
   4.1867675781250000       -5.74892759E-03
   4.1921386718750000       -5.73959947E-03
   4.1975097656250000       -5.73036075E-03
   4.2028808593750000       -5.72115183E-03
   4.2082519531250000       -5.71200252E-03
   4.2136230468750000       -5.70288301E-03
   4.2189941406250000       -5.69385290E-03
   4.2243652343750000       -5.68485260E-03
   4.2297363281250000       -5.67591190E-03
   4.2351074218750000       -5.66700101E-03
   4.2404785156250000       -5.65817952E-03
   4.2458496093750000       -5.64938784E-03
   4.2512207031250000       -5.64065576E-03
   4.2565917968750000       -5.63195348E-03
   4.2619628906250000       -5.62334061E-03
   4.2673339843750000       -5.61475754E-03
   4.2727050781250000       -5.60620427E-03
   4.2780761718750000       -5.59774041E-03
   4.2834472656250000       -5.58930635E-03
   4.2888183593750000       -5.58093190E-03
   4.2941894531250000       -5.57258725E-03
   4.2995605468750000       -5.56430221E-03
   4.3049316406250000       -5.55607677E-03
   4.3103027343750000       -5.54791093E-03
   4.3156738281250000       -5.53977489E-03
   4.3210449218750000       -5.53166866E-03
   4.3264160156250000       -5.52365184E-03
   4.3317871093750000       -5.51566482E-03
   4.3371582031250000       -5.50770760E-03
   4.3425292968750000       -5.49983978E-03
   4.3479003906250000       -5.49200177E-03
   4.3532714843750000       -5.48419356E-03
   4.3586425781250000       -5.47644496E-03
   4.3640136718750000       -5.46875596E-03
   4.3693847656250000       -5.46109676E-03
   4.3747558593750000       -5.45349717E-03
   4.3801269531250000       -5.44592738E-03
   4.3854980468750000       -5.43841720E-03
   4.3908691406250000       -5.43096662E-03
   4.3962402343750000       -5.42354584E-03
   4.4016113281250000       -5.41615486E-03
   4.4069824218750000       -5.40885329E-03
   4.4123535156250000       -5.40155172E-03
   4.4177246093750000       -5.39433956E-03
   4.4230957031250000       -5.38712740E-03
   4.4284667968750000       -5.38000464E-03
   4.4338378906250000       -5.37291169E-03
   4.4392089843750000       -5.36584854E-03
   4.4445800781250000       -5.35884500E-03
   4.4499511718750000       -5.35187125E-03
   4.4553222656250000       -5.34495711E-03
   4.4606933593750000       -5.33807278E-03
   4.4660644531250000       -5.33124804E-03
   4.4714355468750000       -5.32448292E-03
   4.4768066406250000       -5.31771779E-03
   4.4821777343750000       -5.31104207E-03
   4.4875488281250000       -5.30439615E-03
   4.4929199218750000       -5.29778004E-03
   4.4982910156250000       -5.29119372E-03
   4.5036621093750000       -5.28469682E-03
   4.5090332031250000       -5.27819991E-03
   4.5144042968750000       -5.27176261E-03
   4.5197753906250000       -5.26538491E-03
   4.5251464843750000       -5.25903702E-03
   4.5305175781250000       -5.25271893E-03
   4.5358886718750000       -5.24646044E-03
   4.5412597656250000       -5.24023175E-03
   4.5466308593750000       -5.23406267E-03
   4.5520019531250000       -5.22792339E-03
   4.5573730468750000       -5.22181392E-03
   4.5627441406250000       -5.21576405E-03
   4.5681152343750000       -5.20974398E-03
   4.5734863281250000       -5.20378351E-03
   4.5788574218750000       -5.19785285E-03
   4.5842285156250000       -5.19195199E-03
   4.5895996093750000       -5.18611073E-03
   4.5949707031250000       -5.18029928E-03
   4.6003417968750000       -5.17451763E-03
   4.6057128906250000       -5.16879559E-03
   4.6110839843750000       -5.16313314E-03
   4.6164550781250000       -5.15747070E-03
   4.6218261718750000       -5.15186787E-03
   4.6271972656250000       -5.14629483E-03
   4.6325683593750000       -5.14078140E-03
   4.6379394531250000       -5.13529778E-03
   4.6433105468750000       -5.12984395E-03
   4.6486816406250000       -5.12444973E-03
   4.6540527343750000       -5.11908531E-03
   4.6594238281250000       -5.11378050E-03
   4.6647949218750000       -5.10847569E-03
   4.6701660156250000       -5.10323048E-03
   4.6755371093750000       -5.09801507E-03
   4.6809082031250000       -5.09285927E-03
   4.6862792968750000       -5.08773327E-03
   4.6916503906250000       -5.08263707E-03
   4.6970214843750000       -5.07760048E-03
   4.7023925781250000       -5.07259369E-03
   4.7077636718750000       -5.06761670E-03
   4.7131347656250000       -5.06266952E-03
   4.7185058593750000       -5.05778193E-03
   4.7238769531250000       -5.05292416E-03
   4.7292480468750000       -5.04809618E-03
   4.7346191406250000       -5.04332781E-03
   4.7399902343750000       -5.03858924E-03
   4.7453613281250000       -5.03388047E-03
   4.7507324218750000       -5.02920151E-03
   4.7561035156250000       -5.02458215E-03
   4.7614746093750000       -5.01996279E-03
   4.7668457031250000       -5.01543283E-03
   4.7722167968750000       -5.01090288E-03
   4.7775878906250000       -5.00643253E-03
   4.7829589843750000       -5.00199199E-03
   4.7883300781250000       -4.99758124E-03
   4.7937011718750000       -4.99320030E-03
   4.7990722656250000       -4.98887897E-03
   4.8044433593750000       -4.98458743E-03
   4.8098144531250000       -4.98032570E-03
   4.8151855468750000       -4.97609377E-03
   4.8205566406250000       -4.97192144E-03
   4.8259277343750000       -4.96774912E-03
   4.8312988281250000       -4.96363640E-03
   4.8366699218750000       -4.95955348E-03
   4.8420410156250000       -4.95553017E-03
   4.8474121093750000       -4.95153666E-03
   4.8527832031250000       -4.94754314E-03
   4.8581542968750000       -4.94360924E-03
   4.8635253906250000       -4.93973494E-03
   4.8688964843750000       -4.93586063E-03
   4.8742675781250000       -4.93204594E-03
   4.8796386718750000       -4.92826104E-03
   4.8850097656250000       -4.92450595E-03
   4.8903808593750000       -4.92078066E-03
   4.8957519531250000       -4.91708517E-03
   4.9011230468750000       -4.91344929E-03
   4.9064941406250000       -4.90984321E-03
   4.9118652343750000       -4.90626693E-03
   4.9172363281250000       -4.90272045E-03
   4.9226074218750000       -4.89920378E-03
   4.9279785156250000       -4.89574671E-03
   4.9333496093750000       -4.89228964E-03
   4.9387207031250000       -4.88889217E-03
   4.9440917968750000       -4.88552451E-03
   4.9494628906250000       -4.88218665E-03
   4.9548339843750000       -4.87890840E-03
   4.9602050781250000       -4.87563014E-03
   4.9655761718750000       -4.87241149E-03
   4.9709472656250000       -4.86922264E-03
   4.9763183593750000       -4.86603379E-03
   4.9816894531250000       -4.86293435E-03
   4.9870605468750000       -4.85983491E-03
   4.9924316406250000       -4.85676527E-03
   4.9978027343750000       -4.85375524E-03
   5.0031738281250000       -4.85074520E-03
   5.0085449218750000       -4.84779477E-03
   5.0139160156250000       -4.84487414E-03
   5.0192871093750000       -4.84198332E-03
   5.0246582031250000       -4.83912230E-03
   5.0300292968750000       -4.83632088E-03
   5.0354003906250000       -4.83351946E-03
   5.0407714843750000       -4.83077765E-03
   5.0461425781250000       -4.82806563E-03
   5.0515136718750000       -4.82538342E-03
   5.0568847656250000       -4.82273102E-03
   5.0622558593750000       -4.82010841E-03
   5.0676269531250000       -4.81751561E-03
   5.0729980468750000       -4.81495261E-03
   5.0783691406250000       -4.81244922E-03
   5.0837402343750000       -4.80994582E-03
   5.0891113281250000       -4.80750203E-03
   5.0944824218750000       -4.80508804E-03
   5.0998535156250000       -4.80270386E-03
   5.1052246093750000       -4.80034947E-03
   5.1105957031250000       -4.79802489E-03
   5.1159667968750000       -4.79573011E-03
   5.1213378906250000       -4.79346514E-03
   5.1267089843750000       -4.79125977E-03
   5.1320800781250000       -4.78905439E-03
   5.1374511718750000       -4.78690863E-03
   5.1428222656250000       -4.78479266E-03
   5.1481933593750000       -4.78267670E-03
   5.1535644531250000       -4.78062034E-03
   5.1589355468750000       -4.77859378E-03
   5.1643066406250000       -4.77659702E-03
   5.1696777343750000       -4.77465987E-03
   5.1750488281250000       -4.77272272E-03
   5.1804199218750000       -4.77081537E-03
   5.1857910156250000       -4.76896763E-03
   5.1911621093750000       -4.76711988E-03
   5.1965332031250000       -4.76533175E-03
   5.2019042968750000       -4.76354361E-03
   5.2072753906250000       -4.76181507E-03
   5.2126464843750000       -4.76011634E-03
   5.2180175781250000       -4.75844741E-03
   5.2233886718750000       -4.75680828E-03
   5.2287597656250000       -4.75519896E-03
   5.2341308593750000       -4.75361943E-03
   5.2395019531250000       -4.75206971E-03
   5.2448730468750000       -4.75057960E-03
   5.2502441406250000       -4.74908948E-03
   5.2556152343750000       -4.74762917E-03
   5.2609863281250000       -4.74622846E-03
   5.2663574218750000       -4.74485755E-03
   5.2717285156250000       -4.74348664E-03
   5.2770996093750000       -4.74217534E-03
   5.2824707031250000       -4.74089384E-03
   5.2878417968750000       -4.73964214E-03
   5.2932128906250000       -4.73839045E-03
   5.2985839843750000       -4.73719835E-03
   5.3039550781250000       -4.73603606E-03
   5.3093261718750000       -4.73493338E-03
   5.3146972656250000       -4.73383069E-03
   5.3200683593750000       -4.73275781E-03
   5.3254394531250000       -4.73171473E-03
   5.3308105468750000       -4.73073125E-03
   5.3361816406250000       -4.72974777E-03
   5.3415527343750000       -4.72879410E-03
   5.3469238281250000       -4.72790003E-03
   5.3522949218750000       -4.72703576E-03
   5.3576660156250000       -4.72617149E-03
   5.3630371093750000       -4.72536683E-03
   5.3684082031250000       -4.72459197E-03
   5.3737792968750000       -4.72381711E-03
   5.3791503906250000       -4.72310185E-03
   5.3845214843750000       -4.72241640E-03
   5.3898925781250000       -4.72176075E-03
   5.3952636718750000       -4.72113490E-03
   5.4006347656250000       -4.72053885E-03
   5.4060058593750000       -4.71997261E-03
   5.4113769531250000       -4.71943617E-03
   5.4167480468750000       -4.71895933E-03
   5.4221191406250000       -4.71848249E-03
   5.4274902343750000       -4.71803546E-03
   5.4328613281250000       -4.71764803E-03
   5.4382324218750000       -4.71726060E-03
   5.4436035156250000       -4.71690297E-03
   5.4489746093750000       -4.71660495E-03
   5.4543457031250000       -4.71633673E-03
   5.4597167968750000       -4.71606851E-03
   5.4650878906250000       -4.71585989E-03
   5.4704589843750000       -4.71565127E-03
   5.4758300781250000       -4.71550226E-03
   5.4812011718750000       -4.71538305E-03
   5.4865722656250000       -4.71529365E-03
   5.4919433593750000       -4.71523404E-03
   5.4973144531250000       -4.71520424E-03
   5.5026855468750000       -4.71520424E-03
   5.5080566406250000       -4.71523404E-03
   5.5134277343750000       -4.71529365E-03
   5.5187988281250000       -4.71538305E-03
   5.5241699218750000       -4.71550226E-03
   5.5295410156250000       -4.71565127E-03
   5.5349121093750000       -4.71585989E-03
   5.5402832031250000       -4.71606851E-03
   5.5456542968750000       -4.71633673E-03
   5.5510253906250000       -4.71660495E-03
   5.5563964843750000       -4.71690297E-03
   5.5617675781250000       -4.71726060E-03
   5.5671386718750000       -4.71764803E-03
   5.5725097656250000       -4.71803546E-03
   5.5778808593750000       -4.71848249E-03
   5.5832519531250000       -4.71895933E-03
   5.5886230468750000       -4.71943617E-03
   5.5939941406250000       -4.71997261E-03
   5.5993652343750000       -4.72053885E-03
   5.6047363281250000       -4.72113490E-03
   5.6101074218750000       -4.72176075E-03
   5.6154785156250000       -4.72241640E-03
   5.6208496093750000       -4.72310185E-03
   5.6262207031250000       -4.72381711E-03
   5.6315917968750000       -4.72459197E-03
   5.6369628906250000       -4.72536683E-03
   5.6423339843750000       -4.72617149E-03
   5.6477050781250000       -4.72703576E-03
   5.6530761718750000       -4.72790003E-03
   5.6584472656250000       -4.72879410E-03
   5.6638183593750000       -4.72974777E-03
   5.6691894531250000       -4.73073125E-03
   5.6745605468750000       -4.73171473E-03
   5.6799316406250000       -4.73275781E-03
   5.6853027343750000       -4.73383069E-03
   5.6906738281250000       -4.73493338E-03
   5.6960449218750000       -4.73603606E-03
   5.7014160156250000       -4.73719835E-03
   5.7067871093750000       -4.73839045E-03
   5.7121582031250000       -4.73964214E-03
   5.7175292968750000       -4.74089384E-03
   5.7229003906250000       -4.74217534E-03
   5.7282714843750000       -4.74348664E-03
   5.7336425781250000       -4.74485755E-03
   5.7390136718750000       -4.74622846E-03
   5.7443847656250000       -4.74762917E-03
   5.7497558593750000       -4.74908948E-03
   5.7551269531250000       -4.75057960E-03
   5.7604980468750000       -4.75206971E-03
   5.7658691406250000       -4.75361943E-03
   5.7712402343750000       -4.75519896E-03
   5.7766113281250000       -4.75680828E-03
   5.7819824218750000       -4.75844741E-03
   5.7873535156250000       -4.76011634E-03
   5.7927246093750000       -4.76181507E-03
   5.7980957031250000       -4.76354361E-03
   5.8034667968750000       -4.76533175E-03
   5.8088378906250000       -4.76711988E-03
   5.8142089843750000       -4.76896763E-03
   5.8195800781250000       -4.77081537E-03
   5.8249511718750000       -4.77272272E-03
   5.8303222656250000       -4.77465987E-03
   5.8356933593750000       -4.77659702E-03
   5.8410644531250000       -4.77859378E-03
   5.8464355468750000       -4.78062034E-03
   5.8518066406250000       -4.78267670E-03
   5.8571777343750000       -4.78479266E-03
   5.8625488281250000       -4.78690863E-03
   5.8679199218750000       -4.78905439E-03
   5.8732910156250000       -4.79125977E-03
   5.8786621093750000       -4.79346514E-03
   5.8840332031250000       -4.79573011E-03
   5.8894042968750000       -4.79802489E-03
   5.8947753906250000       -4.80034947E-03
   5.9001464843750000       -4.80270386E-03
   5.9055175781250000       -4.80508804E-03
   5.9108886718750000       -4.80750203E-03
   5.9162597656250000       -4.80994582E-03
   5.9216308593750000       -4.81244922E-03
   5.9270019531250000       -4.81495261E-03
   5.9323730468750000       -4.81751561E-03
   5.9377441406250000       -4.82010841E-03
   5.9431152343750000       -4.82273102E-03
   5.9484863281250000       -4.82538342E-03
   5.9538574218750000       -4.82806563E-03
   5.9592285156250000       -4.83077765E-03
   5.9645996093750000       -4.83351946E-03
   5.9699707031250000       -4.83632088E-03
   5.9753417968750000       -4.83912230E-03
   5.9807128906250000       -4.84198332E-03
   5.9860839843750000       -4.84487414E-03
   5.9914550781250000       -4.84779477E-03
   5.9968261718750000       -4.85074520E-03
   6.0021972656250000       -4.85375524E-03
   6.0075683593750000       -4.85676527E-03
   6.0129394531250000       -4.85983491E-03
   6.0183105468750000       -4.86293435E-03
   6.0236816406250000       -4.86603379E-03
   6.0290527343750000       -4.86922264E-03
   6.0344238281250000       -4.87241149E-03
   6.0397949218750000       -4.87563014E-03
   6.0451660156250000       -4.87890840E-03
   6.0505371093750000       -4.88218665E-03
   6.0559082031250000       -4.88552451E-03
   6.0612792968750000       -4.88889217E-03
   6.0666503906250000       -4.89228964E-03
   6.0720214843750000       -4.89574671E-03
   6.0773925781250000       -4.89920378E-03
   6.0827636718750000       -4.90272045E-03
   6.0881347656250000       -4.90626693E-03
   6.0935058593750000       -4.90984321E-03
   6.0988769531250000       -4.91344929E-03
   6.1042480468750000       -4.91708517E-03
   6.1096191406250000       -4.92078066E-03
   6.1149902343750000       -4.92450595E-03
   6.1203613281250000       -4.92826104E-03
   6.1257324218750000       -4.93204594E-03
   6.1311035156250000       -4.93586063E-03
   6.1364746093750000       -4.93973494E-03
   6.1418457031250000       -4.94360924E-03
   6.1472167968750000       -4.94754314E-03
   6.1525878906250000       -4.95153666E-03
   6.1579589843750000       -4.95553017E-03
   6.1633300781250000       -4.95955348E-03
   6.1687011718750000       -4.96363640E-03
   6.1740722656250000       -4.96774912E-03
   6.1794433593750000       -4.97192144E-03
   6.1848144531250000       -4.97609377E-03
   6.1901855468750000       -4.98032570E-03
   6.1955566406250000       -4.98458743E-03
   6.2009277343750000       -4.98887897E-03
   6.2062988281250000       -4.99320030E-03
   6.2116699218750000       -4.99758124E-03
   6.2170410156250000       -5.00199199E-03
   6.2224121093750000       -5.00643253E-03
   6.2277832031250000       -5.01090288E-03
   6.2331542968750000       -5.01543283E-03
   6.2385253906250000       -5.01996279E-03
   6.2438964843750000       -5.02458215E-03
   6.2492675781250000       -5.02920151E-03
   6.2546386718750000       -5.03388047E-03
   6.2600097656250000       -5.03858924E-03
   6.2653808593750000       -5.04332781E-03
   6.2707519531250000       -5.04809618E-03
   6.2761230468750000       -5.05292416E-03
   6.2814941406250000       -5.05778193E-03
   6.2868652343750000       -5.06266952E-03
   6.2922363281250000       -5.06761670E-03
   6.2976074218750000       -5.07259369E-03
   6.3029785156250000       -5.07760048E-03
   6.3083496093750000       -5.08263707E-03
   6.3137207031250000       -5.08773327E-03
   6.3190917968750000       -5.09285927E-03
   6.3244628906250000       -5.09801507E-03
   6.3298339843750000       -5.10323048E-03
   6.3352050781250000       -5.10847569E-03
   6.3405761718750000       -5.11378050E-03
   6.3459472656250000       -5.11908531E-03
   6.3513183593750000       -5.12444973E-03
   6.3566894531250000       -5.12984395E-03
   6.3620605468750000       -5.13529778E-03
   6.3674316406250000       -5.14078140E-03
   6.3728027343750000       -5.14629483E-03
   6.3781738281250000       -5.15186787E-03
   6.3835449218750000       -5.15747070E-03
   6.3889160156250000       -5.16313314E-03
   6.3942871093750000       -5.16879559E-03
   6.3996582031250000       -5.17451763E-03
   6.4050292968750000       -5.18029928E-03
   6.4104003906250000       -5.18611073E-03
   6.4157714843750000       -5.19195199E-03
   6.4211425781250000       -5.19785285E-03
   6.4265136718750000       -5.20378351E-03
   6.4318847656250000       -5.20974398E-03
   6.4372558593750000       -5.21576405E-03
   6.4426269531250000       -5.22181392E-03
   6.4479980468750000       -5.22792339E-03
   6.4533691406250000       -5.23406267E-03
   6.4587402343750000       -5.24023175E-03
   6.4641113281250000       -5.24646044E-03
   6.4694824218750000       -5.25271893E-03
   6.4748535156250000       -5.25903702E-03
   6.4802246093750000       -5.26538491E-03
   6.4855957031250000       -5.27176261E-03
   6.4909667968750000       -5.27819991E-03
   6.4963378906250000       -5.28469682E-03
   6.5017089843750000       -5.29119372E-03
   6.5070800781250000       -5.29778004E-03
   6.5124511718750000       -5.30439615E-03
   6.5178222656250000       -5.31104207E-03
   6.5231933593750000       -5.31771779E-03
   6.5285644531250000       -5.32448292E-03
   6.5339355468750000       -5.33124804E-03
   6.5393066406250000       -5.33807278E-03
   6.5446777343750000       -5.34495711E-03
   6.5500488281250000       -5.35187125E-03
   6.5554199218750000       -5.35884500E-03
   6.5607910156250000       -5.36584854E-03
   6.5661621093750000       -5.37291169E-03
   6.5715332031250000       -5.38000464E-03
   6.5769042968750000       -5.38712740E-03
   6.5822753906250000       -5.39433956E-03
   6.5876464843750000       -5.40155172E-03
   6.5930175781250000       -5.40885329E-03
   6.5983886718750000       -5.41615486E-03
   6.6037597656250000       -5.42354584E-03
   6.6091308593750000       -5.43096662E-03
   6.6145019531250000       -5.43841720E-03
   6.6198730468750000       -5.44592738E-03
   6.6252441406250000       -5.45349717E-03
   6.6306152343750000       -5.46109676E-03
   6.6359863281250000       -5.46875596E-03
   6.6413574218750000       -5.47644496E-03
   6.6467285156250000       -5.48419356E-03
   6.6520996093750000       -5.49200177E-03
   6.6574707031250000       -5.49983978E-03
   6.6628417968750000       -5.50770760E-03
   6.6682128906250000       -5.51566482E-03
   6.6735839843750000       -5.52365184E-03
   6.6789550781250000       -5.53166866E-03
   6.6843261718750000       -5.53977489E-03
   6.6896972656250000       -5.54791093E-03
   6.6950683593750000       -5.55607677E-03
   6.7004394531250000       -5.56430221E-03
   6.7058105468750000       -5.57258725E-03
   6.7111816406250000       -5.58093190E-03
   6.7165527343750000       -5.58930635E-03
   6.7219238281250000       -5.59774041E-03
   6.7272949218750000       -5.60620427E-03
   6.7326660156250000       -5.61475754E-03
   6.7380371093750000       -5.62334061E-03
   6.7434082031250000       -5.63195348E-03
   6.7487792968750000       -5.64065576E-03
   6.7541503906250000       -5.64938784E-03
   6.7595214843750000       -5.65817952E-03
   6.7648925781250000       -5.66700101E-03
   6.7702636718750000       -5.67591190E-03
   6.7756347656250000       -5.68485260E-03
   6.7810058593750000       -5.69385290E-03
   6.7863769531250000       -5.70288301E-03
   6.7917480468750000       -5.71200252E-03
   6.7971191406250000       -5.72115183E-03
   6.8024902343750000       -5.73036075E-03
   6.8078613281250000       -5.73959947E-03
   6.8132324218750000       -5.74892759E-03
   6.8186035156250000       -5.75828552E-03
   6.8239746093750000       -5.76770306E-03
   6.8293457031250000       -5.77718019E-03
   6.8347167968750000       -5.78671694E-03
   6.8400878906250000       -5.79631329E-03
   6.8454589843750000       -5.80593944E-03
   6.8508300781250000       -5.81565499E-03
   6.8562011718750000       -5.82540035E-03
   6.8615722656250000       -5.83520532E-03
   6.8669433593750000       -5.84506989E-03
   6.8723144531250000       -5.85499406E-03
   6.8776855468750000       -5.86494803E-03
   6.8830566406250000       -5.87499142E-03
   6.8884277343750000       -5.88506460E-03
   6.8937988281250000       -5.89522719E-03
   6.8991699218750000       -5.90541959E-03
   6.9045410156250000       -5.91570139E-03
   6.9099121093750000       -5.92601299E-03
   6.9152832031250000       -5.93638420E-03
   6.9206542968750000       -5.94681501E-03
   6.9260253906250000       -5.95730543E-03
   6.9313964843750000       -5.96785545E-03
   6.9367675781250000       -5.97846508E-03
   6.9421386718750000       -5.98916411E-03
   6.9475097656250000       -5.99989295E-03
   6.9528808593750000       -6.01068139E-03
   6.9582519531250000       -6.02152944E-03
   6.9636230468750000       -6.03243709E-03
   6.9689941406250000       -6.04340434E-03
   6.9743652343750000       -6.05443120E-03
   6.9797363281250000       -6.06554747E-03
   6.9851074218750000       -6.07669353E-03
   6.9904785156250000       -6.08792901E-03
   6.9958496093750000       -6.09919429E-03
   7.0012207031250000       -6.11054897E-03
   7.0065917968750000       -6.12193346E-03
   7.0119628906250000       -6.13340735E-03
   7.0173339843750000       -6.14494085E-03
   7.0227050781250000       -6.15653396E-03
   7.0280761718750000       -6.16821647E-03
   7.0334472656250000       -6.17992878E-03
   7.0388183593750000       -6.19173050E-03
   7.0441894531250000       -6.20356202E-03
   7.0495605468750000       -6.21548295E-03
   7.0549316406250000       -6.22746348E-03
   7.0603027343750000       -6.23953342E-03
   7.0656738281250000       -6.25163317E-03
   7.0710449218750000       -6.26382232E-03
   7.0764160156250000       -6.27607107E-03
   7.0817871093750000       -6.28837943E-03
   7.0871582031250000       -6.30077720E-03
   7.0925292968750000       -6.31323457E-03
   7.0979003906250000       -6.32575154E-03
   7.1032714843750000       -6.33832812E-03
   7.1086425781250000       -6.35099411E-03
   7.1140136718750000       -6.36371970E-03
   7.1193847656250000       -6.37650490E-03
   7.1247558593750000       -6.38937950E-03
   7.1301269531250000       -6.40231371E-03
   7.1354980468750000       -6.41530752E-03
   7.1408691406250000       -6.42839074E-03
   7.1462402343750000       -6.44153357E-03
   7.1516113281250000       -6.45473599E-03
   7.1569824218750000       -6.46802783E-03
   7.1623535156250000       -6.48140907E-03
   7.1677246093750000       -6.49482012E-03
   7.1730957031250000       -6.50832057E-03
   7.1784667968750000       -6.52191043E-03
   7.1838378906250000       -6.53555989E-03
   7.1892089843750000       -6.54929876E-03
   7.1945800781250000       -6.56309724E-03
   7.1999511718750000       -6.57695532E-03
   7.2053222656250000       -6.59093261E-03
   7.2106933593750000       -6.60493970E-03
   7.2160644531250000       -6.61903620E-03
   7.2214355468750000       -6.63322210E-03
   7.2268066406250000       -6.64746761E-03
   7.2321777343750000       -6.66180253E-03
   7.2375488281250000       -6.67622685E-03
   7.2429199218750000       -6.69071078E-03
   7.2482910156250000       -6.70525432E-03
   7.2536621093750000       -6.71991706E-03
   7.2590332031250000       -6.73463941E-03
   7.2644042968750000       -6.74942136E-03
   7.2697753906250000       -6.76429272E-03
   7.2751464843750000       -6.77925348E-03
   7.2805175781250000       -6.79430366E-03
   7.2858886718750000       -6.80941343E-03
   7.2912597656250000       -6.82464242E-03
   7.2966308593750000       -6.83990121E-03
   7.3020019531250000       -6.85527921E-03
   7.3073730468750000       -6.87071681E-03
   7.3127441406250000       -6.88627362E-03
   7.3181152343750000       -6.90189004E-03
   7.3234863281250000       -6.91756606E-03
   7.3288574218750000       -6.93336129E-03
   7.3342285156250000       -6.94921613E-03
   7.3395996093750000       -6.96519017E-03
   7.3449707031250000       -6.98122382E-03
   7.3503417968750000       -6.99734688E-03
   7.3557128906250000       -7.01355934E-03
   7.3610839843750000       -7.02986121E-03
   7.3664550781250000       -7.04625249E-03
   7.3718261718750000       -7.06273317E-03
   7.3771972656250000       -7.07927346E-03
   7.3825683593750000       -7.09593296E-03
   7.3879394531250000       -7.11268187E-03
   7.3933105468750000       -7.12952018E-03
   7.3986816406250000       -7.14644790E-03
   7.4040527343750000       -7.16346502E-03
   7.4094238281250000       -7.18054175E-03
   7.4147949218750000       -7.19773769E-03
   7.4201660156250000       -7.21505284E-03
   7.4255371093750000       -7.23242760E-03
   7.4309082031250000       -7.24989176E-03
   7.4362792968750000       -7.26747513E-03
   7.4416503906250000       -7.28514791E-03
   7.4470214843750000       -7.30288029E-03
   7.4523925781250000       -7.32076168E-03
   7.4577636718750000       -7.33870268E-03
   7.4631347656250000       -7.35673308E-03
   7.4685058593750000       -7.37488270E-03
   7.4738769531250000       -7.39312172E-03
   7.4792480468750000       -7.41147995E-03
   7.4846191406250000       -7.42992759E-03
   7.4899902343750000       -7.44846463E-03
   7.4953613281250000       -7.46709108E-03
   7.5007324218750000       -7.48583674E-03
   7.5061035156250000       -7.50467181E-03
   7.5114746093750000       -7.52359629E-03
   7.5168457031250000       -7.54263997E-03
   7.5222167968750000       -7.56180286E-03
   7.5275878906250000       -7.58105516E-03
   7.5329589843750000       -7.60039687E-03
   7.5383300781250000       -7.61985779E-03
   7.5437011718750000       -7.63943791E-03
   7.5490722656250000       -7.65910745E-03
   7.5544433593750000       -7.67886639E-03
   7.5598144531250000       -7.69874454E-03
   7.5651855468750000       -7.71874189E-03
   7.5705566406250000       -7.73882866E-03
   7.5759277343750000       -7.75903463E-03
   7.5812988281250000       -7.77935982E-03
   7.5866699218750000       -7.79980421E-03
   7.5920410156250000       -7.82033801E-03
   7.5974121093750000       -7.84099102E-03
   7.6027832031250000       -7.86173344E-03
   7.6081542968750000       -7.88262486E-03
   7.6135253906250000       -7.90360570E-03
   7.6188964843750000       -7.92470574E-03
   7.6242675781250000       -7.94592500E-03
   7.6296386718750000       -7.96723366E-03
   7.6350097656250000       -7.98869133E-03
   7.6403808593750000       -8.01026821E-03
   7.6457519531250000       -8.03193450E-03
   7.6511230468750000       -8.05374980E-03
   7.6564941406250000       -8.07565451E-03
   7.6618652343750000       -8.09767842E-03
   7.6672363281250000       -8.11985135E-03
   7.6726074218750000       -8.14211369E-03
   7.6779785156250000       -8.16452503E-03
   7.6833496093750000       -8.18705559E-03
   7.6887207031250000       -8.20970535E-03
   7.6940917968750000       -8.23247433E-03
   7.6994628906250000       -8.25536251E-03
   7.7048339843750000       -8.27836990E-03
   7.7102050781250000       -8.30152631E-03
   7.7155761718750000       -8.32480192E-03
   7.7209472656250000       -8.34819674E-03
   7.7263183593750000       -8.37174058E-03
   7.7316894531250000       -8.39537382E-03
   7.7370605468750000       -8.41918588E-03
   7.7424316406250000       -8.44308734E-03
   7.7478027343750000       -8.46713781E-03
   7.7531738281250000       -8.49133730E-03
   7.7585449218750000       -8.51565599E-03
   7.7639160156250000       -8.54009390E-03
   7.7692871093750000       -8.56468081E-03
   7.7746582031250000       -8.58941674E-03
   7.7800292968750000       -8.61427188E-03
   7.7854003906250000       -8.63924623E-03
   7.7907714843750000       -8.66439939E-03
   7.7961425781250000       -8.68967175E-03
   7.8015136718750000       -8.71509314E-03
   7.8068847656250000       -8.74063373E-03
   7.8122558593750000       -8.76632333E-03
   7.8176269531250000       -8.79216194E-03
   7.8229980468750000       -8.81814957E-03
   7.8283691406250000       -8.84428620E-03
   7.8337402343750000       -8.87054205E-03
   7.8391113281250000       -8.89697671E-03
   7.8444824218750000       -8.92353058E-03
   7.8498535156250000       -8.95026326E-03
   7.8552246093750000       -8.97711515E-03
   7.8605957031250000       -9.00414586E-03
   7.8659667968750000       -9.03129578E-03
   7.8713378906250000       -9.05862451E-03
   7.8767089843750000       -9.08607244E-03
   7.8820800781250000       -9.11369920E-03
   7.8874511718750000       -9.14147496E-03
   7.8928222656250000       -9.16942954E-03
   7.8981933593750000       -9.19750333E-03
   7.9035644531250000       -9.22575593E-03
   7.9089355468750000       -9.25418735E-03
   7.9143066406250000       -9.28273797E-03
   7.9196777343750000       -9.31146741E-03
   7.9250488281250000       -9.34037566E-03
   7.9304199218750000       -9.36943293E-03
   7.9357910156250000       -9.39863920E-03
   7.9411621093750000       -9.42802429E-03
   7.9465332031250000       -9.45758820E-03
   7.9519042968750000       -9.48730111E-03
   7.9572753906250000       -9.51719284E-03
   7.9626464843750000       -9.54726338E-03
   7.9680175781250000       -9.57748294E-03
   7.9733886718750000       -9.60788131E-03
   7.9787597656250000       -9.63845849E-03
   7.9841308593750000       -9.66921449E-03
   7.9895019531250000       -9.70014930E-03
   7.9948730468750000       -9.73123312E-03
   8.0002441406250000       -9.76252556E-03
   8.0056152343750000       -9.79396701E-03
   8.0109863281250000       -9.82561707E-03
   8.0163574218750000       -9.85744596E-03
   8.0217285156250000       -9.88945365E-03
   8.0270996093750000       -9.92164016E-03
   8.0324707031250000       -9.95400548E-03
   8.0378417968750000       -9.98654962E-03
   8.0432128906250000       -1.00193024E-02
   8.0485839843750000       -1.00522339E-02
   8.0539550781250000       -1.00853741E-02
   8.0593261718750000       -1.01186931E-02
   8.0646972656250000       -1.01521909E-02
   8.0700683593750000       -1.01858974E-02
   8.0754394531250000       -1.02198124E-02
   8.0808105468750000       -1.02539062E-02
   8.0861816406250000       -1.02882087E-02
   8.0915527343750000       -1.03226900E-02
   8.0969238281250000       -1.03573799E-02
   8.1022949218750000       -1.03922784E-02
   8.1076660156250000       -1.04273856E-02
   8.1130371093750000       -1.04627013E-02
   8.1184082031250000       -1.04981959E-02
   8.1237792968750000       -1.05339289E-02
   8.1291503906250000       -1.05698705E-02
   8.1345214843750000       -1.06060207E-02
   8.1398925781250000       -1.06423497E-02
   8.1452636718750000       -1.06789172E-02
   8.1506347656250000       -1.07157230E-02
   8.1560058593750000       -1.07527077E-02
   8.1613769531250000       -1.07899308E-02
   8.1667480468750000       -1.08273625E-02
   8.1721191406250000       -1.08650327E-02
   8.1774902343750000       -1.09029114E-02
   8.1828613281250000       -1.09410286E-02
   8.1882324218750000       -1.09793544E-02
   8.1936035156250000       -1.10179186E-02
   8.1989746093750000       -1.10567212E-02
   8.2043457031250000       -1.10957325E-02
   8.2097167968750000       -1.11350119E-02
   8.2150878906250000       -1.11745000E-02
   8.2204589843750000       -1.12142265E-02
   8.2258300781250000       -1.12541914E-02
   8.2312011718750000       -1.12943947E-02
   8.2365722656250000       -1.13348365E-02
   8.2419433593750000       -1.13755167E-02
   8.2473144531250000       -1.14164650E-02
   8.2526855468750000       -1.14576519E-02
   8.2580566406250000       -1.14990771E-02
   8.2634277343750000       -1.15407407E-02
   8.2687988281250000       -1.15826726E-02
   8.2741699218750000       -1.16248727E-02
   8.2795410156250000       -1.16673112E-02
   8.2849121093750000       -1.17100179E-02
   8.2902832031250000       -1.17529631E-02
   8.2956542968750000       -1.17961764E-02
   8.3010253906250000       -1.18396580E-02
   8.3063964843750000       -1.18834078E-02
   8.3117675781250000       -1.19274259E-02
   8.3171386718750000       -1.19717121E-02
   8.3225097656250000       -1.20162666E-02
   8.3278808593750000       -1.20610893E-02
   8.3332519531250000       -1.21062100E-02
   8.3386230468750000       -1.21515989E-02
   8.3439941406250000       -1.21972561E-02
   8.3493652343750000       -1.22431815E-02
   8.3547363281250000       -1.22894347E-02
   8.3601074218750000       -1.23359263E-02
   8.3654785156250000       -1.23827457E-02
   8.3708496093750000       -1.24298334E-02
   8.3762207031250000       -1.24772191E-02
   8.3815917968750000       -1.25248730E-02
   8.3869628906250000       -1.25728548E-02
   8.3923339843750000       -1.26211345E-02
   8.3977050781250000       -1.26697123E-02
   8.4030761718750000       -1.27185881E-02
   8.4084472656250000       -1.27677619E-02
   8.4138183593750000       -1.28172636E-02
   8.4191894531250000       -1.28670633E-02
   8.4245605468750000       -1.29171610E-02
   8.4299316406250000       -1.29676163E-02
   8.4353027343750000       -1.30183399E-02
   8.4406738281250000       -1.30694211E-02
   8.4460449218750000       -1.31208003E-02
   8.4514160156250000       -1.31725371E-02
   8.4567871093750000       -1.32245719E-02
   8.4621582031250000       -1.32769346E-02
   8.4675292968750000       -1.33296549E-02
   8.4729003906250000       -1.33827031E-02
   8.4782714843750000       -1.34360790E-02
   8.4836425781250000       -1.34897828E-02
   8.4890136718750000       -1.35438442E-02
   8.4943847656250000       -1.35982633E-02
   8.4997558593750000       -1.36530399E-02
   8.5051269531250000       -1.37081444E-02
   8.5104980468750000       -1.37636065E-02
   8.5158691406250000       -1.38194263E-02
   8.5212402343750000       -1.38756037E-02
   8.5266113281250000       -1.39321387E-02
   8.5319824218750000       -1.39890611E-02
   8.5373535156250000       -1.40463412E-02
   8.5427246093750000       -1.41039789E-02
   8.5480957031250000       -1.41620040E-02
   8.5534667968750000       -1.42204165E-02
   8.5588378906250000       -1.42791867E-02
   8.5642089843750000       -1.43383741E-02
   8.5695800781250000       -1.43979192E-02
   8.5749511718750000       -1.44578516E-02
   8.5803222656250000       -1.45182014E-02
   8.5856933593750000       -1.45789385E-02
   8.5910644531250000       -1.46400630E-02
   8.5964355468750000       -1.47016048E-02
   8.6018066406250000       -1.47635341E-02
   8.6071777343750000       -1.48258805E-02
   8.6125488281250000       -1.48886442E-02
   8.6179199218750000       -1.49518251E-02
   8.6232910156250000       -1.50154233E-02
   8.6286621093750000       -1.50794387E-02
   8.6340332031250000       -1.51438713E-02
   8.6394042968750000       -1.52087510E-02
   8.6447753906250000       -1.52740479E-02
   8.6501464843750000       -1.53397918E-02
   8.6555175781250000       -1.54059827E-02
   8.6608886718750000       -1.54726207E-02
   8.6662597656250000       -1.55396760E-02
   8.6716308593750000       -1.56072080E-02
   8.6770019531250000       -1.56751871E-02
   8.6823730468750000       -1.57436430E-02
   8.6877441406250000       -1.58125460E-02
   8.6931152343750000       -1.58818960E-02
   8.6984863281250000       -1.59517527E-02
   8.7038574218750000       -1.60220563E-02
   8.7092285156250000       -1.60928667E-02
   8.7145996093750000       -1.61641538E-02
   8.7199707031250000       -1.62359178E-02
   8.7253417968750000       -1.63081586E-02
   8.7307128906250000       -1.63809061E-02
   8.7360839843750000       -1.64541602E-02
   8.7414550781250000       -1.65279210E-02
   8.7468261718750000       -1.66021585E-02
   8.7521972656250000       -1.66769326E-02
   8.7575683593750000       -1.67522430E-02
   8.7629394531250000       -1.68280303E-02
   8.7683105468750000       -1.69043839E-02
   8.7736816406250000       -1.69812441E-02
   8.7790527343750000       -1.70586407E-02
   8.7844238281250000       -1.71365738E-02
   8.7897949218750000       -1.72150433E-02
   8.7951660156250000       -1.72940791E-02
   8.8005371093750000       -1.73736811E-02
   8.8059082031250000       -1.74538195E-02
   8.8112792968750000       -1.75345242E-02
   8.8166503906250000       -1.76157951E-02
   8.8220214843750000       -1.76976323E-02
   8.8273925781250000       -1.77800655E-02
   8.8327636718750000       -1.78630650E-02
   8.8381347656250000       -1.79466605E-02
   8.8435058593750000       -1.80308521E-02
   8.8488769531250000       -1.81156397E-02
   8.8542480468750000       -1.82010233E-02
   8.8596191406250000       -1.82870030E-02
   8.8649902343750000       -1.83736384E-02
   8.8703613281250000       -1.84608698E-02
   8.8757324218750000       -1.85487270E-02
   8.8811035156250000       -1.86372101E-02
   8.8864746093750000       -1.87263489E-02
   8.8918457031250000       -1.88161135E-02
   8.8972167968750000       -1.89065337E-02
   8.9025878906250000       -1.89975798E-02
   8.9079589843750000       -1.90893114E-02
   8.9133300781250000       -1.91817284E-02
   8.9187011718750000       -1.92747712E-02
   8.9240722656250000       -1.93685293E-02
   8.9294433593750000       -1.94629729E-02
   8.9348144531250000       -1.95580721E-02
   8.9401855468750000       -1.96538866E-02
   8.9455566406250000       -1.97504163E-02
   8.9509277343750000       -1.98476315E-02
   8.9562988281250000       -1.99455917E-02
   8.9616699218750000       -2.00442672E-02
   8.9670410156250000       -2.01436579E-02
   8.9724121093750000       -2.02437937E-02
   8.9777832031250000       -2.03446448E-02
   8.9831542968750000       -2.04462707E-02
   8.9885253906250000       -2.05486715E-02
   8.9938964843750000       -2.06518173E-02
   8.9992675781250000       -2.07557082E-02
   9.0046386718750000       -2.08604038E-02
   9.0100097656250000       -2.09658742E-02
   9.0153808593750000       -2.10721493E-02
   9.0207519531250000       -2.11792290E-02
   9.0261230468750000       -2.12871134E-02
   9.0314941406250000       -2.13958025E-02
   9.0368652343750000       -2.15052962E-02
   9.0422363281250000       -2.16156542E-02
   9.0476074218750000       -2.17268169E-02
   9.0529785156250000       -2.18388438E-02
   9.0583496093750000       -2.19517350E-02
   9.0637207031250000       -2.20654905E-02
   9.0690917968750000       -2.21800804E-02
   9.0744628906250000       -2.22955942E-02
   9.0798339843750000       -2.24119723E-02
   9.0852050781250000       -2.25292444E-02
   9.0905761718750000       -2.26474106E-02
   9.0959472656250000       -2.27665007E-02
   9.1013183593750000       -2.28865147E-02
   9.1066894531250000       -2.30074525E-02
   9.1120605468750000       -2.31293440E-02
   9.1174316406250000       -2.32521594E-02
   9.1228027343750000       -2.33759582E-02
   9.1281738281250000       -2.35007107E-02
   9.1335449218750000       -2.36264467E-02
   9.1389160156250000       -2.37531662E-02
   9.1442871093750000       -2.38808692E-02
   9.1496582031250000       -2.40095854E-02
   9.1550292968750000       -2.41393149E-02
   9.1604003906250000       -2.42700875E-02
   9.1657714843750000       -2.44018734E-02
   9.1711425781250000       -2.45347023E-02
   9.1765136718750000       -2.46686041E-02
   9.1818847656250000       -2.48035789E-02
   9.1872558593750000       -2.49395967E-02
   9.1926269531250000       -2.50767171E-02
   9.1979980468750000       -2.52149403E-02
   9.2033691406250000       -2.53542960E-02
   9.2087402343750000       -2.54947245E-02
   9.2141113281250000       -2.56363153E-02
   9.2194824218750000       -2.57790387E-02
   9.2248535156250000       -2.59229243E-02
   9.2302246093750000       -2.60679722E-02
   9.2355957031250000       -2.62141824E-02
   9.2409667968750000       -2.63616145E-02
   9.2463378906250000       -2.65102088E-02
   9.2517089843750000       -2.66600549E-02
   9.2570800781250000       -2.68110931E-02
   9.2624511718750000       -2.69633830E-02
   9.2678222656250000       -2.71169245E-02
   9.2731933593750000       -2.72717476E-02
   9.2785644531250000       -2.74278224E-02
   9.2839355468750000       -2.75852084E-02
   9.2893066406250000       -2.77438760E-02
   9.2946777343750000       -2.79038846E-02
   9.3000488281250000       -2.80652046E-02
   9.3054199218750000       -2.82278657E-02
   9.3107910156250000       -2.83918977E-02
   9.3161621093750000       -2.85573006E-02
   9.3215332031250000       -2.87240744E-02
   9.3269042968750000       -2.88922489E-02
   9.3322753906250000       -2.90618539E-02
   9.3376464843750000       -2.92328894E-02
   9.3430175781250000       -2.94053555E-02
   9.3483886718750000       -2.95793116E-02
   9.3537597656250000       -2.97546983E-02
   9.3591308593750000       -2.99316049E-02
   9.3645019531250000       -3.01100314E-02
   9.3698730468750000       -3.02899480E-02
   9.3752441406250000       -3.04714143E-02
   9.3806152343750000       -3.06544602E-02
   9.3859863281250000       -3.08390558E-02
   9.3913574218750000       -3.10252309E-02
   9.3967285156250000       -3.12130153E-02
   9.4020996093750000       -3.14024389E-02
   9.4074707031250000       -3.15934718E-02
   9.4128417968750000       -3.17861736E-02
   9.4182128906250000       -3.19805741E-02
   9.4235839843750000       -3.21766436E-02
   9.4289550781250000       -3.23744416E-02
   9.4343261718750000       -3.25739384E-02
   9.4396972656250000       -3.27752233E-02
   9.4450683593750000       -3.29782665E-02
   9.4504394531250000       -3.31830680E-02
   9.4558105468750000       -3.33896875E-02
   9.4611816406250000       -3.35981548E-02
   9.4665527343750000       -3.38084400E-02
   9.4719238281250000       -3.40206027E-02
   9.4772949218750000       -3.42346728E-02
   9.4826660156250000       -3.44506204E-02
   9.4880371093750000       -3.46685052E-02
   9.4934082031250000       -3.48883569E-02
   9.4987792968750000       -3.51101458E-02
   9.5041503906250000       -3.53339612E-02
   9.5095214843750000       -3.55597734E-02
   9.5148925781250000       -3.57876122E-02
   9.5202636718750000       -3.60175371E-02
   9.5256347656250000       -3.62495482E-02
   9.5310058593750000       -3.64836454E-02
   9.5363769531250000       -3.67198586E-02
   9.5417480468750000       -3.69582474E-02
   9.5471191406250000       -3.71988118E-02
   9.5524902343750000       -3.74415815E-02
   9.5578613281250000       -3.76865864E-02
   9.5632324218750000       -3.79338264E-02
   9.5686035156250000       -3.81833613E-02
   9.5739746093750000       -3.84351909E-02
   9.5793457031250000       -3.86893451E-02
   9.5847167968750000       -3.89458537E-02
   9.5900878906250000       -3.92047465E-02
   9.5954589843750000       -3.94660532E-02
   9.6008300781250000       -3.97298038E-02
   9.6062011718750000       -3.99960279E-02
   9.6115722656250000       -4.02647257E-02
   9.6169433593750000       -4.05359566E-02
   9.6223144531250000       -4.08097506E-02
   9.6276855468750000       -4.10861075E-02
   9.6330566406250000       -4.13650870E-02
   9.6384277343750000       -4.16467190E-02
   9.6437988281250000       -4.19310033E-02
   9.6491699218750000       -4.22179997E-02
   9.6545410156250000       -4.25077379E-02
   9.6599121093750000       -4.28002477E-02
   9.6652832031250000       -4.30955589E-02
   9.6706542968750000       -4.33936715E-02
   9.6760253906250000       -4.36946750E-02
   9.6813964843750000       -4.39985991E-02
   9.6867675781250000       -4.43054140E-02
   9.6921386718750000       -4.46152091E-02
   9.6975097656250000       -4.49280441E-02
   9.7028808593750000       -4.52438891E-02
   9.7082519531250000       -4.55628037E-02
   9.7136230468750000       -4.58848476E-02
   9.7189941406250000       -4.62100208E-02
   9.7243652343750000       -4.65384126E-02
   9.7297363281250000       -4.68699932E-02
   9.7351074218750000       -4.72048521E-02
   9.7404785156250000       -4.75430191E-02
   9.7458496093750000       -4.78845239E-02
   9.7512207031250000       -4.82294261E-02
   9.7565917968750000       -4.85777557E-02
   9.7619628906250000       -4.89295423E-02
   9.7673339843750000       -4.92848158E-02
   9.7727050781250000       -4.96436656E-02
   9.7780761718750000       -5.00060916E-02
   9.7834472656250000       -5.03721833E-02
   9.7888183593750000       -5.07419407E-02
   9.7941894531250000       -5.11154234E-02
   9.7995605468750000       -5.14926612E-02
   9.8049316406250000       -5.18737435E-02
   9.8103027343750000       -5.22587001E-02
   9.8156738281250000       -5.26475608E-02
   9.8210449218750000       -5.30403554E-02
   9.8264160156250000       -5.34372032E-02
   9.8317871093750000       -5.38381040E-02
   9.8371582031250000       -5.42430878E-02
   9.8425292968750000       -5.46522737E-02
   9.8479003906250000       -5.50656319E-02
   9.8532714843750000       -5.54832816E-02
   9.8586425781250000       -5.59052527E-02
   9.8640136718750000       -5.63316047E-02
   9.8693847656250000       -5.67623973E-02
   9.8747558593750000       -5.71976602E-02
   9.8801269531250000       -5.76374531E-02
   9.8854980468750000       -5.80818653E-02
   9.8908691406250000       -5.85309267E-02
   9.8962402343750000       -5.89847267E-02
   9.9016113281250000       -5.94432652E-02
   9.9069824218750000       -5.99066615E-02
   9.9123535156250000       -6.03749752E-02
   9.9177246093750000       -6.08482361E-02
   9.9230957031250000       -6.13265336E-02
   9.9284667968750000       -6.18098974E-02
   9.9338378906250000       -6.22984171E-02
   9.9392089843750000       -6.27921820E-02
   9.9445800781250000       -6.32912219E-02
   9.9499511718750000       -6.37956262E-02
   9.9553222656250000       -6.43054843E-02
   9.9606933593750000       -6.48207963E-02
   9.9660644531250000       -6.53417110E-02
   9.9714355468750000       -6.58682287E-02
   9.9768066406250000       -6.64004982E-02
   9.9821777343750000       -6.69385493E-02
   9.9875488281250000       -6.74824417E-02
   9.9929199218750000       -6.80322945E-02
   9.9982910156250000       -6.85881972E-02
   10.003662109375000       -6.91501498E-02
   10.009033203125000       -6.97183013E-02
   10.014404296875000       -7.02927411E-02
   10.019775390625000       -7.08734989E-02
   10.025146484375000       -7.14606941E-02
   10.030517578125000       -7.20543861E-02
   10.035888671875000       -7.26546943E-02
   10.041259765625000       -7.32616782E-02
   10.046630859375000       -7.38754570E-02
   10.052001953125000       -7.44961202E-02
   10.057373046875000       -7.51236975E-02
   10.062744140625000       -7.57583678E-02
   10.068115234375000       -7.64001608E-02
   10.073486328125000       -7.70492256E-02
   10.078857421875000       -7.77056217E-02
   10.084228515625000       -7.83694386E-02
   10.089599609375000       -7.90408254E-02
   10.094970703125000       -7.97198415E-02
   10.100341796875000       -8.04066360E-02
   10.105712890625000       -8.11012685E-02
   10.111083984375000       -8.18038583E-02
   10.116455078125000       -8.25145245E-02
   10.121826171875000       -8.32333565E-02
   10.127197265625000       -8.39605033E-02
   10.132568359375000       -8.46960247E-02
   10.137939453125000       -8.54400992E-02
   10.143310546875000       -8.61928165E-02
   10.148681640625000       -8.69542658E-02
   10.154052734375000       -8.77246261E-02
   10.159423828125000       -8.85039866E-02
   10.164794921875000       -8.92924666E-02
   10.170166015625000       -9.00902152E-02
   10.175537109375000       -9.08973217E-02
   10.180908203125000       -9.17139649E-02
   10.186279296875000       -9.25402641E-02
   10.191650390625000       -9.33763385E-02
   10.197021484375000       -9.42223370E-02
   10.202392578125000       -9.50783789E-02
   10.207763671875000       -9.59446430E-02
   10.213134765625000       -9.68212485E-02
   10.218505859375000       -9.77083445E-02
   10.223876953125000       -9.86060798E-02
   10.229248046875000       -9.95146334E-02
   10.234619140625000      -0.100434095    
   10.239990234375000      -0.101364672    
   10.245361328125000      -0.102306515    
   10.250732421875000      -0.103259772    
   10.256103515625000      -0.104224622    
   10.261474609375000      -0.105201215    
   10.266845703125000      -0.106189728    
   10.272216796875000      -0.107190341    
   10.277587890625000      -0.108203202    
   10.282958984375000      -0.109228522    
   10.288330078125000      -0.110266447    
   10.293701171875000      -0.111317188    
   10.299072265625000      -0.112380922    
   10.304443359375000      -0.113457829    
   10.309814453125000      -0.114548087    
   10.315185546875000      -0.115651935    
   10.320556640625000      -0.116769522    
   10.325927734375000      -0.117901117    
   10.331298828125000      -0.119046837    
   10.336669921875000      -0.120206952    
   10.342041015625000      -0.121381670    
   10.347412109375000      -0.122571170    
   10.352783203125000      -0.123775691    
   10.358154296875000      -0.124995470    
   10.363525390625000      -0.126230717    
   10.368896484375000      -0.127481669    
   10.374267578125000      -0.128748536    
   10.379638671875000      -0.130031586    
   10.385009765625000      -0.131331056    
   10.390380859375000      -0.132647157    
   10.395751953125000      -0.133980185    
   10.401123046875000      -0.135330379    
   10.406494140625000      -0.136697978    
   10.411865234375000      -0.138083249    
   10.417236328125000      -0.139486462    
   10.422607421875000      -0.140907913    
   10.427978515625000      -0.142347842    
   10.433349609375000      -0.143806547    
   10.438720703125000      -0.145284325    
   10.444091796875000      -0.146781415    
   10.449462890625000      -0.148298174    
   10.454833984375000      -0.149834841    
   10.460205078125000      -0.151391774    
   10.465576171875000      -0.152969271    
   10.470947265625000      -0.154567599    
   10.476318359375000      -0.156187147    
   10.481689453125000      -0.157828212    
   10.487060546875000      -0.159491122    
   10.492431640625000      -0.161176205    
   10.497802734375000      -0.162883818    
   10.503173828125000      -0.164614290    
   10.508544921875000      -0.166368008    
   10.513916015625000      -0.168145329    
   10.519287109375000      -0.169946581    
   10.524658203125000      -0.171772182    
   10.530029296875000      -0.173622489    
   10.535400390625000      -0.175497890    
   10.540771484375000      -0.177398771    
   10.546142578125000      -0.179325581    
   10.551513671875000      -0.181278646    
   10.556884765625000      -0.183258444    
   10.562255859375000      -0.185265362    
   10.567626953125000      -0.187299848    
   10.572998046875000      -0.189362317    
   10.578369140625000      -0.191453248    
   10.583740234375000      -0.193573058    
   10.589111328125000      -0.195722193    
   10.594482421875000      -0.197901189    
   10.599853515625000      -0.200110465    
   10.605224609375000      -0.202350497    
   10.610595703125000      -0.204621822    
   10.615966796875000      -0.206924915    
   10.621337890625000      -0.209260285    
   10.626708984375000      -0.211628467    
   10.632080078125000      -0.214029968    
   10.637451171875000      -0.216465324    
   10.642822265625000      -0.218935132    
   10.648193359375000      -0.221439898    
   10.653564453125000      -0.223980188    
   10.658935546875000      -0.226556599    
   10.664306640625000      -0.229169726    
   10.669677734375000      -0.231820136    
   10.675048828125000      -0.234508485    
   10.680419921875000      -0.237235337    
   10.685791015625000      -0.240001380    
   10.691162109375000      -0.242807209    
   10.696533203125000      -0.245653510    
   10.701904296875000      -0.248540938    
   10.707275390625000      -0.251470149    
   10.712646484375000      -0.254441887    
   10.718017578125000      -0.257456779    
   10.723388671875000      -0.260515630    
   10.728759765625000      -0.263619125    
   10.734130859375000      -0.266767979    
   10.739501953125000      -0.269962966    
   10.744873046875000      -0.273204863    
   10.750244140625000      -0.276494503    
   10.755615234375000      -0.279832572    
   10.760986328125000      -0.283219993    
   10.766357421875000      -0.286657512    
   10.771728515625000      -0.290146023    
   10.777099609375000      -0.293686390    
   10.782470703125000      -0.297279418    
   10.787841796875000      -0.300926089    
   10.793212890625000      -0.304627240    
   10.798583984375000      -0.308383822    
   10.803955078125000      -0.312196821    
   10.809326171875000      -0.316067100    
   10.814697265625000      -0.319995731    
   10.820068359375000      -0.323983669    
   10.825439453125000      -0.328031898    
   10.830810546875000      -0.332141489    
   10.836181640625000      -0.336313486    
   10.841552734375000      -0.340548962    
   10.846923828125000      -0.344849020    
   10.852294921875000      -0.349214733    
   10.857666015625000      -0.353647292    
   10.863037109375000      -0.358147800    
   10.868408203125000      -0.362717509    
   10.873779296875000      -0.367357552    
   10.879150390625000      -0.372069150    
   10.884521484375000      -0.376853585    
   10.889892578125000      -0.381712109    
   10.895263671875000      -0.386646003    
   10.900634765625000      -0.391656637    
   10.906005859375000      -0.396745265    
   10.911376953125000      -0.401913375    
   10.916748046875000      -0.407162279    
   10.922119140625000      -0.412493438    
   10.927490234375000      -0.417908251    
   10.932861328125000      -0.423408300    
   10.938232421875000      -0.428994983    
   10.943603515625000      -0.434669942    
   10.948974609375000      -0.440434605    
   10.954345703125000      -0.446290731    
   10.959716796875000      -0.452239782    
   10.965087890625000      -0.458283663    
   10.970458984375000      -0.464423686    
   10.975830078125000      -0.470662117    
   10.981201171875000      -0.476999938    
   10.986572265625000      -0.483440161    
   10.991943359375000      -0.489982486    
   10.997314453125000      -0.496633619    
