   2.6855468750000000E-003  -1.11800623    
   8.0566406250000000E-003  -1.10417211    
   1.3427734375000000E-002  -1.09054935    
   1.8798828125000000E-002  -1.07713044    
   2.4169921875000000E-002  -1.06391323    
   2.9541015625000000E-002  -1.05089331    
   3.4912109375000000E-002  -1.03806770    
   4.0283203125000000E-002  -1.02543271    
   4.5654296875000000E-002  -1.01298523    
   5.1025390625000000E-002  -1.00072181    
   5.6396484375000000E-002 -0.988639295    
   6.1767578125000000E-002 -0.976734459    
   6.7138671875000000E-002 -0.965004325    
   7.2509765625000000E-002 -0.953445852    
   7.7880859375000000E-002 -0.942056000    
   8.3251953125000000E-002 -0.930831909    
   8.8623046875000000E-002 -0.919770777    
   9.3994140625000000E-002 -0.908869743    
   9.9365234375000000E-002 -0.898126125    
  0.10473632812500000      -0.887537241    
  0.11010742187500000      -0.877100408    
  0.11547851562500000      -0.866813064    
  0.12084960937500000      -0.856672704    
  0.12622070312500000      -0.846676826    
  0.13159179687500000      -0.836823106    
  0.13696289062500000      -0.827108979    
  0.14233398437500000      -0.817532301    
  0.14770507812500000      -0.808090627    
  0.15307617187500000      -0.798781753    
  0.15844726562500000      -0.789603531    
  0.16381835937500000      -0.780553699    
  0.16918945312500000      -0.771630287    
  0.17456054687500000      -0.762831092    
  0.17993164062500000      -0.754154086    
  0.18530273437500000      -0.745597303    
  0.19067382812500000      -0.737158775    
  0.19604492187500000      -0.728836536    
  0.20141601562500000      -0.720628738    
  0.20678710937500000      -0.712533534    
  0.21215820312500000      -0.704549015    
  0.21752929687500000      -0.696673572    
  0.22290039062500000      -0.688905239    
  0.22827148437500000      -0.681242466    
  0.23364257812500000      -0.673683465    
  0.23901367187500000      -0.666226625    
  0.24438476562500000      -0.658870280    
  0.24975585937500000      -0.651612878    
  0.25512695312500000      -0.644452870    
  0.26049804687500000      -0.637388647    
  0.26586914062500000      -0.630418658    
  0.27124023437500000      -0.623541534    
  0.27661132812500000      -0.616755843    
  0.28198242187500000      -0.610060036    
  0.28735351562500000      -0.603452742    
  0.29272460937500000      -0.596932590    
  0.29809570312500000      -0.590498269    
  0.30346679687500000      -0.584148467    
  0.30883789062500000      -0.577881753    
  0.31420898437500000      -0.571696937    
  0.31958007812500000      -0.565592766    
  0.32495117187500000      -0.559567928    
  0.33032226562500000      -0.553621233    
  0.33569335937500000      -0.547751606    
  0.34106445312500000      -0.541957736    
  0.34643554687500000      -0.536238492    
  0.35180664062500000      -0.530592799    
  0.35717773437500000      -0.525019467    
  0.36254882812500000      -0.519517481    
  0.36791992187500000      -0.514085710    
  0.37329101562500000      -0.508723140    
  0.37866210937500000      -0.503428698    
  0.38403320312500000      -0.498201400    
  0.38940429687500000      -0.493040204    
  0.39477539062500000      -0.487944186    
  0.40014648437500000      -0.482912302    
  0.40551757812500000      -0.477943659    
  0.41088867187500000      -0.473037302    
  0.41625976562500000      -0.468192309    
  0.42163085937500000      -0.463407785    
  0.42700195312500000      -0.458682805    
  0.43237304687500000      -0.454016626    
  0.43774414062500000      -0.449408174    
  0.44311523437500000      -0.444856852    
  0.44848632812500000      -0.440361619    
  0.45385742187500000      -0.435921818    
  0.45922851562500000      -0.431536555    
  0.46459960937500000      -0.427205026    
  0.46997070312500000      -0.422926486    
  0.47534179687500000      -0.418700248    
  0.48071289062500000      -0.414525449    
  0.48608398437500000      -0.410401434    
  0.49145507812500000      -0.406327426    
  0.49682617187500000      -0.402302712    
  0.50219726562500000      -0.398326665    
  0.50756835937500000      -0.394398540    
  0.51293945312500000      -0.390517592    
  0.51831054687500000      -0.386683226    
  0.52368164062500000      -0.382894844    
  0.52905273437500000      -0.379151702    
  0.53442382812500000      -0.375453174    
  0.53979492187500000      -0.371798664    
  0.54516601562500000      -0.368187577    
  0.55053710937500000      -0.364619315    
  0.55590820312500000      -0.361093223    
  0.56127929687500000      -0.357608706    
  0.56665039062500000      -0.354165286    
  0.57202148437500000      -0.350762278    
  0.57739257812500000      -0.347399205    
  0.58276367187500000      -0.344075531    
  0.58813476562500000      -0.340790659    
  0.59350585937500000      -0.337544054    
  0.59887695312500000      -0.334335238    
  0.60424804687500000      -0.331163675    
  0.60961914062500000      -0.328028858    
  0.61499023437500000      -0.324930221    
  0.62036132812500000      -0.321867436    
  0.62573242187500000      -0.318839848    
  0.63110351562500000      -0.315847069    
  0.63647460937500000      -0.312888652    
  0.64184570312500000      -0.309964061    
  0.64721679687500000      -0.307072937    
  0.65258789062500000      -0.304214716    
  0.65795898437500000      -0.301389039    
  0.66333007812500000      -0.298595428    
  0.66870117187500000      -0.295833528    
  0.67407226562500000      -0.293102831    
  0.67944335937500000      -0.290402979    
  0.68481445312500000      -0.287733525    
  0.69018554687500000      -0.285094053    
  0.69555664062500000      -0.282484263    
  0.70092773437500000      -0.279903680    
  0.70629882812500000      -0.277351975    
  0.71166992187500000      -0.274828732    
  0.71704101562500000      -0.272333562    
  0.72241210937500000      -0.269866139    
  0.72778320312500000      -0.267426074    
  0.73315429687500000      -0.265013069    
  0.73852539062500000      -0.262626708    
  0.74389648437500000      -0.260266662    
  0.74926757812500000      -0.257932603    
  0.75463867187500000      -0.255624175    
  0.76000976562500000      -0.253341109    
  0.76538085937500000      -0.251083016    
  0.77075195312500000      -0.248849586    
  0.77612304687500000      -0.246640489    
  0.78149414062500000      -0.244455487    
  0.78686523437500000      -0.242294192    
  0.79223632812500000      -0.240156338    
  0.79760742187500000      -0.238041639    
  0.80297851562500000      -0.235949755    
  0.80834960937500000      -0.233880475    
  0.81372070312500000      -0.231833473    
  0.81909179687500000      -0.229808420    
  0.82446289062500000      -0.227805108    
  0.82983398437500000      -0.225823238    
  0.83520507812500000      -0.223862574    
  0.84057617187500000      -0.221922785    
  0.84594726562500000      -0.220003664    
  0.85131835937500000      -0.218104929    
  0.85668945312500000      -0.216226339    
  0.86206054687500000      -0.214367658    
  0.86743164062500000      -0.212528586    
  0.87280273437500000      -0.210708931    
  0.87817382812500000      -0.208908439    
  0.88354492187500000      -0.207126886    
  0.88891601562500000      -0.205364034    
  0.89428710937500000      -0.203619644    
  0.89965820312500000      -0.201893494    
  0.90502929687500000      -0.200185359    
  0.91040039062500000      -0.198495016    
  0.91577148437500000      -0.196822256    
  0.92114257812500000      -0.195166856    
  0.92651367187500000      -0.193528622    
  0.93188476562500000      -0.191907361    
  0.93725585937500000      -0.190302804    
  0.94262695312500000      -0.188714832    
  0.94799804687500000      -0.187143162    
  0.95336914062500000      -0.185587674    
  0.95874023437500000      -0.184048101    
  0.96411132812500000      -0.182524294    
  0.96948242187500000      -0.181016073    
  0.97485351562500000      -0.179523259    
  0.98022460937500000      -0.178045616    
  0.98559570312500000      -0.176583052    
  0.99096679687500000      -0.175135285    
  0.99633789062500000      -0.173702210    
   1.0017089843750000      -0.172283620    
   1.0070800781250000      -0.170879334    
   1.0124511718750000      -0.169489235    
   1.0178222656250000      -0.168113112    
   1.0231933593750000      -0.166750818    
   1.0285644531250000      -0.165402189    
   1.0339355468750000      -0.164067060    
   1.0393066406250000      -0.162745282    
   1.0446777343750000      -0.161436692    
   1.0500488281250000      -0.160141140    
   1.0554199218750000      -0.158858463    
   1.0607910156250000      -0.157588527    
   1.0661621093750000      -0.156331196    
   1.0715332031250000      -0.155086279    
   1.0769042968750000      -0.153853670    
   1.0822753906250000      -0.152633220    
   1.0876464843750000      -0.151424795    
   1.0930175781250000      -0.150228247    
   1.0983886718750000      -0.149043426    
   1.1037597656250000      -0.147870243    
   1.1091308593750000      -0.146708503    
   1.1145019531250000      -0.145558149    
   1.1198730468750000      -0.144418985    
   1.1252441406250000      -0.143290892    
   1.1306152343750000      -0.142173797    
   1.1359863281250000      -0.141067505    
   1.1413574218750000      -0.139971972    
   1.1467285156250000      -0.138887003    
   1.1520996093750000      -0.137812510    
   1.1574707031250000      -0.136748359    
   1.1628417968750000      -0.135694459    
   1.1682128906250000      -0.134650692    
   1.1735839843750000      -0.133616954    
   1.1789550781250000      -0.132593110    
   1.1843261718750000      -0.131579027    
   1.1896972656250000      -0.130574629    
   1.1950683593750000      -0.129579842    
   1.2004394531250000      -0.128594518    
   1.2058105468750000      -0.127618536    
   1.2111816406250000      -0.126651779    
   1.2165527343750000      -0.125694260    
   1.2219238281250000      -0.124745704    
   1.2272949218750000      -0.123806186    
   1.2326660156250000      -0.122875489    
   1.2380371093750000      -0.121953532    
   1.2434082031250000      -0.121040255    
   1.2487792968750000      -0.120135531    
   1.2541503906250000      -0.119239293    
   1.2595214843750000      -0.118351467    
   1.2648925781250000      -0.117471896    
   1.2702636718750000      -0.116600506    
   1.2756347656250000      -0.115737289    
   1.2810058593750000      -0.114882022    
   1.2863769531250000      -0.114034750    
   1.2917480468750000      -0.113195308    
   1.2971191406250000      -0.112363629    
   1.3024902343750000      -0.111539610    
   1.3078613281250000      -0.110723235    
   1.3132324218750000      -0.109914355    
   1.3186035156250000      -0.109112903    
   1.3239746093750000      -0.108318821    
   1.3293457031250000      -0.107532047    
   1.3347167968750000      -0.106752440    
   1.3400878906250000      -0.105979949    
   1.3454589843750000      -0.105214506    
   1.3508300781250000      -0.104456052    
   1.3562011718750000      -0.103704505    
   1.3615722656250000      -0.102959789    
   1.3669433593750000      -0.102221787    
   1.3723144531250000      -0.101490505    
   1.3776855468750000      -0.100765832    
   1.3830566406250000      -0.100047655    
   1.3884277343750000       -9.93360132E-02
   1.3937988281250000       -9.86307263E-02
   1.3991699218750000       -9.79318321E-02
   1.4045410156250000       -9.72391590E-02
   1.4099121093750000       -9.65527371E-02
   1.4152832031250000       -9.58724320E-02
   1.4206542968750000       -9.51981992E-02
   1.4260253906250000       -9.45299864E-02
   1.4313964843750000       -9.38677192E-02
   1.4367675781250000       -9.32113752E-02
   1.4421386718750000       -9.25608054E-02
   1.4475097656250000       -9.19160321E-02
   1.4528808593750000       -9.12769735E-02
   1.4582519531250000       -9.06435847E-02
   1.4636230468750000       -9.00157541E-02
   1.4689941406250000       -8.93934667E-02
   1.4743652343750000       -8.87766778E-02
   1.4797363281250000       -8.81652758E-02
   1.4851074218750000       -8.75592530E-02
   1.4904785156250000       -8.69585350E-02
   1.4958496093750000       -8.63631144E-02
   1.5012207031250000       -8.57728422E-02
   1.5065917968750000       -8.51877481E-02
   1.5119628906250000       -8.46077576E-02
   1.5173339843750000       -8.40327963E-02
   1.5227050781250000       -8.34628269E-02
   1.5280761718750000       -8.28978494E-02
   1.5334472656250000       -8.23377073E-02
   1.5388183593750000       -8.17824453E-02
   1.5441894531250000       -8.12319517E-02
   1.5495605468750000       -8.06862265E-02
   1.5549316406250000       -8.01451951E-02
   1.5603027343750000       -7.96088278E-02
   1.5656738281250000       -7.90770501E-02
   1.5710449218750000       -7.85498619E-02
   1.5764160156250000       -7.80271664E-02
   1.5817871093750000       -7.75089189E-02
   1.5871582031250000       -7.69951269E-02
   1.5925292968750000       -7.64857233E-02
   1.5979003906250000       -7.59806409E-02
   1.6032714843750000       -7.54798427E-02
   1.6086425781250000       -7.49833062E-02
   1.6140136718750000       -7.44909868E-02
   1.6193847656250000       -7.40028322E-02
   1.6247558593750000       -7.35188052E-02
   1.6301269531250000       -7.30388686E-02
   1.6354980468750000       -7.25629702E-02
   1.6408691406250000       -7.20910802E-02
   1.6462402343750000       -7.16231614E-02
   1.6516113281250000       -7.11591914E-02
   1.6569824218750000       -7.06990734E-02
   1.6623535156250000       -7.02428371E-02
   1.6677246093750000       -6.97904006E-02
   1.6730957031250000       -6.93417266E-02
   1.6784667968750000       -6.88968301E-02
   1.6838378906250000       -6.84556141E-02
   1.6892089843750000       -6.80180788E-02
   1.6945800781250000       -6.75841421E-02
   1.6999511718750000       -6.71538338E-02
   1.7053222656250000       -6.67270720E-02
   1.7106933593750000       -6.63038641E-02
   1.7160644531250000       -6.58841431E-02
   1.7214355468750000       -6.54678568E-02
   1.7268066406250000       -6.50550425E-02
   1.7321777343750000       -6.46455884E-02
   1.7375488281250000       -6.42394945E-02
   1.7429199218750000       -6.38367385E-02
   1.7482910156250000       -6.34372979E-02
   1.7536621093750000       -6.30411133E-02
   1.7590332031250000       -6.26481399E-02
   1.7644042968750000       -6.22584112E-02
   1.7697753906250000       -6.18718453E-02
   1.7751464843750000       -6.14884123E-02
   1.7805175781250000       -6.11081012E-02
   1.7858886718750000       -6.07308522E-02
   1.7912597656250000       -6.03566766E-02
   1.7966308593750000       -5.99855259E-02
   1.8020019531250000       -5.96174002E-02
   1.8073730468750000       -5.92521988E-02
   1.8127441406250000       -5.88899851E-02
   1.8181152343750000       -5.85306473E-02
   1.8234863281250000       -5.81742041E-02
   1.8288574218750000       -5.78206256E-02
   1.8342285156250000       -5.74698970E-02
   1.8395996093750000       -5.71219660E-02
   1.8449707031250000       -5.67768179E-02
   1.8503417968750000       -5.64344041E-02
   1.8557128906250000       -5.60947321E-02
   1.8610839843750000       -5.57577536E-02
   1.8664550781250000       -5.54234833E-02
   1.8718261718750000       -5.50918393E-02
   1.8771972656250000       -5.47628403E-02
   1.8825683593750000       -5.44364303E-02
   1.8879394531250000       -5.41126281E-02
   1.8933105468750000       -5.37913553E-02
   1.8986816406250000       -5.34726270E-02
   1.9040527343750000       -5.31564169E-02
   1.9094238281250000       -5.28426915E-02
   1.9147949218750000       -5.25313988E-02
   1.9201660156250000       -5.22225834E-02
   1.9255371093750000       -5.19161932E-02
   1.9309082031250000       -5.16121648E-02
   1.9362792968750000       -5.13105318E-02
   1.9416503906250000       -5.10112531E-02
   1.9470214843750000       -5.07143140E-02
   1.9523925781250000       -5.04196957E-02
   1.9577636718750000       -5.01273349E-02
   1.9631347656250000       -4.98372614E-02
   1.9685058593750000       -4.95494418E-02
   1.9738769531250000       -4.92638573E-02
   1.9792480468750000       -4.89804633E-02
   1.9846191406250000       -4.86992523E-02
   1.9899902343750000       -4.84202318E-02
   1.9953613281250000       -4.81433384E-02
   2.0007324218750000       -4.78686057E-02
   2.0061035156250000       -4.75959443E-02
   2.0114746093750000       -4.73254137E-02
   2.0168457031250000       -4.70569320E-02
   2.0222167968750000       -4.67905030E-02
   2.0275878906250000       -4.65261191E-02
   2.0329589843750000       -4.62637618E-02
   2.0383300781250000       -4.60033938E-02
   2.0437011718750000       -4.57450040E-02
   2.0490722656250000       -4.54886071E-02
   2.0544433593750000       -4.52341326E-02
   2.0598144531250000       -4.49815989E-02
   2.0651855468750000       -4.47309688E-02
   2.0705566406250000       -4.44822274E-02
   2.0759277343750000       -4.42353860E-02
   2.0812988281250000       -4.39903885E-02
   2.0866699218750000       -4.37472649E-02
   2.0920410156250000       -4.35059369E-02
   2.0974121093750000       -4.32664640E-02
   2.1027832031250000       -4.30287570E-02
   2.1081542968750000       -4.27928343E-02
   2.1135253906250000       -4.25587036E-02
   2.1188964843750000       -4.23262902E-02
   2.1242675781250000       -4.20956463E-02
   2.1296386718750000       -4.18666899E-02
   2.1350097656250000       -4.16394621E-02
   2.1403808593750000       -4.14139256E-02
   2.1457519531250000       -4.11900729E-02
   2.1511230468750000       -4.09678631E-02
   2.1564941406250000       -4.07473147E-02
   2.1618652343750000       -4.05283943E-02
   2.1672363281250000       -4.03110906E-02
   2.1726074218750000       -4.00953926E-02
   2.1779785156250000       -3.98812890E-02
   2.1833496093750000       -3.96687686E-02
   2.1887207031250000       -3.94578055E-02
   2.1940917968750000       -3.92484069E-02
   2.1994628906250000       -3.90405245E-02
   2.2048339843750000       -3.88341844E-02
   2.2102050781250000       -3.86293568E-02
   2.2155761718750000       -3.84260155E-02
   2.2209472656250000       -3.82241718E-02
   2.2263183593750000       -3.80237885E-02
   2.2316894531250000       -3.78248654E-02
   2.2370605468750000       -3.76274101E-02
   2.2424316406250000       -3.74313667E-02
   2.2478027343750000       -3.72367576E-02
   2.2531738281250000       -3.70435640E-02
   2.2585449218750000       -3.68517637E-02
   2.2639160156250000       -3.66613641E-02
   2.2692871093750000       -3.64723168E-02
   2.2746582031250000       -3.62846516E-02
   2.2800292968750000       -3.60983461E-02
   2.2854003906250000       -3.59133668E-02
   2.2907714843750000       -3.57297249E-02
   2.2961425781250000       -3.55473980E-02
   2.3015136718750000       -3.53663899E-02
   2.3068847656250000       -3.51866558E-02
   2.3122558593750000       -3.50082293E-02
   2.3176269531250000       -3.48310843E-02
   2.3229980468750000       -3.46551873E-02
   2.3283691406250000       -3.44805531E-02
   2.3337402343750000       -3.43071744E-02
   2.3391113281250000       -3.41350064E-02
   2.3444824218750000       -3.39640751E-02
   2.3498535156250000       -3.37943584E-02
   2.3552246093750000       -3.36258486E-02
   2.3605957031250000       -3.34585160E-02
   2.3659667968750000       -3.32923755E-02
   2.3713378906250000       -3.31274197E-02
   2.3767089843750000       -3.29636186E-02
   2.3820800781250000       -3.28009687E-02
   2.3874511718750000       -3.26394662E-02
   2.3928222656250000       -3.24791148E-02
   2.3981933593750000       -3.23198773E-02
   2.4035644531250000       -3.21617648E-02
   2.4089355468750000       -3.20047475E-02
   2.4143066406250000       -3.18488367E-02
   2.4196777343750000       -3.16940174E-02
   2.4250488281250000       -3.15402709E-02
   2.4304199218750000       -3.13875973E-02
   2.4357910156250000       -3.12360078E-02
   2.4411621093750000       -3.10854595E-02
   2.4465332031250000       -3.09359618E-02
   2.4519042968750000       -3.07874940E-02
   2.4572753906250000       -3.06400657E-02
   2.4626464843750000       -3.04936543E-02
   2.4680175781250000       -3.03482525E-02
   2.4733886718750000       -3.02038547E-02
   2.4787597656250000       -3.00604552E-02
   2.4841308593750000       -2.99180653E-02
   2.4895019531250000       -2.97766253E-02
   2.4948730468750000       -2.96361856E-02
   2.5002441406250000       -2.94967033E-02
   2.5056152343750000       -2.93581709E-02
   2.5109863281250000       -2.92205848E-02
   2.5163574218750000       -2.90839579E-02
   2.5217285156250000       -2.89482474E-02
   2.5270996093750000       -2.88134851E-02
   2.5324707031250000       -2.86796298E-02
   2.5378417968750000       -2.85466928E-02
   2.5432128906250000       -2.84146685E-02
   2.5485839843750000       -2.82835197E-02
   2.5539550781250000       -2.81532910E-02
   2.5593261718750000       -2.80239247E-02
   2.5646972656250000       -2.78954525E-02
   2.5700683593750000       -2.77678333E-02
   2.5754394531250000       -2.76410971E-02
   2.5808105468750000       -2.75152065E-02
   2.5861816406250000       -2.73901690E-02
   2.5915527343750000       -2.72659678E-02
   2.5969238281250000       -2.71426123E-02
   2.6022949218750000       -2.70200819E-02
   2.6076660156250000       -2.68983878E-02
   2.6130371093750000       -2.67774928E-02
   2.6184082031250000       -2.66574249E-02
   2.6237792968750000       -2.65381467E-02
   2.6291503906250000       -2.64196862E-02
   2.6345214843750000       -2.63020080E-02
   2.6398925781250000       -2.61851214E-02
   2.6452636718750000       -2.60690060E-02
   2.6506347656250000       -2.59536598E-02
   2.6560058593750000       -2.58390922E-02
   2.6613769531250000       -2.57252846E-02
   2.6667480468750000       -2.56122481E-02
   2.6721191406250000       -2.54999436E-02
   2.6774902343750000       -2.53883880E-02
   2.6828613281250000       -2.52775736E-02
   2.6882324218750000       -2.51674987E-02
   2.6936035156250000       -2.50581410E-02
   2.6989746093750000       -2.49495134E-02
   2.7043457031250000       -2.48415954E-02
   2.7097167968750000       -2.47343834E-02
   2.7150878906250000       -2.46278904E-02
   2.7204589843750000       -2.45220959E-02
   2.7258300781250000       -2.44169980E-02
   2.7312011718750000       -2.43125726E-02
   2.7365722656250000       -2.42088512E-02
   2.7419433593750000       -2.41058134E-02
   2.7473144531250000       -2.40034387E-02
   2.7526855468750000       -2.39017252E-02
   2.7580566406250000       -2.38006841E-02
   2.7634277343750000       -2.37003136E-02
   2.7687988281250000       -2.36005913E-02
   2.7741699218750000       -2.35015154E-02
   2.7795410156250000       -2.34030820E-02
   2.7849121093750000       -2.33052876E-02
   2.7902832031250000       -2.32081302E-02
   2.7956542968750000       -2.31116042E-02
   2.8010253906250000       -2.30156928E-02
   2.8063964843750000       -2.29204241E-02
   2.8117675781250000       -2.28257608E-02
   2.8171386718750000       -2.27317028E-02
   2.8225097656250000       -2.26382595E-02
   2.8278808593750000       -2.25454140E-02
   2.8332519531250000       -2.24531647E-02
   2.8386230468750000       -2.23615207E-02
   2.8439941406250000       -2.22704504E-02
   2.8493652343750000       -2.21799798E-02
   2.8547363281250000       -2.20900774E-02
   2.8601074218750000       -2.20007673E-02
   2.8654785156250000       -2.19120197E-02
   2.8708496093750000       -2.18238309E-02
   2.8762207031250000       -2.17362102E-02
   2.8815917968750000       -2.16491595E-02
   2.8869628906250000       -2.15626564E-02
   2.8923339843750000       -2.14767158E-02
   2.8977050781250000       -2.13913042E-02
   2.9030761718750000       -2.13064477E-02
   2.9084472656250000       -2.12221295E-02
   2.9138183593750000       -2.11383477E-02
   2.9191894531250000       -2.10550837E-02
   2.9245605468750000       -2.09723637E-02
   2.9299316406250000       -2.08901726E-02
   2.9353027343750000       -2.08084900E-02
   2.9406738281250000       -2.07273159E-02
   2.9460449218750000       -2.06466764E-02
   2.9514160156250000       -2.05665231E-02
   2.9567871093750000       -2.04868857E-02
   2.9621582031250000       -2.04077587E-02
   2.9675292968750000       -2.03291140E-02
   2.9729003906250000       -2.02509742E-02
   2.9782714843750000       -2.01733261E-02
   2.9836425781250000       -2.00961642E-02
   2.9890136718750000       -2.00194735E-02
   2.9943847656250000       -1.99432783E-02
   2.9997558593750000       -1.98675506E-02
   3.0051269531250000       -1.97923016E-02
   3.0104980468750000       -1.97175257E-02
   3.0158691406250000       -1.96432099E-02
   3.0212402343750000       -1.95693653E-02
   3.0266113281250000       -1.94959752E-02
   3.0319824218750000       -1.94230508E-02
   3.0373535156250000       -1.93505771E-02
   3.0427246093750000       -1.92785505E-02
   3.0480957031250000       -1.92069691E-02
   3.0534667968750000       -1.91358328E-02
   3.0588378906250000       -1.90651380E-02
   3.0642089843750000       -1.89948939E-02
   3.0695800781250000       -1.89250745E-02
   3.0749511718750000       -1.88556761E-02
   3.0803222656250000       -1.87867247E-02
   3.0856933593750000       -1.87181886E-02
   3.0910644531250000       -1.86500829E-02
   3.0964355468750000       -1.85823888E-02
   3.1018066406250000       -1.85151212E-02
   3.1071777343750000       -1.84482615E-02
   3.1125488281250000       -1.83818229E-02
   3.1179199218750000       -1.83157753E-02
   3.1232910156250000       -1.82501450E-02
   3.1286621093750000       -1.81849152E-02
   3.1340332031250000       -1.81200970E-02
   3.1394042968750000       -1.80556644E-02
   3.1447753906250000       -1.79916285E-02
   3.1501464843750000       -1.79279856E-02
   3.1555175781250000       -1.78647209E-02
   3.1608886718750000       -1.78018585E-02
   3.1662597656250000       -1.77393723E-02
   3.1716308593750000       -1.76772717E-02
   3.1770019531250000       -1.76155437E-02
   3.1823730468750000       -1.75541975E-02
   3.1877441406250000       -1.74932200E-02
   3.1931152343750000       -1.74326207E-02
   3.1984863281250000       -1.73723865E-02
   3.2038574218750000       -1.73125155E-02
   3.2092285156250000       -1.72530040E-02
   3.2145996093750000       -1.71938669E-02
   3.2199707031250000       -1.71350744E-02
   3.2253417968750000       -1.70766488E-02
   3.2307128906250000       -1.70185678E-02
   3.2360839843750000       -1.69608500E-02
   3.2414550781250000       -1.69034712E-02
   3.2468261718750000       -1.68464426E-02
   3.2521972656250000       -1.67897623E-02
   3.2575683593750000       -1.67334154E-02
   3.2629394531250000       -1.66774150E-02
   3.2683105468750000       -1.66217443E-02
   3.2736816406250000       -1.65664144E-02
   3.2790527343750000       -1.65114254E-02
   3.2844238281250000       -1.64567623E-02
   3.2897949218750000       -1.64024234E-02
   3.2951660156250000       -1.63484085E-02
   3.3005371093750000       -1.62947290E-02
   3.3059082031250000       -1.62413549E-02
   3.3112792968750000       -1.61883142E-02
   3.3166503906250000       -1.61355902E-02
   3.3220214843750000       -1.60831828E-02
   3.3273925781250000       -1.60310883E-02
   3.3327636718750000       -1.59792975E-02
   3.3381347656250000       -1.59278288E-02
   3.3435058593750000       -1.58766583E-02
   3.3488769531250000       -1.58257987E-02
   3.3542480468750000       -1.57752335E-02
   3.3596191406250000       -1.57249868E-02
   3.3649902343750000       -1.56750213E-02
   3.3703613281250000       -1.56253707E-02
   3.3757324218750000       -1.55759994E-02
   3.3811035156250000       -1.55269410E-02
   3.3864746093750000       -1.54781584E-02
   3.3918457031250000       -1.54296737E-02
   3.3972167968750000       -1.53814750E-02
   3.4025878906250000       -1.53335603E-02
   3.4079589843750000       -1.52859399E-02
   3.4133300781250000       -1.52385896E-02
   3.4187011718750000       -1.51915317E-02
   3.4240722656250000       -1.51447412E-02
   3.4294433593750000       -1.50982281E-02
   3.4348144531250000       -1.50520038E-02
   3.4401855468750000       -1.50060430E-02
   3.4455566406250000       -1.49603570E-02
   3.4509277343750000       -1.49149438E-02
   3.4562988281250000       -1.48697915E-02
   3.4616699218750000       -1.48249101E-02
   3.4670410156250000       -1.47802979E-02
   3.4724121093750000       -1.47359436E-02
   3.4777832031250000       -1.46918558E-02
   3.4831542968750000       -1.46480342E-02
   3.4885253906250000       -1.46044558E-02
   3.4938964843750000       -1.45611418E-02
   3.4992675781250000       -1.45180905E-02
   3.5046386718750000       -1.44752776E-02
   3.5100097656250000       -1.44327264E-02
   3.5153808593750000       -1.43904239E-02
   3.5207519531250000       -1.43483793E-02
   3.5261230468750000       -1.43065704E-02
   3.5314941406250000       -1.42650064E-02
   3.5368652343750000       -1.42236976E-02
   3.5422363281250000       -1.41826216E-02
   3.5476074218750000       -1.41417878E-02
   3.5529785156250000       -1.41012063E-02
   3.5583496093750000       -1.40608540E-02
   3.5637207031250000       -1.40207298E-02
   3.5690917968750000       -1.39808552E-02
   3.5744628906250000       -1.39412070E-02
   3.5798339843750000       -1.39017953E-02
   3.5852050781250000       -1.38626080E-02
   3.5905761718750000       -1.38236657E-02
   3.5959472656250000       -1.37849357E-02
   3.6013183593750000       -1.37464376E-02
   3.6066894531250000       -1.37081714E-02
   3.6120605468750000       -1.36701250E-02
   3.6174316406250000       -1.36322975E-02
   3.6228027343750000       -1.35946991E-02
   3.6281738281250000       -1.35573074E-02
   3.6335449218750000       -1.35201532E-02
   3.6389160156250000       -1.34832039E-02
   3.6442871093750000       -1.34464689E-02
   3.6496582031250000       -1.34099582E-02
   3.6550292968750000       -1.33736609E-02
   3.6604003906250000       -1.33375647E-02
   3.6657714843750000       -1.33016901E-02
   3.6711425781250000       -1.32660251E-02
   3.6765136718750000       -1.32305603E-02
   3.6818847656250000       -1.31953135E-02
   3.6872558593750000       -1.31602651E-02
   3.6926269531250000       -1.31254233E-02
   3.6979980468750000       -1.30907875E-02
   3.7033691406250000       -1.30563574E-02
   3.7087402343750000       -1.30221210E-02
   3.7141113281250000       -1.29880887E-02
   3.7194824218750000       -1.29542593E-02
   3.7248535156250000       -1.29206218E-02
   3.7302246093750000       -1.28871761E-02
   3.7355957031250000       -1.28539400E-02
   3.7409667968750000       -1.28208846E-02
   3.7463378906250000       -1.27880275E-02
   3.7517089843750000       -1.27553688E-02
   3.7570800781250000       -1.27228880E-02
   3.7624511718750000       -1.26906028E-02
   3.7678222656250000       -1.26585150E-02
   3.7731933593750000       -1.26266014E-02
   3.7785644531250000       -1.25948833E-02
   3.7839355468750000       -1.25633478E-02
   3.7893066406250000       -1.25319967E-02
   3.7946777343750000       -1.25008374E-02
   3.8000488281250000       -1.24698495E-02
   3.8054199218750000       -1.24390433E-02
   3.8107910156250000       -1.24084176E-02
   3.8161621093750000       -1.23779811E-02
   3.8215332031250000       -1.23477131E-02
   3.8269042968750000       -1.23176239E-02
   3.8322753906250000       -1.22877127E-02
   3.8376464843750000       -1.22579783E-02
   3.8430175781250000       -1.22284107E-02
   3.8483886718750000       -1.21990182E-02
   3.8537597656250000       -1.21698109E-02
   3.8591308593750000       -1.21407583E-02
   3.8645019531250000       -1.21118892E-02
   3.8698730468750000       -1.20831830E-02
   3.8752441406250000       -1.20546399E-02
   3.8806152343750000       -1.20262690E-02
   3.8859863281250000       -1.19980685E-02
   3.8913574218750000       -1.19700301E-02
   3.8967285156250000       -1.19421612E-02
   3.9020996093750000       -1.19144516E-02
   3.9074707031250000       -1.18869012E-02
   3.9128417968750000       -1.18595194E-02
   3.9182128906250000       -1.18322959E-02
   3.9235839843750000       -1.18052391E-02
   3.9289550781250000       -1.17783388E-02
   3.9343261718750000       -1.17515847E-02
   3.9396972656250000       -1.17250066E-02
   3.9450683593750000       -1.16985738E-02
   3.9504394531250000       -1.16723049E-02
   3.9558105468750000       -1.16461804E-02
   3.9611816406250000       -1.16202189E-02
   3.9665527343750000       -1.15944110E-02
   3.9719238281250000       -1.15687549E-02
   3.9772949218750000       -1.15432404E-02
   3.9826660156250000       -1.15178879E-02
   3.9880371093750000       -1.14926863E-02
   3.9934082031250000       -1.14676347E-02
   3.9987792968750000       -1.14427228E-02
   4.0041503906250000       -1.14179701E-02
   4.0095214843750000       -1.13933571E-02
   4.0148925781250000       -1.13688912E-02
   4.0202636718750000       -1.13445744E-02
   4.0256347656250000       -1.13203945E-02
   4.0310058593750000       -1.12963617E-02
   4.0363769531250000       -1.12724751E-02
   4.0417480468750000       -1.12487338E-02
   4.0471191406250000       -1.12251285E-02
   4.0524902343750000       -1.12016685E-02
   4.0578613281250000       -1.11783436E-02
   4.0632324218750000       -1.11551620E-02
   4.0686035156250000       -1.11321239E-02
   4.0739746093750000       -1.11092189E-02
   4.0793457031250000       -1.10864481E-02
   4.0847167968750000       -1.10638179E-02
   4.0900878906250000       -1.10413209E-02
   4.0954589843750000       -1.10189654E-02
   4.1008300781250000       -1.09967403E-02
   4.1062011718750000       -1.09746465E-02
   4.1115722656250000       -1.09526925E-02
   4.1169433593750000       -1.09308679E-02
   4.1223144531250000       -1.09091736E-02
   4.1276855468750000       -1.08876079E-02
   4.1330566406250000       -1.08661810E-02
   4.1384277343750000       -1.08448816E-02
   4.1437988281250000       -1.08237108E-02
   4.1491699218750000       -1.08026676E-02
   4.1545410156250000       -1.07817510E-02
   4.1599121093750000       -1.07609611E-02
   4.1652832031250000       -1.07403072E-02
   4.1706542968750000       -1.07197696E-02
   4.1760253906250000       -1.06993672E-02
   4.1813964843750000       -1.06790802E-02
   4.1867675781250000       -1.06589179E-02
   4.1921386718750000       -1.06388805E-02
   4.1975097656250000       -1.06189754E-02
   4.2028808593750000       -1.05991857E-02
   4.2082519531250000       -1.05795190E-02
   4.2136230468750000       -1.05599659E-02
   4.2189941406250000       -1.05405441E-02
   4.2243652343750000       -1.05212349E-02
   4.2297363281250000       -1.05020572E-02
   4.2351074218750000       -1.04829920E-02
   4.2404785156250000       -1.04640387E-02
   4.2458496093750000       -1.04452055E-02
   4.2512207031250000       -1.04265017E-02
   4.2565917968750000       -1.04078995E-02
   4.2619628906250000       -1.03894174E-02
   4.2673339843750000       -1.03710545E-02
   4.2727050781250000       -1.03528108E-02
   4.2780761718750000       -1.03346761E-02
   4.2834472656250000       -1.03166597E-02
   4.2888183593750000       -1.02987532E-02
   4.2941894531250000       -1.02809630E-02
   4.2995605468750000       -1.02632809E-02
   4.3049316406250000       -1.02457078E-02
   4.3103027343750000       -1.02282511E-02
   4.3156738281250000       -1.02109099E-02
   4.3210449218750000       -1.01936758E-02
   4.3264160156250000       -1.01765487E-02
   4.3317871093750000       -1.01595363E-02
   4.3371582031250000       -1.01426309E-02
   4.3425292968750000       -1.01258308E-02
   4.3479003906250000       -1.01091452E-02
   4.3532714843750000       -1.00925555E-02
   4.3586425781250000       -1.00760879E-02
   4.3640136718750000       -1.00597171E-02
   4.3693847656250000       -1.00434506E-02
   4.3747558593750000       -1.00272959E-02
   4.3801269531250000       -1.00112455E-02
   4.3854980468750000       -9.99529846E-03
   4.3908691406250000       -9.97946318E-03
   4.3962402343750000       -9.96372197E-03
   4.4016113281250000       -9.94808413E-03
   4.4069824218750000       -9.93255619E-03
   4.4123535156250000       -9.91713069E-03
   4.4177246093750000       -9.90179833E-03
   4.4230957031250000       -9.88657586E-03
   4.4284667968750000       -9.87145491E-03
   4.4338378906250000       -9.85642616E-03
   4.4392089843750000       -9.84150637E-03
   4.4445800781250000       -9.82668716E-03
   4.4499511718750000       -9.81195923E-03
   4.4553222656250000       -9.79734026E-03
   4.4606933593750000       -9.78281256E-03
   4.4660644531250000       -9.76838358E-03
   4.4714355468750000       -9.75406263E-03
   4.4768066406250000       -9.73983109E-03
   4.4821777343750000       -9.72569082E-03
   4.4875488281250000       -9.71165672E-03
   4.4929199218750000       -9.69771203E-03
   4.4982910156250000       -9.68387444E-03
   4.5036621093750000       -9.67012532E-03
   4.5090332031250000       -9.65646561E-03
   4.5144042968750000       -9.64291114E-03
   4.5197753906250000       -9.62944515E-03
   4.5251464843750000       -9.61607601E-03
   4.5305175781250000       -9.60279442E-03
   4.5358886718750000       -9.58960969E-03
   4.5412597656250000       -9.57651995E-03
   4.5466308593750000       -9.56352707E-03
   4.5520019531250000       -9.55061987E-03
   4.5573730468750000       -9.53780115E-03
   4.5627441406250000       -9.52508487E-03
   4.5681152343750000       -9.51244682E-03
   4.5734863281250000       -9.49991122E-03
   4.5788574218750000       -9.48746223E-03
   4.5842285156250000       -9.47509985E-03
   4.5895996093750000       -9.46283061E-03
   4.5949707031250000       -9.45065450E-03
   4.6003417968750000       -9.43855569E-03
   4.6057128906250000       -9.42655932E-03
   4.6110839843750000       -9.41464677E-03
   4.6164550781250000       -9.40281898E-03
   4.6218261718750000       -9.39107593E-03
   4.6271972656250000       -9.37943347E-03
   4.6325683593750000       -9.36786737E-03
   4.6379394531250000       -9.35639255E-03
   4.6433105468750000       -9.34500154E-03
   4.6486816406250000       -9.33369342E-03
   4.6540527343750000       -9.32247750E-03
   4.6594238281250000       -9.31135286E-03
   4.6647949218750000       -9.30030271E-03
   4.6701660156250000       -9.28934384E-03
   4.6755371093750000       -9.27846693E-03
   4.6809082031250000       -9.26767290E-03
   4.6862792968750000       -9.25696921E-03
   4.6916503906250000       -9.24633909E-03
   4.6970214843750000       -9.23579838E-03
   4.7023925781250000       -9.22534894E-03
   4.7077636718750000       -9.21497121E-03
   4.7131347656250000       -9.20468383E-03
   4.7185058593750000       -9.19446908E-03
   4.7238769531250000       -9.18434374E-03
   4.7292480468750000       -9.17429943E-03
   4.7346191406250000       -9.16434359E-03
   4.7399902343750000       -9.15445946E-03
   4.7453613281250000       -9.14465636E-03
   4.7507324218750000       -9.13494173E-03
   4.7561035156250000       -9.12530627E-03
   4.7614746093750000       -9.11574252E-03
   4.7668457031250000       -9.10626724E-03
   4.7722167968750000       -9.09687113E-03
   4.7775878906250000       -9.08755418E-03
   4.7829589843750000       -9.07830894E-03
   4.7883300781250000       -9.06915031E-03
   4.7937011718750000       -9.06007085E-03
   4.7990722656250000       -9.05106962E-03
   4.8044433593750000       -9.04214755E-03
   4.8098144531250000       -9.03330371E-03
   4.8151855468750000       -9.02453903E-03
   4.8205566406250000       -9.01584327E-03
   4.8259277343750000       -9.00723413E-03
   4.8312988281250000       -8.99870321E-03
   4.8366699218750000       -8.99024121E-03
   4.8420410156250000       -8.98185745E-03
   4.8474121093750000       -8.97355936E-03
   4.8527832031250000       -8.96533020E-03
   4.8581542968750000       -8.95717833E-03
   4.8635253906250000       -8.94910283E-03
   4.8688964843750000       -8.94110557E-03
   4.8742675781250000       -8.93317629E-03
   4.8796386718750000       -8.92533176E-03
   4.8850097656250000       -8.91755614E-03
   4.8903808593750000       -8.90985690E-03
   4.8957519531250000       -8.90223403E-03
   4.9011230468750000       -8.89468752E-03
   4.9064941406250000       -8.88720900E-03
   4.9118652343750000       -8.87980592E-03
   4.9172363281250000       -8.87247920E-03
   4.9226074218750000       -8.86522792E-03
   4.9279785156250000       -8.85804463E-03
   4.9333496093750000       -8.85094423E-03
   4.9387207031250000       -8.84391181E-03
   4.9440917968750000       -8.83694645E-03
   4.9494628906250000       -8.83006398E-03
   4.9548339843750000       -8.82324949E-03
   4.9602050781250000       -8.81650951E-03
   4.9655761718750000       -8.80983565E-03
   4.9709472656250000       -8.80323723E-03
   4.9763183593750000       -8.79671331E-03
   4.9816894531250000       -8.79026391E-03
   4.9870605468750000       -8.78388155E-03
   4.9924316406250000       -8.77757277E-03
   4.9978027343750000       -8.77133012E-03
   5.0031738281250000       -8.76516197E-03
   5.0085449218750000       -8.75906833E-03
   5.0139160156250000       -8.75303987E-03
   5.0192871093750000       -8.74708593E-03
   5.0246582031250000       -8.74119718E-03
   5.0300292968750000       -8.73538200E-03
   5.0354003906250000       -8.72964133E-03
   5.0407714843750000       -8.72396585E-03
   5.0461425781250000       -8.71836301E-03
   5.0515136718750000       -8.71283375E-03
   5.0568847656250000       -8.70736968E-03
   5.0622558593750000       -8.70197173E-03
   5.0676269531250000       -8.69664643E-03
   5.0729980468750000       -8.69139377E-03
   5.0783691406250000       -8.68620537E-03
   5.0837402343750000       -8.68108310E-03
   5.0891113281250000       -8.67603347E-03
   5.0944824218750000       -8.67105555E-03
   5.0998535156250000       -8.66614282E-03
   5.1052246093750000       -8.66130274E-03
   5.1105957031250000       -8.65652692E-03
   5.1159667968750000       -8.65181535E-03
   5.1213378906250000       -8.64718389E-03
   5.1267089843750000       -8.64260923E-03
   5.1320800781250000       -8.63810629E-03
   5.1374511718750000       -8.63367599E-03
   5.1428222656250000       -8.62930901E-03
   5.1481933593750000       -8.62500630E-03
   5.1535644531250000       -8.62077624E-03
   5.1589355468750000       -8.61660950E-03
   5.1643066406250000       -8.61251354E-03
   5.1696777343750000       -8.60848278E-03
   5.1750488281250000       -8.60451534E-03
   5.1804199218750000       -8.60061869E-03
   5.1857910156250000       -8.59679375E-03
   5.1911621093750000       -8.59303307E-03
   5.1965332031250000       -8.58933479E-03
   5.2019042968750000       -8.58570077E-03
   5.2072753906250000       -8.58213753E-03
   5.2126464843750000       -8.57864600E-03
   5.2180175781250000       -8.57520942E-03
   5.2233886718750000       -8.57185200E-03
   5.2287597656250000       -8.56854953E-03
   5.2341308593750000       -8.56531784E-03
   5.2395019531250000       -8.56214948E-03
   5.2448730468750000       -8.55905190E-03
   5.2502441406250000       -8.55601765E-03
   5.2556152343750000       -8.55304673E-03
   5.2609863281250000       -8.55014566E-03
   5.2663574218750000       -8.54730792E-03
   5.2717285156250000       -8.54453258E-03
   5.2770996093750000       -8.54182802E-03
   5.2824707031250000       -8.53918586E-03
   5.2878417968750000       -8.53661448E-03
   5.2932128906250000       -8.53409804E-03
   5.2985839843750000       -8.53165146E-03
   5.3039550781250000       -8.52927566E-03
   5.3093261718750000       -8.52695480E-03
   5.3146972656250000       -8.52470379E-03
   5.3200683593750000       -8.52252264E-03
   5.3254394531250000       -8.52039736E-03
   5.3308105468750000       -8.51834100E-03
   5.3361816406250000       -8.51635542E-03
   5.3415527343750000       -8.51442479E-03
   5.3469238281250000       -8.51256400E-03
   5.3522949218750000       -8.51076562E-03
   5.3576660156250000       -8.50903615E-03
   5.3630371093750000       -8.50737002E-03
   5.3684082031250000       -8.50576628E-03
   5.3737792968750000       -8.50422401E-03
   5.3791503906250000       -8.50275159E-03
   5.3845214843750000       -8.50134157E-03
   5.3898925781250000       -8.49999394E-03
   5.3952636718750000       -8.49870872E-03
   5.4006347656250000       -8.49749241E-03
   5.4060058593750000       -8.49633850E-03
   5.4113769531250000       -8.49525444E-03
   5.4167480468750000       -8.49422440E-03
   5.4221191406250000       -8.49326514E-03
   5.4274902343750000       -8.49237479E-03
   5.4328613281250000       -8.49153847E-03
   5.4382324218750000       -8.49077199E-03
   5.4436035156250000       -8.49006791E-03
   5.4489746093750000       -8.48942529E-03
   5.4543457031250000       -8.48885253E-03
   5.4597167968750000       -8.48834217E-03
   5.4650878906250000       -8.48789327E-03
   5.4704589843750000       -8.48750584E-03
   5.4758300781250000       -8.48718919E-03
   5.4812011718750000       -8.48693401E-03
   5.4865722656250000       -8.48674029E-03
   5.4919433593750000       -8.48660897E-03
   5.4973144531250000       -8.48654658E-03
   5.5026855468750000       -8.48654658E-03
   5.5080566406250000       -8.48660897E-03
   5.5134277343750000       -8.48674029E-03
   5.5187988281250000       -8.48693401E-03
   5.5241699218750000       -8.48718919E-03
   5.5295410156250000       -8.48750584E-03
   5.5349121093750000       -8.48789327E-03
   5.5402832031250000       -8.48834217E-03
   5.5456542968750000       -8.48885253E-03
   5.5510253906250000       -8.48942529E-03
   5.5563964843750000       -8.49006791E-03
   5.5617675781250000       -8.49077199E-03
   5.5671386718750000       -8.49153847E-03
   5.5725097656250000       -8.49237479E-03
   5.5778808593750000       -8.49326514E-03
   5.5832519531250000       -8.49422440E-03
   5.5886230468750000       -8.49525444E-03
   5.5939941406250000       -8.49633850E-03
   5.5993652343750000       -8.49749241E-03
   5.6047363281250000       -8.49870872E-03
   5.6101074218750000       -8.49999394E-03
   5.6154785156250000       -8.50134157E-03
   5.6208496093750000       -8.50275159E-03
   5.6262207031250000       -8.50422401E-03
   5.6315917968750000       -8.50576628E-03
   5.6369628906250000       -8.50737002E-03
   5.6423339843750000       -8.50903615E-03
   5.6477050781250000       -8.51076562E-03
   5.6530761718750000       -8.51256400E-03
   5.6584472656250000       -8.51442479E-03
   5.6638183593750000       -8.51635542E-03
   5.6691894531250000       -8.51834100E-03
   5.6745605468750000       -8.52039736E-03
   5.6799316406250000       -8.52252264E-03
   5.6853027343750000       -8.52470379E-03
   5.6906738281250000       -8.52695480E-03
   5.6960449218750000       -8.52927566E-03
   5.7014160156250000       -8.53165146E-03
   5.7067871093750000       -8.53409804E-03
   5.7121582031250000       -8.53661448E-03
   5.7175292968750000       -8.53918586E-03
   5.7229003906250000       -8.54182802E-03
   5.7282714843750000       -8.54453258E-03
   5.7336425781250000       -8.54730792E-03
   5.7390136718750000       -8.55014566E-03
   5.7443847656250000       -8.55304673E-03
   5.7497558593750000       -8.55601765E-03
   5.7551269531250000       -8.55905190E-03
   5.7604980468750000       -8.56214948E-03
   5.7658691406250000       -8.56531784E-03
   5.7712402343750000       -8.56854953E-03
   5.7766113281250000       -8.57185200E-03
   5.7819824218750000       -8.57520942E-03
   5.7873535156250000       -8.57864600E-03
   5.7927246093750000       -8.58213753E-03
   5.7980957031250000       -8.58570077E-03
   5.8034667968750000       -8.58933479E-03
   5.8088378906250000       -8.59303307E-03
   5.8142089843750000       -8.59679375E-03
   5.8195800781250000       -8.60061869E-03
   5.8249511718750000       -8.60451534E-03
   5.8303222656250000       -8.60848278E-03
   5.8356933593750000       -8.61251354E-03
   5.8410644531250000       -8.61660950E-03
   5.8464355468750000       -8.62077624E-03
   5.8518066406250000       -8.62500630E-03
   5.8571777343750000       -8.62930901E-03
   5.8625488281250000       -8.63367599E-03
   5.8679199218750000       -8.63810629E-03
   5.8732910156250000       -8.64260923E-03
   5.8786621093750000       -8.64718389E-03
   5.8840332031250000       -8.65181535E-03
   5.8894042968750000       -8.65652692E-03
   5.8947753906250000       -8.66130274E-03
   5.9001464843750000       -8.66614282E-03
   5.9055175781250000       -8.67105555E-03
   5.9108886718750000       -8.67603347E-03
   5.9162597656250000       -8.68108310E-03
   5.9216308593750000       -8.68620537E-03
   5.9270019531250000       -8.69139377E-03
   5.9323730468750000       -8.69664643E-03
   5.9377441406250000       -8.70197173E-03
   5.9431152343750000       -8.70736968E-03
   5.9484863281250000       -8.71283375E-03
   5.9538574218750000       -8.71836301E-03
   5.9592285156250000       -8.72396585E-03
   5.9645996093750000       -8.72964133E-03
   5.9699707031250000       -8.73538200E-03
   5.9753417968750000       -8.74119718E-03
   5.9807128906250000       -8.74708593E-03
   5.9860839843750000       -8.75303987E-03
   5.9914550781250000       -8.75906833E-03
   5.9968261718750000       -8.76516197E-03
   6.0021972656250000       -8.77133012E-03
   6.0075683593750000       -8.77757277E-03
   6.0129394531250000       -8.78388155E-03
   6.0183105468750000       -8.79026391E-03
   6.0236816406250000       -8.79671331E-03
   6.0290527343750000       -8.80323723E-03
   6.0344238281250000       -8.80983565E-03
   6.0397949218750000       -8.81650951E-03
   6.0451660156250000       -8.82324949E-03
   6.0505371093750000       -8.83006398E-03
   6.0559082031250000       -8.83694645E-03
   6.0612792968750000       -8.84391181E-03
   6.0666503906250000       -8.85094423E-03
   6.0720214843750000       -8.85804463E-03
   6.0773925781250000       -8.86522792E-03
   6.0827636718750000       -8.87247920E-03
   6.0881347656250000       -8.87980592E-03
   6.0935058593750000       -8.88720900E-03
   6.0988769531250000       -8.89468752E-03
   6.1042480468750000       -8.90223403E-03
   6.1096191406250000       -8.90985690E-03
   6.1149902343750000       -8.91755614E-03
   6.1203613281250000       -8.92533176E-03
   6.1257324218750000       -8.93317629E-03
   6.1311035156250000       -8.94110557E-03
   6.1364746093750000       -8.94910283E-03
   6.1418457031250000       -8.95717833E-03
   6.1472167968750000       -8.96533020E-03
   6.1525878906250000       -8.97355936E-03
   6.1579589843750000       -8.98185745E-03
   6.1633300781250000       -8.99024121E-03
   6.1687011718750000       -8.99870321E-03
   6.1740722656250000       -9.00723413E-03
   6.1794433593750000       -9.01584327E-03
   6.1848144531250000       -9.02453903E-03
   6.1901855468750000       -9.03330371E-03
   6.1955566406250000       -9.04214755E-03
   6.2009277343750000       -9.05106962E-03
   6.2062988281250000       -9.06007085E-03
   6.2116699218750000       -9.06915031E-03
   6.2170410156250000       -9.07830894E-03
   6.2224121093750000       -9.08755418E-03
   6.2277832031250000       -9.09687113E-03
   6.2331542968750000       -9.10626724E-03
   6.2385253906250000       -9.11574252E-03
   6.2438964843750000       -9.12530627E-03
   6.2492675781250000       -9.13494173E-03
   6.2546386718750000       -9.14465636E-03
   6.2600097656250000       -9.15445946E-03
   6.2653808593750000       -9.16434359E-03
   6.2707519531250000       -9.17429943E-03
   6.2761230468750000       -9.18434374E-03
   6.2814941406250000       -9.19446908E-03
   6.2868652343750000       -9.20468383E-03
   6.2922363281250000       -9.21497121E-03
   6.2976074218750000       -9.22534894E-03
   6.3029785156250000       -9.23579838E-03
   6.3083496093750000       -9.24633909E-03
   6.3137207031250000       -9.25696921E-03
   6.3190917968750000       -9.26767290E-03
   6.3244628906250000       -9.27846693E-03
   6.3298339843750000       -9.28934384E-03
   6.3352050781250000       -9.30030271E-03
   6.3405761718750000       -9.31135286E-03
   6.3459472656250000       -9.32247750E-03
   6.3513183593750000       -9.33369342E-03
   6.3566894531250000       -9.34500154E-03
   6.3620605468750000       -9.35639255E-03
   6.3674316406250000       -9.36786737E-03
   6.3728027343750000       -9.37943347E-03
   6.3781738281250000       -9.39107593E-03
   6.3835449218750000       -9.40281898E-03
   6.3889160156250000       -9.41464677E-03
   6.3942871093750000       -9.42655932E-03
   6.3996582031250000       -9.43855569E-03
   6.4050292968750000       -9.45065450E-03
   6.4104003906250000       -9.46283061E-03
   6.4157714843750000       -9.47509985E-03
   6.4211425781250000       -9.48746223E-03
   6.4265136718750000       -9.49991122E-03
   6.4318847656250000       -9.51244682E-03
   6.4372558593750000       -9.52508487E-03
   6.4426269531250000       -9.53780115E-03
   6.4479980468750000       -9.55061987E-03
   6.4533691406250000       -9.56352707E-03
   6.4587402343750000       -9.57651995E-03
   6.4641113281250000       -9.58960969E-03
   6.4694824218750000       -9.60279442E-03
   6.4748535156250000       -9.61607601E-03
   6.4802246093750000       -9.62944515E-03
   6.4855957031250000       -9.64291114E-03
   6.4909667968750000       -9.65646561E-03
   6.4963378906250000       -9.67012532E-03
   6.5017089843750000       -9.68387444E-03
   6.5070800781250000       -9.69771203E-03
   6.5124511718750000       -9.71165672E-03
   6.5178222656250000       -9.72569082E-03
   6.5231933593750000       -9.73983109E-03
   6.5285644531250000       -9.75406263E-03
   6.5339355468750000       -9.76838358E-03
   6.5393066406250000       -9.78281256E-03
   6.5446777343750000       -9.79734026E-03
   6.5500488281250000       -9.81195923E-03
   6.5554199218750000       -9.82668716E-03
   6.5607910156250000       -9.84150637E-03
   6.5661621093750000       -9.85642616E-03
   6.5715332031250000       -9.87145491E-03
   6.5769042968750000       -9.88657586E-03
   6.5822753906250000       -9.90179833E-03
   6.5876464843750000       -9.91713069E-03
   6.5930175781250000       -9.93255619E-03
   6.5983886718750000       -9.94808413E-03
   6.6037597656250000       -9.96372197E-03
   6.6091308593750000       -9.97946318E-03
   6.6145019531250000       -9.99529846E-03
   6.6198730468750000       -1.00112455E-02
   6.6252441406250000       -1.00272959E-02
   6.6306152343750000       -1.00434506E-02
   6.6359863281250000       -1.00597171E-02
   6.6413574218750000       -1.00760879E-02
   6.6467285156250000       -1.00925555E-02
   6.6520996093750000       -1.01091452E-02
   6.6574707031250000       -1.01258308E-02
   6.6628417968750000       -1.01426309E-02
   6.6682128906250000       -1.01595363E-02
   6.6735839843750000       -1.01765487E-02
   6.6789550781250000       -1.01936758E-02
   6.6843261718750000       -1.02109099E-02
   6.6896972656250000       -1.02282511E-02
   6.6950683593750000       -1.02457078E-02
   6.7004394531250000       -1.02632809E-02
   6.7058105468750000       -1.02809630E-02
   6.7111816406250000       -1.02987532E-02
   6.7165527343750000       -1.03166597E-02
   6.7219238281250000       -1.03346761E-02
   6.7272949218750000       -1.03528108E-02
   6.7326660156250000       -1.03710545E-02
   6.7380371093750000       -1.03894174E-02
   6.7434082031250000       -1.04078995E-02
   6.7487792968750000       -1.04265017E-02
   6.7541503906250000       -1.04452055E-02
   6.7595214843750000       -1.04640387E-02
   6.7648925781250000       -1.04829920E-02
   6.7702636718750000       -1.05020572E-02
   6.7756347656250000       -1.05212349E-02
   6.7810058593750000       -1.05405441E-02
   6.7863769531250000       -1.05599659E-02
   6.7917480468750000       -1.05795190E-02
   6.7971191406250000       -1.05991857E-02
   6.8024902343750000       -1.06189754E-02
   6.8078613281250000       -1.06388805E-02
   6.8132324218750000       -1.06589179E-02
   6.8186035156250000       -1.06790802E-02
   6.8239746093750000       -1.06993672E-02
   6.8293457031250000       -1.07197696E-02
   6.8347167968750000       -1.07403072E-02
   6.8400878906250000       -1.07609611E-02
   6.8454589843750000       -1.07817510E-02
   6.8508300781250000       -1.08026676E-02
   6.8562011718750000       -1.08237108E-02
   6.8615722656250000       -1.08448816E-02
   6.8669433593750000       -1.08661810E-02
   6.8723144531250000       -1.08876079E-02
   6.8776855468750000       -1.09091736E-02
   6.8830566406250000       -1.09308679E-02
   6.8884277343750000       -1.09526925E-02
   6.8937988281250000       -1.09746465E-02
   6.8991699218750000       -1.09967403E-02
   6.9045410156250000       -1.10189654E-02
   6.9099121093750000       -1.10413209E-02
   6.9152832031250000       -1.10638179E-02
   6.9206542968750000       -1.10864481E-02
   6.9260253906250000       -1.11092189E-02
   6.9313964843750000       -1.11321239E-02
   6.9367675781250000       -1.11551620E-02
   6.9421386718750000       -1.11783436E-02
   6.9475097656250000       -1.12016685E-02
   6.9528808593750000       -1.12251285E-02
   6.9582519531250000       -1.12487338E-02
   6.9636230468750000       -1.12724751E-02
   6.9689941406250000       -1.12963617E-02
   6.9743652343750000       -1.13203945E-02
   6.9797363281250000       -1.13445744E-02
   6.9851074218750000       -1.13688912E-02
   6.9904785156250000       -1.13933571E-02
   6.9958496093750000       -1.14179701E-02
   7.0012207031250000       -1.14427228E-02
   7.0065917968750000       -1.14676347E-02
   7.0119628906250000       -1.14926863E-02
   7.0173339843750000       -1.15178879E-02
   7.0227050781250000       -1.15432404E-02
   7.0280761718750000       -1.15687549E-02
   7.0334472656250000       -1.15944110E-02
   7.0388183593750000       -1.16202189E-02
   7.0441894531250000       -1.16461804E-02
   7.0495605468750000       -1.16723049E-02
   7.0549316406250000       -1.16985738E-02
   7.0603027343750000       -1.17250066E-02
   7.0656738281250000       -1.17515847E-02
   7.0710449218750000       -1.17783388E-02
   7.0764160156250000       -1.18052391E-02
   7.0817871093750000       -1.18322959E-02
   7.0871582031250000       -1.18595194E-02
   7.0925292968750000       -1.18869012E-02
   7.0979003906250000       -1.19144516E-02
   7.1032714843750000       -1.19421612E-02
   7.1086425781250000       -1.19700301E-02
   7.1140136718750000       -1.19980685E-02
   7.1193847656250000       -1.20262690E-02
   7.1247558593750000       -1.20546399E-02
   7.1301269531250000       -1.20831830E-02
   7.1354980468750000       -1.21118892E-02
   7.1408691406250000       -1.21407583E-02
   7.1462402343750000       -1.21698109E-02
   7.1516113281250000       -1.21990182E-02
   7.1569824218750000       -1.22284107E-02
   7.1623535156250000       -1.22579783E-02
   7.1677246093750000       -1.22877127E-02
   7.1730957031250000       -1.23176239E-02
   7.1784667968750000       -1.23477131E-02
   7.1838378906250000       -1.23779811E-02
   7.1892089843750000       -1.24084176E-02
   7.1945800781250000       -1.24390433E-02
   7.1999511718750000       -1.24698495E-02
   7.2053222656250000       -1.25008374E-02
   7.2106933593750000       -1.25319967E-02
   7.2160644531250000       -1.25633478E-02
   7.2214355468750000       -1.25948833E-02
   7.2268066406250000       -1.26266014E-02
   7.2321777343750000       -1.26585150E-02
   7.2375488281250000       -1.26906028E-02
   7.2429199218750000       -1.27228880E-02
   7.2482910156250000       -1.27553688E-02
   7.2536621093750000       -1.27880275E-02
   7.2590332031250000       -1.28208846E-02
   7.2644042968750000       -1.28539400E-02
   7.2697753906250000       -1.28871761E-02
   7.2751464843750000       -1.29206218E-02
   7.2805175781250000       -1.29542593E-02
   7.2858886718750000       -1.29880887E-02
   7.2912597656250000       -1.30221210E-02
   7.2966308593750000       -1.30563574E-02
   7.3020019531250000       -1.30907875E-02
   7.3073730468750000       -1.31254233E-02
   7.3127441406250000       -1.31602651E-02
   7.3181152343750000       -1.31953135E-02
   7.3234863281250000       -1.32305603E-02
   7.3288574218750000       -1.32660251E-02
   7.3342285156250000       -1.33016901E-02
   7.3395996093750000       -1.33375647E-02
   7.3449707031250000       -1.33736609E-02
   7.3503417968750000       -1.34099582E-02
   7.3557128906250000       -1.34464689E-02
   7.3610839843750000       -1.34832039E-02
   7.3664550781250000       -1.35201532E-02
   7.3718261718750000       -1.35573074E-02
   7.3771972656250000       -1.35946991E-02
   7.3825683593750000       -1.36322975E-02
   7.3879394531250000       -1.36701250E-02
   7.3933105468750000       -1.37081714E-02
   7.3986816406250000       -1.37464376E-02
   7.4040527343750000       -1.37849357E-02
   7.4094238281250000       -1.38236657E-02
   7.4147949218750000       -1.38626080E-02
   7.4201660156250000       -1.39017953E-02
   7.4255371093750000       -1.39412070E-02
   7.4309082031250000       -1.39808552E-02
   7.4362792968750000       -1.40207298E-02
   7.4416503906250000       -1.40608540E-02
   7.4470214843750000       -1.41012063E-02
   7.4523925781250000       -1.41417878E-02
   7.4577636718750000       -1.41826216E-02
   7.4631347656250000       -1.42236976E-02
   7.4685058593750000       -1.42650064E-02
   7.4738769531250000       -1.43065704E-02
   7.4792480468750000       -1.43483793E-02
   7.4846191406250000       -1.43904239E-02
   7.4899902343750000       -1.44327264E-02
   7.4953613281250000       -1.44752776E-02
   7.5007324218750000       -1.45180905E-02
   7.5061035156250000       -1.45611418E-02
   7.5114746093750000       -1.46044558E-02
   7.5168457031250000       -1.46480342E-02
   7.5222167968750000       -1.46918558E-02
   7.5275878906250000       -1.47359436E-02
   7.5329589843750000       -1.47802979E-02
   7.5383300781250000       -1.48249101E-02
   7.5437011718750000       -1.48697915E-02
   7.5490722656250000       -1.49149438E-02
   7.5544433593750000       -1.49603570E-02
   7.5598144531250000       -1.50060430E-02
   7.5651855468750000       -1.50520038E-02
   7.5705566406250000       -1.50982281E-02
   7.5759277343750000       -1.51447412E-02
   7.5812988281250000       -1.51915317E-02
   7.5866699218750000       -1.52385896E-02
   7.5920410156250000       -1.52859399E-02
   7.5974121093750000       -1.53335603E-02
   7.6027832031250000       -1.53814750E-02
   7.6081542968750000       -1.54296737E-02
   7.6135253906250000       -1.54781584E-02
   7.6188964843750000       -1.55269410E-02
   7.6242675781250000       -1.55759994E-02
   7.6296386718750000       -1.56253707E-02
   7.6350097656250000       -1.56750213E-02
   7.6403808593750000       -1.57249868E-02
   7.6457519531250000       -1.57752335E-02
   7.6511230468750000       -1.58257987E-02
   7.6564941406250000       -1.58766583E-02
   7.6618652343750000       -1.59278288E-02
   7.6672363281250000       -1.59792975E-02
   7.6726074218750000       -1.60310883E-02
   7.6779785156250000       -1.60831828E-02
   7.6833496093750000       -1.61355902E-02
   7.6887207031250000       -1.61883142E-02
   7.6940917968750000       -1.62413549E-02
   7.6994628906250000       -1.62947290E-02
   7.7048339843750000       -1.63484085E-02
   7.7102050781250000       -1.64024234E-02
   7.7155761718750000       -1.64567623E-02
   7.7209472656250000       -1.65114254E-02
   7.7263183593750000       -1.65664144E-02
   7.7316894531250000       -1.66217443E-02
   7.7370605468750000       -1.66774150E-02
   7.7424316406250000       -1.67334154E-02
   7.7478027343750000       -1.67897623E-02
   7.7531738281250000       -1.68464426E-02
   7.7585449218750000       -1.69034712E-02
   7.7639160156250000       -1.69608500E-02
   7.7692871093750000       -1.70185678E-02
   7.7746582031250000       -1.70766488E-02
   7.7800292968750000       -1.71350744E-02
   7.7854003906250000       -1.71938669E-02
   7.7907714843750000       -1.72530040E-02
   7.7961425781250000       -1.73125155E-02
   7.8015136718750000       -1.73723865E-02
   7.8068847656250000       -1.74326207E-02
   7.8122558593750000       -1.74932200E-02
   7.8176269531250000       -1.75541975E-02
   7.8229980468750000       -1.76155437E-02
   7.8283691406250000       -1.76772717E-02
   7.8337402343750000       -1.77393723E-02
   7.8391113281250000       -1.78018585E-02
   7.8444824218750000       -1.78647209E-02
   7.8498535156250000       -1.79279856E-02
   7.8552246093750000       -1.79916285E-02
   7.8605957031250000       -1.80556644E-02
   7.8659667968750000       -1.81200970E-02
   7.8713378906250000       -1.81849152E-02
   7.8767089843750000       -1.82501450E-02
   7.8820800781250000       -1.83157753E-02
   7.8874511718750000       -1.83818229E-02
   7.8928222656250000       -1.84482615E-02
   7.8981933593750000       -1.85151212E-02
   7.9035644531250000       -1.85823888E-02
   7.9089355468750000       -1.86500829E-02
   7.9143066406250000       -1.87181886E-02
   7.9196777343750000       -1.87867247E-02
   7.9250488281250000       -1.88556761E-02
   7.9304199218750000       -1.89250745E-02
   7.9357910156250000       -1.89948939E-02
   7.9411621093750000       -1.90651380E-02
   7.9465332031250000       -1.91358328E-02
   7.9519042968750000       -1.92069691E-02
   7.9572753906250000       -1.92785505E-02
   7.9626464843750000       -1.93505771E-02
   7.9680175781250000       -1.94230508E-02
   7.9733886718750000       -1.94959752E-02
   7.9787597656250000       -1.95693653E-02
   7.9841308593750000       -1.96432099E-02
   7.9895019531250000       -1.97175257E-02
   7.9948730468750000       -1.97923016E-02
   8.0002441406250000       -1.98675506E-02
   8.0056152343750000       -1.99432783E-02
   8.0109863281250000       -2.00194735E-02
   8.0163574218750000       -2.00961642E-02
   8.0217285156250000       -2.01733261E-02
   8.0270996093750000       -2.02509742E-02
   8.0324707031250000       -2.03291140E-02
   8.0378417968750000       -2.04077587E-02
   8.0432128906250000       -2.04868857E-02
   8.0485839843750000       -2.05665231E-02
   8.0539550781250000       -2.06466764E-02
   8.0593261718750000       -2.07273159E-02
   8.0646972656250000       -2.08084900E-02
   8.0700683593750000       -2.08901726E-02
   8.0754394531250000       -2.09723637E-02
   8.0808105468750000       -2.10550837E-02
   8.0861816406250000       -2.11383477E-02
   8.0915527343750000       -2.12221295E-02
   8.0969238281250000       -2.13064477E-02
   8.1022949218750000       -2.13913042E-02
   8.1076660156250000       -2.14767158E-02
   8.1130371093750000       -2.15626564E-02
   8.1184082031250000       -2.16491595E-02
   8.1237792968750000       -2.17362102E-02
   8.1291503906250000       -2.18238309E-02
   8.1345214843750000       -2.19120197E-02
   8.1398925781250000       -2.20007673E-02
   8.1452636718750000       -2.20900774E-02
   8.1506347656250000       -2.21799798E-02
   8.1560058593750000       -2.22704504E-02
   8.1613769531250000       -2.23615207E-02
   8.1667480468750000       -2.24531647E-02
   8.1721191406250000       -2.25454140E-02
   8.1774902343750000       -2.26382595E-02
   8.1828613281250000       -2.27317028E-02
   8.1882324218750000       -2.28257608E-02
   8.1936035156250000       -2.29204241E-02
   8.1989746093750000       -2.30156928E-02
   8.2043457031250000       -2.31116042E-02
   8.2097167968750000       -2.32081302E-02
   8.2150878906250000       -2.33052876E-02
   8.2204589843750000       -2.34030820E-02
   8.2258300781250000       -2.35015154E-02
   8.2312011718750000       -2.36005913E-02
   8.2365722656250000       -2.37003136E-02
   8.2419433593750000       -2.38006841E-02
   8.2473144531250000       -2.39017252E-02
   8.2526855468750000       -2.40034387E-02
   8.2580566406250000       -2.41058134E-02
   8.2634277343750000       -2.42088512E-02
   8.2687988281250000       -2.43125726E-02
   8.2741699218750000       -2.44169980E-02
   8.2795410156250000       -2.45220959E-02
   8.2849121093750000       -2.46278904E-02
   8.2902832031250000       -2.47343834E-02
   8.2956542968750000       -2.48415954E-02
   8.3010253906250000       -2.49495134E-02
   8.3063964843750000       -2.50581410E-02
   8.3117675781250000       -2.51674987E-02
   8.3171386718750000       -2.52775736E-02
   8.3225097656250000       -2.53883880E-02
   8.3278808593750000       -2.54999436E-02
   8.3332519531250000       -2.56122481E-02
   8.3386230468750000       -2.57252846E-02
   8.3439941406250000       -2.58390922E-02
   8.3493652343750000       -2.59536598E-02
   8.3547363281250000       -2.60690060E-02
   8.3601074218750000       -2.61851214E-02
   8.3654785156250000       -2.63020080E-02
   8.3708496093750000       -2.64196862E-02
   8.3762207031250000       -2.65381467E-02
   8.3815917968750000       -2.66574249E-02
   8.3869628906250000       -2.67774928E-02
   8.3923339843750000       -2.68983878E-02
   8.3977050781250000       -2.70200819E-02
   8.4030761718750000       -2.71426123E-02
   8.4084472656250000       -2.72659678E-02
   8.4138183593750000       -2.73901690E-02
   8.4191894531250000       -2.75152065E-02
   8.4245605468750000       -2.76410971E-02
   8.4299316406250000       -2.77678333E-02
   8.4353027343750000       -2.78954525E-02
   8.4406738281250000       -2.80239247E-02
   8.4460449218750000       -2.81532910E-02
   8.4514160156250000       -2.82835197E-02
   8.4567871093750000       -2.84146685E-02
   8.4621582031250000       -2.85466928E-02
   8.4675292968750000       -2.86796298E-02
   8.4729003906250000       -2.88134851E-02
   8.4782714843750000       -2.89482474E-02
   8.4836425781250000       -2.90839579E-02
   8.4890136718750000       -2.92205848E-02
   8.4943847656250000       -2.93581709E-02
   8.4997558593750000       -2.94967033E-02
   8.5051269531250000       -2.96361856E-02
   8.5104980468750000       -2.97766253E-02
   8.5158691406250000       -2.99180653E-02
   8.5212402343750000       -3.00604552E-02
   8.5266113281250000       -3.02038547E-02
   8.5319824218750000       -3.03482525E-02
   8.5373535156250000       -3.04936543E-02
   8.5427246093750000       -3.06400657E-02
   8.5480957031250000       -3.07874940E-02
   8.5534667968750000       -3.09359618E-02
   8.5588378906250000       -3.10854595E-02
   8.5642089843750000       -3.12360078E-02
   8.5695800781250000       -3.13875973E-02
   8.5749511718750000       -3.15402709E-02
   8.5803222656250000       -3.16940174E-02
   8.5856933593750000       -3.18488367E-02
   8.5910644531250000       -3.20047475E-02
   8.5964355468750000       -3.21617648E-02
   8.6018066406250000       -3.23198773E-02
   8.6071777343750000       -3.24791148E-02
   8.6125488281250000       -3.26394662E-02
   8.6179199218750000       -3.28009687E-02
   8.6232910156250000       -3.29636186E-02
   8.6286621093750000       -3.31274197E-02
   8.6340332031250000       -3.32923755E-02
   8.6394042968750000       -3.34585160E-02
   8.6447753906250000       -3.36258486E-02
   8.6501464843750000       -3.37943584E-02
   8.6555175781250000       -3.39640751E-02
   8.6608886718750000       -3.41350064E-02
   8.6662597656250000       -3.43071744E-02
   8.6716308593750000       -3.44805531E-02
   8.6770019531250000       -3.46551873E-02
   8.6823730468750000       -3.48310843E-02
   8.6877441406250000       -3.50082293E-02
   8.6931152343750000       -3.51866558E-02
   8.6984863281250000       -3.53663899E-02
   8.7038574218750000       -3.55473980E-02
   8.7092285156250000       -3.57297249E-02
   8.7145996093750000       -3.59133668E-02
   8.7199707031250000       -3.60983461E-02
   8.7253417968750000       -3.62846516E-02
   8.7307128906250000       -3.64723168E-02
   8.7360839843750000       -3.66613641E-02
   8.7414550781250000       -3.68517637E-02
   8.7468261718750000       -3.70435640E-02
   8.7521972656250000       -3.72367576E-02
   8.7575683593750000       -3.74313667E-02
   8.7629394531250000       -3.76274101E-02
   8.7683105468750000       -3.78248654E-02
   8.7736816406250000       -3.80237885E-02
   8.7790527343750000       -3.82241718E-02
   8.7844238281250000       -3.84260155E-02
   8.7897949218750000       -3.86293568E-02
   8.7951660156250000       -3.88341844E-02
   8.8005371093750000       -3.90405245E-02
   8.8059082031250000       -3.92484069E-02
   8.8112792968750000       -3.94578055E-02
   8.8166503906250000       -3.96687686E-02
   8.8220214843750000       -3.98812890E-02
   8.8273925781250000       -4.00953926E-02
   8.8327636718750000       -4.03110906E-02
   8.8381347656250000       -4.05283943E-02
   8.8435058593750000       -4.07473147E-02
   8.8488769531250000       -4.09678631E-02
   8.8542480468750000       -4.11900729E-02
   8.8596191406250000       -4.14139256E-02
   8.8649902343750000       -4.16394621E-02
   8.8703613281250000       -4.18666899E-02
   8.8757324218750000       -4.20956463E-02
   8.8811035156250000       -4.23262902E-02
   8.8864746093750000       -4.25587036E-02
   8.8918457031250000       -4.27928343E-02
   8.8972167968750000       -4.30287570E-02
   8.9025878906250000       -4.32664640E-02
   8.9079589843750000       -4.35059369E-02
   8.9133300781250000       -4.37472649E-02
   8.9187011718750000       -4.39903885E-02
   8.9240722656250000       -4.42353860E-02
   8.9294433593750000       -4.44822274E-02
   8.9348144531250000       -4.47309688E-02
   8.9401855468750000       -4.49815989E-02
   8.9455566406250000       -4.52341326E-02
   8.9509277343750000       -4.54886071E-02
   8.9562988281250000       -4.57450040E-02
   8.9616699218750000       -4.60033938E-02
   8.9670410156250000       -4.62637618E-02
   8.9724121093750000       -4.65261191E-02
   8.9777832031250000       -4.67905030E-02
   8.9831542968750000       -4.70569320E-02
   8.9885253906250000       -4.73254137E-02
   8.9938964843750000       -4.75959443E-02
   8.9992675781250000       -4.78686057E-02
   9.0046386718750000       -4.81433384E-02
   9.0100097656250000       -4.84202318E-02
   9.0153808593750000       -4.86992523E-02
   9.0207519531250000       -4.89804633E-02
   9.0261230468750000       -4.92638573E-02
   9.0314941406250000       -4.95494418E-02
   9.0368652343750000       -4.98372614E-02
   9.0422363281250000       -5.01273349E-02
   9.0476074218750000       -5.04196957E-02
   9.0529785156250000       -5.07143140E-02
   9.0583496093750000       -5.10112531E-02
   9.0637207031250000       -5.13105318E-02
   9.0690917968750000       -5.16121648E-02
   9.0744628906250000       -5.19161932E-02
   9.0798339843750000       -5.22225834E-02
   9.0852050781250000       -5.25313988E-02
   9.0905761718750000       -5.28426915E-02
   9.0959472656250000       -5.31564169E-02
   9.1013183593750000       -5.34726270E-02
   9.1066894531250000       -5.37913553E-02
   9.1120605468750000       -5.41126281E-02
   9.1174316406250000       -5.44364303E-02
   9.1228027343750000       -5.47628403E-02
   9.1281738281250000       -5.50918393E-02
   9.1335449218750000       -5.54234833E-02
   9.1389160156250000       -5.57577536E-02
   9.1442871093750000       -5.60947321E-02
   9.1496582031250000       -5.64344041E-02
   9.1550292968750000       -5.67768179E-02
   9.1604003906250000       -5.71219660E-02
   9.1657714843750000       -5.74698970E-02
   9.1711425781250000       -5.78206256E-02
   9.1765136718750000       -5.81742041E-02
   9.1818847656250000       -5.85306473E-02
   9.1872558593750000       -5.88899851E-02
   9.1926269531250000       -5.92521988E-02
   9.1979980468750000       -5.96174002E-02
   9.2033691406250000       -5.99855259E-02
   9.2087402343750000       -6.03566766E-02
   9.2141113281250000       -6.07308522E-02
   9.2194824218750000       -6.11081012E-02
   9.2248535156250000       -6.14884123E-02
   9.2302246093750000       -6.18718453E-02
   9.2355957031250000       -6.22584112E-02
   9.2409667968750000       -6.26481399E-02
   9.2463378906250000       -6.30411133E-02
   9.2517089843750000       -6.34372979E-02
   9.2570800781250000       -6.38367385E-02
   9.2624511718750000       -6.42394945E-02
   9.2678222656250000       -6.46455884E-02
   9.2731933593750000       -6.50550425E-02
   9.2785644531250000       -6.54678568E-02
   9.2839355468750000       -6.58841431E-02
   9.2893066406250000       -6.63038641E-02
   9.2946777343750000       -6.67270720E-02
   9.3000488281250000       -6.71538338E-02
   9.3054199218750000       -6.75841421E-02
   9.3107910156250000       -6.80180788E-02
   9.3161621093750000       -6.84556141E-02
   9.3215332031250000       -6.88968301E-02
   9.3269042968750000       -6.93417266E-02
   9.3322753906250000       -6.97904006E-02
   9.3376464843750000       -7.02428371E-02
   9.3430175781250000       -7.06990734E-02
   9.3483886718750000       -7.11591914E-02
   9.3537597656250000       -7.16231614E-02
   9.3591308593750000       -7.20910802E-02
   9.3645019531250000       -7.25629702E-02
   9.3698730468750000       -7.30388686E-02
   9.3752441406250000       -7.35188052E-02
   9.3806152343750000       -7.40028322E-02
   9.3859863281250000       -7.44909868E-02
   9.3913574218750000       -7.49833062E-02
   9.3967285156250000       -7.54798427E-02
   9.4020996093750000       -7.59806409E-02
   9.4074707031250000       -7.64857233E-02
   9.4128417968750000       -7.69951269E-02
   9.4182128906250000       -7.75089189E-02
   9.4235839843750000       -7.80271664E-02
   9.4289550781250000       -7.85498619E-02
   9.4343261718750000       -7.90770501E-02
   9.4396972656250000       -7.96088278E-02
   9.4450683593750000       -8.01451951E-02
   9.4504394531250000       -8.06862265E-02
   9.4558105468750000       -8.12319517E-02
   9.4611816406250000       -8.17824453E-02
   9.4665527343750000       -8.23377073E-02
   9.4719238281250000       -8.28978494E-02
   9.4772949218750000       -8.34628269E-02
   9.4826660156250000       -8.40327963E-02
   9.4880371093750000       -8.46077576E-02
   9.4934082031250000       -8.51877481E-02
   9.4987792968750000       -8.57728422E-02
   9.5041503906250000       -8.63631144E-02
   9.5095214843750000       -8.69585350E-02
   9.5148925781250000       -8.75592530E-02
   9.5202636718750000       -8.81652758E-02
   9.5256347656250000       -8.87766778E-02
   9.5310058593750000       -8.93934667E-02
   9.5363769531250000       -9.00157541E-02
   9.5417480468750000       -9.06435847E-02
   9.5471191406250000       -9.12769735E-02
   9.5524902343750000       -9.19160321E-02
   9.5578613281250000       -9.25608054E-02
   9.5632324218750000       -9.32113752E-02
   9.5686035156250000       -9.38677192E-02
   9.5739746093750000       -9.45299864E-02
   9.5793457031250000       -9.51981992E-02
   9.5847167968750000       -9.58724320E-02
   9.5900878906250000       -9.65527371E-02
   9.5954589843750000       -9.72391590E-02
   9.6008300781250000       -9.79318321E-02
   9.6062011718750000       -9.86307263E-02
   9.6115722656250000       -9.93360132E-02
   9.6169433593750000      -0.100047655    
   9.6223144531250000      -0.100765832    
   9.6276855468750000      -0.101490505    
   9.6330566406250000      -0.102221787    
   9.6384277343750000      -0.102959789    
   9.6437988281250000      -0.103704505    
   9.6491699218750000      -0.104456052    
   9.6545410156250000      -0.105214506    
   9.6599121093750000      -0.105979949    
   9.6652832031250000      -0.106752440    
   9.6706542968750000      -0.107532047    
   9.6760253906250000      -0.108318821    
   9.6813964843750000      -0.109112903    
   9.6867675781250000      -0.109914355    
   9.6921386718750000      -0.110723235    
   9.6975097656250000      -0.111539610    
   9.7028808593750000      -0.112363629    
   9.7082519531250000      -0.113195308    
   9.7136230468750000      -0.114034750    
   9.7189941406250000      -0.114882022    
   9.7243652343750000      -0.115737289    
   9.7297363281250000      -0.116600506    
   9.7351074218750000      -0.117471896    
   9.7404785156250000      -0.118351467    
   9.7458496093750000      -0.119239293    
   9.7512207031250000      -0.120135531    
   9.7565917968750000      -0.121040255    
   9.7619628906250000      -0.121953532    
   9.7673339843750000      -0.122875489    
   9.7727050781250000      -0.123806186    
   9.7780761718750000      -0.124745704    
   9.7834472656250000      -0.125694260    
   9.7888183593750000      -0.126651779    
   9.7941894531250000      -0.127618536    
   9.7995605468750000      -0.128594518    
   9.8049316406250000      -0.129579842    
   9.8103027343750000      -0.130574629    
   9.8156738281250000      -0.131579027    
   9.8210449218750000      -0.132593110    
   9.8264160156250000      -0.133616954    
   9.8317871093750000      -0.134650692    
   9.8371582031250000      -0.135694459    
   9.8425292968750000      -0.136748359    
   9.8479003906250000      -0.137812510    
   9.8532714843750000      -0.138887003    
   9.8586425781250000      -0.139971972    
   9.8640136718750000      -0.141067505    
   9.8693847656250000      -0.142173797    
   9.8747558593750000      -0.143290892    
   9.8801269531250000      -0.144418985    
   9.8854980468750000      -0.145558149    
   9.8908691406250000      -0.146708503    
   9.8962402343750000      -0.147870243    
   9.9016113281250000      -0.149043426    
   9.9069824218750000      -0.150228247    
   9.9123535156250000      -0.151424795    
   9.9177246093750000      -0.152633220    
   9.9230957031250000      -0.153853670    
   9.9284667968750000      -0.155086279    
   9.9338378906250000      -0.156331196    
   9.9392089843750000      -0.157588527    
   9.9445800781250000      -0.158858463    
   9.9499511718750000      -0.160141140    
   9.9553222656250000      -0.161436692    
   9.9606933593750000      -0.162745282    
   9.9660644531250000      -0.164067060    
   9.9714355468750000      -0.165402189    
   9.9768066406250000      -0.166750818    
   9.9821777343750000      -0.168113112    
   9.9875488281250000      -0.169489235    
   9.9929199218750000      -0.170879334    
   9.9982910156250000      -0.172283620    
   10.003662109375000      -0.173702210    
   10.009033203125000      -0.175135285    
   10.014404296875000      -0.176583052    
   10.019775390625000      -0.178045616    
   10.025146484375000      -0.179523259    
   10.030517578125000      -0.181016073    
   10.035888671875000      -0.182524294    
   10.041259765625000      -0.184048101    
   10.046630859375000      -0.185587674    
   10.052001953125000      -0.187143162    
   10.057373046875000      -0.188714832    
   10.062744140625000      -0.190302804    
   10.068115234375000      -0.191907361    
   10.073486328125000      -0.193528622    
   10.078857421875000      -0.195166856    
   10.084228515625000      -0.196822256    
   10.089599609375000      -0.198495016    
   10.094970703125000      -0.200185359    
   10.100341796875000      -0.201893494    
   10.105712890625000      -0.203619644    
   10.111083984375000      -0.205364034    
   10.116455078125000      -0.207126886    
   10.121826171875000      -0.208908439    
   10.127197265625000      -0.210708931    
   10.132568359375000      -0.212528586    
   10.137939453125000      -0.214367658    
   10.143310546875000      -0.216226339    
   10.148681640625000      -0.218104929    
   10.154052734375000      -0.220003664    
   10.159423828125000      -0.221922785    
   10.164794921875000      -0.223862574    
   10.170166015625000      -0.225823238    
   10.175537109375000      -0.227805108    
   10.180908203125000      -0.229808420    
   10.186279296875000      -0.231833473    
   10.191650390625000      -0.233880475    
   10.197021484375000      -0.235949755    
   10.202392578125000      -0.238041639    
   10.207763671875000      -0.240156338    
   10.213134765625000      -0.242294192    
   10.218505859375000      -0.244455487    
   10.223876953125000      -0.246640489    
   10.229248046875000      -0.248849586    
   10.234619140625000      -0.251083016    
   10.239990234375000      -0.253341109    
   10.245361328125000      -0.255624175    
   10.250732421875000      -0.257932603    
   10.256103515625000      -0.260266662    
   10.261474609375000      -0.262626708    
   10.266845703125000      -0.265013069    
   10.272216796875000      -0.267426074    
   10.277587890625000      -0.269866139    
   10.282958984375000      -0.272333562    
   10.288330078125000      -0.274828732    
   10.293701171875000      -0.277351975    
   10.299072265625000      -0.279903680    
   10.304443359375000      -0.282484263    
   10.309814453125000      -0.285094053    
   10.315185546875000      -0.287733525    
   10.320556640625000      -0.290402979    
   10.325927734375000      -0.293102831    
   10.331298828125000      -0.295833528    
   10.336669921875000      -0.298595428    
   10.342041015625000      -0.301389039    
   10.347412109375000      -0.304214716    
   10.352783203125000      -0.307072937    
   10.358154296875000      -0.309964061    
   10.363525390625000      -0.312888652    
   10.368896484375000      -0.315847069    
   10.374267578125000      -0.318839848    
   10.379638671875000      -0.321867436    
   10.385009765625000      -0.324930221    
   10.390380859375000      -0.328028858    
   10.395751953125000      -0.331163675    
   10.401123046875000      -0.334335238    
   10.406494140625000      -0.337544054    
   10.411865234375000      -0.340790659    
   10.417236328125000      -0.344075531    
   10.422607421875000      -0.347399205    
   10.427978515625000      -0.350762278    
   10.433349609375000      -0.354165286    
   10.438720703125000      -0.357608706    
   10.444091796875000      -0.361093223    
   10.449462890625000      -0.364619315    
   10.454833984375000      -0.368187577    
   10.460205078125000      -0.371798664    
   10.465576171875000      -0.375453174    
   10.470947265625000      -0.379151702    
   10.476318359375000      -0.382894844    
   10.481689453125000      -0.386683226    
   10.487060546875000      -0.390517592    
   10.492431640625000      -0.394398540    
   10.497802734375000      -0.398326665    
   10.503173828125000      -0.402302712    
   10.508544921875000      -0.406327426    
   10.513916015625000      -0.410401434    
   10.519287109375000      -0.414525449    
   10.524658203125000      -0.418700248    
   10.530029296875000      -0.422926486    
   10.535400390625000      -0.427205026    
   10.540771484375000      -0.431536555    
   10.546142578125000      -0.435921818    
   10.551513671875000      -0.440361619    
   10.556884765625000      -0.444856852    
   10.562255859375000      -0.449408174    
   10.567626953125000      -0.454016626    
   10.572998046875000      -0.458682805    
   10.578369140625000      -0.463407785    
   10.583740234375000      -0.468192309    
   10.589111328125000      -0.473037302    
   10.594482421875000      -0.477943659    
   10.599853515625000      -0.482912302    
   10.605224609375000      -0.487944186    
   10.610595703125000      -0.493040204    
   10.615966796875000      -0.498201400    
   10.621337890625000      -0.503428698    
   10.626708984375000      -0.508723140    
   10.632080078125000      -0.514085710    
   10.637451171875000      -0.519517481    
   10.642822265625000      -0.525019467    
   10.648193359375000      -0.530592799    
   10.653564453125000      -0.536238492    
   10.658935546875000      -0.541957736    
   10.664306640625000      -0.547751606    
   10.669677734375000      -0.553621233    
   10.675048828125000      -0.559567928    
   10.680419921875000      -0.565592766    
   10.685791015625000      -0.571696937    
   10.691162109375000      -0.577881753    
   10.696533203125000      -0.584148467    
   10.701904296875000      -0.590498269    
   10.707275390625000      -0.596932590    
   10.712646484375000      -0.603452742    
   10.718017578125000      -0.610060036    
   10.723388671875000      -0.616755843    
   10.728759765625000      -0.623541534    
   10.734130859375000      -0.630418658    
   10.739501953125000      -0.637388647    
   10.744873046875000      -0.644452870    
   10.750244140625000      -0.651612878    
   10.755615234375000      -0.658870280    
   10.760986328125000      -0.666226625    
   10.766357421875000      -0.673683465    
   10.771728515625000      -0.681242466    
   10.777099609375000      -0.688905239    
   10.782470703125000      -0.696673572    
   10.787841796875000      -0.704549015    
   10.793212890625000      -0.712533534    
   10.798583984375000      -0.720628738    
   10.803955078125000      -0.728836536    
   10.809326171875000      -0.737158775    
   10.814697265625000      -0.745597303    
   10.820068359375000      -0.754154086    
   10.825439453125000      -0.762831092    
   10.830810546875000      -0.771630287    
   10.836181640625000      -0.780553699    
   10.841552734375000      -0.789603531    
   10.846923828125000      -0.798781753    
   10.852294921875000      -0.808090627    
   10.857666015625000      -0.817532301    
   10.863037109375000      -0.827108979    
   10.868408203125000      -0.836823106    
   10.873779296875000      -0.846676826    
   10.879150390625000      -0.856672704    
   10.884521484375000      -0.866813064    
   10.889892578125000      -0.877100408    
   10.895263671875000      -0.887537241    
   10.900634765625000      -0.898126125    
   10.906005859375000      -0.908869743    
   10.911376953125000      -0.919770777    
   10.916748046875000      -0.930831909    
   10.922119140625000      -0.942056000    
   10.927490234375000      -0.953445852    
   10.932861328125000      -0.965004325    
   10.938232421875000      -0.976734459    
   10.943603515625000      -0.988639295    
   10.948974609375000       -1.00072181    
   10.954345703125000       -1.01298523    
   10.959716796875000       -1.02543271    
   10.965087890625000       -1.03806770    
   10.970458984375000       -1.05089331    
   10.975830078125000       -1.06391323    
   10.981201171875000       -1.07713044    
   10.986572265625000       -1.09054935    
   10.991943359375000       -1.10417211    
   10.997314453125000       -1.11800623    
