   2.6855468750000000E-003  -3.11275411    
   8.0566406250000000E-003  -3.08854318    
   1.3427734375000000E-002  -3.06472731    
   1.8798828125000000E-002  -3.04128742    
   2.4169921875000000E-002  -3.01822019    
   2.9541015625000000E-002  -2.99551558    
   3.4912109375000000E-002  -2.97316766    
   4.0283203125000000E-002  -2.95116782    
   4.5654296875000000E-002  -2.92950988    
   5.1025390625000000E-002  -2.90818667    
   5.6396484375000000E-002  -2.88719130    
   6.1767578125000000E-002  -2.86651683    
   6.7138671875000000E-002  -2.84615755    
   7.2509765625000000E-002  -2.82610655    
   7.7880859375000000E-002  -2.80635810    
   8.3251953125000000E-002  -2.78690600    
   8.8623046875000000E-002  -2.76774430    
   9.3994140625000000E-002  -2.74886727    
   9.9365234375000000E-002  -2.73026967    
  0.10473632812500000       -2.71194553    
  0.11010742187500000       -2.69389009    
  0.11547851562500000       -2.67609763    
  0.12084960937500000       -2.65856338    
  0.12622070312500000       -2.64128232    
  0.13159179687500000       -2.62424970    
  0.13696289062500000       -2.60746050    
  0.14233398437500000       -2.59091020    
  0.14770507812500000       -2.57459426    
  0.15307617187500000       -2.55850863    
  0.15844726562500000       -2.54264855    
  0.16381835937500000       -2.52700996    
  0.16918945312500000       -2.51158857    
  0.17456054687500000       -2.49638057    
  0.17993164062500000       -2.48138189    
  0.18530273437500000       -2.46658874    
  0.19067382812500000       -2.45199728    
  0.19604492187500000       -2.43760395    
  0.20141601562500000       -2.42340517    
  0.20678710937500000       -2.40939713    
  0.21215820312500000       -2.39557648    
  0.21752929687500000       -2.38194013    
  0.22290039062500000       -2.36848450    
  0.22827148437500000       -2.35520649    
  0.23364257812500000       -2.34210277    
  0.23901367187500000       -2.32917023    
  0.24438476562500000       -2.31640625    
  0.24975585937500000       -2.30380750    
  0.25512695312500000       -2.29137111    
  0.26049804687500000       -2.27909446    
  0.26586914062500000       -2.26697445    
  0.27124023437500000       -2.25500870    
  0.27661132812500000       -2.24319434    
  0.28198242187500000       -2.23152876    
  0.28735351562500000       -2.22000957    
  0.29272460937500000       -2.20863414    
  0.29809570312500000       -2.19740009    
  0.30346679687500000       -2.18630505    
  0.30883789062500000       -2.17534661    
  0.31420898437500000       -2.16452241    
  0.31958007812500000       -2.15383029    
  0.32495117187500000       -2.14326787    
  0.33032226562500000       -2.13283348    
  0.33569335937500000       -2.12252450    
  0.34106445312500000       -2.11233902    
  0.34643554687500000       -2.10227513    
  0.35180664062500000       -2.09233069    
  0.35717773437500000       -2.08250380    
  0.36254882812500000       -2.07279253    
  0.36791992187500000       -2.06319499    
  0.37329101562500000       -2.05370951    
  0.37866210937500000       -2.04433393    
  0.38403320312500000       -2.03506684    
  0.38940429687500000       -2.02590656    
  0.39477539062500000       -2.01685095    
  0.40014648437500000       -2.00789881    
  0.40551757812500000       -1.99904811    
  0.41088867187500000       -1.99029756    
  0.41625976562500000       -1.98164546    
  0.42163085937500000       -1.97309041    
  0.42700195312500000       -1.96463072    
  0.43237304687500000       -1.95626497    
  0.43774414062500000       -1.94799173    
  0.44311523437500000       -1.93980968    
  0.44848632812500000       -1.93171716    
  0.45385742187500000       -1.92371297    
  0.45922851562500000       -1.91579580    
  0.46459960937500000       -1.90796435    
  0.46997070312500000       -1.90021718    
  0.47534179687500000       -1.89255309    
  0.48071289062500000       -1.88497078    
  0.48608398437500000       -1.87746918    
  0.49145507812500000       -1.87004697    
  0.49682617187500000       -1.86270297    
  0.50219726562500000       -1.85543597    
  0.50756835937500000       -1.84824514    
  0.51293945312500000       -1.84112895    
  0.51831054687500000       -1.83408654    
  0.52368164062500000       -1.82711673    
  0.52905273437500000       -1.82021856    
  0.53442382812500000       -1.81339085    
  0.53979492187500000       -1.80663288    
  0.54516601562500000       -1.79994333    
  0.55053710937500000       -1.79332149    
  0.55590820312500000       -1.78676605    
  0.56127929687500000       -1.78027630    
  0.56665039062500000       -1.77385139    
  0.57202148437500000       -1.76749003    
  0.57739257812500000       -1.76119184    
  0.58276367187500000       -1.75495553    
  0.58813476562500000       -1.74878037    
  0.59350585937500000       -1.74266565    
  0.59887695312500000       -1.73661029    
  0.60424804687500000       -1.73061359    
  0.60961914062500000       -1.72467470    
  0.61499023437500000       -1.71879292    
  0.62036132812500000       -1.71296740    
  0.62573242187500000       -1.70719731    
  0.63110351562500000       -1.70148194    
  0.63647460937500000       -1.69582057    
  0.64184570312500000       -1.69021249    
  0.64721679687500000       -1.68465698    
  0.65258789062500000       -1.67915332    
  0.65795898437500000       -1.67370081    
  0.66333007812500000       -1.66829872    
  0.66870117187500000       -1.66294646    
  0.67407226562500000       -1.65764332    
  0.67944335937500000       -1.65238881    
  0.68481445312500000       -1.64718199    
  0.69018554687500000       -1.64202249    
  0.69555664062500000       -1.63690948    
  0.70092773437500000       -1.63184261    
  0.70629882812500000       -1.62682116    
  0.71166992187500000       -1.62184453    
  0.71704101562500000       -1.61691213    
  0.72241210937500000       -1.61202323    
  0.72778320312500000       -1.60717773    
  0.73315429687500000       -1.60237467    
  0.73852539062500000       -1.59761369    
  0.74389648437500000       -1.59289420    
  0.74926757812500000       -1.58821559    
  0.75463867187500000       -1.58357751    
  0.76000976562500000       -1.57897949    
  0.76538085937500000       -1.57442081    
  0.77075195312500000       -1.56990111    
  0.77612304687500000       -1.56541991    
  0.78149414062500000       -1.56097674    
  0.78686523437500000       -1.55657113    
  0.79223632812500000       -1.55220258    
  0.79760742187500000       -1.54787052    
  0.80297851562500000       -1.54357481    
  0.80834960937500000       -1.53931475    
  0.81372070312500000       -1.53508997    
  0.81909179687500000       -1.53090024    
  0.82446289062500000       -1.52674484    
  0.82983398437500000       -1.52262342    
  0.83520507812500000       -1.51853573    
  0.84057617187500000       -1.51448131    
  0.84594726562500000       -1.51045966    
  0.85131835937500000       -1.50647056    
  0.85668945312500000       -1.50251341    
  0.86206054687500000       -1.49858809    
  0.86743164062500000       -1.49469388    
  0.87280273437500000       -1.49083090    
  0.87817382812500000       -1.48699832    
  0.88354492187500000       -1.48319602    
  0.88891601562500000       -1.47942364    
  0.89428710937500000       -1.47568083    
  0.89965820312500000       -1.47196722    
  0.90502929687500000       -1.46828246    
  0.91040039062500000       -1.46462631    
  0.91577148437500000       -1.46099830    
  0.92114257812500000       -1.45739818    
  0.92651367187500000       -1.45382571    
  0.93188476562500000       -1.45028055    
  0.93725585937500000       -1.44676220    
  0.94262695312500000       -1.44327068    
  0.94799804687500000       -1.43980551    
  0.95336914062500000       -1.43636632    
  0.95874023437500000       -1.43295300    
  0.96411132812500000       -1.42956519    
  0.96948242187500000       -1.42620254    
  0.97485351562500000       -1.42286491    
  0.98022460937500000       -1.41955185    
  0.98559570312500000       -1.41626334    
  0.99096679687500000       -1.41299880    
  0.99633789062500000       -1.40975821    
   1.0017089843750000       -1.40654123    
   1.0070800781250000       -1.40334761    
   1.0124511718750000       -1.40017712    
   1.0178222656250000       -1.39702952    
   1.0231933593750000       -1.39390457    
   1.0285644531250000       -1.39080191    
   1.0339355468750000       -1.38772142    
   1.0393066406250000       -1.38466287    
   1.0446777343750000       -1.38162601    
   1.0500488281250000       -1.37861049    
   1.0554199218750000       -1.37561631    
   1.0607910156250000       -1.37264311    
   1.0661621093750000       -1.36969078    
   1.0715332031250000       -1.36675894    
   1.0769042968750000       -1.36384737    
   1.0822753906250000       -1.36095607    
   1.0876464843750000       -1.35808480    
   1.0930175781250000       -1.35523319    
   1.0983886718750000       -1.35240102    
   1.1037597656250000       -1.34958827    
   1.1091308593750000       -1.34679461    
   1.1145019531250000       -1.34401989    
   1.1198730468750000       -1.34126401    
   1.1252441406250000       -1.33852673    
   1.1306152343750000       -1.33580780    
   1.1359863281250000       -1.33310711    
   1.1413574218750000       -1.33042431    
   1.1467285156250000       -1.32775950    
   1.1520996093750000       -1.32511222    
   1.1574707031250000       -1.32248259    
   1.1628417968750000       -1.31987023    
   1.1682128906250000       -1.31727493    
   1.1735839843750000       -1.31469667    
   1.1789550781250000       -1.31213522    
   1.1843261718750000       -1.30959046    
   1.1896972656250000       -1.30706227    
   1.1950683593750000       -1.30455017    
   1.2004394531250000       -1.30205452    
   1.2058105468750000       -1.29957473    
   1.2111816406250000       -1.29711092    
   1.2165527343750000       -1.29466271    
   1.2219238281250000       -1.29223025    
   1.2272949218750000       -1.28981304    
   1.2326660156250000       -1.28741121    
   1.2380371093750000       -1.28502440    
   1.2434082031250000       -1.28265274    
   1.2487792968750000       -1.28029585    
   1.2541503906250000       -1.27795351    
   1.2595214843750000       -1.27562594    
   1.2648925781250000       -1.27331293    
   1.2702636718750000       -1.27101409    
   1.2756347656250000       -1.26872945    
   1.2810058593750000       -1.26645875    
   1.2863769531250000       -1.26420200    
   1.2917480468750000       -1.26195908    
   1.2971191406250000       -1.25972998    
   1.3024902343750000       -1.25751424    
   1.3078613281250000       -1.25531197    
   1.3132324218750000       -1.25312293    
   1.3186035156250000       -1.25094700    
   1.3239746093750000       -1.24878442    
   1.3293457031250000       -1.24663448    
   1.3347167968750000       -1.24449754    
   1.3400878906250000       -1.24237335    
   1.3454589843750000       -1.24026179    
   1.3508300781250000       -1.23816252    
   1.3562011718750000       -1.23607576    
   1.3615722656250000       -1.23400128    
   1.3669433593750000       -1.23193908    
   1.3723144531250000       -1.22988880    
   1.3776855468750000       -1.22785056    
   1.3830566406250000       -1.22582400    
   1.3884277343750000       -1.22380936    
   1.3937988281250000       -1.22180629    
   1.3991699218750000       -1.21981478    
   1.4045410156250000       -1.21783471    
   1.4099121093750000       -1.21586609    
   1.4152832031250000       -1.21390867    
   1.4206542968750000       -1.21196222    
   1.4260253906250000       -1.21002710    
   1.4313964843750000       -1.20810294    
   1.4367675781250000       -1.20618951    
   1.4421386718750000       -1.20428693    
   1.4475097656250000       -1.20239508    
   1.4528808593750000       -1.20051396    
   1.4582519531250000       -1.19864321    
   1.4636230468750000       -1.19678283    
   1.4689941406250000       -1.19493294    
   1.4743652343750000       -1.19309318    
   1.4797363281250000       -1.19126379    
   1.4851074218750000       -1.18944430    
   1.4904785156250000       -1.18763483    
   1.4958496093750000       -1.18583548    
   1.5012207031250000       -1.18404579    
   1.5065917968750000       -1.18226600    
   1.5119628906250000       -1.18049586    
   1.5173339843750000       -1.17873526    
   1.5227050781250000       -1.17698431    
   1.5280761718750000       -1.17524278    
   1.5334472656250000       -1.17351067    
   1.5388183593750000       -1.17178774    
   1.5441894531250000       -1.17007422    
   1.5495605468750000       -1.16836977    
   1.5549316406250000       -1.16667449    
   1.5603027343750000       -1.16498804    
   1.5656738281250000       -1.16331065    
   1.5710449218750000       -1.16164231    
   1.5764160156250000       -1.15998268    
   1.5817871093750000       -1.15833175    
   1.5871582031250000       -1.15668941    
   1.5925292968750000       -1.15505576    
   1.5979003906250000       -1.15343070    
   1.6032714843750000       -1.15181410    
   1.6086425781250000       -1.15020585    
   1.6140136718750000       -1.14860594    
   1.6193847656250000       -1.14701438    
   1.6247558593750000       -1.14543092    
   1.6301269531250000       -1.14385569    
   1.6354980468750000       -1.14228868    
   1.6408691406250000       -1.14072955    
   1.6462402343750000       -1.13917851    
   1.6516113281250000       -1.13763523    
   1.6569824218750000       -1.13609993    
   1.6623535156250000       -1.13457251    
   1.6677246093750000       -1.13305259    
   1.6730957031250000       -1.13154054    
   1.6784667968750000       -1.13003612    
   1.6838378906250000       -1.12853920    
   1.6892089843750000       -1.12704968    
   1.6945800781250000       -1.12556779    
   1.6999511718750000       -1.12409317    
   1.7053222656250000       -1.12262619    
   1.7106933593750000       -1.12116635    
   1.7160644531250000       -1.11971366    
   1.7214355468750000       -1.11826813    
   1.7268066406250000       -1.11682987    
   1.7321777343750000       -1.11539865    
   1.7375488281250000       -1.11397445    
   1.7429199218750000       -1.11255729    
   1.7482910156250000       -1.11114705    
   1.7536621093750000       -1.10974371    
   1.7590332031250000       -1.10834718    
   1.7644042968750000       -1.10695755    
   1.7697753906250000       -1.10557449    
   1.7751464843750000       -1.10419822    
   1.7805175781250000       -1.10282862    
   1.7858886718750000       -1.10146558    
   1.7912597656250000       -1.10010910    
   1.7966308593750000       -1.09875917    
   1.8020019531250000       -1.09741557    
   1.8073730468750000       -1.09607863    
   1.8127441406250000       -1.09474790    
   1.8181152343750000       -1.09342360    
   1.8234863281250000       -1.09210563    
   1.8288574218750000       -1.09079373    
   1.8342285156250000       -1.08948815    
   1.8395996093750000       -1.08818865    
   1.8449707031250000       -1.08689547    
   1.8503417968750000       -1.08560812    
   1.8557128906250000       -1.08432710    
   1.8610839843750000       -1.08305180    
   1.8664550781250000       -1.08178258    
   1.8718261718750000       -1.08051932    
   1.8771972656250000       -1.07926178    
   1.8825683593750000       -1.07801032    
   1.8879394531250000       -1.07676446    
   1.8933105468750000       -1.07552457    
   1.8986816406250000       -1.07429028    
   1.9040527343750000       -1.07306170    
   1.9094238281250000       -1.07183862    
   1.9147949218750000       -1.07062137    
   1.9201660156250000       -1.06940949    
   1.9255371093750000       -1.06820345    
   1.9309082031250000       -1.06700265    
   1.9362792968750000       -1.06580746    
   1.9416503906250000       -1.06461763    
   1.9470214843750000       -1.06343317    
   1.9523925781250000       -1.06225419    
   1.9577636718750000       -1.06108046    
   1.9631347656250000       -1.05991209    
   1.9685058593750000       -1.05874896    
   1.9738769531250000       -1.05759096    
   1.9792480468750000       -1.05643833    
   1.9846191406250000       -1.05529082    
   1.9899902343750000       -1.05414832    
   1.9953613281250000       -1.05301106    
   2.0007324218750000       -1.05187881    
   2.0061035156250000       -1.05075169    
   2.0114746093750000       -1.04962933    
   2.0168457031250000       -1.04851222    
   2.0222167968750000       -1.04739988    
   2.0275878906250000       -1.04629254    
   2.0329589843750000       -1.04518998    
   2.0383300781250000       -1.04409242    
   2.0437011718750000       -1.04299963    
   2.0490722656250000       -1.04191160    
   2.0544433593750000       -1.04082823    
   2.0598144531250000       -1.03974974    
   2.0651855468750000       -1.03867602    
   2.0705566406250000       -1.03760684    
   2.0759277343750000       -1.03654242    
   2.0812988281250000       -1.03548241    
   2.0866699218750000       -1.03442717    
   2.0920410156250000       -1.03337646    
   2.0974121093750000       -1.03233027    
   2.1027832031250000       -1.03128862    
   2.1081542968750000       -1.03025138    
   2.1135253906250000       -1.02921867    
   2.1188964843750000       -1.02819049    
   2.1242675781250000       -1.02716660    
   2.1296386718750000       -1.02614701    
   2.1350097656250000       -1.02513194    
   2.1403808593750000       -1.02412117    
   2.1457519531250000       -1.02311456    
   2.1511230468750000       -1.02211249    
   2.1564941406250000       -1.02111447    
   2.1618652343750000       -1.02012074    
   2.1672363281250000       -1.01913106    
   2.1726074218750000       -1.01814580    
   2.1779785156250000       -1.01716459    
   2.1833496093750000       -1.01618755    
   2.1887207031250000       -1.01521468    
   2.1940917968750000       -1.01424587    
   2.1994628906250000       -1.01328099    
   2.2048339843750000       -1.01232028    
   2.2102050781250000       -1.01136351    
   2.2155761718750000       -1.01041067    
   2.2209472656250000       -1.00946188    
   2.2263183593750000       -1.00851715    
   2.2316894531250000       -1.00757635    
   2.2370605468750000       -1.00663924    
   2.2424316406250000       -1.00570619    
   2.2478027343750000       -1.00477695    
   2.2531738281250000       -1.00385153    
   2.2585449218750000       -1.00292993    
   2.2639160156250000       -1.00201213    
   2.2692871093750000       -1.00109816    
   2.2746582031250000       -1.00018799    
   2.2800292968750000      -0.999281406    
   2.2854003906250000      -0.998378634    
   2.2907714843750000      -0.997479677    
   2.2961425781250000      -0.996584237    
   2.3015136718750000      -0.995692432    
   2.3068847656250000      -0.994804323    
   2.3122558593750000      -0.993919849    
   2.3176269531250000      -0.993038893    
   2.3229980468750000      -0.992161572    
   2.3283691406250000      -0.991287887    
   2.3337402343750000      -0.990417719    
   2.3391113281250000      -0.989550948    
   2.3444824218750000      -0.988687754    
   2.3498535156250000      -0.987828135    
   2.3552246093750000      -0.986971915    
   2.3605957031250000      -0.986119032    
   2.3659667968750000      -0.985269785    
   2.3713378906250000      -0.984423816    
   2.3767089843750000      -0.983581185    
   2.3820800781250000      -0.982742131    
   2.3874511718750000      -0.981906295    
   2.3928222656250000      -0.981073737    
   2.3981933593750000      -0.980244637    
   2.4035644531250000      -0.979418874    
   2.4089355468750000      -0.978596389    
   2.4143066406250000      -0.977777004    
   2.4196777343750000      -0.976961136    
   2.4250488281250000      -0.976148367    
   2.4304199218750000      -0.975338757    
   2.4357910156250000      -0.974532425    
   2.4411621093750000      -0.973729312    
   2.4465332031250000      -0.972929299    
   2.4519042968750000      -0.972132504    
   2.4572753906250000      -0.971338928    
   2.4626464843750000      -0.970548391    
   2.4680175781250000      -0.969760954    
   2.4733886718750000      -0.968976617    
   2.4787597656250000      -0.968195438    
   2.4841308593750000      -0.967417181    
   2.4895019531250000      -0.966642082    
   2.4948730468750000      -0.965870023    
   2.5002441406250000      -0.965101004    
   2.5056152343750000      -0.964334965    
   2.5109863281250000      -0.963571846    
   2.5163574218750000      -0.962811768    
   2.5217285156250000      -0.962054670    
   2.5270996093750000      -0.961300433    
   2.5324707031250000      -0.960549355    
   2.5378417968750000      -0.959801018    
   2.5432128906250000      -0.959055543    
   2.5485839843750000      -0.958313107    
   2.5539550781250000      -0.957573414    
   2.5593261718750000      -0.956836700    
   2.5646972656250000      -0.956102729    
   2.5700683593750000      -0.955371737    
   2.5754394531250000      -0.954643488    
   2.5808105468750000      -0.953917980    
   2.5861816406250000      -0.953195274    
   2.5915527343750000      -0.952475488    
   2.5969238281250000      -0.951758444    
   2.6022949218750000      -0.951044023    
   2.6076660156250000      -0.950332522    
   2.6130371093750000      -0.949623585    
   2.6184082031250000      -0.948917449    
   2.6237792968750000      -0.948214054    
   2.6291503906250000      -0.947513282    
   2.6345214843750000      -0.946815252    
   2.6398925781250000      -0.946119964    
   2.6452636718750000      -0.945427239    
   2.6506347656250000      -0.944737196    
   2.6560058593750000      -0.944049656    
   2.6613769531250000      -0.943364918    
   2.6667480468750000      -0.942682743    
   2.6721191406250000      -0.942003131    
   2.6774902343750000      -0.941326022    
   2.6828613281250000      -0.940651596    
   2.6882324218750000      -0.939979792    
   2.6936035156250000      -0.939310372    
   2.6989746093750000      -0.938643575    
   2.7043457031250000      -0.937979341    
   2.7097167968750000      -0.937317669    
   2.7150878906250000      -0.936658442    
   2.7204589843750000      -0.936001599    
   2.7258300781250000      -0.935347378    
   2.7312011718750000      -0.934695542    
   2.7365722656250000      -0.934046328    
   2.7419433593750000      -0.933399439    
   2.7473144531250000      -0.932754934    
   2.7526855468750000      -0.932113051    
   2.7580566406250000      -0.931473434    
   2.7634277343750000      -0.930836260    
   2.7687988281250000      -0.930201530    
   2.7741699218750000      -0.929569125    
   2.7795410156250000      -0.928939044    
   2.7849121093750000      -0.928311467    
   2.7902832031250000      -0.927686214    
   2.7956542968750000      -0.927063286    
   2.8010253906250000      -0.926442683    
   2.8063964843750000      -0.925824463    
   2.8117675781250000      -0.925208449    
   2.8171386718750000      -0.924594879    
   2.8225097656250000      -0.923983514    
   2.8278808593750000      -0.923374414    
   2.8332519531250000      -0.922767699    
   2.8386230468750000      -0.922163129    
   2.8439941406250000      -0.921560884    
   2.8493652343750000      -0.920960903    
   2.8547363281250000      -0.920363188    
   2.8601074218750000      -0.919767678    
   2.8654785156250000      -0.919174373    
   2.8708496093750000      -0.918583333    
   2.8762207031250000      -0.917994380    
   2.8815917968750000      -0.917407811    
   2.8869628906250000      -0.916823328    
   2.8923339843750000      -0.916240931    
   2.8977050781250000      -0.915660799    
   2.9030761718750000      -0.915082812    
   2.9084472656250000      -0.914507091    
   2.9138183593750000      -0.913933277    
   2.9191894531250000      -0.913361728    
   2.9245605468750000      -0.912792385    
   2.9299316406250000      -0.912225127    
   2.9353027343750000      -0.911659896    
   2.9406738281250000      -0.911096752    
   2.9460449218750000      -0.910535753    
   2.9514160156250000      -0.909976721    
   2.9567871093750000      -0.909419954    
   2.9621582031250000      -0.908865094    
   2.9675292968750000      -0.908312440    
   2.9729003906250000      -0.907761753    
   2.9782714843750000      -0.907213092    
   2.9836425781250000      -0.906666517    
   2.9890136718750000      -0.906121969    
   2.9943847656250000      -0.905579448    
   2.9997558593750000      -0.905038893    
   3.0051269531250000      -0.904500425    
   3.0104980468750000      -0.903963804    
   3.0158691406250000      -0.903429270    
   3.0212402343750000      -0.902896643    
   3.0266113281250000      -0.902366102    
   3.0319824218750000      -0.901837409    
   3.0373535156250000      -0.901310802    
   3.0427246093750000      -0.900786042    
   3.0480957031250000      -0.900263250    
   3.0534667968750000      -0.899742484    
   3.0588378906250000      -0.899223506    
   3.0642089843750000      -0.898706496    
   3.0695800781250000      -0.898191452    
   3.0749511718750000      -0.897678316    
   3.0803222656250000      -0.897167027    
   3.0856933593750000      -0.896657646    
   3.0910644531250000      -0.896150172    
   3.0964355468750000      -0.895644486    
   3.1018066406250000      -0.895140767    
   3.1071777343750000      -0.894638956    
   3.1125488281250000      -0.894138932    
   3.1179199218750000      -0.893640757    
   3.1232910156250000      -0.893144369    
   3.1286621093750000      -0.892649949    
   3.1340332031250000      -0.892157197    
   3.1394042968750000      -0.891666412    
   3.1447753906250000      -0.891177416    
   3.1501464843750000      -0.890690148    
   3.1555175781250000      -0.890204787    
   3.1608886718750000      -0.889721274    
   3.1662597656250000      -0.889239371    
   3.1716308593750000      -0.888759315    
   3.1770019531250000      -0.888281167    
   3.1823730468750000      -0.887804627    
   3.1877441406250000      -0.887329936    
   3.1931152343750000      -0.886857033    
   3.1984863281250000      -0.886385798    
   3.2038574218750000      -0.885916471    
   3.2092285156250000      -0.885448694    
   3.2145996093750000      -0.884982705    
   3.2199707031250000      -0.884518564    
   3.2253417968750000      -0.884055972    
   3.2307128906250000      -0.883595288    
   3.2360839843750000      -0.883136153    
   3.2414550781250000      -0.882678807    
   3.2468261718750000      -0.882223129    
   3.2521972656250000      -0.881769061    
   3.2575683593750000      -0.881316841    
   3.2629394531250000      -0.880866230    
   3.2683105468750000      -0.880417347    
   3.2736816406250000      -0.879970133    
   3.2790527343750000      -0.879524529    
   3.2844238281250000      -0.879080594    
   3.2897949218750000      -0.878638327    
   3.2951660156250000      -0.878197730    
   3.3005371093750000      -0.877758682    
   3.3059082031250000      -0.877321362    
   3.3112792968750000      -0.876885653    
   3.3166503906250000      -0.876451612    
   3.3220214843750000      -0.876019061    
   3.3273925781250000      -0.875588298    
   3.3327636718750000      -0.875159025    
   3.3381347656250000      -0.874731421    
   3.3435058593750000      -0.874305367    
   3.3488769531250000      -0.873880923    
   3.3542480468750000      -0.873458147    
   3.3596191406250000      -0.873036861    
   3.3649902343750000      -0.872617185    
   3.3703613281250000      -0.872199118    
   3.3757324218750000      -0.871782660    
   3.3811035156250000      -0.871367574    
   3.3864746093750000      -0.870954216    
   3.3918457031250000      -0.870542407    
   3.3972167968750000      -0.870132148    
   3.4025878906250000      -0.869723320    
   3.4079589843750000      -0.869316101    
   3.4133300781250000      -0.868910491    
   3.4187011718750000      -0.868506372    
   3.4240722656250000      -0.868103743    
   3.4294433593750000      -0.867702603    
   3.4348144531250000      -0.867303014    
   3.4401855468750000      -0.866904914    
   3.4455566406250000      -0.866508424    
   3.4509277343750000      -0.866113305    
   3.4562988281250000      -0.865719795    
   3.4616699218750000      -0.865327775    
   3.4670410156250000      -0.864937246    
   3.4724121093750000      -0.864548087    
   3.4777832031250000      -0.864160478    
   3.4831542968750000      -0.863774359    
   3.4885253906250000      -0.863389611    
   3.4938964843750000      -0.863006473    
   3.4992675781250000      -0.862624645    
   3.5046386718750000      -0.862244487    
   3.5100097656250000      -0.861865640    
   3.5153808593750000      -0.861488283    
   3.5207519531250000      -0.861112356    
   3.5261230468750000      -0.860737801    
   3.5314941406250000      -0.860364735    
   3.5368652343750000      -0.859993100    
   3.5422363281250000      -0.859622955    
   3.5476074218750000      -0.859254181    
   3.5529785156250000      -0.858886838    
   3.5583496093750000      -0.858520865    
   3.5637207031250000      -0.858156264    
   3.5690917968750000      -0.857793272    
   3.5744628906250000      -0.857431471    
   3.5798339843750000      -0.857071102    
   3.5852050781250000      -0.856712162    
   3.5905761718750000      -0.856354713    
   3.5959472656250000      -0.855998516    
   3.6013183593750000      -0.855643749    
   3.6066894531250000      -0.855290353    
   3.6120605468750000      -0.854938388    
   3.6174316406250000      -0.854587674    
   3.6228027343750000      -0.854238451    
   3.6281738281250000      -0.853890538    
   3.6335449218750000      -0.853543997    
   3.6389160156250000      -0.853198826    
   3.6442871093750000      -0.852854908    
   3.6496582031250000      -0.852512419    
   3.6550292968750000      -0.852171302    
   3.6604003906250000      -0.851831436    
   3.6657714843750000      -0.851492941    
   3.6711425781250000      -0.851155877    
   3.6765136718750000      -0.850820065    
   3.6818847656250000      -0.850485563    
   3.6872558593750000      -0.850152373    
   3.6926269531250000      -0.849820554    
   3.6979980468750000      -0.849490047    
   3.7033691406250000      -0.849160850    
   3.7087402343750000      -0.848832905    
   3.7141113281250000      -0.848506391    
   3.7194824218750000      -0.848181069    
   3.7248535156250000      -0.847857058    
   3.7302246093750000      -0.847534359    
   3.7355957031250000      -0.847212970    
   3.7409667968750000      -0.846892774    
   3.7463378906250000      -0.846573949    
   3.7517089843750000      -0.846256435    
   3.7570800781250000      -0.845940113    
   3.7624511718750000      -0.845625043    
   3.7678222656250000      -0.845311403    
   3.7731933593750000      -0.844998956    
   3.7785644531250000      -0.844687700    
   3.7839355468750000      -0.844377756    
   3.7893066406250000      -0.844069064    
   3.7946777343750000      -0.843761563    
   3.8000488281250000      -0.843455493    
   3.8054199218750000      -0.843150496    
   3.8107910156250000      -0.842846870    
   3.8161621093750000      -0.842544377    
   3.8215332031250000      -0.842243195    
   3.8269042968750000      -0.841943264    
   3.8322753906250000      -0.841644466    
   3.8376464843750000      -0.841347039    
   3.8430175781250000      -0.841050684    
   3.8483886718750000      -0.840755761    
   3.8537597656250000      -0.840461850    
   3.8591308593750000      -0.840169251    
   3.8645019531250000      -0.839877844    
   3.8698730468750000      -0.839587688    
   3.8752441406250000      -0.839298725    
   3.8806152343750000      -0.839010954    
   3.8859863281250000      -0.838724434    
   3.8913574218750000      -0.838439107    
   3.8967285156250000      -0.838154852    
   3.9020996093750000      -0.837871909    
   3.9074707031250000      -0.837590098    
   3.9128417968750000      -0.837309539    
   3.9182128906250000      -0.837030172    
   3.9235839843750000      -0.836751938    
   3.9289550781250000      -0.836474895    
   3.9343261718750000      -0.836199105    
   3.9396972656250000      -0.835924387    
   3.9450683593750000      -0.835650921    
   3.9504394531250000      -0.835378528    
   3.9558105468750000      -0.835107386    
   3.9611816406250000      -0.834837317    
   3.9665527343750000      -0.834568441    
   3.9719238281250000      -0.834300816    
   3.9772949218750000      -0.834034324    
   3.9826660156250000      -0.833768904    
   3.9880371093750000      -0.833504677    
   3.9934082031250000      -0.833241642    
   3.9987792968750000      -0.832979620    
   4.0041503906250000      -0.832718968    
   4.0095214843750000      -0.832459271    
   4.0148925781250000      -0.832200766    
   4.0202636718750000      -0.831943452    
   4.0256347656250000      -0.831687152    
   4.0310058593750000      -0.831432164    
   4.0363769531250000      -0.831178129    
   4.0417480468750000      -0.830925345    
   4.0471191406250000      -0.830673635    
   4.0524902343750000      -0.830422997    
   4.0578613281250000      -0.830173433    
   4.0632324218750000      -0.829925120    
   4.0686035156250000      -0.829677880    
   4.0739746093750000      -0.829431713    
   4.0793457031250000      -0.829186797    
   4.0847167968750000      -0.828942776    
   4.0900878906250000      -0.828700006    
   4.0954589843750000      -0.828458309    
   4.1008300781250000      -0.828217685    
   4.1062011718750000      -0.827978194    
   4.1115722656250000      -0.827739716    
   4.1169433593750000      -0.827502489    
   4.1223144531250000      -0.827266216    
   4.1276855468750000      -0.827031136    
   4.1330566406250000      -0.826797009    
   4.1384277343750000      -0.826564074    
   4.1437988281250000      -0.826332271    
   4.1491699218750000      -0.826101363    
   4.1545410156250000      -0.825871706    
   4.1599121093750000      -0.825643063    
   4.1652832031250000      -0.825415432    
   4.1706542968750000      -0.825188994    
   4.1760253906250000      -0.824963510    
   4.1813964843750000      -0.824739218    
   4.1867675781250000      -0.824515879    
   4.1921386718750000      -0.824293673    
   4.1975097656250000      -0.824072540    
   4.2028808593750000      -0.823852420    
   4.2082519531250000      -0.823633373    
   4.2136230468750000      -0.823415399    
   4.2189941406250000      -0.823198378    
   4.2243652343750000      -0.822982550    
   4.2297363281250000      -0.822767675    
   4.2351074218750000      -0.822553873    
   4.2404785156250000      -0.822341144    
   4.2458496093750000      -0.822129428    
   4.2512207031250000      -0.821918726    
   4.2565917968750000      -0.821709096    
   4.2619628906250000      -0.821500540    
   4.2673339843750000      -0.821292996    
   4.2727050781250000      -0.821086466    
   4.2780761718750000      -0.820880949    
   4.2834472656250000      -0.820676565    
   4.2888183593750000      -0.820473194    
   4.2941894531250000      -0.820270777    
   4.2995605468750000      -0.820069432    
   4.3049316406250000      -0.819869041    
   4.3103027343750000      -0.819669724    
   4.3156738281250000      -0.819471419    
   4.3210449218750000      -0.819274127    
   4.3264160156250000      -0.819077849    
   4.3317871093750000      -0.818882644    
   4.3371582031250000      -0.818688393    
   4.3425292968750000      -0.818495095    
   4.3479003906250000      -0.818302929    
   4.3532714843750000      -0.818111658    
   4.3586425781250000      -0.817921519    
   4.3640136718750000      -0.817732334    
   4.3693847656250000      -0.817544043    
   4.3747558593750000      -0.817356884    
   4.3801269531250000      -0.817170620    
   4.3854980468750000      -0.816985428    
   4.3908691406250000      -0.816801190    
   4.3962402343750000      -0.816618025    
   4.4016113281250000      -0.816435754    
   4.4069824218750000      -0.816254556    
   4.4123535156250000      -0.816074312    
   4.4177246093750000      -0.815895140    
   4.4230957031250000      -0.815716863    
   4.4284667968750000      -0.815539539    
   4.4338378906250000      -0.815363228    
   4.4392089843750000      -0.815187931    
   4.4445800781250000      -0.815013528    
   4.4499511718750000      -0.814840198    
   4.4553222656250000      -0.814667761    
   4.4606933593750000      -0.814496398    
   4.4660644531250000      -0.814325988    
   4.4714355468750000      -0.814156532    
   4.4768066406250000      -0.813987970    
   4.4821777343750000      -0.813820481    
   4.4875488281250000      -0.813653886    
   4.4929199218750000      -0.813488364    
   4.4982910156250000      -0.813323677    
   4.5036621093750000      -0.813160002    
   4.5090332031250000      -0.812997282    
   4.5144042968750000      -0.812835634    
   4.5197753906250000      -0.812674880    
   4.5251464843750000      -0.812515080    
   4.5305175781250000      -0.812356174    
   4.5358886718750000      -0.812198222    
   4.5412597656250000      -0.812041342    
   4.5466308593750000      -0.811885238    
   4.5520019531250000      -0.811730206    
   4.5573730468750000      -0.811576068    
   4.5627441406250000      -0.811423004    
   4.5681152343750000      -0.811270773    
   4.5734863281250000      -0.811119556    
   4.5788574218750000      -0.810969293    
   4.5842285156250000      -0.810819924    
   4.5895996093750000      -0.810671449    
   4.5949707031250000      -0.810523987    
   4.6003417968750000      -0.810377419    
   4.6057128906250000      -0.810231745    
   4.6110839843750000      -0.810087144    
   4.6164550781250000      -0.809943318    
   4.6218261718750000      -0.809800565    
   4.6271972656250000      -0.809658766    
   4.6325683593750000      -0.809517860    
   4.6379394531250000      -0.809377730    
   4.6433105468750000      -0.809238672    
   4.6486816406250000      -0.809100568    
   4.6540527343750000      -0.808963358    
   4.6594238281250000      -0.808827043    
   4.6647949218750000      -0.808691680    
   4.6701660156250000      -0.808557272    
   4.6755371093750000      -0.808423698    
   4.6809082031250000      -0.808291137    
   4.6862792968750000      -0.808159471    
   4.6916503906250000      -0.808028698    
   4.6970214843750000      -0.807898879    
   4.7023925781250000      -0.807769954    
   4.7077636718750000      -0.807641983    
   4.7131347656250000      -0.807514906    
   4.7185058593750000      -0.807388723    
   4.7238769531250000      -0.807263494    
   4.7292480468750000      -0.807139099    
   4.7346191406250000      -0.807015657    
   4.7399902343750000      -0.806893229    
   4.7453613281250000      -0.806771517    
   4.7507324218750000      -0.806650758    
   4.7561035156250000      -0.806531072    
   4.7614746093750000      -0.806412160    
   4.7668457031250000      -0.806294143    
   4.7722167968750000      -0.806177080    
   4.7775878906250000      -0.806060910    
   4.7829589843750000      -0.805945635    
   4.7883300781250000      -0.805831194    
   4.7937011718750000      -0.805717826    
   4.7990722656250000      -0.805605173    
   4.8044433593750000      -0.805493474    
   4.8098144531250000      -0.805382729    
   4.8151855468750000      -0.805272877    
   4.8205566406250000      -0.805163801    
   4.8259277343750000      -0.805055737    
   4.8312988281250000      -0.804948509    
   4.8366699218750000      -0.804842234    
   4.8420410156250000      -0.804736793    
   4.8474121093750000      -0.804632306    
   4.8527832031250000      -0.804528594    
   4.8581542968750000      -0.804425955    
   4.8635253906250000      -0.804324090    
   4.8688964843750000      -0.804223061    
   4.8742675781250000      -0.804122984    
   4.8796386718750000      -0.804023743    
   4.8850097656250000      -0.803925514    
   4.8903808593750000      -0.803828120    
   4.8957519531250000      -0.803731501    
   4.9011230468750000      -0.803635895    
   4.9064941406250000      -0.803541124    
   4.9118652343750000      -0.803447247    
   4.9172363281250000      -0.803354144    
   4.9226074218750000      -0.803262115    
   4.9279785156250000      -0.803170860    
   4.9333496093750000      -0.803080380    
   4.9387207031250000      -0.802990913    
   4.9440917968750000      -0.802902281    
   4.9494628906250000      -0.802814543    
   4.9548339843750000      -0.802727759    
   4.9602050781250000      -0.802641690    
   4.9655761718750000      -0.802556574    
   4.9709472656250000      -0.802472413    
   4.9763183593750000      -0.802388966    
   4.9816894531250000      -0.802306473    
   4.9870605468750000      -0.802224874    
   4.9924316406250000      -0.802144051    
   4.9978027343750000      -0.802064180    
   5.0031738281250000      -0.801985204    
   5.0085449218750000      -0.801907003    
   5.0139160156250000      -0.801829696    
   5.0192871093750000      -0.801753342    
   5.0246582031250000      -0.801677763    
   5.0300292968750000      -0.801603079    
   5.0354003906250000      -0.801529348    
   5.0407714843750000      -0.801456332    
   5.0461425781250000      -0.801384270    
   5.0515136718750000      -0.801312983    
   5.0568847656250000      -0.801242650    
   5.0622558593750000      -0.801173210    
   5.0676269531250000      -0.801104546    
   5.0729980468750000      -0.801036775    
   5.0783691406250000      -0.800969899    
   5.0837402343750000      -0.800903857    
   5.0891113281250000      -0.800838709    
   5.0944824218750000      -0.800774336    
   5.0998535156250000      -0.800710857    
   5.1052246093750000      -0.800648212    
   5.1105957031250000      -0.800586462    
   5.1159667968750000      -0.800525606    
   5.1213378906250000      -0.800465524    
   5.1267089843750000      -0.800406337    
   5.1320800781250000      -0.800347984    
   5.1374511718750000      -0.800290525    
   5.1428222656250000      -0.800233960    
   5.1481933593750000      -0.800178170    
   5.1535644531250000      -0.800123334    
   5.1589355468750000      -0.800069273    
   5.1643066406250000      -0.800016105    
   5.1696777343750000      -0.799963713    
   5.1750488281250000      -0.799912214    
   5.1804199218750000      -0.799861550    
   5.1857910156250000      -0.799811780    
   5.1911621093750000      -0.799762845    
   5.1965332031250000      -0.799714804    
   5.2019042968750000      -0.799667478    
   5.2072753906250000      -0.799621105    
   5.2126464843750000      -0.799575567    
   5.2180175781250000      -0.799530864    
   5.2233886718750000      -0.799487114    
   5.2287597656250000      -0.799444079    
   5.2341308593750000      -0.799401999    
   5.2395019531250000      -0.799360633    
   5.2448730468750000      -0.799320221    
   5.2502441406250000      -0.799280584    
   5.2556152343750000      -0.799241900    
   5.2609863281250000      -0.799203932    
   5.2663574218750000      -0.799166918    
   5.2717285156250000      -0.799130678    
   5.2770996093750000      -0.799095333    
   5.2824707031250000      -0.799060881    
   5.2878417968750000      -0.799027205    
   5.2932128906250000      -0.798994362    
   5.2985839843750000      -0.798962414    
   5.3039550781250000      -0.798931241    
   5.3093261718750000      -0.798900962    
   5.3146972656250000      -0.798871458    
   5.3200683593750000      -0.798842847    
   5.3254394531250000      -0.798815072    
   5.3308105468750000      -0.798788190    
   5.3361816406250000      -0.798762202    
   5.3415527343750000      -0.798736870    
   5.3469238281250000      -0.798712552    
   5.3522949218750000      -0.798688948    
   5.3576660156250000      -0.798666298    
   5.3630371093750000      -0.798644364    
   5.3684082031250000      -0.798623443    
   5.3737792968750000      -0.798603177    
   5.3791503906250000      -0.798583865    
   5.3845214843750000      -0.798565388    
   5.3898925781250000      -0.798547745    
   5.3952636718750000      -0.798530936    
   5.4006347656250000      -0.798514962    
   5.4060058593750000      -0.798499763    
   5.4113769531250000      -0.798485518    
   5.4167480468750000      -0.798472106    
   5.4221191406250000      -0.798459530    
   5.4274902343750000      -0.798447728    
   5.4328613281250000      -0.798436821    
   5.4382324218750000      -0.798426807    
   5.4436035156250000      -0.798417568    
   5.4489746093750000      -0.798409104    
   5.4543457031250000      -0.798401594    
   5.4597167968750000      -0.798394859    
   5.4650878906250000      -0.798388958    
   5.4704589843750000      -0.798383892    
   5.4758300781250000      -0.798379660    
   5.4812011718750000      -0.798376381    
   5.4865722656250000      -0.798373818    
   5.4919433593750000      -0.798372090    
   5.4973144531250000      -0.798371315    
   5.5026855468750000      -0.798371315    
   5.5080566406250000      -0.798372090    
   5.5134277343750000      -0.798373818    
   5.5187988281250000      -0.798376381    
   5.5241699218750000      -0.798379660    
   5.5295410156250000      -0.798383892    
   5.5349121093750000      -0.798388958    
   5.5402832031250000      -0.798394859    
   5.5456542968750000      -0.798401594    
   5.5510253906250000      -0.798409104    
   5.5563964843750000      -0.798417568    
   5.5617675781250000      -0.798426807    
   5.5671386718750000      -0.798436821    
   5.5725097656250000      -0.798447728    
   5.5778808593750000      -0.798459530    
   5.5832519531250000      -0.798472106    
   5.5886230468750000      -0.798485518    
   5.5939941406250000      -0.798499763    
   5.5993652343750000      -0.798514962    
   5.6047363281250000      -0.798530936    
   5.6101074218750000      -0.798547745    
   5.6154785156250000      -0.798565388    
   5.6208496093750000      -0.798583865    
   5.6262207031250000      -0.798603177    
   5.6315917968750000      -0.798623443    
   5.6369628906250000      -0.798644364    
   5.6423339843750000      -0.798666298    
   5.6477050781250000      -0.798688948    
   5.6530761718750000      -0.798712552    
   5.6584472656250000      -0.798736870    
   5.6638183593750000      -0.798762202    
   5.6691894531250000      -0.798788190    
   5.6745605468750000      -0.798815072    
   5.6799316406250000      -0.798842847    
   5.6853027343750000      -0.798871458    
   5.6906738281250000      -0.798900962    
   5.6960449218750000      -0.798931241    
   5.7014160156250000      -0.798962414    
   5.7067871093750000      -0.798994362    
   5.7121582031250000      -0.799027205    
   5.7175292968750000      -0.799060881    
   5.7229003906250000      -0.799095333    
   5.7282714843750000      -0.799130678    
   5.7336425781250000      -0.799166918    
   5.7390136718750000      -0.799203932    
   5.7443847656250000      -0.799241900    
   5.7497558593750000      -0.799280584    
   5.7551269531250000      -0.799320221    
   5.7604980468750000      -0.799360633    
   5.7658691406250000      -0.799401999    
   5.7712402343750000      -0.799444079    
   5.7766113281250000      -0.799487114    
   5.7819824218750000      -0.799530864    
   5.7873535156250000      -0.799575567    
   5.7927246093750000      -0.799621105    
   5.7980957031250000      -0.799667478    
   5.8034667968750000      -0.799714804    
   5.8088378906250000      -0.799762845    
   5.8142089843750000      -0.799811780    
   5.8195800781250000      -0.799861550    
   5.8249511718750000      -0.799912214    
   5.8303222656250000      -0.799963713    
   5.8356933593750000      -0.800016105    
   5.8410644531250000      -0.800069273    
   5.8464355468750000      -0.800123334    
   5.8518066406250000      -0.800178170    
   5.8571777343750000      -0.800233960    
   5.8625488281250000      -0.800290525    
   5.8679199218750000      -0.800347984    
   5.8732910156250000      -0.800406337    
   5.8786621093750000      -0.800465524    
   5.8840332031250000      -0.800525606    
   5.8894042968750000      -0.800586462    
   5.8947753906250000      -0.800648212    
   5.9001464843750000      -0.800710857    
   5.9055175781250000      -0.800774336    
   5.9108886718750000      -0.800838709    
   5.9162597656250000      -0.800903857    
   5.9216308593750000      -0.800969899    
   5.9270019531250000      -0.801036775    
   5.9323730468750000      -0.801104546    
   5.9377441406250000      -0.801173210    
   5.9431152343750000      -0.801242650    
   5.9484863281250000      -0.801312983    
   5.9538574218750000      -0.801384270    
   5.9592285156250000      -0.801456332    
   5.9645996093750000      -0.801529348    
   5.9699707031250000      -0.801603079    
   5.9753417968750000      -0.801677763    
   5.9807128906250000      -0.801753342    
   5.9860839843750000      -0.801829696    
   5.9914550781250000      -0.801907003    
   5.9968261718750000      -0.801985204    
   6.0021972656250000      -0.802064180    
   6.0075683593750000      -0.802144051    
   6.0129394531250000      -0.802224874    
   6.0183105468750000      -0.802306473    
   6.0236816406250000      -0.802388966    
   6.0290527343750000      -0.802472413    
   6.0344238281250000      -0.802556574    
   6.0397949218750000      -0.802641690    
   6.0451660156250000      -0.802727759    
   6.0505371093750000      -0.802814543    
   6.0559082031250000      -0.802902281    
   6.0612792968750000      -0.802990913    
   6.0666503906250000      -0.803080380    
   6.0720214843750000      -0.803170860    
   6.0773925781250000      -0.803262115    
   6.0827636718750000      -0.803354144    
   6.0881347656250000      -0.803447247    
   6.0935058593750000      -0.803541124    
   6.0988769531250000      -0.803635895    
   6.1042480468750000      -0.803731501    
   6.1096191406250000      -0.803828120    
   6.1149902343750000      -0.803925514    
   6.1203613281250000      -0.804023743    
   6.1257324218750000      -0.804122984    
   6.1311035156250000      -0.804223061    
   6.1364746093750000      -0.804324090    
   6.1418457031250000      -0.804425955    
   6.1472167968750000      -0.804528594    
   6.1525878906250000      -0.804632306    
   6.1579589843750000      -0.804736793    
   6.1633300781250000      -0.804842234    
   6.1687011718750000      -0.804948509    
   6.1740722656250000      -0.805055737    
   6.1794433593750000      -0.805163801    
   6.1848144531250000      -0.805272877    
   6.1901855468750000      -0.805382729    
   6.1955566406250000      -0.805493474    
   6.2009277343750000      -0.805605173    
   6.2062988281250000      -0.805717826    
   6.2116699218750000      -0.805831194    
   6.2170410156250000      -0.805945635    
   6.2224121093750000      -0.806060910    
   6.2277832031250000      -0.806177080    
   6.2331542968750000      -0.806294143    
   6.2385253906250000      -0.806412160    
   6.2438964843750000      -0.806531072    
   6.2492675781250000      -0.806650758    
   6.2546386718750000      -0.806771517    
   6.2600097656250000      -0.806893229    
   6.2653808593750000      -0.807015657    
   6.2707519531250000      -0.807139099    
   6.2761230468750000      -0.807263494    
   6.2814941406250000      -0.807388723    
   6.2868652343750000      -0.807514906    
   6.2922363281250000      -0.807641983    
   6.2976074218750000      -0.807769954    
   6.3029785156250000      -0.807898879    
   6.3083496093750000      -0.808028698    
   6.3137207031250000      -0.808159471    
   6.3190917968750000      -0.808291137    
   6.3244628906250000      -0.808423698    
   6.3298339843750000      -0.808557272    
   6.3352050781250000      -0.808691680    
   6.3405761718750000      -0.808827043    
   6.3459472656250000      -0.808963358    
   6.3513183593750000      -0.809100568    
   6.3566894531250000      -0.809238672    
   6.3620605468750000      -0.809377730    
   6.3674316406250000      -0.809517860    
   6.3728027343750000      -0.809658766    
   6.3781738281250000      -0.809800565    
   6.3835449218750000      -0.809943318    
   6.3889160156250000      -0.810087144    
   6.3942871093750000      -0.810231745    
   6.3996582031250000      -0.810377419    
   6.4050292968750000      -0.810523987    
   6.4104003906250000      -0.810671449    
   6.4157714843750000      -0.810819924    
   6.4211425781250000      -0.810969293    
   6.4265136718750000      -0.811119556    
   6.4318847656250000      -0.811270773    
   6.4372558593750000      -0.811423004    
   6.4426269531250000      -0.811576068    
   6.4479980468750000      -0.811730206    
   6.4533691406250000      -0.811885238    
   6.4587402343750000      -0.812041342    
   6.4641113281250000      -0.812198222    
   6.4694824218750000      -0.812356174    
   6.4748535156250000      -0.812515080    
   6.4802246093750000      -0.812674880    
   6.4855957031250000      -0.812835634    
   6.4909667968750000      -0.812997282    
   6.4963378906250000      -0.813160002    
   6.5017089843750000      -0.813323677    
   6.5070800781250000      -0.813488364    
   6.5124511718750000      -0.813653886    
   6.5178222656250000      -0.813820481    
   6.5231933593750000      -0.813987970    
   6.5285644531250000      -0.814156532    
   6.5339355468750000      -0.814325988    
   6.5393066406250000      -0.814496398    
   6.5446777343750000      -0.814667761    
   6.5500488281250000      -0.814840198    
   6.5554199218750000      -0.815013528    
   6.5607910156250000      -0.815187931    
   6.5661621093750000      -0.815363228    
   6.5715332031250000      -0.815539539    
   6.5769042968750000      -0.815716863    
   6.5822753906250000      -0.815895140    
   6.5876464843750000      -0.816074312    
   6.5930175781250000      -0.816254556    
   6.5983886718750000      -0.816435754    
   6.6037597656250000      -0.816618025    
   6.6091308593750000      -0.816801190    
   6.6145019531250000      -0.816985428    
   6.6198730468750000      -0.817170620    
   6.6252441406250000      -0.817356884    
   6.6306152343750000      -0.817544043    
   6.6359863281250000      -0.817732334    
   6.6413574218750000      -0.817921519    
   6.6467285156250000      -0.818111658    
   6.6520996093750000      -0.818302929    
   6.6574707031250000      -0.818495095    
   6.6628417968750000      -0.818688393    
   6.6682128906250000      -0.818882644    
   6.6735839843750000      -0.819077849    
   6.6789550781250000      -0.819274127    
   6.6843261718750000      -0.819471419    
   6.6896972656250000      -0.819669724    
   6.6950683593750000      -0.819869041    
   6.7004394531250000      -0.820069432    
   6.7058105468750000      -0.820270777    
   6.7111816406250000      -0.820473194    
   6.7165527343750000      -0.820676565    
   6.7219238281250000      -0.820880949    
   6.7272949218750000      -0.821086466    
   6.7326660156250000      -0.821292996    
   6.7380371093750000      -0.821500540    
   6.7434082031250000      -0.821709096    
   6.7487792968750000      -0.821918726    
   6.7541503906250000      -0.822129428    
   6.7595214843750000      -0.822341144    
   6.7648925781250000      -0.822553873    
   6.7702636718750000      -0.822767675    
   6.7756347656250000      -0.822982550    
   6.7810058593750000      -0.823198378    
   6.7863769531250000      -0.823415399    
   6.7917480468750000      -0.823633373    
   6.7971191406250000      -0.823852420    
   6.8024902343750000      -0.824072540    
   6.8078613281250000      -0.824293673    
   6.8132324218750000      -0.824515879    
   6.8186035156250000      -0.824739218    
   6.8239746093750000      -0.824963510    
   6.8293457031250000      -0.825188994    
   6.8347167968750000      -0.825415432    
   6.8400878906250000      -0.825643063    
   6.8454589843750000      -0.825871706    
   6.8508300781250000      -0.826101363    
   6.8562011718750000      -0.826332271    
   6.8615722656250000      -0.826564074    
   6.8669433593750000      -0.826797009    
   6.8723144531250000      -0.827031136    
   6.8776855468750000      -0.827266216    
   6.8830566406250000      -0.827502489    
   6.8884277343750000      -0.827739716    
   6.8937988281250000      -0.827978194    
   6.8991699218750000      -0.828217685    
   6.9045410156250000      -0.828458309    
   6.9099121093750000      -0.828700006    
   6.9152832031250000      -0.828942776    
   6.9206542968750000      -0.829186797    
   6.9260253906250000      -0.829431713    
   6.9313964843750000      -0.829677880    
   6.9367675781250000      -0.829925120    
   6.9421386718750000      -0.830173433    
   6.9475097656250000      -0.830422997    
   6.9528808593750000      -0.830673635    
   6.9582519531250000      -0.830925345    
   6.9636230468750000      -0.831178129    
   6.9689941406250000      -0.831432164    
   6.9743652343750000      -0.831687152    
   6.9797363281250000      -0.831943452    
   6.9851074218750000      -0.832200766    
   6.9904785156250000      -0.832459271    
   6.9958496093750000      -0.832718968    
   7.0012207031250000      -0.832979620    
   7.0065917968750000      -0.833241642    
   7.0119628906250000      -0.833504677    
   7.0173339843750000      -0.833768904    
   7.0227050781250000      -0.834034324    
   7.0280761718750000      -0.834300816    
   7.0334472656250000      -0.834568441    
   7.0388183593750000      -0.834837317    
   7.0441894531250000      -0.835107386    
   7.0495605468750000      -0.835378528    
   7.0549316406250000      -0.835650921    
   7.0603027343750000      -0.835924387    
   7.0656738281250000      -0.836199105    
   7.0710449218750000      -0.836474895    
   7.0764160156250000      -0.836751938    
   7.0817871093750000      -0.837030172    
   7.0871582031250000      -0.837309539    
   7.0925292968750000      -0.837590098    
   7.0979003906250000      -0.837871909    
   7.1032714843750000      -0.838154852    
   7.1086425781250000      -0.838439107    
   7.1140136718750000      -0.838724434    
   7.1193847656250000      -0.839010954    
   7.1247558593750000      -0.839298725    
   7.1301269531250000      -0.839587688    
   7.1354980468750000      -0.839877844    
   7.1408691406250000      -0.840169251    
   7.1462402343750000      -0.840461850    
   7.1516113281250000      -0.840755761    
   7.1569824218750000      -0.841050684    
   7.1623535156250000      -0.841347039    
   7.1677246093750000      -0.841644466    
   7.1730957031250000      -0.841943264    
   7.1784667968750000      -0.842243195    
   7.1838378906250000      -0.842544377    
   7.1892089843750000      -0.842846870    
   7.1945800781250000      -0.843150496    
   7.1999511718750000      -0.843455493    
   7.2053222656250000      -0.843761563    
   7.2106933593750000      -0.844069064    
   7.2160644531250000      -0.844377756    
   7.2214355468750000      -0.844687700    
   7.2268066406250000      -0.844998956    
   7.2321777343750000      -0.845311403    
   7.2375488281250000      -0.845625043    
   7.2429199218750000      -0.845940113    
   7.2482910156250000      -0.846256435    
   7.2536621093750000      -0.846573949    
   7.2590332031250000      -0.846892774    
   7.2644042968750000      -0.847212970    
   7.2697753906250000      -0.847534359    
   7.2751464843750000      -0.847857058    
   7.2805175781250000      -0.848181069    
   7.2858886718750000      -0.848506391    
   7.2912597656250000      -0.848832905    
   7.2966308593750000      -0.849160850    
   7.3020019531250000      -0.849490047    
   7.3073730468750000      -0.849820554    
   7.3127441406250000      -0.850152373    
   7.3181152343750000      -0.850485563    
   7.3234863281250000      -0.850820065    
   7.3288574218750000      -0.851155877    
   7.3342285156250000      -0.851492941    
   7.3395996093750000      -0.851831436    
   7.3449707031250000      -0.852171302    
   7.3503417968750000      -0.852512419    
   7.3557128906250000      -0.852854908    
   7.3610839843750000      -0.853198826    
   7.3664550781250000      -0.853543997    
   7.3718261718750000      -0.853890538    
   7.3771972656250000      -0.854238451    
   7.3825683593750000      -0.854587674    
   7.3879394531250000      -0.854938388    
   7.3933105468750000      -0.855290353    
   7.3986816406250000      -0.855643749    
   7.4040527343750000      -0.855998516    
   7.4094238281250000      -0.856354713    
   7.4147949218750000      -0.856712162    
   7.4201660156250000      -0.857071102    
   7.4255371093750000      -0.857431471    
   7.4309082031250000      -0.857793272    
   7.4362792968750000      -0.858156264    
   7.4416503906250000      -0.858520865    
   7.4470214843750000      -0.858886838    
   7.4523925781250000      -0.859254181    
   7.4577636718750000      -0.859622955    
   7.4631347656250000      -0.859993100    
   7.4685058593750000      -0.860364735    
   7.4738769531250000      -0.860737801    
   7.4792480468750000      -0.861112356    
   7.4846191406250000      -0.861488283    
   7.4899902343750000      -0.861865640    
   7.4953613281250000      -0.862244487    
   7.5007324218750000      -0.862624645    
   7.5061035156250000      -0.863006473    
   7.5114746093750000      -0.863389611    
   7.5168457031250000      -0.863774359    
   7.5222167968750000      -0.864160478    
   7.5275878906250000      -0.864548087    
   7.5329589843750000      -0.864937246    
   7.5383300781250000      -0.865327775    
   7.5437011718750000      -0.865719795    
   7.5490722656250000      -0.866113305    
   7.5544433593750000      -0.866508424    
   7.5598144531250000      -0.866904914    
   7.5651855468750000      -0.867303014    
   7.5705566406250000      -0.867702603    
   7.5759277343750000      -0.868103743    
   7.5812988281250000      -0.868506372    
   7.5866699218750000      -0.868910491    
   7.5920410156250000      -0.869316101    
   7.5974121093750000      -0.869723320    
   7.6027832031250000      -0.870132148    
   7.6081542968750000      -0.870542407    
   7.6135253906250000      -0.870954216    
   7.6188964843750000      -0.871367574    
   7.6242675781250000      -0.871782660    
   7.6296386718750000      -0.872199118    
   7.6350097656250000      -0.872617185    
   7.6403808593750000      -0.873036861    
   7.6457519531250000      -0.873458147    
   7.6511230468750000      -0.873880923    
   7.6564941406250000      -0.874305367    
   7.6618652343750000      -0.874731421    
   7.6672363281250000      -0.875159025    
   7.6726074218750000      -0.875588298    
   7.6779785156250000      -0.876019061    
   7.6833496093750000      -0.876451612    
   7.6887207031250000      -0.876885653    
   7.6940917968750000      -0.877321362    
   7.6994628906250000      -0.877758682    
   7.7048339843750000      -0.878197730    
   7.7102050781250000      -0.878638327    
   7.7155761718750000      -0.879080594    
   7.7209472656250000      -0.879524529    
   7.7263183593750000      -0.879970133    
   7.7316894531250000      -0.880417347    
   7.7370605468750000      -0.880866230    
   7.7424316406250000      -0.881316841    
   7.7478027343750000      -0.881769061    
   7.7531738281250000      -0.882223129    
   7.7585449218750000      -0.882678807    
   7.7639160156250000      -0.883136153    
   7.7692871093750000      -0.883595288    
   7.7746582031250000      -0.884055972    
   7.7800292968750000      -0.884518564    
   7.7854003906250000      -0.884982705    
   7.7907714843750000      -0.885448694    
   7.7961425781250000      -0.885916471    
   7.8015136718750000      -0.886385798    
   7.8068847656250000      -0.886857033    
   7.8122558593750000      -0.887329936    
   7.8176269531250000      -0.887804627    
   7.8229980468750000      -0.888281167    
   7.8283691406250000      -0.888759315    
   7.8337402343750000      -0.889239371    
   7.8391113281250000      -0.889721274    
   7.8444824218750000      -0.890204787    
   7.8498535156250000      -0.890690148    
   7.8552246093750000      -0.891177416    
   7.8605957031250000      -0.891666412    
   7.8659667968750000      -0.892157197    
   7.8713378906250000      -0.892649949    
   7.8767089843750000      -0.893144369    
   7.8820800781250000      -0.893640757    
   7.8874511718750000      -0.894138932    
   7.8928222656250000      -0.894638956    
   7.8981933593750000      -0.895140767    
   7.9035644531250000      -0.895644486    
   7.9089355468750000      -0.896150172    
   7.9143066406250000      -0.896657646    
   7.9196777343750000      -0.897167027    
   7.9250488281250000      -0.897678316    
   7.9304199218750000      -0.898191452    
   7.9357910156250000      -0.898706496    
   7.9411621093750000      -0.899223506    
   7.9465332031250000      -0.899742484    
   7.9519042968750000      -0.900263250    
   7.9572753906250000      -0.900786042    
   7.9626464843750000      -0.901310802    
   7.9680175781250000      -0.901837409    
   7.9733886718750000      -0.902366102    
   7.9787597656250000      -0.902896643    
   7.9841308593750000      -0.903429270    
   7.9895019531250000      -0.903963804    
   7.9948730468750000      -0.904500425    
   8.0002441406250000      -0.905038893    
   8.0056152343750000      -0.905579448    
   8.0109863281250000      -0.906121969    
   8.0163574218750000      -0.906666517    
   8.0217285156250000      -0.907213092    
   8.0270996093750000      -0.907761753    
   8.0324707031250000      -0.908312440    
   8.0378417968750000      -0.908865094    
   8.0432128906250000      -0.909419954    
   8.0485839843750000      -0.909976721    
   8.0539550781250000      -0.910535753    
   8.0593261718750000      -0.911096752    
   8.0646972656250000      -0.911659896    
   8.0700683593750000      -0.912225127    
   8.0754394531250000      -0.912792385    
   8.0808105468750000      -0.913361728    
   8.0861816406250000      -0.913933277    
   8.0915527343750000      -0.914507091    
   8.0969238281250000      -0.915082812    
   8.1022949218750000      -0.915660799    
   8.1076660156250000      -0.916240931    
   8.1130371093750000      -0.916823328    
   8.1184082031250000      -0.917407811    
   8.1237792968750000      -0.917994380    
   8.1291503906250000      -0.918583333    
   8.1345214843750000      -0.919174373    
   8.1398925781250000      -0.919767678    
   8.1452636718750000      -0.920363188    
   8.1506347656250000      -0.920960903    
   8.1560058593750000      -0.921560884    
   8.1613769531250000      -0.922163129    
   8.1667480468750000      -0.922767699    
   8.1721191406250000      -0.923374414    
   8.1774902343750000      -0.923983514    
   8.1828613281250000      -0.924594879    
   8.1882324218750000      -0.925208449    
   8.1936035156250000      -0.925824463    
   8.1989746093750000      -0.926442683    
   8.2043457031250000      -0.927063286    
   8.2097167968750000      -0.927686214    
   8.2150878906250000      -0.928311467    
   8.2204589843750000      -0.928939044    
   8.2258300781250000      -0.929569125    
   8.2312011718750000      -0.930201530    
   8.2365722656250000      -0.930836260    
   8.2419433593750000      -0.931473434    
   8.2473144531250000      -0.932113051    
   8.2526855468750000      -0.932754934    
   8.2580566406250000      -0.933399439    
   8.2634277343750000      -0.934046328    
   8.2687988281250000      -0.934695542    
   8.2741699218750000      -0.935347378    
   8.2795410156250000      -0.936001599    
   8.2849121093750000      -0.936658442    
   8.2902832031250000      -0.937317669    
   8.2956542968750000      -0.937979341    
   8.3010253906250000      -0.938643575    
   8.3063964843750000      -0.939310372    
   8.3117675781250000      -0.939979792    
   8.3171386718750000      -0.940651596    
   8.3225097656250000      -0.941326022    
   8.3278808593750000      -0.942003131    
   8.3332519531250000      -0.942682743    
   8.3386230468750000      -0.943364918    
   8.3439941406250000      -0.944049656    
   8.3493652343750000      -0.944737196    
   8.3547363281250000      -0.945427239    
   8.3601074218750000      -0.946119964    
   8.3654785156250000      -0.946815252    
   8.3708496093750000      -0.947513282    
   8.3762207031250000      -0.948214054    
   8.3815917968750000      -0.948917449    
   8.3869628906250000      -0.949623585    
   8.3923339843750000      -0.950332522    
   8.3977050781250000      -0.951044023    
   8.4030761718750000      -0.951758444    
   8.4084472656250000      -0.952475488    
   8.4138183593750000      -0.953195274    
   8.4191894531250000      -0.953917980    
   8.4245605468750000      -0.954643488    
   8.4299316406250000      -0.955371737    
   8.4353027343750000      -0.956102729    
   8.4406738281250000      -0.956836700    
   8.4460449218750000      -0.957573414    
   8.4514160156250000      -0.958313107    
   8.4567871093750000      -0.959055543    
   8.4621582031250000      -0.959801018    
   8.4675292968750000      -0.960549355    
   8.4729003906250000      -0.961300433    
   8.4782714843750000      -0.962054670    
   8.4836425781250000      -0.962811768    
   8.4890136718750000      -0.963571846    
   8.4943847656250000      -0.964334965    
   8.4997558593750000      -0.965101004    
   8.5051269531250000      -0.965870023    
   8.5104980468750000      -0.966642082    
   8.5158691406250000      -0.967417181    
   8.5212402343750000      -0.968195438    
   8.5266113281250000      -0.968976617    
   8.5319824218750000      -0.969760954    
   8.5373535156250000      -0.970548391    
   8.5427246093750000      -0.971338928    
   8.5480957031250000      -0.972132504    
   8.5534667968750000      -0.972929299    
   8.5588378906250000      -0.973729312    
   8.5642089843750000      -0.974532425    
   8.5695800781250000      -0.975338757    
   8.5749511718750000      -0.976148367    
   8.5803222656250000      -0.976961136    
   8.5856933593750000      -0.977777004    
   8.5910644531250000      -0.978596389    
   8.5964355468750000      -0.979418874    
   8.6018066406250000      -0.980244637    
   8.6071777343750000      -0.981073737    
   8.6125488281250000      -0.981906295    
   8.6179199218750000      -0.982742131    
   8.6232910156250000      -0.983581185    
   8.6286621093750000      -0.984423816    
   8.6340332031250000      -0.985269785    
   8.6394042968750000      -0.986119032    
   8.6447753906250000      -0.986971915    
   8.6501464843750000      -0.987828135    
   8.6555175781250000      -0.988687754    
   8.6608886718750000      -0.989550948    
   8.6662597656250000      -0.990417719    
   8.6716308593750000      -0.991287887    
   8.6770019531250000      -0.992161572    
   8.6823730468750000      -0.993038893    
   8.6877441406250000      -0.993919849    
   8.6931152343750000      -0.994804323    
   8.6984863281250000      -0.995692432    
   8.7038574218750000      -0.996584237    
   8.7092285156250000      -0.997479677    
   8.7145996093750000      -0.998378634    
   8.7199707031250000      -0.999281406    
   8.7253417968750000       -1.00018799    
   8.7307128906250000       -1.00109816    
   8.7360839843750000       -1.00201213    
   8.7414550781250000       -1.00292993    
   8.7468261718750000       -1.00385153    
   8.7521972656250000       -1.00477695    
   8.7575683593750000       -1.00570619    
   8.7629394531250000       -1.00663924    
   8.7683105468750000       -1.00757635    
   8.7736816406250000       -1.00851715    
   8.7790527343750000       -1.00946188    
   8.7844238281250000       -1.01041067    
   8.7897949218750000       -1.01136351    
   8.7951660156250000       -1.01232028    
   8.8005371093750000       -1.01328099    
   8.8059082031250000       -1.01424587    
   8.8112792968750000       -1.01521468    
   8.8166503906250000       -1.01618755    
   8.8220214843750000       -1.01716459    
   8.8273925781250000       -1.01814580    
   8.8327636718750000       -1.01913106    
   8.8381347656250000       -1.02012074    
   8.8435058593750000       -1.02111447    
   8.8488769531250000       -1.02211249    
   8.8542480468750000       -1.02311456    
   8.8596191406250000       -1.02412117    
   8.8649902343750000       -1.02513194    
   8.8703613281250000       -1.02614701    
   8.8757324218750000       -1.02716660    
   8.8811035156250000       -1.02819049    
   8.8864746093750000       -1.02921867    
   8.8918457031250000       -1.03025138    
   8.8972167968750000       -1.03128862    
   8.9025878906250000       -1.03233027    
   8.9079589843750000       -1.03337646    
   8.9133300781250000       -1.03442717    
   8.9187011718750000       -1.03548241    
   8.9240722656250000       -1.03654242    
   8.9294433593750000       -1.03760684    
   8.9348144531250000       -1.03867602    
   8.9401855468750000       -1.03974974    
   8.9455566406250000       -1.04082823    
   8.9509277343750000       -1.04191160    
   8.9562988281250000       -1.04299963    
   8.9616699218750000       -1.04409242    
   8.9670410156250000       -1.04518998    
   8.9724121093750000       -1.04629254    
   8.9777832031250000       -1.04739988    
   8.9831542968750000       -1.04851222    
   8.9885253906250000       -1.04962933    
   8.9938964843750000       -1.05075169    
   8.9992675781250000       -1.05187881    
   9.0046386718750000       -1.05301106    
   9.0100097656250000       -1.05414832    
   9.0153808593750000       -1.05529082    
   9.0207519531250000       -1.05643833    
   9.0261230468750000       -1.05759096    
   9.0314941406250000       -1.05874896    
   9.0368652343750000       -1.05991209    
   9.0422363281250000       -1.06108046    
   9.0476074218750000       -1.06225419    
   9.0529785156250000       -1.06343317    
   9.0583496093750000       -1.06461763    
   9.0637207031250000       -1.06580746    
   9.0690917968750000       -1.06700265    
   9.0744628906250000       -1.06820345    
   9.0798339843750000       -1.06940949    
   9.0852050781250000       -1.07062137    
   9.0905761718750000       -1.07183862    
   9.0959472656250000       -1.07306170    
   9.1013183593750000       -1.07429028    
   9.1066894531250000       -1.07552457    
   9.1120605468750000       -1.07676446    
   9.1174316406250000       -1.07801032    
   9.1228027343750000       -1.07926178    
   9.1281738281250000       -1.08051932    
   9.1335449218750000       -1.08178258    
   9.1389160156250000       -1.08305180    
   9.1442871093750000       -1.08432710    
   9.1496582031250000       -1.08560812    
   9.1550292968750000       -1.08689547    
   9.1604003906250000       -1.08818865    
   9.1657714843750000       -1.08948815    
   9.1711425781250000       -1.09079373    
   9.1765136718750000       -1.09210563    
   9.1818847656250000       -1.09342360    
   9.1872558593750000       -1.09474790    
   9.1926269531250000       -1.09607863    
   9.1979980468750000       -1.09741557    
   9.2033691406250000       -1.09875917    
   9.2087402343750000       -1.10010910    
   9.2141113281250000       -1.10146558    
   9.2194824218750000       -1.10282862    
   9.2248535156250000       -1.10419822    
   9.2302246093750000       -1.10557449    
   9.2355957031250000       -1.10695755    
   9.2409667968750000       -1.10834718    
   9.2463378906250000       -1.10974371    
   9.2517089843750000       -1.11114705    
   9.2570800781250000       -1.11255729    
   9.2624511718750000       -1.11397445    
   9.2678222656250000       -1.11539865    
   9.2731933593750000       -1.11682987    
   9.2785644531250000       -1.11826813    
   9.2839355468750000       -1.11971366    
   9.2893066406250000       -1.12116635    
   9.2946777343750000       -1.12262619    
   9.3000488281250000       -1.12409317    
   9.3054199218750000       -1.12556779    
   9.3107910156250000       -1.12704968    
   9.3161621093750000       -1.12853920    
   9.3215332031250000       -1.13003612    
   9.3269042968750000       -1.13154054    
   9.3322753906250000       -1.13305259    
   9.3376464843750000       -1.13457251    
   9.3430175781250000       -1.13609993    
   9.3483886718750000       -1.13763523    
   9.3537597656250000       -1.13917851    
   9.3591308593750000       -1.14072955    
   9.3645019531250000       -1.14228868    
   9.3698730468750000       -1.14385569    
   9.3752441406250000       -1.14543092    
   9.3806152343750000       -1.14701438    
   9.3859863281250000       -1.14860594    
   9.3913574218750000       -1.15020585    
   9.3967285156250000       -1.15181410    
   9.4020996093750000       -1.15343070    
   9.4074707031250000       -1.15505576    
   9.4128417968750000       -1.15668941    
   9.4182128906250000       -1.15833175    
   9.4235839843750000       -1.15998268    
   9.4289550781250000       -1.16164231    
   9.4343261718750000       -1.16331065    
   9.4396972656250000       -1.16498804    
   9.4450683593750000       -1.16667449    
   9.4504394531250000       -1.16836977    
   9.4558105468750000       -1.17007422    
   9.4611816406250000       -1.17178774    
   9.4665527343750000       -1.17351067    
   9.4719238281250000       -1.17524278    
   9.4772949218750000       -1.17698431    
   9.4826660156250000       -1.17873526    
   9.4880371093750000       -1.18049586    
   9.4934082031250000       -1.18226600    
   9.4987792968750000       -1.18404579    
   9.5041503906250000       -1.18583548    
   9.5095214843750000       -1.18763483    
   9.5148925781250000       -1.18944430    
   9.5202636718750000       -1.19126379    
   9.5256347656250000       -1.19309318    
   9.5310058593750000       -1.19493294    
   9.5363769531250000       -1.19678283    
   9.5417480468750000       -1.19864321    
   9.5471191406250000       -1.20051396    
   9.5524902343750000       -1.20239508    
   9.5578613281250000       -1.20428693    
   9.5632324218750000       -1.20618951    
   9.5686035156250000       -1.20810294    
   9.5739746093750000       -1.21002710    
   9.5793457031250000       -1.21196222    
   9.5847167968750000       -1.21390867    
   9.5900878906250000       -1.21586609    
   9.5954589843750000       -1.21783471    
   9.6008300781250000       -1.21981478    
   9.6062011718750000       -1.22180629    
   9.6115722656250000       -1.22380936    
   9.6169433593750000       -1.22582400    
   9.6223144531250000       -1.22785056    
   9.6276855468750000       -1.22988880    
   9.6330566406250000       -1.23193908    
   9.6384277343750000       -1.23400128    
   9.6437988281250000       -1.23607576    
   9.6491699218750000       -1.23816252    
   9.6545410156250000       -1.24026179    
   9.6599121093750000       -1.24237335    
   9.6652832031250000       -1.24449754    
   9.6706542968750000       -1.24663448    
   9.6760253906250000       -1.24878442    
   9.6813964843750000       -1.25094700    
   9.6867675781250000       -1.25312293    
   9.6921386718750000       -1.25531197    
   9.6975097656250000       -1.25751424    
   9.7028808593750000       -1.25972998    
   9.7082519531250000       -1.26195908    
   9.7136230468750000       -1.26420200    
   9.7189941406250000       -1.26645875    
   9.7243652343750000       -1.26872945    
   9.7297363281250000       -1.27101409    
   9.7351074218750000       -1.27331293    
   9.7404785156250000       -1.27562594    
   9.7458496093750000       -1.27795351    
   9.7512207031250000       -1.28029585    
   9.7565917968750000       -1.28265274    
   9.7619628906250000       -1.28502440    
   9.7673339843750000       -1.28741121    
   9.7727050781250000       -1.28981304    
   9.7780761718750000       -1.29223025    
   9.7834472656250000       -1.29466271    
   9.7888183593750000       -1.29711092    
   9.7941894531250000       -1.29957473    
   9.7995605468750000       -1.30205452    
   9.8049316406250000       -1.30455017    
   9.8103027343750000       -1.30706227    
   9.8156738281250000       -1.30959046    
   9.8210449218750000       -1.31213522    
   9.8264160156250000       -1.31469667    
   9.8317871093750000       -1.31727493    
   9.8371582031250000       -1.31987023    
   9.8425292968750000       -1.32248259    
   9.8479003906250000       -1.32511222    
   9.8532714843750000       -1.32775950    
   9.8586425781250000       -1.33042431    
   9.8640136718750000       -1.33310711    
   9.8693847656250000       -1.33580780    
   9.8747558593750000       -1.33852673    
   9.8801269531250000       -1.34126401    
   9.8854980468750000       -1.34401989    
   9.8908691406250000       -1.34679461    
   9.8962402343750000       -1.34958827    
   9.9016113281250000       -1.35240102    
   9.9069824218750000       -1.35523319    
   9.9123535156250000       -1.35808480    
   9.9177246093750000       -1.36095607    
   9.9230957031250000       -1.36384737    
   9.9284667968750000       -1.36675894    
   9.9338378906250000       -1.36969078    
   9.9392089843750000       -1.37264311    
   9.9445800781250000       -1.37561631    
   9.9499511718750000       -1.37861049    
   9.9553222656250000       -1.38162601    
   9.9606933593750000       -1.38466287    
   9.9660644531250000       -1.38772142    
   9.9714355468750000       -1.39080191    
   9.9768066406250000       -1.39390457    
   9.9821777343750000       -1.39702952    
   9.9875488281250000       -1.40017712    
   9.9929199218750000       -1.40334761    
   9.9982910156250000       -1.40654123    
   10.003662109375000       -1.40975821    
   10.009033203125000       -1.41299880    
   10.014404296875000       -1.41626334    
   10.019775390625000       -1.41955185    
   10.025146484375000       -1.42286491    
   10.030517578125000       -1.42620254    
   10.035888671875000       -1.42956519    
   10.041259765625000       -1.43295300    
   10.046630859375000       -1.43636632    
   10.052001953125000       -1.43980551    
   10.057373046875000       -1.44327068    
   10.062744140625000       -1.44676220    
   10.068115234375000       -1.45028055    
   10.073486328125000       -1.45382571    
   10.078857421875000       -1.45739818    
   10.084228515625000       -1.46099830    
   10.089599609375000       -1.46462631    
   10.094970703125000       -1.46828246    
   10.100341796875000       -1.47196722    
   10.105712890625000       -1.47568083    
   10.111083984375000       -1.47942364    
   10.116455078125000       -1.48319602    
   10.121826171875000       -1.48699832    
   10.127197265625000       -1.49083090    
   10.132568359375000       -1.49469388    
   10.137939453125000       -1.49858809    
   10.143310546875000       -1.50251341    
   10.148681640625000       -1.50647056    
   10.154052734375000       -1.51045966    
   10.159423828125000       -1.51448131    
   10.164794921875000       -1.51853573    
   10.170166015625000       -1.52262342    
   10.175537109375000       -1.52674484    
   10.180908203125000       -1.53090024    
   10.186279296875000       -1.53508997    
   10.191650390625000       -1.53931475    
   10.197021484375000       -1.54357481    
   10.202392578125000       -1.54787052    
   10.207763671875000       -1.55220258    
   10.213134765625000       -1.55657113    
   10.218505859375000       -1.56097674    
   10.223876953125000       -1.56541991    
   10.229248046875000       -1.56990111    
   10.234619140625000       -1.57442081    
   10.239990234375000       -1.57897949    
   10.245361328125000       -1.58357751    
   10.250732421875000       -1.58821559    
   10.256103515625000       -1.59289420    
   10.261474609375000       -1.59761369    
   10.266845703125000       -1.60237467    
   10.272216796875000       -1.60717773    
   10.277587890625000       -1.61202323    
   10.282958984375000       -1.61691213    
   10.288330078125000       -1.62184453    
   10.293701171875000       -1.62682116    
   10.299072265625000       -1.63184261    
   10.304443359375000       -1.63690948    
   10.309814453125000       -1.64202249    
   10.315185546875000       -1.64718199    
   10.320556640625000       -1.65238881    
   10.325927734375000       -1.65764332    
   10.331298828125000       -1.66294646    
   10.336669921875000       -1.66829872    
   10.342041015625000       -1.67370081    
   10.347412109375000       -1.67915332    
   10.352783203125000       -1.68465698    
   10.358154296875000       -1.69021249    
   10.363525390625000       -1.69582057    
   10.368896484375000       -1.70148194    
   10.374267578125000       -1.70719731    
   10.379638671875000       -1.71296740    
   10.385009765625000       -1.71879292    
   10.390380859375000       -1.72467470    
   10.395751953125000       -1.73061359    
   10.401123046875000       -1.73661029    
   10.406494140625000       -1.74266565    
   10.411865234375000       -1.74878037    
   10.417236328125000       -1.75495553    
   10.422607421875000       -1.76119184    
   10.427978515625000       -1.76749003    
   10.433349609375000       -1.77385139    
   10.438720703125000       -1.78027630    
   10.444091796875000       -1.78676605    
   10.449462890625000       -1.79332149    
   10.454833984375000       -1.79994333    
   10.460205078125000       -1.80663288    
   10.465576171875000       -1.81339085    
   10.470947265625000       -1.82021856    
   10.476318359375000       -1.82711673    
   10.481689453125000       -1.83408654    
   10.487060546875000       -1.84112895    
   10.492431640625000       -1.84824514    
   10.497802734375000       -1.85543597    
   10.503173828125000       -1.86270297    
   10.508544921875000       -1.87004697    
   10.513916015625000       -1.87746918    
   10.519287109375000       -1.88497078    
   10.524658203125000       -1.89255309    
   10.530029296875000       -1.90021718    
   10.535400390625000       -1.90796435    
   10.540771484375000       -1.91579580    
   10.546142578125000       -1.92371297    
   10.551513671875000       -1.93171716    
   10.556884765625000       -1.93980968    
   10.562255859375000       -1.94799173    
   10.567626953125000       -1.95626497    
   10.572998046875000       -1.96463072    
   10.578369140625000       -1.97309041    
   10.583740234375000       -1.98164546    
   10.589111328125000       -1.99029756    
   10.594482421875000       -1.99904811    
   10.599853515625000       -2.00789881    
   10.605224609375000       -2.01685095    
   10.610595703125000       -2.02590656    
   10.615966796875000       -2.03506684    
   10.621337890625000       -2.04433393    
   10.626708984375000       -2.05370951    
   10.632080078125000       -2.06319499    
   10.637451171875000       -2.07279253    
   10.642822265625000       -2.08250380    
   10.648193359375000       -2.09233069    
   10.653564453125000       -2.10227513    
   10.658935546875000       -2.11233902    
   10.664306640625000       -2.12252450    
   10.669677734375000       -2.13283348    
   10.675048828125000       -2.14326787    
   10.680419921875000       -2.15383029    
   10.685791015625000       -2.16452241    
   10.691162109375000       -2.17534661    
   10.696533203125000       -2.18630505    
   10.701904296875000       -2.19740009    
   10.707275390625000       -2.20863414    
   10.712646484375000       -2.22000957    
   10.718017578125000       -2.23152876    
   10.723388671875000       -2.24319434    
   10.728759765625000       -2.25500870    
   10.734130859375000       -2.26697445    
   10.739501953125000       -2.27909446    
   10.744873046875000       -2.29137111    
   10.750244140625000       -2.30380750    
   10.755615234375000       -2.31640625    
   10.760986328125000       -2.32917023    
   10.766357421875000       -2.34210277    
   10.771728515625000       -2.35520649    
   10.777099609375000       -2.36848450    
   10.782470703125000       -2.38194013    
   10.787841796875000       -2.39557648    
   10.793212890625000       -2.40939713    
   10.798583984375000       -2.42340517    
   10.803955078125000       -2.43760395    
   10.809326171875000       -2.45199728    
   10.814697265625000       -2.46658874    
   10.820068359375000       -2.48138189    
   10.825439453125000       -2.49638057    
   10.830810546875000       -2.51158857    
   10.836181640625000       -2.52700996    
   10.841552734375000       -2.54264855    
   10.846923828125000       -2.55850863    
   10.852294921875000       -2.57459426    
   10.857666015625000       -2.59091020    
   10.863037109375000       -2.60746050    
   10.868408203125000       -2.62424970    
   10.873779296875000       -2.64128232    
   10.879150390625000       -2.65856338    
   10.884521484375000       -2.67609763    
   10.889892578125000       -2.69389009    
   10.895263671875000       -2.71194553    
   10.900634765625000       -2.73026967    
   10.906005859375000       -2.74886727    
   10.911376953125000       -2.76774430    
   10.916748046875000       -2.78690600    
   10.922119140625000       -2.80635810    
   10.927490234375000       -2.82610655    
   10.932861328125000       -2.84615755    
   10.938232421875000       -2.86651683    
   10.943603515625000       -2.88719130    
   10.948974609375000       -2.90818667    
   10.954345703125000       -2.92950988    
   10.959716796875000       -2.95116782    
   10.965087890625000       -2.97316766    
   10.970458984375000       -2.99551558    
   10.975830078125000       -3.01822019    
   10.981201171875000       -3.04128742    
   10.986572265625000       -3.06472731    
   10.991943359375000       -3.08854318    
   10.997314453125000       -3.11275411    
