   3.6621093750000000E-003 -0.498701811    
   1.0986328125000000E-002 -0.496123850    
   1.8310546875000000E-002 -0.493572831    
   2.5634765625000000E-002 -0.491047263    
   3.2958984375000000E-002 -0.488547206    
   4.0283203125000000E-002 -0.486071974    
   4.7607421875000000E-002 -0.483621329    
   5.4931640625000000E-002 -0.481194794    
   6.2255859375000000E-002 -0.478792042    
   6.9580078125000000E-002 -0.476412654    
   7.6904296875000000E-002 -0.474056304    
   8.4228515625000000E-002 -0.471722603    
   9.1552734375000000E-002 -0.469411224    
   9.8876953125000000E-002 -0.467121780    
  0.10620117187500000      -0.464854002    
  0.11352539062500000      -0.462607503    
  0.12084960937500000      -0.460381955    
  0.12817382812500000      -0.458177090    
  0.13549804687500000      -0.455992550    
  0.14282226562500000      -0.453828067    
  0.15014648437500000      -0.451683313    
  0.15747070312500000      -0.449557990    
  0.16479492187500000      -0.447451830    
  0.17211914062500000      -0.445364565    
  0.17944335937500000      -0.443295866    
  0.18676757812500000      -0.441245526    
  0.19409179687500000      -0.439213216    
  0.20141601562500000      -0.437198728    
  0.20874023437500000      -0.435201764    
  0.21606445312500000      -0.433222085    
  0.22338867187500000      -0.431259483    
  0.23071289062500000      -0.429313660    
  0.23803710937500000      -0.427384377    
  0.24536132812500000      -0.425471485    
  0.25268554687500000      -0.423574656    
  0.26000976562500000      -0.421693712    
  0.26733398437500000      -0.419828445    
  0.27465820312500000      -0.417978615    
  0.28198242187500000      -0.416144013    
  0.28930664062500000      -0.414324462    
  0.29663085937500000      -0.412519723    
  0.30395507812500000      -0.410729587    
  0.31127929687500000      -0.408953905    
  0.31860351562500000      -0.407192439    
  0.32592773437500000      -0.405445009    
  0.33325195312500000      -0.403711438    
  0.34057617187500000      -0.401991576    
  0.34790039062500000      -0.400285184    
  0.35522460937500000      -0.398592114    
  0.36254882812500000      -0.396912187    
  0.36987304687500000      -0.395245254    
  0.37719726562500000      -0.393591136    
  0.38452148437500000      -0.391949654    
  0.39184570312500000      -0.390320629    
  0.39916992187500000      -0.388703972    
  0.40649414062500000      -0.387099475    
  0.41381835937500000      -0.385507017    
  0.42114257812500000      -0.383926421    
  0.42846679687500000      -0.382357538    
  0.43579101562500000      -0.380800247    
  0.44311523437500000      -0.379254401    
  0.45043945312500000      -0.377719849    
  0.45776367187500000      -0.376196444    
  0.46508789062500000      -0.374684066    
  0.47241210937500000      -0.373182595    
  0.47973632812500000      -0.371691883    
  0.48706054687500000      -0.370211810    
  0.49438476562500000      -0.368742257    
  0.50170898437500000      -0.367283046    
  0.50903320312500000      -0.365834147    
  0.51635742187500000      -0.364395380    
  0.52368164062500000      -0.362966657    
  0.53100585937500000      -0.361547828    
  0.53833007812500000      -0.360138774    
  0.54565429687500000      -0.358739436    
  0.55297851562500000      -0.357349664    
  0.56030273437500000      -0.355969369    
  0.56762695312500000      -0.354598403    
  0.57495117187500000      -0.353236735    
  0.58227539062500000      -0.351884186    
  0.58959960937500000      -0.350540698    
  0.59692382812500000      -0.349206209    
  0.60424804687500000      -0.347880512    
  0.61157226562500000      -0.346563607    
  0.61889648437500000      -0.345255345    
  0.62622070312500000      -0.343955666    
  0.63354492187500000      -0.342664480    
  0.64086914062500000      -0.341381639    
  0.64819335937500000      -0.340107143    
  0.65551757812500000      -0.338840812    
  0.66284179687500000      -0.337582648    
  0.67016601562500000      -0.336332500    
  0.67749023437500000      -0.335090280    
  0.68481445312500000      -0.333855957    
  0.69213867187500000      -0.332629442    
  0.69946289062500000      -0.331410617    
  0.70678710937500000      -0.330199420    
  0.71411132812500000      -0.328995794    
  0.72143554687500000      -0.327799648    
  0.72875976562500000      -0.326610923    
  0.73608398437500000      -0.325429499    
  0.74340820312500000      -0.324255317    
  0.75073242187500000      -0.323088348    
  0.75805664062500000      -0.321928501    
  0.76538085937500000      -0.320775688    
  0.77270507812500000      -0.319629818    
  0.78002929687500000      -0.318490893    
  0.78735351562500000      -0.317358792    
  0.79467773437500000      -0.316233486    
  0.80200195312500000      -0.315114856    
  0.80932617187500000      -0.314002931    
  0.81665039062500000      -0.312897563    
  0.82397460937500000      -0.311798692    
  0.83129882812500000      -0.310706317    
  0.83862304687500000      -0.309620321    
  0.84594726562500000      -0.308540642    
  0.85327148437500000      -0.307467282    
  0.86059570312500000      -0.306400150    
  0.86791992187500000      -0.305339158    
  0.87524414062500000      -0.304284304    
  0.88256835937500000      -0.303235501    
  0.88989257812500000      -0.302192688    
  0.89721679687500000      -0.301155835    
  0.90454101562500000      -0.300124884    
  0.91186523437500000      -0.299099743    
  0.91918945312500000      -0.298080444    
  0.92651367187500000      -0.297066838    
  0.93383789062500000      -0.296058953    
  0.94116210937500000      -0.295056701    
  0.94848632812500000      -0.294060022    
  0.95581054687500000      -0.293068886    
  0.96313476562500000      -0.292083263    
  0.97045898437500000      -0.291103065    
  0.97778320312500000      -0.290128291    
  0.98510742187500000      -0.289158881    
  0.99243164062500000      -0.288194776    
  0.99975585937500000      -0.287235916    
   1.0070800781250000      -0.286282301    
   1.0144042968750000      -0.285333842    
   1.0217285156250000      -0.284390539    
   1.0290527343750000      -0.283452332    
   1.0363769531250000      -0.282519162    
   1.0437011718750000      -0.281590998    
   1.0510253906250000      -0.280667782    
   1.0583496093750000      -0.279749542    
   1.0656738281250000      -0.278836191    
   1.0729980468750000      -0.277927637    
   1.0803222656250000      -0.277023971    
   1.0876464843750000      -0.276125014    
   1.0949707031250000      -0.275230825    
   1.1022949218750000      -0.274341315    
   1.1096191406250000      -0.273456454    
   1.1169433593750000      -0.272576272    
   1.1242675781250000      -0.271700621    
   1.1315917968750000      -0.270829558    
   1.1389160156250000      -0.269962996    
   1.1462402343750000      -0.269100904    
   1.1535644531250000      -0.268243313    
   1.1608886718750000      -0.267390072    
   1.1682128906250000      -0.266541243    
   1.1755371093750000      -0.265696764    
   1.1828613281250000      -0.264856637    
   1.1901855468750000      -0.264020741    
   1.1975097656250000      -0.263189107    
   1.2048339843750000      -0.262361705    
   1.2121582031250000      -0.261538446    
   1.2194824218750000      -0.260719419    
   1.2268066406250000      -0.259904444    
   1.2341308593750000      -0.259093642    
   1.2414550781250000      -0.258286834    
   1.2487792968750000      -0.257484108    
   1.2561035156250000      -0.256685376    
   1.2634277343750000      -0.255890608    
   1.2707519531250000      -0.255099833    
   1.2780761718750000      -0.254312932    
   1.2854003906250000      -0.253529966    
   1.2927246093750000      -0.252750844    
   1.3000488281250000      -0.251975596    
   1.3073730468750000      -0.251204103    
   1.3146972656250000      -0.250436425    
   1.3220214843750000      -0.249672502    
   1.3293457031250000      -0.248912334    
   1.3366699218750000      -0.248155862    
   1.3439941406250000      -0.247403055    
   1.3513183593750000      -0.246653914    
   1.3586425781250000      -0.245908409    
   1.3659667968750000      -0.245166510    
   1.3732910156250000      -0.244428188    
   1.3806152343750000      -0.243693441    
   1.3879394531250000      -0.242962211    
   1.3952636718750000      -0.242234498    
   1.4025878906250000      -0.241510272    
   1.4099121093750000      -0.240789503    
   1.4172363281250000      -0.240072191    
   1.4245605468750000      -0.239358276    
   1.4318847656250000      -0.238647759    
   1.4392089843750000      -0.237940639    
   1.4465332031250000      -0.237236828    
   1.4538574218750000      -0.236536384    
   1.4611816406250000      -0.235839218    
   1.4685058593750000      -0.235145360    
   1.4758300781250000      -0.234454751    
   1.4831542968750000      -0.233767390    
   1.4904785156250000      -0.233083278    
   1.4978027343750000      -0.232402325    
   1.5051269531250000      -0.231724560    
   1.5124511718750000      -0.231049985    
   1.5197753906250000      -0.230378538    
   1.5270996093750000      -0.229710191    
   1.5344238281250000      -0.229044974    
   1.5417480468750000      -0.228382826    
   1.5490722656250000      -0.227723747    
   1.5563964843750000      -0.227067709    
   1.5637207031250000      -0.226414680    
   1.5710449218750000      -0.225764662    
   1.5783691406250000      -0.225117654    
   1.5856933593750000      -0.224473596    
   1.5930175781250000      -0.223832488    
   1.6003417968750000      -0.223194331    
   1.6076660156250000      -0.222559065    
   1.6149902343750000      -0.221926689    
   1.6223144531250000      -0.221297234    
   1.6296386718750000      -0.220670611    
   1.6369628906250000      -0.220046818    
   1.6442871093750000      -0.219425887    
   1.6516113281250000      -0.218807757    
   1.6589355468750000      -0.218192399    
   1.6662597656250000      -0.217579842    
   1.6735839843750000      -0.216970026    
   1.6809082031250000      -0.216362983    
   1.6882324218750000      -0.215758651    
   1.6955566406250000      -0.215157032    
   1.7028808593750000      -0.214558095    
   1.7102050781250000      -0.213961869    
   1.7175292968750000      -0.213368267    
   1.7248535156250000      -0.212777346    
   1.7321777343750000      -0.212189049    
   1.7395019531250000      -0.211603373    
   1.7468261718750000      -0.211020291    
   1.7541503906250000      -0.210439801    
   1.7614746093750000      -0.209861904    
   1.7687988281250000      -0.209286541    
   1.7761230468750000      -0.208713740    
   1.7834472656250000      -0.208143443    
   1.7907714843750000      -0.207575679    
   1.7980957031250000      -0.207010418    
   1.8054199218750000      -0.206447631    
   1.8127441406250000      -0.205887318    
   1.8200683593750000      -0.205329478    
   1.8273925781250000      -0.204774082    
   1.8347167968750000      -0.204221100    
   1.8420410156250000      -0.203670561    
   1.8493652343750000      -0.203122407    
   1.8566894531250000      -0.202576637    
   1.8640136718750000      -0.202033252    
   1.8713378906250000      -0.201492250    
   1.8786621093750000      -0.200953573    
   1.8859863281250000      -0.200417250    
   1.8933105468750000      -0.199883223    
   1.9006347656250000      -0.199351549    
   1.9079589843750000      -0.198822170    
   1.9152832031250000      -0.198295057    
   1.9226074218750000      -0.197770238    
   1.9299316406250000      -0.197247654    
   1.9372558593750000      -0.196727335    
   1.9445800781250000      -0.196209282    
   1.9519042968750000      -0.195693433    
   1.9592285156250000      -0.195179790    
   1.9665527343750000      -0.194668353    
   1.9738769531250000      -0.194159120    
   1.9812011718750000      -0.193652064    
   1.9885253906250000      -0.193147153    
   1.9958496093750000      -0.192644417    
   2.0031738281250000      -0.192143828    
   2.0104980468750000      -0.191645354    
   2.0178222656250000      -0.191149026    
   2.0251464843750000      -0.190654784    
   2.0324707031250000      -0.190162659    
   2.0397949218750000      -0.189672619    
   2.0471191406250000      -0.189184666    
   2.0544433593750000      -0.188698769    
   2.0617675781250000      -0.188214898    
   2.0690917968750000      -0.187733114    
   2.0764160156250000      -0.187253356    
   2.0837402343750000      -0.186775625    
   2.0910644531250000      -0.186299890    
   2.0983886718750000      -0.185826182    
   2.1057128906250000      -0.185354441    
   2.1130371093750000      -0.184884697    
   2.1203613281250000      -0.184416920    
   2.1276855468750000      -0.183951110    
   2.1350097656250000      -0.183487266    
   2.1423339843750000      -0.183025330    
   2.1496582031250000      -0.182565361    
   2.1569824218750000      -0.182107300    
   2.1643066406250000      -0.181651145    
   2.1716308593750000      -0.181196898    
   2.1789550781250000      -0.180744559    
   2.1862792968750000      -0.180294096    
   2.1936035156250000      -0.179845512    
   2.2009277343750000      -0.179398775    
   2.2082519531250000      -0.178953916    
   2.2155761718750000      -0.178510875    
   2.2229003906250000      -0.178069711    
   2.2302246093750000      -0.177630335    
   2.2375488281250000      -0.177192807    
   2.2448730468750000      -0.176757067    
   2.2521972656250000      -0.176323146    
   2.2595214843750000      -0.175891012    
   2.2668457031250000      -0.175460666    
   2.2741699218750000      -0.175032079    
   2.2814941406250000      -0.174605280    
   2.2888183593750000      -0.174180210    
   2.2961425781250000      -0.173756897    
   2.3034667968750000      -0.173335344    
   2.3107910156250000      -0.172915518    
   2.3181152343750000      -0.172497392    
   2.3254394531250000      -0.172080994    
   2.3327636718750000      -0.171666324    
   2.3400878906250000      -0.171253324    
   2.3474121093750000      -0.170842022    
   2.3547363281250000      -0.170432389    
   2.3620605468750000      -0.170024455    
   2.3693847656250000      -0.169618189    
   2.3767089843750000      -0.169213563    
   2.3840332031250000      -0.168810576    
   2.3913574218750000      -0.168409258    
   2.3986816406250000      -0.168009549    
   2.4060058593750000      -0.167611480    
   2.4133300781250000      -0.167215019    
   2.4206542968750000      -0.166820168    
   2.4279785156250000      -0.166426927    
   2.4353027343750000      -0.166035295    
   2.4426269531250000      -0.165645242    
   2.4499511718750000      -0.165256739    
   2.4572753906250000      -0.164869845    
   2.4645996093750000      -0.164484501    
   2.4719238281250000      -0.164100736    
   2.4792480468750000      -0.163718492    
   2.4865722656250000      -0.163337797    
   2.4938964843750000      -0.162958652    
   2.5012207031250000      -0.162581027    
   2.5085449218750000      -0.162204921    
   2.5158691406250000      -0.161830336    
   2.5231933593750000      -0.161457270    
   2.5305175781250000      -0.161085665    
   2.5378417968750000      -0.160715580    
   2.5451660156250000      -0.160346985    
   2.5524902343750000      -0.159979880    
   2.5598144531250000      -0.159614235    
   2.5671386718750000      -0.159250051    
   2.5744628906250000      -0.158887327    
   2.5817871093750000      -0.158526063    
   2.5891113281250000      -0.158166230    
   2.5964355468750000      -0.157807857    
   2.6037597656250000      -0.157450885    
   2.6110839843750000      -0.157095373    
   2.6184082031250000      -0.156741261    
   2.6257324218750000      -0.156388581    
   2.6330566406250000      -0.156037271    
   2.6403808593750000      -0.155687392    
   2.6477050781250000      -0.155338913    
   2.6550292968750000      -0.154991806    
   2.6623535156250000      -0.154646069    
   2.6696777343750000      -0.154301733    
   2.6770019531250000      -0.153958738    
   2.6843261718750000      -0.153617144    
   2.6916503906250000      -0.153276861    
   2.6989746093750000      -0.152937949    
   2.7062988281250000      -0.152600408    
   2.7136230468750000      -0.152264178    
   2.7209472656250000      -0.151929259    
   2.7282714843750000      -0.151595712    
   2.7355957031250000      -0.151263446    
   2.7429199218750000      -0.150932521    
   2.7502441406250000      -0.150602877    
   2.7575683593750000      -0.150274575    
   2.7648925781250000      -0.149947524    
   2.7722167968750000      -0.149621814    
   2.7795410156250000      -0.149297357    
   2.7868652343750000      -0.148974180    
   2.7941894531250000      -0.148652285    
   2.8015136718750000      -0.148331642    
   2.8088378906250000      -0.148012280    
   2.8161621093750000      -0.147694170    
   2.8234863281250000      -0.147377312    
   2.8308105468750000      -0.147061706    
   2.8381347656250000      -0.146747351    
   2.8454589843750000      -0.146434218    
   2.8527832031250000      -0.146122307    
   2.8601074218750000      -0.145811617    
   2.8674316406250000      -0.145502150    
   2.8747558593750000      -0.145193905    
   2.8820800781250000      -0.144886881    
   2.8894042968750000      -0.144581050    
   2.8967285156250000      -0.144276410    
   2.9040527343750000      -0.143972963    
   2.9113769531250000      -0.143670708    
   2.9187011718750000      -0.143369615    
   2.9260253906250000      -0.143069714    
   2.9333496093750000      -0.142771006    
   2.9406738281250000      -0.142473459    
   2.9479980468750000      -0.142177045    
   2.9553222656250000      -0.141881824    
   2.9626464843750000      -0.141587734    
   2.9699707031250000      -0.141294777    
   2.9772949218750000      -0.141002983    
   2.9846191406250000      -0.140712321    
   2.9919433593750000      -0.140422791    
   2.9992675781250000      -0.140134394    
   3.0065917968750000      -0.139847130    
   3.0139160156250000      -0.139560968    
   3.0212402343750000      -0.139275938    
   3.0285644531250000      -0.138991982    
   3.0358886718750000      -0.138709158    
   3.0432128906250000      -0.138427436    
   3.0505371093750000      -0.138146788    
   3.0578613281250000      -0.137867242    
   3.0651855468750000      -0.137588769    
   3.0725097656250000      -0.137311399    
   3.0798339843750000      -0.137035072    
   3.0871582031250000      -0.136759847    
   3.0944824218750000      -0.136485696    
   3.1018066406250000      -0.136212587    
   3.1091308593750000      -0.135940522    
   3.1164550781250000      -0.135669529    
   3.1237792968750000      -0.135399580    
   3.1311035156250000      -0.135130703    
   3.1384277343750000      -0.134862840    
   3.1457519531250000      -0.134596020    
   3.1530761718750000      -0.134330213    
   3.1604003906250000      -0.134065449    
   3.1677246093750000      -0.133801728    
   3.1750488281250000      -0.133538991    
   3.1823730468750000      -0.133277297    
   3.1896972656250000      -0.133016616    
   3.1970214843750000      -0.132756919    
   3.2043457031250000      -0.132498235    
   3.2116699218750000      -0.132240534    
   3.2189941406250000      -0.131983846    
   3.2263183593750000      -0.131728142    
   3.2336425781250000      -0.131473422    
   3.2409667968750000      -0.131219685    
   3.2482910156250000      -0.130966932    
   3.2556152343750000      -0.130715132    
   3.2629394531250000      -0.130464315    
   3.2702636718750000      -0.130214483    
   3.2775878906250000      -0.129965603    
   3.2849121093750000      -0.129717648    
   3.2922363281250000      -0.129470676    
   3.2995605468750000      -0.129224658    
   3.3068847656250000      -0.128979594    
   3.3142089843750000      -0.128735453    
   3.3215332031250000      -0.128492236    
   3.3288574218750000      -0.128249973    
   3.3361816406250000      -0.128008634    
   3.3435058593750000      -0.127768248    
   3.3508300781250000      -0.127528757    
   3.3581542968750000      -0.127290189    
   3.3654785156250000      -0.127052546    
   3.3728027343750000      -0.126815826    
   3.3801269531250000      -0.126580000    
   3.3874511718750000      -0.126345068    
   3.3947753906250000      -0.126111060    
   3.4020996093750000      -0.125877917    
   3.4094238281250000      -0.125645697    
   3.4167480468750000      -0.125414371    
   3.4240722656250000      -0.125183910    
   3.4313964843750000      -0.124954343    
   3.4387207031250000      -0.124725670    
   3.4460449218750000      -0.124497861    
   3.4533691406250000      -0.124270916    
   3.4606933593750000      -0.124044836    
   3.4680175781250000      -0.123819649    
   3.4753417968750000      -0.123595297    
   3.4826660156250000      -0.123371810    
   3.4899902343750000      -0.123149186    
   3.4973144531250000      -0.122927427    
   3.5046386718750000      -0.122706503    
   3.5119628906250000      -0.122486413    
   3.5192871093750000      -0.122267187    
   3.5266113281250000      -0.122048795    
   3.5339355468750000      -0.121831208    
   3.5412597656250000      -0.121614486    
   3.5485839843750000      -0.121398598    
   3.5559082031250000      -0.121183515    
   3.5632324218750000      -0.120969266    
   3.5705566406250000      -0.120755821    
   3.5778808593750000      -0.120543212    
   3.5852050781250000      -0.120331407    
   3.5925292968750000      -0.120120406    
   3.5998535156250000      -0.119910240    
   3.6071777343750000      -0.119700849    
   3.6145019531250000      -0.119492263    
   3.6218261718750000      -0.119284481    
   3.6291503906250000      -0.119077474    
   3.6364746093750000      -0.118871301    
   3.6437988281250000      -0.118665874    
   3.6511230468750000      -0.118461251    
   3.6584472656250000      -0.118257403    
   3.6657714843750000      -0.118054330    
   3.6730957031250000      -0.117852032    
   3.6804199218750000      -0.117650539    
   3.6877441406250000      -0.117449790    
   3.6950683593750000      -0.117249787    
   3.7023925781250000      -0.117050588    
   3.7097167968750000      -0.116852134    
   3.7170410156250000      -0.116654426    
   3.7243652343750000      -0.116457492    
   3.7316894531250000      -0.116261303    
   3.7390136718750000      -0.116065860    
   3.7463378906250000      -0.115871161    
   3.7536621093750000      -0.115677208    
   3.7609863281250000      -0.115483999    
   3.7683105468750000      -0.115291536    
   3.7756347656250000      -0.115099818    
   3.7829589843750000      -0.114908814    
   3.7902832031250000      -0.114718527    
   3.7976074218750000      -0.114528984    
   3.8049316406250000      -0.114340156    
   3.8122558593750000      -0.114152074    
   3.8195800781250000      -0.113964677    
   3.8269042968750000      -0.113778025    
   3.8342285156250000      -0.113592088    
   3.8415527343750000      -0.113406837    
   3.8488769531250000      -0.113222301    
   3.8562011718750000      -0.113038480    
   3.8635253906250000      -0.112855345    
   3.8708496093750000      -0.112672925    
   3.8781738281250000      -0.112491220    
   3.8854980468750000      -0.112310171    
   3.8928222656250000      -0.112129837    
   3.9001464843750000      -0.111950189    
   3.9074707031250000      -0.111771226    
   3.9147949218750000      -0.111592978    
   3.9221191406250000      -0.111415386    
   3.9294433593750000      -0.111238450    
   3.9367675781250000      -0.111062229    
   3.9440917968750000      -0.110886663    
   3.9514160156250000      -0.110711783    
   3.9587402343750000      -0.110537559    
   3.9660644531250000      -0.110363990    
   3.9733886718750000      -0.110191107    
   3.9807128906250000      -0.110018879    
   3.9880371093750000      -0.109847337    
   3.9953613281250000      -0.109676421    
   4.0026855468750000      -0.109506160    
   4.0100097656250000      -0.109336555    
   4.0173339843750000      -0.109167606    
   4.0246582031250000      -0.108999312    
   4.0319824218750000      -0.108831674    
   4.0393066406250000      -0.108664662    
   4.0466308593750000      -0.108498275    
   4.0539550781250000      -0.108332545    
   4.0612792968750000      -0.108167440    
   4.0686035156250000      -0.108002990    
   4.0759277343750000      -0.107839167    
   4.0832519531250000      -0.107675970    
   4.0905761718750000      -0.107513398    
   4.0979003906250000      -0.107351422    
   4.1052246093750000      -0.107190102    
   4.1125488281250000      -0.107029408    
   4.1198730468750000      -0.106869310    
   4.1271972656250000      -0.106709838    
   4.1345214843750000      -0.106550992    
   4.1418457031250000      -0.106392741    
   4.1491699218750000      -0.106235087    
   4.1564941406250000      -0.106078058    
   4.1638183593750000      -0.105921656    
   4.1711425781250000      -0.105765820    
   4.1784667968750000      -0.105610609    
   4.1857910156250000      -0.105455965    
   4.1931152343750000      -0.105301946    
   4.2004394531250000      -0.105148524    
   4.2077636718750000      -0.104995668    
   4.2150878906250000      -0.104843438    
   4.2224121093750000      -0.104691774    
   4.2297363281250000      -0.104540706    
   4.2370605468750000      -0.104390204    
   4.2443847656250000      -0.104240298    
   4.2517089843750000      -0.104090959    
   4.2590332031250000      -0.103942215    
   4.2663574218750000      -0.103794038    
   4.2736816406250000      -0.103646427    
   4.2810058593750000      -0.103499383    
   4.2883300781250000      -0.103352934    
   4.2956542968750000      -0.103207052    
   4.3029785156250000      -0.103061706    
   4.3103027343750000      -0.102916956    
   4.3176269531250000      -0.102772743    
   4.3249511718750000      -0.102629095    
   4.3322753906250000      -0.102486014    
   4.3395996093750000      -0.102343500    
   4.3469238281250000      -0.102201521    
   4.3542480468750000      -0.102060109    
   4.3615722656250000      -0.101919234    
   4.3688964843750000      -0.101778924    
   4.3762207031250000      -0.101639122    
   4.3835449218750000      -0.101499915    
   4.3908691406250000      -0.101361215    
   4.3981933593750000      -0.101223081    
   4.4055175781250000      -0.101085454    
   4.4128417968750000      -0.100948393    
   4.4201660156250000      -0.100811839    
   4.4274902343750000      -0.100675851    
   4.4348144531250000      -0.100540370    
   4.4421386718750000      -0.100405455    
   4.4494628906250000      -0.100271016    
   4.4567871093750000      -0.100137144    
   4.4641113281250000      -0.100003779    
   4.4714355468750000       -9.98709500E-02
   4.4787597656250000       -9.97386277E-02
   4.4860839843750000       -9.96068418E-02
   4.4934082031250000       -9.94755626E-02
   4.5007324218750000       -9.93447900E-02
   4.5080566406250000       -9.92145538E-02
   4.5153808593750000       -9.90847945E-02
   4.5227050781250000       -9.89555717E-02
   4.5300292968750000       -9.88268554E-02
   4.5373535156250000       -9.86986458E-02
   4.5446777343750000       -9.85709429E-02
   4.5520019531250000       -9.84437466E-02
   4.5593261718750000       -9.83170569E-02
   4.5666503906250000       -9.81908441E-02
   4.5739746093750000       -9.80651677E-02
   4.5812988281250000       -9.79399681E-02
   4.5886230468750000       -9.78152454E-02
   4.5959472656250000       -9.76910591E-02
   4.6032714843750000       -9.75673199E-02
   4.6105957031250000       -9.74440873E-02
   4.6179199218750000       -9.73213613E-02
   4.6252441406250000       -9.71991122E-02
   4.6325683593750000       -9.70773399E-02
   4.6398925781250000       -9.69560742E-02
   4.6472167968750000       -9.68352854E-02
   4.6545410156250000       -9.67149436E-02
   4.6618652343750000       -9.65951085E-02
   4.6691894531250000       -9.64757502E-02
   4.6765136718750000       -9.63568687E-02
   4.6838378906250000       -9.62384641E-02
   4.6911621093750000       -9.61205363E-02
   4.6984863281250000       -9.60030854E-02
   4.7058105468750000       -9.58860815E-02
   4.7131347656250000       -9.57695842E-02
   4.7204589843750000       -9.56535339E-02
   4.7277832031250000       -9.55379307E-02
   4.7351074218750000       -9.54228044E-02
   4.7424316406250000       -9.53081548E-02
   4.7497558593750000       -9.51939523E-02
   4.7570800781250000       -9.50802267E-02
   4.7644042968750000       -9.49669480E-02
   4.7717285156250000       -9.48541164E-02
   4.7790527343750000       -9.47417617E-02
   4.7863769531250000       -9.46298540E-02
   4.7937011718750000       -9.45183933E-02
   4.8010253906250000       -9.44073796E-02
   4.8083496093750000       -9.42968130E-02
   4.8156738281250000       -9.41867232E-02
   4.8229980468750000       -9.40770507E-02
   4.8303222656250000       -9.39678252E-02
   4.8376464843750000       -9.38590765E-02
   4.8449707031250000       -9.37507451E-02
   4.8522949218750000       -9.36428607E-02
   4.8596191406250000       -9.35353935E-02
   4.8669433593750000       -9.34284031E-02
   4.8742675781250000       -9.33218300E-02
   4.8815917968750000       -9.32157040E-02
   4.8889160156250000       -9.31099951E-02
   4.8962402343750000       -9.30047333E-02
   4.9035644531250000       -9.28998888E-02
   4.9108886718750000       -9.27954912E-02
   4.9182128906250000       -9.26915407E-02
   4.9255371093750000       -9.25879776E-02
   4.9328613281250000       -9.24848616E-02
   4.9401855468750000       -9.23821926E-02
   4.9475097656250000       -9.22799110E-02
   4.9548339843750000       -9.21780765E-02
   4.9621582031250000       -9.20766592E-02
   4.9694824218750000       -9.19756591E-02
   4.9768066406250000       -9.18750763E-02
   4.9841308593750000       -9.17749107E-02
   4.9914550781250000       -9.16751623E-02
   4.9987792968750000       -9.15758312E-02
   5.0061035156250000       -9.14769173E-02
   5.0134277343750000       -9.13783908E-02
   5.0207519531250000       -9.12803113E-02
   5.0280761718750000       -9.11826193E-02
   5.0354003906250000       -9.10853446E-02
   5.0427246093750000       -9.09884870E-02
   5.0500488281250000       -9.08920467E-02
   5.0573730468750000       -9.07959938E-02
   5.0646972656250000       -9.07003284E-02
   5.0720214843750000       -9.06050801E-02
   5.0793457031250000       -9.05102491E-02
   5.0866699218750000       -9.04158056E-02
   5.0939941406250000       -9.03217793E-02
   5.1013183593750000       -9.02281404E-02
   5.1086425781250000       -9.01348889E-02
   5.1159667968750000       -9.00420249E-02
   5.1232910156250000       -8.99495780E-02
   5.1306152343750000       -8.98575187E-02
   5.1379394531250000       -8.97658467E-02
   5.1452636718750000       -8.96745920E-02
   5.1525878906250000       -8.95836949E-02
   5.1599121093750000       -8.94931853E-02
   5.1672363281250000       -8.94030929E-02
   5.1745605468750000       -8.93133879E-02
   5.1818847656250000       -8.92240405E-02
   5.1892089843750000       -8.91350806E-02
   5.1965332031250000       -8.90465379E-02
   5.2038574218750000       -8.89583528E-02
   5.2111816406250000       -8.88705552E-02
   5.2185058593750000       -8.87831151E-02
   5.2258300781250000       -8.86960924E-02
   5.2331542968750000       -8.86094272E-02
   5.2404785156250000       -8.85231495E-02
   5.2478027343750000       -8.84372294E-02
   5.2551269531250000       -8.83516967E-02
   5.2624511718750000       -8.82665515E-02
   5.2697753906250000       -8.81817639E-02
   5.2770996093750000       -8.80973637E-02
   5.2844238281250000       -8.80133212E-02
   5.2917480468750000       -8.79296362E-02
   5.2990722656250000       -8.78463387E-02
   5.3063964843750000       -8.77633989E-02
   5.3137207031250000       -8.76808465E-02
   5.3210449218750000       -8.75986516E-02
   5.3283691406250000       -8.75168145E-02
   5.3356933593750000       -8.74353349E-02
   5.3430175781250000       -8.73542428E-02
   5.3503417968750000       -8.72735083E-02
   5.3576660156250000       -8.71931016E-02
   5.3649902343750000       -8.71130824E-02
   5.3723144531250000       -8.70334208E-02
   5.3796386718750000       -8.69541168E-02
   5.3869628906250000       -8.68751705E-02
   5.3942871093750000       -8.67965817E-02
   5.4016113281250000       -8.67183506E-02
   5.4089355468750000       -8.66404474E-02
   5.4162597656250000       -8.65629315E-02
   5.4235839843750000       -8.64857435E-02
   5.4309082031250000       -8.64089429E-02
   5.4382324218750000       -8.63324702E-02
   5.4455566406250000       -8.62563252E-02
   5.4528808593750000       -8.61805677E-02
   5.4602050781250000       -8.61051381E-02
   5.4675292968750000       -8.60300660E-02
   5.4748535156250000       -8.59553218E-02
   5.4821777343750000       -8.58809352E-02
   5.4895019531250000       -8.58068764E-02
   5.4968261718750000       -8.57331753E-02
   5.5041503906250000       -8.56598318E-02
   5.5114746093750000       -8.55868161E-02
   5.5187988281250000       -8.55141282E-02
   5.5261230468750000       -8.54417980E-02
   5.5334472656250000       -8.53697956E-02
   5.5407714843750000       -8.52981508E-02
   5.5480957031250000       -8.52268338E-02
   5.5554199218750000       -8.51558447E-02
   5.5627441406250000       -8.50852132E-02
   5.5700683593750000       -8.50148797E-02
   5.5773925781250000       -8.49449039E-02
   5.5847167968750000       -8.48752558E-02
   5.5920410156250000       -8.48059356E-02
   5.5993652343750000       -8.47369730E-02
   5.6066894531250000       -8.46683085E-02
   5.6140136718750000       -8.46000016E-02
   5.6213378906250000       -8.45319927E-02
   5.6286621093750000       -8.44643414E-02
   5.6359863281250000       -8.43970180E-02
   5.6433105468750000       -8.43299925E-02
   5.6506347656250000       -8.42633247E-02
   5.6579589843750000       -8.41969550E-02
   5.6652832031250000       -8.41309130E-02
   5.6726074218750000       -8.40651989E-02
   5.6799316406250000       -8.39998126E-02
   5.6872558593750000       -8.39347541E-02
   5.6945800781250000       -8.38700235E-02
   5.7019042968750000       -8.38055909E-02
   5.7092285156250000       -8.37414861E-02
   5.7165527343750000       -8.36777091E-02
   5.7238769531250000       -8.36142302E-02
   5.7312011718750000       -8.35510790E-02
   5.7385253906250000       -8.34882557E-02
   5.7458496093750000       -8.34257305E-02
   5.7531738281250000       -8.33635330E-02
   5.7604980468750000       -8.33016336E-02
   5.7678222656250000       -8.32400620E-02
   5.7751464843750000       -8.31788182E-02
   5.7824707031250000       -8.31178725E-02
   5.7897949218750000       -8.30572248E-02
   5.7971191406250000       -8.29969049E-02
   5.8044433593750000       -8.29368830E-02
   5.8117675781250000       -8.28771889E-02
   5.8190917968750000       -8.28177631E-02
   5.8264160156250000       -8.27586949E-02
   5.8337402343750000       -8.26998949E-02
   5.8410644531250000       -8.26414227E-02
   5.8483886718750000       -8.25832486E-02
   5.8557128906250000       -8.25254023E-02
   5.8630371093750000       -8.24678242E-02
   5.8703613281250000       -8.24105740E-02
   5.8776855468750000       -8.23536217E-02
   5.8850097656250000       -8.22969973E-02
   5.8923339843750000       -8.22406411E-02
   5.8996582031250000       -8.21845829E-02
   5.9069824218750000       -8.21288526E-02
   5.9143066406250000       -8.20733905E-02
   5.9216308593750000       -8.20182562E-02
   5.9289550781250000       -8.19634199E-02
   5.9362792968750000       -8.19088519E-02
   5.9436035156250000       -8.18546116E-02
   5.9509277343750000       -8.18006396E-02
   5.9582519531250000       -8.17469954E-02
   5.9655761718750000       -8.16936195E-02
   5.9729003906250000       -8.16405714E-02
   5.9802246093750000       -8.15877914E-02
   5.9875488281250000       -8.15353096E-02
   5.9948730468750000       -8.14831257E-02
   6.0021972656250000       -8.14312398E-02
   6.0095214843750000       -8.13796222E-02
   6.0168457031250000       -8.13283324E-02
   6.0241699218750000       -8.12773108E-02
   6.0314941406250000       -8.12265575E-02
   6.0388183593750000       -8.11761320E-02
   6.0461425781250000       -8.11259747E-02
   6.0534667968750000       -8.10761154E-02
   6.0607910156250000       -8.10265541E-02
   6.0681152343750000       -8.09772611E-02
   6.0754394531250000       -8.09282660E-02
   6.0827636718750000       -8.08795393E-02
   6.0900878906250000       -8.08311105E-02
   6.0974121093750000       -8.07829499E-02
   6.1047363281250000       -8.07351172E-02
   6.1120605468750000       -8.06875229E-02
   6.1193847656250000       -8.06402266E-02
   6.1267089843750000       -8.05932283E-02
   6.1340332031250000       -8.05464983E-02
   6.1413574218750000       -8.05000663E-02
   6.1486816406250000       -8.04539025E-02
   6.1560058593750000       -8.04080069E-02
   6.1633300781250000       -8.03624094E-02
   6.1706542968750000       -8.03170800E-02
   6.1779785156250000       -8.02720189E-02
   6.1853027343750000       -8.02272558E-02
   6.1926269531250000       -8.01827908E-02
   6.1999511718750000       -8.01385641E-02
   6.2072753906250000       -8.00946355E-02
   6.2145996093750000       -8.00509751E-02
   6.2219238281250000       -8.00075829E-02
   6.2292480468750000       -7.99644887E-02
   6.2365722656250000       -7.99216628E-02
   6.2438964843750000       -7.98791051E-02
   6.2512207031250000       -7.98368156E-02
   6.2585449218750000       -7.97948241E-02
   6.2658691406250000       -7.97530711E-02
   6.2731933593750000       -7.97116160E-02
   6.2805175781250000       -7.96704292E-02
   6.2878417968750000       -7.96295106E-02
   6.2951660156250000       -7.95888603E-02
   6.3024902343750000       -7.95484781E-02
   6.3098144531250000       -7.95083940E-02
   6.3171386718750000       -7.94685483E-02
   6.3244628906250000       -7.94289708E-02
   6.3317871093750000       -7.93896914E-02
   6.3391113281250000       -7.93506503E-02
   6.3464355468750000       -7.93118775E-02
   6.3537597656250000       -7.92734027E-02
   6.3610839843750000       -7.92351663E-02
   6.3684082031250000       -7.91971982E-02
   6.3757324218750000       -7.91595280E-02
   6.3830566406250000       -7.91220963E-02
   6.3903808593750000       -7.90849328E-02
   6.3977050781250000       -7.90480375E-02
   6.4050292968750000       -7.90114105E-02
   6.4123535156250000       -7.89750218E-02
   6.4196777343750000       -7.89389312E-02
   6.4270019531250000       -7.89030790E-02
   6.4343261718750000       -7.88675249E-02
   6.4416503906250000       -7.88322091E-02
   6.4489746093750000       -7.87971318E-02
   6.4562988281250000       -7.87623525E-02
   6.4636230468750000       -7.87278116E-02
   6.4709472656250000       -7.86935687E-02
   6.4782714843750000       -7.86595345E-02
   6.4855957031250000       -7.86257982E-02
   6.4929199218750000       -7.85923004E-02
   6.5002441406250000       -7.85590708E-02
   6.5075683593750000       -7.85261095E-02
   6.5148925781250000       -7.84934163E-02
   6.5222167968750000       -7.84609616E-02
   6.5295410156250000       -7.84287453E-02
   6.5368652343750000       -7.83968270E-02
   6.5441894531250000       -7.83651471E-02
   6.5515136718750000       -7.83337355E-02
   6.5588378906250000       -7.83025622E-02
   6.5661621093750000       -7.82716572E-02
   6.5734863281250000       -7.82409906E-02
   6.5808105468750000       -7.82105923E-02
   6.5881347656250000       -7.81804621E-02
   6.5954589843750000       -7.81505704E-02
   6.6027832031250000       -7.81209171E-02
   6.6101074218750000       -7.80915618E-02
   6.6174316406250000       -7.80624151E-02
   6.6247558593750000       -7.80335665E-02
   6.6320800781250000       -7.80049264E-02
   6.6394042968750000       -7.79765546E-02
   6.6467285156250000       -7.79484510E-02
   6.6540527343750000       -7.79205859E-02
   6.6613769531250000       -7.78929889E-02
   6.6687011718750000       -7.78656304E-02
   6.6760253906250000       -7.78385103E-02
   6.6833496093750000       -7.78116584E-02
   6.6906738281250000       -7.77850747E-02
   6.6979980468750000       -7.77586997E-02
   6.7053222656250000       -7.77325928E-02
   6.7126464843750000       -7.77067542E-02
   6.7199707031250000       -7.76811540E-02
   6.7272949218750000       -7.76557922E-02
   6.7346191406250000       -7.76306689E-02
   6.7419433593750000       -7.76058137E-02
   6.7492675781250000       -7.75812268E-02
   6.7565917968750000       -7.75568485E-02
   6.7639160156250000       -7.75327384E-02
   6.7712402343750000       -7.75088668E-02
   6.7785644531250000       -7.74852633E-02
   6.7858886718750000       -7.74618983E-02
   6.7932128906250000       -7.74387717E-02
   6.8005371093750000       -7.74158835E-02
   6.8078613281250000       -7.73932636E-02
   6.8151855468750000       -7.73708522E-02
   6.8225097656250000       -7.73487389E-02
   6.8298339843750000       -7.73268342E-02
   6.8371582031250000       -7.73051679E-02
   6.8444824218750000       -7.72837698E-02
   6.8518066406250000       -7.72626102E-02
   6.8591308593750000       -7.72416890E-02
   6.8664550781250000       -7.72210360E-02
   6.8737792968750000       -7.72006214E-02
   6.8811035156250000       -7.71804154E-02
   6.8884277343750000       -7.71604776E-02
   6.8957519531250000       -7.71407783E-02
   6.9030761718750000       -7.71213472E-02
   6.9104003906250000       -7.71021247E-02
   6.9177246093750000       -7.70831704E-02
   6.9250488281250000       -7.70644248E-02
   6.9323730468750000       -7.70459473E-02
   6.9396972656250000       -7.70277083E-02
   6.9470214843750000       -7.70097077E-02
   6.9543457031250000       -7.69919753E-02
   6.9616699218750000       -7.69744515E-02
   6.9689941406250000       -7.69571662E-02
   6.9763183593750000       -7.69401491E-02
   6.9836425781250000       -7.69233406E-02
   6.9909667968750000       -7.69068003E-02
   6.9982910156250000       -7.68904984E-02
   7.0056152343750000       -7.68744349E-02
   7.0129394531250000       -7.68586099E-02
   7.0202636718750000       -7.68430233E-02
   7.0275878906250000       -7.68276751E-02
   7.0349121093750000       -7.68125653E-02
   7.0422363281250000       -7.67976940E-02
   7.0495605468750000       -7.67830610E-02
   7.0568847656250000       -7.67686665E-02
   7.0642089843750000       -7.67545104E-02
   7.0715332031250000       -7.67405927E-02
   7.0788574218750000       -7.67269135E-02
   7.0861816406250000       -7.67135024E-02
   7.0935058593750000       -7.67003000E-02
   7.1008300781250000       -7.66873360E-02
   7.1081542968750000       -7.66746104E-02
   7.1154785156250000       -7.66621232E-02
   7.1228027343750000       -7.66498744E-02
   7.1301269531250000       -7.66378641E-02
   7.1374511718750000       -7.66261220E-02
   7.1447753906250000       -7.66145885E-02
   7.1520996093750000       -7.66032934E-02
   7.1594238281250000       -7.65922368E-02
   7.1667480468750000       -7.65814185E-02
   7.1740722656250000       -7.65708089E-02
   7.1813964843750000       -7.65604675E-02
   7.1887207031250000       -7.65503645E-02
   7.1960449218750000       -7.65404999E-02
   7.2033691406250000       -7.65308440E-02
   7.2106933593750000       -7.65214562E-02
   7.2180175781250000       -7.65123069E-02
   7.2253417968750000       -7.65033662E-02
   7.2326660156250000       -7.64946640E-02
   7.2399902343750000       -7.64862299E-02
   7.2473144531250000       -7.64780045E-02
   7.2546386718750000       -7.64700174E-02
   7.2619628906250000       -7.64622688E-02
   7.2692871093750000       -7.64547586E-02
   7.2766113281250000       -7.64474869E-02
   7.2839355468750000       -7.64404535E-02
   7.2912597656250000       -7.64336288E-02
   7.2985839843750000       -7.64270723E-02
   7.3059082031250000       -7.64207244E-02
   7.3132324218750000       -7.64146447E-02
   7.3205566406250000       -7.64087737E-02
   7.3278808593750000       -7.64031410E-02
   7.3352050781250000       -7.63977468E-02
   7.3425292968750000       -7.63925910E-02
   7.3498535156250000       -7.63876736E-02
   7.3571777343750000       -7.63829648E-02
   7.3645019531250000       -7.63785243E-02
   7.3718261718750000       -7.63742924E-02
   7.3791503906250000       -7.63702989E-02
   7.3864746093750000       -7.63665736E-02
   7.3937988281250000       -7.63630569E-02
   7.4011230468750000       -7.63597786E-02
   7.4084472656250000       -7.63567090E-02
   7.4157714843750000       -7.63539076E-02
   7.4230957031250000       -7.63513148E-02
   7.4304199218750000       -7.63489902E-02
   7.4377441406250000       -7.63468742E-02
   7.4450683593750000       -7.63449967E-02
   7.4523925781250000       -7.63433576E-02
   7.4597167968750000       -7.63419569E-02
   7.4670410156250000       -7.63407946E-02
   7.4743652343750000       -7.63398409E-02
   7.4816894531250000       -7.63391554E-02
   7.4890136718750000       -7.63386786E-02
   7.4963378906250000       -7.63384402E-02
   7.5036621093750000       -7.63384402E-02
   7.5109863281250000       -7.63386786E-02
   7.5183105468750000       -7.63391554E-02
   7.5256347656250000       -7.63398409E-02
   7.5329589843750000       -7.63407946E-02
   7.5402832031250000       -7.63419569E-02
   7.5476074218750000       -7.63433576E-02
   7.5549316406250000       -7.63449967E-02
   7.5622558593750000       -7.63468742E-02
   7.5695800781250000       -7.63489902E-02
   7.5769042968750000       -7.63513148E-02
   7.5842285156250000       -7.63539076E-02
   7.5915527343750000       -7.63567090E-02
   7.5988769531250000       -7.63597786E-02
   7.6062011718750000       -7.63630569E-02
   7.6135253906250000       -7.63665736E-02
   7.6208496093750000       -7.63702989E-02
   7.6281738281250000       -7.63742924E-02
   7.6354980468750000       -7.63785243E-02
   7.6428222656250000       -7.63829648E-02
   7.6501464843750000       -7.63876736E-02
   7.6574707031250000       -7.63925910E-02
   7.6647949218750000       -7.63977468E-02
   7.6721191406250000       -7.64031410E-02
   7.6794433593750000       -7.64087737E-02
   7.6867675781250000       -7.64146447E-02
   7.6940917968750000       -7.64207244E-02
   7.7014160156250000       -7.64270723E-02
   7.7087402343750000       -7.64336288E-02
   7.7160644531250000       -7.64404535E-02
   7.7233886718750000       -7.64474869E-02
   7.7307128906250000       -7.64547586E-02
   7.7380371093750000       -7.64622688E-02
   7.7453613281250000       -7.64700174E-02
   7.7526855468750000       -7.64780045E-02
   7.7600097656250000       -7.64862299E-02
   7.7673339843750000       -7.64946640E-02
   7.7746582031250000       -7.65033662E-02
   7.7819824218750000       -7.65123069E-02
   7.7893066406250000       -7.65214562E-02
   7.7966308593750000       -7.65308440E-02
   7.8039550781250000       -7.65404999E-02
   7.8112792968750000       -7.65503645E-02
   7.8186035156250000       -7.65604675E-02
   7.8259277343750000       -7.65708089E-02
   7.8332519531250000       -7.65814185E-02
   7.8405761718750000       -7.65922368E-02
   7.8479003906250000       -7.66032934E-02
   7.8552246093750000       -7.66145885E-02
   7.8625488281250000       -7.66261220E-02
   7.8698730468750000       -7.66378641E-02
   7.8771972656250000       -7.66498744E-02
   7.8845214843750000       -7.66621232E-02
   7.8918457031250000       -7.66746104E-02
   7.8991699218750000       -7.66873360E-02
   7.9064941406250000       -7.67003000E-02
   7.9138183593750000       -7.67135024E-02
   7.9211425781250000       -7.67269135E-02
   7.9284667968750000       -7.67405927E-02
   7.9357910156250000       -7.67545104E-02
   7.9431152343750000       -7.67686665E-02
   7.9504394531250000       -7.67830610E-02
   7.9577636718750000       -7.67976940E-02
   7.9650878906250000       -7.68125653E-02
   7.9724121093750000       -7.68276751E-02
   7.9797363281250000       -7.68430233E-02
   7.9870605468750000       -7.68586099E-02
   7.9943847656250000       -7.68744349E-02
   8.0017089843750000       -7.68904984E-02
   8.0090332031250000       -7.69068003E-02
   8.0163574218750000       -7.69233406E-02
   8.0236816406250000       -7.69401491E-02
   8.0310058593750000       -7.69571662E-02
   8.0383300781250000       -7.69744515E-02
   8.0456542968750000       -7.69919753E-02
   8.0529785156250000       -7.70097077E-02
   8.0603027343750000       -7.70277083E-02
   8.0676269531250000       -7.70459473E-02
   8.0749511718750000       -7.70644248E-02
   8.0822753906250000       -7.70831704E-02
   8.0895996093750000       -7.71021247E-02
   8.0969238281250000       -7.71213472E-02
   8.1042480468750000       -7.71407783E-02
   8.1115722656250000       -7.71604776E-02
   8.1188964843750000       -7.71804154E-02
   8.1262207031250000       -7.72006214E-02
   8.1335449218750000       -7.72210360E-02
   8.1408691406250000       -7.72416890E-02
   8.1481933593750000       -7.72626102E-02
   8.1555175781250000       -7.72837698E-02
   8.1628417968750000       -7.73051679E-02
   8.1701660156250000       -7.73268342E-02
   8.1774902343750000       -7.73487389E-02
   8.1848144531250000       -7.73708522E-02
   8.1921386718750000       -7.73932636E-02
   8.1994628906250000       -7.74158835E-02
   8.2067871093750000       -7.74387717E-02
   8.2141113281250000       -7.74618983E-02
   8.2214355468750000       -7.74852633E-02
   8.2287597656250000       -7.75088668E-02
   8.2360839843750000       -7.75327384E-02
   8.2434082031250000       -7.75568485E-02
   8.2507324218750000       -7.75812268E-02
   8.2580566406250000       -7.76058137E-02
   8.2653808593750000       -7.76306689E-02
   8.2727050781250000       -7.76557922E-02
   8.2800292968750000       -7.76811540E-02
   8.2873535156250000       -7.77067542E-02
   8.2946777343750000       -7.77325928E-02
   8.3020019531250000       -7.77586997E-02
   8.3093261718750000       -7.77850747E-02
   8.3166503906250000       -7.78116584E-02
   8.3239746093750000       -7.78385103E-02
   8.3312988281250000       -7.78656304E-02
   8.3386230468750000       -7.78929889E-02
   8.3459472656250000       -7.79205859E-02
   8.3532714843750000       -7.79484510E-02
   8.3605957031250000       -7.79765546E-02
   8.3679199218750000       -7.80049264E-02
   8.3752441406250000       -7.80335665E-02
   8.3825683593750000       -7.80624151E-02
   8.3898925781250000       -7.80915618E-02
   8.3972167968750000       -7.81209171E-02
   8.4045410156250000       -7.81505704E-02
   8.4118652343750000       -7.81804621E-02
   8.4191894531250000       -7.82105923E-02
   8.4265136718750000       -7.82409906E-02
   8.4338378906250000       -7.82716572E-02
   8.4411621093750000       -7.83025622E-02
   8.4484863281250000       -7.83337355E-02
   8.4558105468750000       -7.83651471E-02
   8.4631347656250000       -7.83968270E-02
   8.4704589843750000       -7.84287453E-02
   8.4777832031250000       -7.84609616E-02
   8.4851074218750000       -7.84934163E-02
   8.4924316406250000       -7.85261095E-02
   8.4997558593750000       -7.85590708E-02
   8.5070800781250000       -7.85923004E-02
   8.5144042968750000       -7.86257982E-02
   8.5217285156250000       -7.86595345E-02
   8.5290527343750000       -7.86935687E-02
   8.5363769531250000       -7.87278116E-02
   8.5437011718750000       -7.87623525E-02
   8.5510253906250000       -7.87971318E-02
   8.5583496093750000       -7.88322091E-02
   8.5656738281250000       -7.88675249E-02
   8.5729980468750000       -7.89030790E-02
   8.5803222656250000       -7.89389312E-02
   8.5876464843750000       -7.89750218E-02
   8.5949707031250000       -7.90114105E-02
   8.6022949218750000       -7.90480375E-02
   8.6096191406250000       -7.90849328E-02
   8.6169433593750000       -7.91220963E-02
   8.6242675781250000       -7.91595280E-02
   8.6315917968750000       -7.91971982E-02
   8.6389160156250000       -7.92351663E-02
   8.6462402343750000       -7.92734027E-02
   8.6535644531250000       -7.93118775E-02
   8.6608886718750000       -7.93506503E-02
   8.6682128906250000       -7.93896914E-02
   8.6755371093750000       -7.94289708E-02
   8.6828613281250000       -7.94685483E-02
   8.6901855468750000       -7.95083940E-02
   8.6975097656250000       -7.95484781E-02
   8.7048339843750000       -7.95888603E-02
   8.7121582031250000       -7.96295106E-02
   8.7194824218750000       -7.96704292E-02
   8.7268066406250000       -7.97116160E-02
   8.7341308593750000       -7.97530711E-02
   8.7414550781250000       -7.97948241E-02
   8.7487792968750000       -7.98368156E-02
   8.7561035156250000       -7.98791051E-02
   8.7634277343750000       -7.99216628E-02
   8.7707519531250000       -7.99644887E-02
   8.7780761718750000       -8.00075829E-02
   8.7854003906250000       -8.00509751E-02
   8.7927246093750000       -8.00946355E-02
   8.8000488281250000       -8.01385641E-02
   8.8073730468750000       -8.01827908E-02
   8.8146972656250000       -8.02272558E-02
   8.8220214843750000       -8.02720189E-02
   8.8293457031250000       -8.03170800E-02
   8.8366699218750000       -8.03624094E-02
   8.8439941406250000       -8.04080069E-02
   8.8513183593750000       -8.04539025E-02
   8.8586425781250000       -8.05000663E-02
   8.8659667968750000       -8.05464983E-02
   8.8732910156250000       -8.05932283E-02
   8.8806152343750000       -8.06402266E-02
   8.8879394531250000       -8.06875229E-02
   8.8952636718750000       -8.07351172E-02
   8.9025878906250000       -8.07829499E-02
   8.9099121093750000       -8.08311105E-02
   8.9172363281250000       -8.08795393E-02
   8.9245605468750000       -8.09282660E-02
   8.9318847656250000       -8.09772611E-02
   8.9392089843750000       -8.10265541E-02
   8.9465332031250000       -8.10761154E-02
   8.9538574218750000       -8.11259747E-02
   8.9611816406250000       -8.11761320E-02
   8.9685058593750000       -8.12265575E-02
   8.9758300781250000       -8.12773108E-02
   8.9831542968750000       -8.13283324E-02
   8.9904785156250000       -8.13796222E-02
   8.9978027343750000       -8.14312398E-02
   9.0051269531250000       -8.14831257E-02
   9.0124511718750000       -8.15353096E-02
   9.0197753906250000       -8.15877914E-02
   9.0270996093750000       -8.16405714E-02
   9.0344238281250000       -8.16936195E-02
   9.0417480468750000       -8.17469954E-02
   9.0490722656250000       -8.18006396E-02
   9.0563964843750000       -8.18546116E-02
   9.0637207031250000       -8.19088519E-02
   9.0710449218750000       -8.19634199E-02
   9.0783691406250000       -8.20182562E-02
   9.0856933593750000       -8.20733905E-02
   9.0930175781250000       -8.21288526E-02
   9.1003417968750000       -8.21845829E-02
   9.1076660156250000       -8.22406411E-02
   9.1149902343750000       -8.22969973E-02
   9.1223144531250000       -8.23536217E-02
   9.1296386718750000       -8.24105740E-02
   9.1369628906250000       -8.24678242E-02
   9.1442871093750000       -8.25254023E-02
   9.1516113281250000       -8.25832486E-02
   9.1589355468750000       -8.26414227E-02
   9.1662597656250000       -8.26998949E-02
   9.1735839843750000       -8.27586949E-02
   9.1809082031250000       -8.28177631E-02
   9.1882324218750000       -8.28771889E-02
   9.1955566406250000       -8.29368830E-02
   9.2028808593750000       -8.29969049E-02
   9.2102050781250000       -8.30572248E-02
   9.2175292968750000       -8.31178725E-02
   9.2248535156250000       -8.31788182E-02
   9.2321777343750000       -8.32400620E-02
   9.2395019531250000       -8.33016336E-02
   9.2468261718750000       -8.33635330E-02
   9.2541503906250000       -8.34257305E-02
   9.2614746093750000       -8.34882557E-02
   9.2687988281250000       -8.35510790E-02
   9.2761230468750000       -8.36142302E-02
   9.2834472656250000       -8.36777091E-02
   9.2907714843750000       -8.37414861E-02
   9.2980957031250000       -8.38055909E-02
   9.3054199218750000       -8.38700235E-02
   9.3127441406250000       -8.39347541E-02
   9.3200683593750000       -8.39998126E-02
   9.3273925781250000       -8.40651989E-02
   9.3347167968750000       -8.41309130E-02
   9.3420410156250000       -8.41969550E-02
   9.3493652343750000       -8.42633247E-02
   9.3566894531250000       -8.43299925E-02
   9.3640136718750000       -8.43970180E-02
   9.3713378906250000       -8.44643414E-02
   9.3786621093750000       -8.45319927E-02
   9.3859863281250000       -8.46000016E-02
   9.3933105468750000       -8.46683085E-02
   9.4006347656250000       -8.47369730E-02
   9.4079589843750000       -8.48059356E-02
   9.4152832031250000       -8.48752558E-02
   9.4226074218750000       -8.49449039E-02
   9.4299316406250000       -8.50148797E-02
   9.4372558593750000       -8.50852132E-02
   9.4445800781250000       -8.51558447E-02
   9.4519042968750000       -8.52268338E-02
   9.4592285156250000       -8.52981508E-02
   9.4665527343750000       -8.53697956E-02
   9.4738769531250000       -8.54417980E-02
   9.4812011718750000       -8.55141282E-02
   9.4885253906250000       -8.55868161E-02
   9.4958496093750000       -8.56598318E-02
   9.5031738281250000       -8.57331753E-02
   9.5104980468750000       -8.58068764E-02
   9.5178222656250000       -8.58809352E-02
   9.5251464843750000       -8.59553218E-02
   9.5324707031250000       -8.60300660E-02
   9.5397949218750000       -8.61051381E-02
   9.5471191406250000       -8.61805677E-02
   9.5544433593750000       -8.62563252E-02
   9.5617675781250000       -8.63324702E-02
   9.5690917968750000       -8.64089429E-02
   9.5764160156250000       -8.64857435E-02
   9.5837402343750000       -8.65629315E-02
   9.5910644531250000       -8.66404474E-02
   9.5983886718750000       -8.67183506E-02
   9.6057128906250000       -8.67965817E-02
   9.6130371093750000       -8.68751705E-02
   9.6203613281250000       -8.69541168E-02
   9.6276855468750000       -8.70334208E-02
   9.6350097656250000       -8.71130824E-02
   9.6423339843750000       -8.71931016E-02
   9.6496582031250000       -8.72735083E-02
   9.6569824218750000       -8.73542428E-02
   9.6643066406250000       -8.74353349E-02
   9.6716308593750000       -8.75168145E-02
   9.6789550781250000       -8.75986516E-02
   9.6862792968750000       -8.76808465E-02
   9.6936035156250000       -8.77633989E-02
   9.7009277343750000       -8.78463387E-02
   9.7082519531250000       -8.79296362E-02
   9.7155761718750000       -8.80133212E-02
   9.7229003906250000       -8.80973637E-02
   9.7302246093750000       -8.81817639E-02
   9.7375488281250000       -8.82665515E-02
   9.7448730468750000       -8.83516967E-02
   9.7521972656250000       -8.84372294E-02
   9.7595214843750000       -8.85231495E-02
   9.7668457031250000       -8.86094272E-02
   9.7741699218750000       -8.86960924E-02
   9.7814941406250000       -8.87831151E-02
   9.7888183593750000       -8.88705552E-02
   9.7961425781250000       -8.89583528E-02
   9.8034667968750000       -8.90465379E-02
   9.8107910156250000       -8.91350806E-02
   9.8181152343750000       -8.92240405E-02
   9.8254394531250000       -8.93133879E-02
   9.8327636718750000       -8.94030929E-02
   9.8400878906250000       -8.94931853E-02
   9.8474121093750000       -8.95836949E-02
   9.8547363281250000       -8.96745920E-02
   9.8620605468750000       -8.97658467E-02
   9.8693847656250000       -8.98575187E-02
   9.8767089843750000       -8.99495780E-02
   9.8840332031250000       -9.00420249E-02
   9.8913574218750000       -9.01348889E-02
   9.8986816406250000       -9.02281404E-02
   9.9060058593750000       -9.03217793E-02
   9.9133300781250000       -9.04158056E-02
   9.9206542968750000       -9.05102491E-02
   9.9279785156250000       -9.06050801E-02
   9.9353027343750000       -9.07003284E-02
   9.9426269531250000       -9.07959938E-02
   9.9499511718750000       -9.08920467E-02
   9.9572753906250000       -9.09884870E-02
   9.9645996093750000       -9.10853446E-02
   9.9719238281250000       -9.11826193E-02
   9.9792480468750000       -9.12803113E-02
   9.9865722656250000       -9.13783908E-02
   9.9938964843750000       -9.14769173E-02
   10.001220703125000       -9.15758312E-02
   10.008544921875000       -9.16751623E-02
   10.015869140625000       -9.17749107E-02
   10.023193359375000       -9.18750763E-02
   10.030517578125000       -9.19756591E-02
   10.037841796875000       -9.20766592E-02
   10.045166015625000       -9.21780765E-02
   10.052490234375000       -9.22799110E-02
   10.059814453125000       -9.23821926E-02
   10.067138671875000       -9.24848616E-02
   10.074462890625000       -9.25879776E-02
   10.081787109375000       -9.26915407E-02
   10.089111328125000       -9.27954912E-02
   10.096435546875000       -9.28998888E-02
   10.103759765625000       -9.30047333E-02
   10.111083984375000       -9.31099951E-02
   10.118408203125000       -9.32157040E-02
   10.125732421875000       -9.33218300E-02
   10.133056640625000       -9.34284031E-02
   10.140380859375000       -9.35353935E-02
   10.147705078125000       -9.36428607E-02
   10.155029296875000       -9.37507451E-02
   10.162353515625000       -9.38590765E-02
   10.169677734375000       -9.39678252E-02
   10.177001953125000       -9.40770507E-02
   10.184326171875000       -9.41867232E-02
   10.191650390625000       -9.42968130E-02
   10.198974609375000       -9.44073796E-02
   10.206298828125000       -9.45183933E-02
   10.213623046875000       -9.46298540E-02
   10.220947265625000       -9.47417617E-02
   10.228271484375000       -9.48541164E-02
   10.235595703125000       -9.49669480E-02
   10.242919921875000       -9.50802267E-02
   10.250244140625000       -9.51939523E-02
   10.257568359375000       -9.53081548E-02
   10.264892578125000       -9.54228044E-02
   10.272216796875000       -9.55379307E-02
   10.279541015625000       -9.56535339E-02
   10.286865234375000       -9.57695842E-02
   10.294189453125000       -9.58860815E-02
   10.301513671875000       -9.60030854E-02
   10.308837890625000       -9.61205363E-02
   10.316162109375000       -9.62384641E-02
   10.323486328125000       -9.63568687E-02
   10.330810546875000       -9.64757502E-02
   10.338134765625000       -9.65951085E-02
   10.345458984375000       -9.67149436E-02
   10.352783203125000       -9.68352854E-02
   10.360107421875000       -9.69560742E-02
   10.367431640625000       -9.70773399E-02
   10.374755859375000       -9.71991122E-02
   10.382080078125000       -9.73213613E-02
   10.389404296875000       -9.74440873E-02
   10.396728515625000       -9.75673199E-02
   10.404052734375000       -9.76910591E-02
   10.411376953125000       -9.78152454E-02
   10.418701171875000       -9.79399681E-02
   10.426025390625000       -9.80651677E-02
   10.433349609375000       -9.81908441E-02
   10.440673828125000       -9.83170569E-02
   10.447998046875000       -9.84437466E-02
   10.455322265625000       -9.85709429E-02
   10.462646484375000       -9.86986458E-02
   10.469970703125000       -9.88268554E-02
   10.477294921875000       -9.89555717E-02
   10.484619140625000       -9.90847945E-02
   10.491943359375000       -9.92145538E-02
   10.499267578125000       -9.93447900E-02
   10.506591796875000       -9.94755626E-02
   10.513916015625000       -9.96068418E-02
   10.521240234375000       -9.97386277E-02
   10.528564453125000       -9.98709500E-02
   10.535888671875000      -0.100003779    
   10.543212890625000      -0.100137144    
   10.550537109375000      -0.100271016    
   10.557861328125000      -0.100405455    
   10.565185546875000      -0.100540370    
   10.572509765625000      -0.100675851    
   10.579833984375000      -0.100811839    
   10.587158203125000      -0.100948393    
   10.594482421875000      -0.101085454    
   10.601806640625000      -0.101223081    
   10.609130859375000      -0.101361215    
   10.616455078125000      -0.101499915    
   10.623779296875000      -0.101639122    
   10.631103515625000      -0.101778924    
   10.638427734375000      -0.101919234    
   10.645751953125000      -0.102060109    
   10.653076171875000      -0.102201521    
   10.660400390625000      -0.102343500    
   10.667724609375000      -0.102486014    
   10.675048828125000      -0.102629095    
   10.682373046875000      -0.102772743    
   10.689697265625000      -0.102916956    
   10.697021484375000      -0.103061706    
   10.704345703125000      -0.103207052    
   10.711669921875000      -0.103352934    
   10.718994140625000      -0.103499383    
   10.726318359375000      -0.103646427    
   10.733642578125000      -0.103794038    
   10.740966796875000      -0.103942215    
   10.748291015625000      -0.104090959    
   10.755615234375000      -0.104240298    
   10.762939453125000      -0.104390204    
   10.770263671875000      -0.104540706    
   10.777587890625000      -0.104691774    
   10.784912109375000      -0.104843438    
   10.792236328125000      -0.104995668    
   10.799560546875000      -0.105148524    
   10.806884765625000      -0.105301946    
   10.814208984375000      -0.105455965    
   10.821533203125000      -0.105610609    
   10.828857421875000      -0.105765820    
   10.836181640625000      -0.105921656    
   10.843505859375000      -0.106078058    
   10.850830078125000      -0.106235087    
   10.858154296875000      -0.106392741    
   10.865478515625000      -0.106550992    
   10.872802734375000      -0.106709838    
   10.880126953125000      -0.106869310    
   10.887451171875000      -0.107029408    
   10.894775390625000      -0.107190102    
   10.902099609375000      -0.107351422    
   10.909423828125000      -0.107513398    
   10.916748046875000      -0.107675970    
   10.924072265625000      -0.107839167    
   10.931396484375000      -0.108002990    
   10.938720703125000      -0.108167440    
   10.946044921875000      -0.108332545    
   10.953369140625000      -0.108498275    
   10.960693359375000      -0.108664662    
   10.968017578125000      -0.108831674    
   10.975341796875000      -0.108999312    
   10.982666015625000      -0.109167606    
   10.989990234375000      -0.109336555    
   10.997314453125000      -0.109506160    
   11.004638671875000      -0.109676421    
   11.011962890625000      -0.109847337    
   11.019287109375000      -0.110018879    
   11.026611328125000      -0.110191107    
   11.033935546875000      -0.110363990    
   11.041259765625000      -0.110537559    
   11.048583984375000      -0.110711783    
   11.055908203125000      -0.110886663    
   11.063232421875000      -0.111062229    
   11.070556640625000      -0.111238450    
   11.077880859375000      -0.111415386    
   11.085205078125000      -0.111592978    
   11.092529296875000      -0.111771226    
   11.099853515625000      -0.111950189    
   11.107177734375000      -0.112129837    
   11.114501953125000      -0.112310171    
   11.121826171875000      -0.112491220    
   11.129150390625000      -0.112672925    
   11.136474609375000      -0.112855345    
   11.143798828125000      -0.113038480    
   11.151123046875000      -0.113222301    
   11.158447265625000      -0.113406837    
   11.165771484375000      -0.113592088    
   11.173095703125000      -0.113778025    
   11.180419921875000      -0.113964677    
   11.187744140625000      -0.114152074    
   11.195068359375000      -0.114340156    
   11.202392578125000      -0.114528984    
   11.209716796875000      -0.114718527    
   11.217041015625000      -0.114908814    
   11.224365234375000      -0.115099818    
   11.231689453125000      -0.115291536    
   11.239013671875000      -0.115483999    
   11.246337890625000      -0.115677208    
   11.253662109375000      -0.115871161    
   11.260986328125000      -0.116065860    
   11.268310546875000      -0.116261303    
   11.275634765625000      -0.116457492    
   11.282958984375000      -0.116654426    
   11.290283203125000      -0.116852134    
   11.297607421875000      -0.117050588    
   11.304931640625000      -0.117249787    
   11.312255859375000      -0.117449790    
   11.319580078125000      -0.117650539    
   11.326904296875000      -0.117852032    
   11.334228515625000      -0.118054330    
   11.341552734375000      -0.118257403    
   11.348876953125000      -0.118461251    
   11.356201171875000      -0.118665874    
   11.363525390625000      -0.118871301    
   11.370849609375000      -0.119077474    
   11.378173828125000      -0.119284481    
   11.385498046875000      -0.119492263    
   11.392822265625000      -0.119700849    
   11.400146484375000      -0.119910240    
   11.407470703125000      -0.120120406    
   11.414794921875000      -0.120331407    
   11.422119140625000      -0.120543212    
   11.429443359375000      -0.120755821    
   11.436767578125000      -0.120969266    
   11.444091796875000      -0.121183515    
   11.451416015625000      -0.121398598    
   11.458740234375000      -0.121614486    
   11.466064453125000      -0.121831208    
   11.473388671875000      -0.122048795    
   11.480712890625000      -0.122267187    
   11.488037109375000      -0.122486413    
   11.495361328125000      -0.122706503    
   11.502685546875000      -0.122927427    
   11.510009765625000      -0.123149186    
   11.517333984375000      -0.123371810    
   11.524658203125000      -0.123595297    
   11.531982421875000      -0.123819649    
   11.539306640625000      -0.124044836    
   11.546630859375000      -0.124270916    
   11.553955078125000      -0.124497861    
   11.561279296875000      -0.124725670    
   11.568603515625000      -0.124954343    
   11.575927734375000      -0.125183910    
   11.583251953125000      -0.125414371    
   11.590576171875000      -0.125645697    
   11.597900390625000      -0.125877917    
   11.605224609375000      -0.126111060    
   11.612548828125000      -0.126345068    
   11.619873046875000      -0.126580000    
   11.627197265625000      -0.126815826    
   11.634521484375000      -0.127052546    
   11.641845703125000      -0.127290189    
   11.649169921875000      -0.127528757    
   11.656494140625000      -0.127768248    
   11.663818359375000      -0.128008634    
   11.671142578125000      -0.128249973    
   11.678466796875000      -0.128492236    
   11.685791015625000      -0.128735453    
   11.693115234375000      -0.128979594    
   11.700439453125000      -0.129224658    
   11.707763671875000      -0.129470676    
   11.715087890625000      -0.129717648    
   11.722412109375000      -0.129965603    
   11.729736328125000      -0.130214483    
   11.737060546875000      -0.130464315    
   11.744384765625000      -0.130715132    
   11.751708984375000      -0.130966932    
   11.759033203125000      -0.131219685    
   11.766357421875000      -0.131473422    
   11.773681640625000      -0.131728142    
   11.781005859375000      -0.131983846    
   11.788330078125000      -0.132240534    
   11.795654296875000      -0.132498235    
   11.802978515625000      -0.132756919    
   11.810302734375000      -0.133016616    
   11.817626953125000      -0.133277297    
   11.824951171875000      -0.133538991    
   11.832275390625000      -0.133801728    
   11.839599609375000      -0.134065449    
   11.846923828125000      -0.134330213    
   11.854248046875000      -0.134596020    
   11.861572265625000      -0.134862840    
   11.868896484375000      -0.135130703    
   11.876220703125000      -0.135399580    
   11.883544921875000      -0.135669529    
   11.890869140625000      -0.135940522    
   11.898193359375000      -0.136212587    
   11.905517578125000      -0.136485696    
   11.912841796875000      -0.136759847    
   11.920166015625000      -0.137035072    
   11.927490234375000      -0.137311399    
   11.934814453125000      -0.137588769    
   11.942138671875000      -0.137867242    
   11.949462890625000      -0.138146788    
   11.956787109375000      -0.138427436    
   11.964111328125000      -0.138709158    
   11.971435546875000      -0.138991982    
   11.978759765625000      -0.139275938    
   11.986083984375000      -0.139560968    
   11.993408203125000      -0.139847130    
   12.000732421875000      -0.140134394    
   12.008056640625000      -0.140422791    
   12.015380859375000      -0.140712321    
   12.022705078125000      -0.141002983    
   12.030029296875000      -0.141294777    
   12.037353515625000      -0.141587734    
   12.044677734375000      -0.141881824    
   12.052001953125000      -0.142177045    
   12.059326171875000      -0.142473459    
   12.066650390625000      -0.142771006    
   12.073974609375000      -0.143069714    
   12.081298828125000      -0.143369615    
   12.088623046875000      -0.143670708    
   12.095947265625000      -0.143972963    
   12.103271484375000      -0.144276410    
   12.110595703125000      -0.144581050    
   12.117919921875000      -0.144886881    
   12.125244140625000      -0.145193905    
   12.132568359375000      -0.145502150    
   12.139892578125000      -0.145811617    
   12.147216796875000      -0.146122307    
   12.154541015625000      -0.146434218    
   12.161865234375000      -0.146747351    
   12.169189453125000      -0.147061706    
   12.176513671875000      -0.147377312    
   12.183837890625000      -0.147694170    
   12.191162109375000      -0.148012280    
   12.198486328125000      -0.148331642    
   12.205810546875000      -0.148652285    
   12.213134765625000      -0.148974180    
   12.220458984375000      -0.149297357    
   12.227783203125000      -0.149621814    
   12.235107421875000      -0.149947524    
   12.242431640625000      -0.150274575    
   12.249755859375000      -0.150602877    
   12.257080078125000      -0.150932521    
   12.264404296875000      -0.151263446    
   12.271728515625000      -0.151595712    
   12.279052734375000      -0.151929259    
   12.286376953125000      -0.152264178    
   12.293701171875000      -0.152600408    
   12.301025390625000      -0.152937949    
   12.308349609375000      -0.153276861    
   12.315673828125000      -0.153617144    
   12.322998046875000      -0.153958738    
   12.330322265625000      -0.154301733    
   12.337646484375000      -0.154646069    
   12.344970703125000      -0.154991806    
   12.352294921875000      -0.155338913    
   12.359619140625000      -0.155687392    
   12.366943359375000      -0.156037271    
   12.374267578125000      -0.156388581    
   12.381591796875000      -0.156741261    
   12.388916015625000      -0.157095373    
   12.396240234375000      -0.157450885    
   12.403564453125000      -0.157807857    
   12.410888671875000      -0.158166230    
   12.418212890625000      -0.158526063    
   12.425537109375000      -0.158887327    
   12.432861328125000      -0.159250051    
   12.440185546875000      -0.159614235    
   12.447509765625000      -0.159979880    
   12.454833984375000      -0.160346985    
   12.462158203125000      -0.160715580    
   12.469482421875000      -0.161085665    
   12.476806640625000      -0.161457270    
   12.484130859375000      -0.161830336    
   12.491455078125000      -0.162204921    
   12.498779296875000      -0.162581027    
   12.506103515625000      -0.162958652    
   12.513427734375000      -0.163337797    
   12.520751953125000      -0.163718492    
   12.528076171875000      -0.164100736    
   12.535400390625000      -0.164484501    
   12.542724609375000      -0.164869845    
   12.550048828125000      -0.165256739    
   12.557373046875000      -0.165645242    
   12.564697265625000      -0.166035295    
   12.572021484375000      -0.166426927    
   12.579345703125000      -0.166820168    
   12.586669921875000      -0.167215019    
   12.593994140625000      -0.167611480    
   12.601318359375000      -0.168009549    
   12.608642578125000      -0.168409258    
   12.615966796875000      -0.168810576    
   12.623291015625000      -0.169213563    
   12.630615234375000      -0.169618189    
   12.637939453125000      -0.170024455    
   12.645263671875000      -0.170432389    
   12.652587890625000      -0.170842022    
   12.659912109375000      -0.171253324    
   12.667236328125000      -0.171666324    
   12.674560546875000      -0.172080994    
   12.681884765625000      -0.172497392    
   12.689208984375000      -0.172915518    
   12.696533203125000      -0.173335344    
   12.703857421875000      -0.173756897    
   12.711181640625000      -0.174180210    
   12.718505859375000      -0.174605280    
   12.725830078125000      -0.175032079    
   12.733154296875000      -0.175460666    
   12.740478515625000      -0.175891012    
   12.747802734375000      -0.176323146    
   12.755126953125000      -0.176757067    
   12.762451171875000      -0.177192807    
   12.769775390625000      -0.177630335    
   12.777099609375000      -0.178069711    
   12.784423828125000      -0.178510875    
   12.791748046875000      -0.178953916    
   12.799072265625000      -0.179398775    
   12.806396484375000      -0.179845512    
   12.813720703125000      -0.180294096    
   12.821044921875000      -0.180744559    
   12.828369140625000      -0.181196898    
   12.835693359375000      -0.181651145    
   12.843017578125000      -0.182107300    
   12.850341796875000      -0.182565361    
   12.857666015625000      -0.183025330    
   12.864990234375000      -0.183487266    
   12.872314453125000      -0.183951110    
   12.879638671875000      -0.184416920    
   12.886962890625000      -0.184884697    
   12.894287109375000      -0.185354441    
   12.901611328125000      -0.185826182    
   12.908935546875000      -0.186299890    
   12.916259765625000      -0.186775625    
   12.923583984375000      -0.187253356    
   12.930908203125000      -0.187733114    
   12.938232421875000      -0.188214898    
   12.945556640625000      -0.188698769    
   12.952880859375000      -0.189184666    
   12.960205078125000      -0.189672619    
   12.967529296875000      -0.190162659    
   12.974853515625000      -0.190654784    
   12.982177734375000      -0.191149026    
   12.989501953125000      -0.191645354    
   12.996826171875000      -0.192143828    
   13.004150390625000      -0.192644417    
   13.011474609375000      -0.193147153    
   13.018798828125000      -0.193652064    
   13.026123046875000      -0.194159120    
   13.033447265625000      -0.194668353    
   13.040771484375000      -0.195179790    
   13.048095703125000      -0.195693433    
   13.055419921875000      -0.196209282    
   13.062744140625000      -0.196727335    
   13.070068359375000      -0.197247654    
   13.077392578125000      -0.197770238    
   13.084716796875000      -0.198295057    
   13.092041015625000      -0.198822170    
   13.099365234375000      -0.199351549    
   13.106689453125000      -0.199883223    
   13.114013671875000      -0.200417250    
   13.121337890625000      -0.200953573    
   13.128662109375000      -0.201492250    
   13.135986328125000      -0.202033252    
   13.143310546875000      -0.202576637    
   13.150634765625000      -0.203122407    
   13.157958984375000      -0.203670561    
   13.165283203125000      -0.204221100    
   13.172607421875000      -0.204774082    
   13.179931640625000      -0.205329478    
   13.187255859375000      -0.205887318    
   13.194580078125000      -0.206447631    
   13.201904296875000      -0.207010418    
   13.209228515625000      -0.207575679    
   13.216552734375000      -0.208143443    
   13.223876953125000      -0.208713740    
   13.231201171875000      -0.209286541    
   13.238525390625000      -0.209861904    
   13.245849609375000      -0.210439801    
   13.253173828125000      -0.211020291    
   13.260498046875000      -0.211603373    
   13.267822265625000      -0.212189049    
   13.275146484375000      -0.212777346    
   13.282470703125000      -0.213368267    
   13.289794921875000      -0.213961869    
   13.297119140625000      -0.214558095    
   13.304443359375000      -0.215157032    
   13.311767578125000      -0.215758651    
   13.319091796875000      -0.216362983    
   13.326416015625000      -0.216970026    
   13.333740234375000      -0.217579842    
   13.341064453125000      -0.218192399    
   13.348388671875000      -0.218807757    
   13.355712890625000      -0.219425887    
   13.363037109375000      -0.220046818    
   13.370361328125000      -0.220670611    
   13.377685546875000      -0.221297234    
   13.385009765625000      -0.221926689    
   13.392333984375000      -0.222559065    
   13.399658203125000      -0.223194331    
   13.406982421875000      -0.223832488    
   13.414306640625000      -0.224473596    
   13.421630859375000      -0.225117654    
   13.428955078125000      -0.225764662    
   13.436279296875000      -0.226414680    
   13.443603515625000      -0.227067709    
   13.450927734375000      -0.227723747    
   13.458251953125000      -0.228382826    
   13.465576171875000      -0.229044974    
   13.472900390625000      -0.229710191    
   13.480224609375000      -0.230378538    
   13.487548828125000      -0.231049985    
   13.494873046875000      -0.231724560    
   13.502197265625000      -0.232402325    
   13.509521484375000      -0.233083278    
   13.516845703125000      -0.233767390    
   13.524169921875000      -0.234454751    
   13.531494140625000      -0.235145360    
   13.538818359375000      -0.235839218    
   13.546142578125000      -0.236536384    
   13.553466796875000      -0.237236828    
   13.560791015625000      -0.237940639    
   13.568115234375000      -0.238647759    
   13.575439453125000      -0.239358276    
   13.582763671875000      -0.240072191    
   13.590087890625000      -0.240789503    
   13.597412109375000      -0.241510272    
   13.604736328125000      -0.242234498    
   13.612060546875000      -0.242962211    
   13.619384765625000      -0.243693441    
   13.626708984375000      -0.244428188    
   13.634033203125000      -0.245166510    
   13.641357421875000      -0.245908409    
   13.648681640625000      -0.246653914    
   13.656005859375000      -0.247403055    
   13.663330078125000      -0.248155862    
   13.670654296875000      -0.248912334    
   13.677978515625000      -0.249672502    
   13.685302734375000      -0.250436425    
   13.692626953125000      -0.251204103    
   13.699951171875000      -0.251975596    
   13.707275390625000      -0.252750844    
   13.714599609375000      -0.253529966    
   13.721923828125000      -0.254312932    
   13.729248046875000      -0.255099833    
   13.736572265625000      -0.255890608    
   13.743896484375000      -0.256685376    
   13.751220703125000      -0.257484108    
   13.758544921875000      -0.258286834    
   13.765869140625000      -0.259093642    
   13.773193359375000      -0.259904444    
   13.780517578125000      -0.260719419    
   13.787841796875000      -0.261538446    
   13.795166015625000      -0.262361705    
   13.802490234375000      -0.263189107    
   13.809814453125000      -0.264020741    
   13.817138671875000      -0.264856637    
   13.824462890625000      -0.265696764    
   13.831787109375000      -0.266541243    
   13.839111328125000      -0.267390072    
   13.846435546875000      -0.268243313    
   13.853759765625000      -0.269100904    
   13.861083984375000      -0.269962996    
   13.868408203125000      -0.270829558    
   13.875732421875000      -0.271700621    
   13.883056640625000      -0.272576272    
   13.890380859375000      -0.273456454    
   13.897705078125000      -0.274341315    
   13.905029296875000      -0.275230825    
   13.912353515625000      -0.276125014    
   13.919677734375000      -0.277023971    
   13.927001953125000      -0.277927637    
   13.934326171875000      -0.278836191    
   13.941650390625000      -0.279749542    
   13.948974609375000      -0.280667782    
   13.956298828125000      -0.281590998    
   13.963623046875000      -0.282519162    
   13.970947265625000      -0.283452332    
   13.978271484375000      -0.284390539    
   13.985595703125000      -0.285333842    
   13.992919921875000      -0.286282301    
   14.000244140625000      -0.287235916    
   14.007568359375000      -0.288194776    
   14.014892578125000      -0.289158881    
   14.022216796875000      -0.290128291    
   14.029541015625000      -0.291103065    
   14.036865234375000      -0.292083263    
   14.044189453125000      -0.293068886    
   14.051513671875000      -0.294060022    
   14.058837890625000      -0.295056701    
   14.066162109375000      -0.296058953    
   14.073486328125000      -0.297066838    
   14.080810546875000      -0.298080444    
   14.088134765625000      -0.299099743    
   14.095458984375000      -0.300124884    
   14.102783203125000      -0.301155835    
   14.110107421875000      -0.302192688    
   14.117431640625000      -0.303235501    
   14.124755859375000      -0.304284304    
   14.132080078125000      -0.305339158    
   14.139404296875000      -0.306400150    
   14.146728515625000      -0.307467282    
   14.154052734375000      -0.308540642    
   14.161376953125000      -0.309620321    
   14.168701171875000      -0.310706317    
   14.176025390625000      -0.311798692    
   14.183349609375000      -0.312897563    
   14.190673828125000      -0.314002931    
   14.197998046875000      -0.315114856    
   14.205322265625000      -0.316233486    
   14.212646484375000      -0.317358792    
   14.219970703125000      -0.318490893    
   14.227294921875000      -0.319629818    
   14.234619140625000      -0.320775688    
   14.241943359375000      -0.321928501    
   14.249267578125000      -0.323088348    
   14.256591796875000      -0.324255317    
   14.263916015625000      -0.325429499    
   14.271240234375000      -0.326610923    
   14.278564453125000      -0.327799648    
   14.285888671875000      -0.328995794    
   14.293212890625000      -0.330199420    
   14.300537109375000      -0.331410617    
   14.307861328125000      -0.332629442    
   14.315185546875000      -0.333855957    
   14.322509765625000      -0.335090280    
   14.329833984375000      -0.336332500    
   14.337158203125000      -0.337582648    
   14.344482421875000      -0.338840812    
   14.351806640625000      -0.340107143    
   14.359130859375000      -0.341381639    
   14.366455078125000      -0.342664480    
   14.373779296875000      -0.343955666    
   14.381103515625000      -0.345255345    
   14.388427734375000      -0.346563607    
   14.395751953125000      -0.347880512    
   14.403076171875000      -0.349206209    
   14.410400390625000      -0.350540698    
   14.417724609375000      -0.351884186    
   14.425048828125000      -0.353236735    
   14.432373046875000      -0.354598403    
   14.439697265625000      -0.355969369    
   14.447021484375000      -0.357349664    
   14.454345703125000      -0.358739436    
   14.461669921875000      -0.360138774    
   14.468994140625000      -0.361547828    
   14.476318359375000      -0.362966657    
   14.483642578125000      -0.364395380    
   14.490966796875000      -0.365834147    
   14.498291015625000      -0.367283046    
   14.505615234375000      -0.368742257    
   14.512939453125000      -0.370211810    
   14.520263671875000      -0.371691883    
   14.527587890625000      -0.373182595    
   14.534912109375000      -0.374684066    
   14.542236328125000      -0.376196444    
   14.549560546875000      -0.377719849    
   14.556884765625000      -0.379254401    
   14.564208984375000      -0.380800247    
   14.571533203125000      -0.382357538    
   14.578857421875000      -0.383926421    
   14.586181640625000      -0.385507017    
   14.593505859375000      -0.387099475    
   14.600830078125000      -0.388703972    
   14.608154296875000      -0.390320629    
   14.615478515625000      -0.391949654    
   14.622802734375000      -0.393591136    
   14.630126953125000      -0.395245254    
   14.637451171875000      -0.396912187    
   14.644775390625000      -0.398592114    
   14.652099609375000      -0.400285184    
   14.659423828125000      -0.401991576    
   14.666748046875000      -0.403711438    
   14.674072265625000      -0.405445009    
   14.681396484375000      -0.407192439    
   14.688720703125000      -0.408953905    
   14.696044921875000      -0.410729587    
   14.703369140625000      -0.412519723    
   14.710693359375000      -0.414324462    
   14.718017578125000      -0.416144013    
   14.725341796875000      -0.417978615    
   14.732666015625000      -0.419828445    
   14.739990234375000      -0.421693712    
   14.747314453125000      -0.423574656    
   14.754638671875000      -0.425471485    
   14.761962890625000      -0.427384377    
   14.769287109375000      -0.429313660    
   14.776611328125000      -0.431259483    
   14.783935546875000      -0.433222085    
   14.791259765625000      -0.435201764    
   14.798583984375000      -0.437198728    
   14.805908203125000      -0.439213216    
   14.813232421875000      -0.441245526    
   14.820556640625000      -0.443295866    
   14.827880859375000      -0.445364565    
   14.835205078125000      -0.447451830    
   14.842529296875000      -0.449557990    
   14.849853515625000      -0.451683313    
   14.857177734375000      -0.453828067    
   14.864501953125000      -0.455992550    
   14.871826171875000      -0.458177090    
   14.879150390625000      -0.460381955    
   14.886474609375000      -0.462607503    
   14.893798828125000      -0.464854002    
   14.901123046875000      -0.467121780    
   14.908447265625000      -0.469411224    
   14.915771484375000      -0.471722603    
   14.923095703125000      -0.474056304    
   14.930419921875000      -0.476412654    
   14.937744140625000      -0.478792042    
   14.945068359375000      -0.481194794    
   14.952392578125000      -0.483621329    
   14.959716796875000      -0.486071974    
   14.967041015625000      -0.488547206    
   14.974365234375000      -0.491047263    
   14.981689453125000      -0.493572831    
   14.989013671875000      -0.496123850    
   14.996337890625000      -0.498701811    
